0.226563 -0.949219 -0.097656 1.342036 -5.185140 -0.732020 170854401725.000000
0.224121 -0.945557 -0.102051 1.281035 -4.575124 -0.610016 170854404730.000000
0.226563 -0.945557 -0.102783 1.159031 -4.453120 -0.732020 170854407727.000000
0.225830 -0.943848 -0.099854 0.976026 -5.185140 -0.488013 170854410645.000000
0.224121 -0.948242 -0.100342 1.159031 -4.819130 -0.793021 170854413557.000000
0.227295 -0.947021 -0.097412 0.793021 -4.697127 -0.793021 170854416476.000000
0.227783 -0.942139 -0.104492 0.549015 -4.575124 -0.732020 170854419416.000000
0.221436 -0.948242 -0.098633 0.732020 -4.758128 -1.037028 170854422331.000000
0.226318 -0.946045 -0.103271 0.854023 -4.819130 -0.793021 170854425264.000000
0.223145 -0.947510 -0.104248 0.915025 -4.636125 -1.098030 170854428187.000000
0.222412 -0.947510 -0.103760 1.281035 -4.880132 -0.793021 170854431096.000000
0.227295 -0.952881 -0.105957 0.854023 -4.758128 -0.915025 170854434015.000000
0.221680 -0.955566 -0.107178 0.915025 -5.063137 -0.610016 170854436944.000000
0.223877 -0.954590 -0.102295 1.037028 -5.124138 -0.427012 170854439857.000000
0.221924 -0.956299 -0.104492 1.220033 -5.246142 -0.854023 170854442776.000000
0.221436 -0.952393 -0.106934 0.976026 -5.185140 -0.854023 170854445688.000000
0.222168 -0.950195 -0.107178 1.708046 -5.673153 -1.037028 170854448603.000000
0.223633 -0.952881 -0.101807 1.586043 -5.673153 -1.098030 170854451514.000000
0.221680 -0.953613 -0.104492 1.647044 -6.466175 -0.976026 170854454429.000000
0.218994 -0.950684 -0.103027 1.403038 -6.466175 -1.159031 170854457438.000000
0.221680 -0.949951 -0.107178 1.708046 -7.137193 -0.976026 170854460381.000000
0.221924 -0.951416 -0.104004 1.769048 -7.015189 -1.037028 170854463299.000000
0.222656 -0.952881 -0.108398 1.586043 -7.564204 -0.915025 170854466216.000000
0.224121 -0.947998 -0.110352 1.769048 -7.686208 -0.976026 170854469128.000000
0.222168 -0.949219 -0.104736 1.891051 -8.174221 -0.915025 170854472043.000000
0.226074 -0.951660 -0.107178 1.952053 -8.418227 -1.037028 170854474962.000000
0.223633 -0.944824 -0.103271 1.952053 -8.418227 -1.281035 170854477878.000000
0.226807 -0.949219 -0.109375 2.013054 -8.601232 -0.915025 170854480787.000000
0.230469 -0.948975 -0.095947 2.074056 -8.540231 -0.915025 170854483713.000000
0.229248 -0.946289 -0.111328 2.257061 -8.662234 -1.342036 170854486635.000000
0.230469 -0.945313 -0.104980 2.013054 -8.662234 -1.159031 170854489554.000000
0.230713 -0.945068 -0.104492 2.135058 -8.235222 -1.342036 170854492484.000000
0.230469 -0.949219 -0.108643 2.013054 -8.296224 -1.342036 170854495405.000000
0.235840 -0.944336 -0.105225 2.074056 -8.357226 -1.281035 170854498339.000000
0.233398 -0.945801 -0.098145 1.952053 -7.869212 -1.586043 170854501262.000000
0.235107 -0.948486 -0.098145 2.013054 -8.113219 -1.098030 170854504192.000000
0.233887 -0.947266 -0.101318 2.074056 -7.625206 -1.342036 170854507117.000000
0.233154 -0.950195 -0.100830 1.830049 -7.686208 -1.159031 170854510042.000000
0.228760 -0.949463 -0.097656 1.891051 -7.442201 -1.098030 170854512961.000000
0.232422 -0.951904 -0.104492 2.013054 -7.198194 -0.732020 170854515879.000000
0.228760 -0.952881 -0.098633 1.586043 -7.076191 -0.915025 170854518797.000000
0.232910 -0.947510 -0.100098 1.647044 -6.832184 -1.281035 170854521721.000000
0.232666 -0.947266 -0.104248 1.891051 -7.076191 -0.915025 170854524641.000000
0.230225 -0.952393 -0.107910 1.830049 -6.710181 -0.976026 170854527557.000000
0.228516 -0.946777 -0.099121 2.135058 -7.320198 -1.037028 170854530489.000000
0.229004 -0.948730 -0.100342 2.135058 -7.198194 -0.976026 170854533415.000000
0.224121 -0.949463 -0.102539 1.830049 -7.137193 -1.098030 170854536350.000000
0.226074 -0.947998 -0.101563 1.952053 -7.198194 -1.098030 170854539268.000000
0.225342 -0.946045 -0.108887 2.196059 -7.625206 -0.976026 170854542186.000000
0.223389 -0.947021 -0.092285 1.891051 -7.503203 -0.793021 170854545103.000000
0.220703 -0.948730 -0.100342 2.013054 -8.052217 -0.732020 170854548022.000000
0.220215 -0.947754 -0.093994 1.830049 -8.296224 -1.159031 170854550937.000000
0.220947 -0.950928 -0.097168 2.074056 -8.418227 -0.671018 170854553857.000000
0.219238 -0.947266 -0.097412 2.196059 -8.845239 -1.037028 170854556774.000000
0.217041 -0.951660 -0.100830 1.830049 -9.516257 -0.976026 170854559698.000000
0.219971 -0.952393 -0.100586 1.891051 -9.455255 -0.976026 170854562657.000000
0.216797 -0.951660 -0.103760 2.257061 -10.065272 -0.976026 170854565771.000000
0.220215 -0.952881 -0.101074 2.135058 -10.187275 -0.854023 170854568863.000000
0.219727 -0.952881 -0.099609 2.379064 -10.980296 -0.732020 170854571894.000000
0.218018 -0.952393 -0.098877 2.501068 -11.041298 -0.915025 170854574928.000000
0.222168 -0.953125 -0.092285 2.501068 -11.590313 -0.854023 170854577869.000000
0.219971 -0.955322 -0.091064 3.111084 -11.712316 -0.976026 170854580784.000000
0.224609 -0.954102 -0.093262 2.867077 -12.200329 -0.793021 170854583704.000000
0.219482 -0.953857 -0.091064 3.111084 -12.627341 -0.732020 170854586625.000000
0.224365 -0.951172 -0.092041 3.050082 -12.566339 -0.976026 170854589542.000000
0.224854 -0.950439 -0.086182 3.111084 -12.627341 -0.732020 170854592466.000000
0.224854 -0.950928 -0.088135 2.928079 -12.810346 -0.610016 170854595381.000000
0.225098 -0.948486 -0.093506 3.294089 -12.688343 -0.427012 170854598295.000000
0.229248 -0.947754 -0.091309 2.989081 -12.932349 -0.671018 170854601213.000000
0.229736 -0.947021 -0.089355 3.050082 -12.505338 -0.488013 170854604130.000000
0.232178 -0.952393 -0.091064 2.928079 -12.810346 -0.915025 170854607045.000000
0.226807 -0.947754 -0.089844 3.050082 -12.627341 -0.610016 170854609960.000000
0.229736 -0.948730 -0.086914 2.867077 -12.749344 -0.488013 170854612878.000000
0.221680 -0.946289 -0.090088 2.928079 -12.932349 -0.549015 170854615794.000000
0.225830 -0.941650 -0.091797 2.623071 -12.566339 -0.122003 170854618709.000000
0.230713 -0.941650 -0.088135 2.745074 -12.566339 -0.793021 170854621631.000000
0.228516 -0.943604 -0.089600 2.562069 -12.688343 -0.610016 170854624551.000000
0.227051 -0.945313 -0.097656 2.379064 -12.871348 -0.793021 170854627467.000000
0.231934 -0.942139 -0.095459 2.440066 -12.932349 -0.854023 170854630381.000000
0.230713 -0.945557 -0.092285 2.501068 -13.115354 -0.793021 170854633310.000000
0.228760 -0.942383 -0.083740 2.440066 -13.420362 -0.976026 170854636238.000000
0.231201 -0.945313 -0.094482 2.196059 -13.725371 -1.159031 170854639154.000000
0.232178 -0.944580 -0.090820 2.440066 -13.786372 -0.915025 170854642076.000000
0.233154 -0.942627 -0.098877 2.074056 -13.969377 -1.220033 170854644997.000000
0.236572 -0.941895 -0.096680 2.440066 -13.542366 -1.098030 170854647927.000000
0.237305 -0.947266 -0.093994 1.952053 -13.542366 -0.915025 170854650843.000000
0.236816 -0.949707 -0.094971 2.318063 -13.664369 -1.098030 170854653776.000000
0.238281 -0.946777 -0.096680 2.257061 -13.115354 -0.732020 170854656692.000000
0.239746 -0.951660 -0.093262 2.440066 -13.481364 -0.976026 170854659608.000000
0.241455 -0.947510 -0.098877 2.318063 -12.810346 -1.098030 170854662526.000000
0.239014 -0.948486 -0.092773 2.562069 -12.993351 -1.281035 170854665442.000000
0.237549 -0.950195 -0.089844 2.684072 -12.566339 -1.098030 170854668364.000000
0.241943 -0.952637 -0.093750 2.745074 -12.444336 -1.281035 170854671280.000000
0.239014 -0.955322 -0.089600 2.806076 -12.749344 -1.464040 170854674197.000000
0.240234 -0.952637 -0.090820 3.050082 -12.505338 -1.586043 170854677113.000000
0.244385 -0.947754 -0.091064 2.989081 -12.322333 -1.525041 170854680028.000000
0.245605 -0.951416 -0.084961 2.928079 -12.078326 -1.586043 170854682952.000000
0.242920 -0.946045 -0.093750 2.928079 -11.590313 -1.464040 170854685881.000000
0.243652 -0.949951 -0.089355 2.928079 -11.712316 -1.281035 170854688803.000000
0.241211 -0.945068 -0.081055 2.684072 -11.163301 -1.220033 170854691720.000000
0.239258 -0.948242 -0.084961 2.684072 -10.797292 -1.403038 170854694636.000000
0.242432 -0.951904 -0.082764 2.684072 -10.248277 -1.220033 170854697551.000000
0.240723 -0.947021 -0.081543 2.684072 -10.431282 -1.098030 170854700467.000000
0.241211 -0.950928 -0.082031 2.562069 -9.638260 -1.159031 170854703430.000000
0.245605 -0.955811 -0.079346 2.684072 -9.394254 -0.976026 170854706360.000000
0.240967 -0.954834 -0.080566 2.501068 -8.784237 -1.403038 170854709277.000000
0.242188 -0.953613 -0.083984 2.501068 -8.784237 -1.098030 170854712200.000000
0.231689 -0.959961 -0.072754 2.745074 -8.113219 -0.976026 170854715120.000000
0.241943 -0.954590 -0.078369 2.684072 -7.930214 -0.854023 170854718044.000000
0.234619 -0.958252 -0.074707 2.684072 -7.503203 -0.976026 170854720959.000000
0.235840 -0.953369 -0.071533 2.623071 -7.259196 -1.220033 170854723877.000000
0.230713 -0.957520 -0.075195 2.806076 -7.137193 -1.098030 170854726791.000000
0.225342 -0.959229 -0.067627 2.867077 -7.137193 -0.976026 170854729705.000000
0.229980 -0.957764 -0.068604 2.928079 -6.832184 -0.915025 170854732633.000000
0.227783 -0.959961 -0.076172 2.928079 -6.588178 -1.098030 170854735552.000000
0.222412 -0.958252 -0.068848 2.806076 -6.466175 -0.976026 170854738480.000000
0.223877 -0.963623 -0.068359 3.111084 -5.734155 -0.976026 170854741395.000000
0.220703 -0.962158 -0.065918 3.172086 -5.978161 -1.098030 170854744321.000000
0.220215 -0.964111 -0.075195 3.050082 -5.368145 -0.854023 170854747236.000000
0.224365 -0.961182 -0.067139 3.233087 -5.063137 -0.793021 170854750151.000000
0.219727 -0.958496 -0.073730 2.745074 -4.697127 -0.793021 170854753088.000000
0.225342 -0.956787 -0.075928 2.684072 -4.514122 -0.427012 170854756005.000000
0.221924 -0.955322 -0.078125 2.318063 -3.904105 -0.671018 170854758921.000000
0.219238 -0.953125 -0.075928 2.318063 -3.599097 -0.122003 170854761838.000000
0.222900 -0.955811 -0.080566 1.769048 -3.416092 0.122003 170854764757.000000
0.221436 -0.952393 -0.085693 1.647044 -2.501068 0.000000 170854767682.000000
0.220703 -0.954590 -0.079346 1.220033 -2.318063 0.305008 170854770599.000000
0.222900 -0.954346 -0.089111 1.281035 -1.708046 0.488013 170854773515.000000
0.218994 -0.954346 -0.084961 1.403038 -1.525041 0.671018 170854776430.000000
0.218994 -0.951904 -0.078857 0.854023 -0.854023 0.610016 170854779344.000000
0.218994 -0.953125 -0.093750 0.793021 -0.305008 1.098030 170854782269.000000
0.223877 -0.954590 -0.092285 0.549015 -0.427012 1.098030 170854785190.000000
0.221436 -0.953369 -0.093262 0.671018 -0.488013 1.037028 170854788105.000000
0.221191 -0.954590 -0.089355 0.488013 -0.488013 1.037028 170854791018.000000
0.221680 -0.954590 -0.093262 0.122003 -0.305008 1.342036 170854793936.000000
0.216797 -0.951172 -0.099365 0.244007 -0.244007 1.281035 170854796851.000000
0.219727 -0.950195 -0.097900 0.305008 -0.122003 1.464040 170854799766.000000
0.218018 -0.951416 -0.096436 0.366010 -0.244007 1.403038 170854802691.000000
0.219971 -0.951660 -0.094482 0.244007 -0.366010 1.708046 170854805606.000000
0.220947 -0.952393 -0.098389 0.122003 -0.549015 1.403038 170854808520.000000
0.220459 -0.947510 -0.098877 -0.183005 -0.366010 1.342036 170854811435.000000
0.219238 -0.947266 -0.091309 -0.244007 -0.732020 1.342036 170854814359.000000
0.218994 -0.947021 -0.093262 -0.122003 -0.610016 1.159031 170854817274.000000
0.221436 -0.947021 -0.096436 -0.122003 -0.915025 0.976026 170854820190.000000
0.221680 -0.944336 -0.096680 -0.305008 -1.342036 1.159031 170854823111.000000
0.218506 -0.940918 -0.097412 -0.244007 -1.464040 0.915025 170854826031.000000
0.220459 -0.937988 -0.093750 -0.549015 -1.647044 1.159031 170854828947.000000
0.222656 -0.939209 -0.097900 -0.244007 -2.074056 1.647044 170854831862.000000
0.228027 -0.934082 -0.104248 -0.610016 -1.952053 1.586043 170854834779.000000
0.227051 -0.938477 -0.100342 -0.732020 -2.135058 1.647044 170854837701.000000
0.231201 -0.938232 -0.103516 -0.976026 -1.891051 1.647044 170854840616.000000
0.230957 -0.937256 -0.103760 -1.403038 -2.501068 1.647044 170854843541.000000
0.235352 -0.937012 -0.110840 -1.098030 -1.891051 2.013054 170854846455.000000
0.236816 -0.940430 -0.109131 -1.647044 -2.196059 1.586043 170854849371.000000
0.238037 -0.942627 -0.110840 -1.403038 -1.525041 1.952053 170854852294.000000
0.241211 -0.939453 -0.112549 -1.464040 -1.647044 1.891051 170854855214.000000
0.241699 -0.941162 -0.107910 -1.708046 -1.159031 1.708046 170854858130.000000
0.248047 -0.942627 -0.115723 -2.074056 -0.732020 1.769048 170854861044.000000
0.249023 -0.940430 -0.111816 -1.647044 -0.305008 2.074056 170854863962.000000
0.246582 -0.937012 -0.112061 -1.952053 -0.183005 2.135058 170854866877.000000
0.248535 -0.938965 -0.116455 -2.074056 0.061002 2.135058 170854869792.000000
0.254883 -0.931152 -0.114014 -2.196059 0.610016 2.013054 170854872718.000000
0.251953 -0.927979 -0.126709 -2.684072 0.854023 2.196059 170854875639.000000
0.256104 -0.925537 -0.124512 -2.684072 1.464040 2.318063 170854878555.000000
0.258789 -0.923340 -0.123047 -3.172086 1.769048 2.013054 170854881470.000000
0.264648 -0.921631 -0.126709 -3.477094 2.013054 1.891051 170854884387.000000
0.258057 -0.920654 -0.125244 -3.721100 2.562069 1.647044 170854887302.000000
0.261230 -0.920654 -0.126709 -4.331117 2.806076 1.769048 170854890225.000000
0.260986 -0.920654 -0.124756 -4.636125 2.989081 1.586043 170854893142.000000
0.261963 -0.918213 -0.130371 -5.063137 3.660099 1.769048 170854896058.000000
0.259277 -0.918457 -0.124512 -5.246142 3.782102 1.647044 170854898973.000000
0.260254 -0.925293 -0.130127 -5.429147 4.453120 1.525041 170854901886.000000
0.260498 -0.919922 -0.130371 -5.795156 4.392119 1.708046 170854904843.000000
0.265381 -0.921875 -0.125488 -6.161166 5.368145 1.647044 170854907759.000000
0.262451 -0.921875 -0.132813 -6.161166 5.551150 1.525041 170854910674.000000
0.265625 -0.921875 -0.134521 -6.649180 6.039163 1.281035 170854913600.000000
0.266357 -0.926270 -0.130615 -6.832184 6.466175 1.159031 170854916515.000000
0.260986 -0.922607 -0.128662 -6.771183 6.649180 1.098030 170854919432.000000
0.263916 -0.921387 -0.135010 -7.015189 6.832184 1.098030 170854922362.000000
0.264404 -0.921387 -0.137451 -6.954188 7.076191 0.915025 170854925284.000000
0.264160 -0.921143 -0.135010 -6.832184 7.259196 0.671018 170854928199.000000
0.264404 -0.916992 -0.133301 -7.503203 7.442201 0.366010 170854931121.000000
0.262939 -0.916504 -0.143311 -7.442201 7.320198 0.427012 170854934038.000000
0.266846 -0.917725 -0.139648 -7.625206 7.686208 0.183005 170854936954.000000
0.265137 -0.912109 -0.135498 -7.991216 8.113219 0.061002 170854939870.000000
0.261719 -0.912598 -0.132813 -7.930214 8.113219 -0.061002 170854942792.000000
0.260986 -0.916504 -0.131104 -8.357226 8.723236 -0.244007 170854945710.000000
0.261475 -0.912109 -0.136230 -8.723236 8.845239 -0.061002 170854948626.000000
0.260010 -0.909912 -0.147217 -8.967242 9.516257 -0.305008 170854951541.000000
0.263184 -0.909180 -0.146240 -8.967242 9.516257 -0.671018 170854954479.000000
0.264893 -0.907715 -0.141113 -9.638260 10.431282 -0.671018 170854957394.000000
0.265137 -0.906738 -0.148438 -10.370280 10.797292 -0.854023 170854960316.000000
0.265625 -0.906494 -0.144775 -10.675288 11.895321 -1.098030 170854963241.000000
0.270996 -0.905273 -0.156006 -11.590313 12.627341 -1.159031 170854966157.000000
0.272705 -0.904541 -0.160645 -12.017324 13.237357 -1.586043 170854969085.000000
0.275635 -0.906006 -0.158691 -12.627341 14.701397 -1.403038 170854972005.000000
0.273682 -0.909912 -0.158203 -12.871348 15.982432 -1.342036 170854974919.000000
0.272461 -0.913330 -0.161621 -13.725371 17.812481 -1.220033 170854977834.000000
0.274414 -0.915039 -0.165771 -14.274385 19.337522 -1.037028 170854980750.000000
0.280029 -0.914795 -0.163330 -15.006405 20.679558 -1.220033 170854983667.000000
0.285889 -0.916748 -0.162598 -15.494418 22.509608 -1.586043 170854986582.000000
0.288086 -0.918945 -0.169189 -15.799427 23.546636 -1.586043 170854989496.000000
0.288574 -0.920410 -0.155762 -16.653450 24.705667 -1.647044 170854992413.000000
0.283203 -0.927246 -0.158203 -16.836455 25.437687 -1.830049 170854995328.000000
0.278809 -0.923584 -0.154785 -16.775453 25.498688 -1.830049 170854998249.000000
0.274170 -0.926514 -0.154541 -16.775453 25.559690 -2.135058 170855001165.000000
0.265137 -0.924072 -0.159180 -17.507473 25.681693 -2.257061 170855004083.000000
0.263184 -0.920654 -0.155762 -17.690478 25.376685 -2.013054 170855006998.000000
0.252197 -0.921387 -0.155029 -17.751479 25.071677 -2.196059 170855009915.000000
0.253174 -0.922607 -0.151855 -18.300494 23.851644 -2.135058 170855012838.000000
0.248291 -0.917236 -0.152100 -18.178491 21.899591 -2.501068 170855015756.000000
0.232178 -0.914551 -0.152832 -18.361496 20.679558 -2.928079 170855018677.000000
0.231201 -0.911621 -0.152100 -18.544501 19.154517 -3.172086 170855021593.000000
0.230469 -0.905029 -0.159912 -18.239492 16.958458 -3.721100 170855024519.000000
0.226807 -0.908936 -0.152100 -18.300494 14.823400 -4.148112 170855027435.000000
0.233398 -0.909424 -0.165283 -18.300494 12.505338 -4.880132 170855030351.000000
0.232422 -0.909180 -0.157715 -17.934484 10.309278 -5.429147 170855033276.000000
0.227295 -0.911133 -0.149902 -17.812481 8.113219 -5.917160 170855036194.000000
0.227539 -0.911377 -0.156250 -17.812481 6.466175 -6.100165 170855039110.000000
0.228516 -0.908691 -0.148193 -17.324468 5.002135 -6.466175 170855042034.000000
0.238037 -0.915039 -0.150146 -16.958458 3.538096 -6.588178 170855044952.000000
0.242920 -0.914063 -0.153564 -17.141463 3.111084 -7.015189 170855047867.000000
0.250732 -0.921143 -0.147217 -16.775453 2.013054 -7.503203 170855050782.000000
0.256348 -0.914307 -0.144287 -16.348441 1.464040 -7.625206 170855053708.000000
0.264648 -0.916992 -0.145020 -16.287440 1.159031 -8.052217 170855056623.000000
0.270752 -0.913818 -0.145752 -16.531446 0.976026 -8.235222 170855059542.000000
0.276367 -0.917480 -0.146729 -16.653450 1.220033 -8.113219 170855062466.000000
0.278564 -0.915039 -0.139893 -17.019460 1.769048 -8.174221 170855065382.000000
0.279053 -0.911377 -0.141113 -17.263466 2.867077 -7.747209 170855068297.000000
0.284180 -0.907227 -0.136230 -17.263466 3.782102 -7.503203 170855071211.000000
0.289795 -0.906494 -0.134766 -17.690478 5.063137 -7.076191 170855074129.000000
0.293945 -0.905518 -0.133545 -18.605502 6.771183 -6.771183 170855077047.000000
0.301514 -0.900146 -0.139160 -19.032514 8.479229 -6.710181 170855079962.000000
0.300537 -0.905029 -0.137939 -19.947539 10.248277 -6.832184 170855082880.000000
0.305420 -0.902100 -0.128418 -20.069542 12.261331 -6.649180 170855085795.000000
0.302002 -0.902344 -0.131104 -20.740560 14.396389 -6.405173 170855088709.000000
0.301514 -0.904053 -0.135498 -21.533581 16.653450 -6.405173 170855091623.000000
0.298828 -0.907715 -0.137695 -21.655585 18.910511 -6.100165 170855094538.000000
0.299316 -0.907715 -0.135010 -22.448606 21.167572 -5.734155 170855097454.000000
0.295410 -0.911865 -0.130615 -22.936619 23.180626 -5.673153 170855100371.000000
0.296631 -0.912598 -0.131348 -23.180626 25.193680 -5.246142 170855103287.000000
0.294189 -0.919678 -0.129883 -23.363631 27.206735 -4.941133 170855106203.000000
0.295898 -0.919434 -0.147217 -23.912646 28.975782 -4.514122 170855109118.000000
0.290771 -0.921875 -0.135254 -24.095651 30.622827 -3.904105 170855112039.000000
0.282227 -0.923340 -0.141113 -24.278656 31.781858 -3.660099 170855114956.000000
0.278809 -0.923828 -0.137939 -24.583664 33.245898 -3.172086 170855117869.000000
0.271973 -0.929932 -0.141113 -24.644665 33.977917 -2.989081 170855120788.000000
0.274170 -0.931641 -0.145752 -24.888672 34.770939 -2.440066 170855123721.000000
0.265137 -0.930176 -0.152100 -24.705667 35.441957 -1.769048 170855126637.000000
0.258789 -0.932617 -0.144775 -25.071677 35.319954 -1.647044 170855129553.000000
0.261963 -0.935303 -0.149902 -24.705667 35.929970 -1.159031 170855132476.000000
0.254639 -0.936279 -0.150879 -24.034649 35.929970 -0.915025 170855135394.000000
0.248291 -0.937256 -0.148193 -23.729641 36.051973 -0.610016 170855138310.000000
0.247559 -0.930420 -0.155518 -23.241628 35.319954 -0.061002 170855141226.000000
0.249023 -0.931885 -0.155762 -22.753614 35.258952 0.244007 170855144154.000000
0.249023 -0.929443 -0.160889 -22.448606 35.136949 0.488013 170855147068.000000
0.250977 -0.927002 -0.154053 -22.326603 34.892942 0.793021 170855149983.000000
0.253906 -0.924561 -0.160889 -22.326603 34.526932 1.464040 170855152906.000000
0.251465 -0.921631 -0.161377 -22.204600 34.221924 1.098030 170855155825.000000
0.258789 -0.920654 -0.165771 -22.265601 34.221924 1.281035 170855158746.000000
0.259277 -0.917969 -0.169434 -22.265601 33.367901 0.976026 170855161739.000000
0.257080 -0.917480 -0.171387 -22.448606 33.672909 0.976026 170855164656.000000
0.265869 -0.920166 -0.167725 -22.509608 33.550906 1.403038 170855167577.000000
0.274414 -0.916992 -0.177734 -22.631611 33.733911 1.464040 170855170506.000000
0.274902 -0.916504 -0.171143 -22.936619 34.038919 1.708046 170855173422.000000
0.282227 -0.921875 -0.176758 -23.363631 34.526932 1.403038 170855176345.000000
0.279785 -0.925537 -0.175537 -23.912646 34.648936 1.769048 170855179258.000000
0.281006 -0.925293 -0.172119 -24.461660 36.295980 2.318063 170855182176.000000
0.281494 -0.923096 -0.177246 -24.766669 37.882023 3.660099 170855185090.000000
0.287354 -0.925293 -0.191650 -25.803697 40.444092 3.965107 170855188006.000000
0.305420 -0.927734 -0.197266 -26.230708 42.579150 4.209114 170855190921.000000
0.313721 -0.935547 -0.196533 -26.901726 45.263222 4.636125 170855193843.000000
0.318359 -0.941406 -0.191895 -27.328738 47.520283 4.697127 170855196759.000000
0.323975 -0.949707 -0.202881 -28.182761 49.045324 4.758128 170855199675.000000
0.317871 -0.954102 -0.200439 -28.304764 51.241384 5.063137 170855202593.000000
0.319580 -0.959961 -0.197021 -28.792777 52.766425 5.551150 170855205508.000000
0.315430 -0.965576 -0.202148 -29.097786 54.779479 5.795156 170855208424.000000
0.316650 -0.968018 -0.203857 -28.975782 56.853535 6.344171 170855211340.000000
0.316650 -0.973145 -0.215088 -29.402794 58.439578 6.710181 170855214267.000000
0.316650 -0.975586 -0.222656 -29.463796 60.147624 7.076191 170855217182.000000
0.311523 -0.976074 -0.222168 -30.134814 61.184652 7.442201 170855220097.000000
0.307861 -0.976318 -0.218506 -29.890807 61.916672 7.259196 170855223018.000000
0.303223 -0.980469 -0.225098 -29.890807 62.465687 7.808211 170855225936.000000
0.299072 -0.974121 -0.225830 -29.829805 62.099677 7.076191 170855228851.000000
0.288330 -0.976074 -0.222168 -29.585799 61.306655 7.015189 170855231769.000000
0.279297 -0.974609 -0.227539 -28.975782 60.269627 6.954188 170855234696.000000
0.273682 -0.971680 -0.219482 -28.060758 58.866589 6.466175 170855237610.000000
0.267334 -0.971924 -0.229980 -27.633746 57.036540 6.222168 170855240525.000000
0.260986 -0.970459 -0.232178 -27.084731 55.633502 6.283170 170855243457.000000
0.259277 -0.971191 -0.239990 -26.413713 53.803453 6.100165 170855246371.000000
0.253662 -0.968750 -0.232666 -25.742695 51.607393 6.039163 170855249285.000000
0.250732 -0.967529 -0.223877 -24.522662 49.350332 5.429147 170855252208.000000
0.250000 -0.963135 -0.222168 -23.973647 47.276276 5.063137 170855255130.000000
0.246338 -0.962158 -0.213867 -23.485634 45.080217 4.697127 170855258046.000000
0.246094 -0.955811 -0.215576 -22.509608 42.701153 3.782102 170855261166.000000
0.246338 -0.946045 -0.222168 -21.960593 41.237113 3.416092 170855264099.000000
0.247070 -0.942383 -0.211182 -21.350576 39.590069 2.867077 170855267025.000000
0.250000 -0.938232 -0.212646 -21.289575 37.943024 1.891051 170855269941.000000
0.252197 -0.931152 -0.209229 -20.740560 36.600988 1.159031 170855272859.000000
0.253906 -0.930908 -0.207031 -20.740560 35.014945 0.671018 170855275775.000000
0.254883 -0.929688 -0.203125 -20.740560 33.794912 0.427012 170855278688.000000
0.248779 -0.919678 -0.200684 -20.801562 32.696883 0.488013 170855281604.000000
0.247314 -0.919678 -0.199951 -20.435552 31.964863 0.244007 170855284521.000000
0.249756 -0.920410 -0.197021 -20.557555 31.537852 0.854023 170855287435.000000
0.250000 -0.917725 -0.194580 -20.923565 31.842860 1.037028 170855290365.000000
0.255859 -0.914795 -0.184814 -21.106570 32.574880 1.830049 170855293282.000000
0.265137 -0.929199 -0.187988 -21.899591 32.452876 1.098030 170855296199.000000
0.264160 -0.933838 -0.201172 -22.631611 33.245898 0.549015 170855299114.000000
0.259033 -0.923828 -0.187988 -22.753614 34.038919 0.976026 170855302030.000000
0.256348 -0.917969 -0.186279 -22.570609 35.197950 1.098030 170855304955.000000
0.256836 -0.917236 -0.201660 -22.875618 36.966998 1.159031 170855307872.000000
0.258545 -0.910889 -0.193604 -22.814616 38.797048 1.769048 170855310786.000000
0.264160 -0.920654 -0.194580 -22.692613 40.200085 1.647044 170855313712.000000
0.263184 -0.918701 -0.191650 -23.058623 41.542122 1.586043 170855316626.000000
0.258545 -0.917969 -0.190674 -22.753614 43.311169 2.257061 170855319540.000000
0.259033 -0.909424 -0.187988 -22.631611 45.446227 2.928079 170855322467.000000
0.254883 -0.917969 -0.196289 -23.058623 46.788263 3.416092 170855325381.000000
0.249023 -0.933594 -0.191650 -23.119624 48.191301 4.087110 170855328295.000000
0.252197 -0.940674 -0.190918 -23.424632 49.045324 4.209114 170855331208.000000
0.248291 -0.948486 -0.192383 -23.607637 49.533337 4.209114 170855334134.000000
0.239014 -0.953369 -0.193359 -22.753614 50.326359 4.819130 170855337060.000000
0.229492 -0.956299 -0.196533 -22.204600 50.875374 5.246142 170855339975.000000
0.219727 -0.966309 -0.192383 -21.167572 51.302385 5.978161 170855342892.000000
0.224609 -0.973145 -0.189941 -20.435552 51.668395 6.527176 170855345807.000000
0.222168 -0.972412 -0.203125 -19.642530 51.485390 6.832184 170855348724.000000
0.219482 -0.975830 -0.196533 -18.422497 51.790398 7.503203 170855351651.000000
0.215820 -0.980957 -0.201172 -17.751479 51.546392 7.808211 170855354577.000000
0.211670 -0.977539 -0.204590 -17.507473 51.485390 7.991216 170855357492.000000
0.213623 -0.978760 -0.205322 -16.287440 51.302385 8.357226 170855360414.000000
0.218994 -0.981934 -0.209473 -15.982432 50.570365 8.235222 170855363332.000000
0.215088 -0.997559 -0.207031 -15.799427 49.045324 7.625206 170855366247.000000
0.211182 -0.990967 -0.206543 -14.518392 47.947295 7.869212 170855369161.000000
0.211182 -0.984619 -0.211182 -14.091380 47.337278 8.113219 170855372079.000000
0.213867 -0.988525 -0.222168 -13.969377 45.934240 7.808211 170855374993.000000
0.217285 -0.998779 -0.224609 -13.603367 43.189166 7.198194 170855377909.000000
0.207764 -0.985352 -0.210449 -12.322333 41.786128 8.113219 170855380823.000000
0.205811 -0.984375 -0.226318 -11.651315 39.956079 8.052217 170855383740.000000
0.201660 -0.975830 -0.231689 -10.736290 38.126029 8.723236 170855386655.000000
0.201660 -0.972900 -0.232422 -9.943268 35.929970 9.211249 170855389569.000000
0.206543 -0.972168 -0.240723 -9.699262 33.855914 9.272250 170855392489.000000
0.205566 -0.977539 -0.228027 -9.516257 31.110840 9.272250 170855395405.000000
0.205566 -0.974609 -0.245361 -9.394254 28.670774 8.906240 170855398319.000000
0.206543 -0.978271 -0.235596 -9.394254 25.864698 7.991216 170855401232.000000
0.202148 -0.982422 -0.234863 -8.784237 22.631611 7.808211 170855404150.000000
0.192871 -0.973145 -0.233643 -7.869212 19.886537 7.869212 170855407072.000000
0.192627 -0.967041 -0.244141 -7.381199 17.263466 7.442201 170855409988.000000
0.192383 -0.958252 -0.246094 -6.466175 14.335387 7.442201 170855412911.000000
0.197998 -0.954346 -0.244629 -6.527176 11.834320 6.283170 170855415831.000000
0.214111 -0.954346 -0.245850 -6.161166 8.540231 5.551150 170855418747.000000
0.211670 -0.943604 -0.245361 -6.161166 5.795156 4.697127 170855421667.000000
0.214844 -0.933350 -0.240723 -6.405173 3.294089 3.721100 170855424593.000000
0.221924 -0.927490 -0.251465 -6.283170 1.464040 3.294089 170855427508.000000
0.236816 -0.929443 -0.258545 -6.771183 -0.305008 2.318063 170855430425.000000
0.241943 -0.923096 -0.253418 -7.381199 -1.769048 1.464040 170855433342.000000
0.251465 -0.912354 -0.244141 -7.015189 -2.440066 1.281035 170855436256.000000
0.260010 -0.911621 -0.254150 -7.686208 -3.050082 0.671018 170855439172.000000
0.262451 -0.898682 -0.249023 -8.296224 -3.233087 0.427012 170855442096.000000
0.271973 -0.906738 -0.258545 -9.211249 -3.233087 0.122003 170855445015.000000
0.282227 -0.913086 -0.251465 -10.980296 -3.477094 -0.854023 170855447931.000000
0.278564 -0.913574 -0.242676 -11.224303 -3.904105 -1.220033 170855450844.000000
0.279053 -0.913330 -0.240723 -11.895321 -3.599097 -1.342036 170855453775.000000
0.283447 -0.916260 -0.241455 -12.139328 -3.294089 -1.403038 170855456691.000000
0.274902 -0.916260 -0.239258 -12.017324 -2.623071 -1.281035 170855459605.000000
0.279297 -0.916992 -0.238525 -12.261331 -2.745074 -1.281035 170855462524.000000
0.280029 -0.925781 -0.237793 -12.078326 -2.440066 -1.159031 170855465438.000000
0.285889 -0.923584 -0.237061 -12.200329 -2.257061 -1.159031 170855468356.000000
0.290283 -0.929688 -0.243652 -12.383334 -2.318063 -1.525041 170855471270.000000
0.281738 -0.935791 -0.234375 -12.749344 -2.379064 -2.318063 170855474189.000000
0.276855 -0.935303 -0.232666 -12.505338 -2.318063 -2.745074 170855477104.000000
0.276367 -0.943115 -0.238281 -11.895321 -2.379064 -3.233087 170855480019.000000
0.272705 -0.934570 -0.233643 -11.407308 -2.623071 -2.623071 170855482936.000000
0.258545 -0.930908 -0.202881 -9.455255 -2.257061 -1.891051 170855485852.000000
0.284424 -0.910645 -0.259277 -8.235222 -1.525041 -0.976026 170855488773.000000
0.280762 -0.914063 -0.256104 -8.235222 -0.305008 -0.854023 170855491687.000000
0.297119 -0.923096 -0.260254 -8.845239 0.427012 -0.732020 170855494603.000000
0.307861 -0.924561 -0.249756 -9.272250 1.037028 -1.159031 170855497518.000000
0.304688 -0.920654 -0.238525 -9.394254 1.952053 -1.159031 170855500432.000000
0.304199 -0.921631 -0.254639 -9.028244 3.355091 -0.732020 170855503350.000000
0.302490 -0.917480 -0.255615 -9.272250 5.246142 -0.549015 170855506269.000000
0.304199 -0.915039 -0.245605 -9.028244 6.710181 0.122003 170855509186.000000
0.304443 -0.916748 -0.245850 -8.235222 7.869212 0.183005 170855512108.000000
0.311768 -0.913086 -0.259521 -8.357226 9.394254 1.037028 170855515025.000000
0.316895 -0.913574 -0.254150 -8.113219 11.407308 1.220033 170855517940.000000
0.319336 -0.911377 -0.252197 -8.479229 12.566339 1.769048 170855520855.000000
0.310547 -0.907227 -0.255371 -8.052217 13.786372 2.135058 170855525702.000000
0.310303 -0.896240 -0.258057 -7.808211 16.592448 3.355091 170855528685.000000
0.309082 -0.895020 -0.255615 -7.930214 18.178491 3.660099 170855531617.000000
0.304688 -0.894287 -0.266602 -7.869212 19.764534 4.331117 170855534544.000000
0.301025 -0.892578 -0.260010 -8.540231 20.862563 4.453120 170855537458.000000
0.300293 -0.892090 -0.267578 -8.357226 21.716586 4.941133 170855540373.000000
0.295898 -0.890625 -0.260742 -8.540231 22.875618 5.124138 170855543298.000000
0.292725 -0.886230 -0.264648 -8.540231 23.729641 5.490148 170855546217.000000
0.289795 -0.884766 -0.268555 -8.662234 24.217654 6.039163 170855549131.000000
0.294434 -0.879395 -0.268311 -8.479229 24.522662 5.978161 170855552055.000000
0.289795 -0.878174 -0.269531 -8.723236 25.254682 6.161166 170855554976.000000
0.288330 -0.879883 -0.268555 -8.845239 24.827670 6.466175 170855557890.000000
0.286621 -0.879883 -0.276855 -8.906240 24.949674 6.405173 170855560805.000000
0.284668 -0.875732 -0.272949 -8.967242 25.010675 7.076191 170855563723.000000
0.283447 -0.875244 -0.268555 -8.662234 24.583664 6.649180 170855566638.000000
0.277100 -0.876709 -0.271973 -8.906240 23.851644 6.954188 170855569552.000000
0.277344 -0.877930 -0.276123 -8.723236 23.668639 7.320198 170855572470.000000
0.281250 -0.873779 -0.278564 -8.845239 22.936619 7.503203 170855575384.000000
0.281006 -0.874268 -0.281250 -9.089245 22.570609 7.381199 170855578302.000000
0.285645 -0.873291 -0.281982 -9.333252 21.411578 7.564204 170855581220.000000
0.284180 -0.873291 -0.282471 -8.784237 20.740560 7.137193 170855584137.000000
0.282471 -0.871094 -0.288574 -8.662234 19.337522 7.198194 170855587055.000000
0.281982 -0.869629 -0.289063 -8.479229 18.544501 7.320198 170855589970.000000
0.282471 -0.873535 -0.283203 -8.235222 17.141463 6.954188 170855592886.000000
0.281738 -0.873291 -0.292725 -8.113219 16.104435 6.710181 170855595801.000000
0.278564 -0.875977 -0.288086 -7.686208 14.823400 6.710181 170855598715.000000
0.282715 -0.875732 -0.293701 -7.564204 13.481364 6.466175 170855601631.000000
0.282959 -0.873047 -0.293213 -7.686208 12.322333 6.405173 170855604548.000000
0.283447 -0.877197 -0.292480 -6.832184 10.919295 6.405173 170855607461.000000
0.284668 -0.873535 -0.296875 -6.954188 9.943268 6.161166 170855610387.000000
0.281250 -0.875000 -0.296143 -6.405173 8.784237 5.856158 170855613308.000000
0.283203 -0.878418 -0.295898 -6.100165 7.503203 5.795156 170855616243.000000
0.285156 -0.875732 -0.299316 -5.917160 6.405173 5.612152 170855619158.000000
0.286621 -0.877686 -0.292725 -5.307143 5.246142 5.429147 170855622085.000000
0.287354 -0.881836 -0.296875 -5.185140 3.843104 5.063137 170855625004.000000
0.290527 -0.880615 -0.300049 -5.185140 3.294089 4.941133 170855627920.000000
0.293213 -0.879639 -0.291016 -4.514122 2.318063 4.575124 170855630835.000000
0.289551 -0.882080 -0.293945 -4.636125 1.220033 4.331117 170855633760.000000
0.295166 -0.884766 -0.296631 -4.209114 0.488013 3.965107 170855636674.000000
0.298584 -0.884033 -0.296875 -3.782102 -0.244007 3.782102 170855639588.000000
0.296143 -0.883789 -0.296875 -3.782102 -1.220033 3.538096 170855642523.000000
0.300049 -0.881592 -0.293457 -3.599097 -1.647044 3.355091 170855645442.000000
0.301758 -0.884766 -0.289063 -3.233087 -2.257061 3.050082 170855648358.000000
0.302490 -0.881104 -0.290527 -2.806076 -2.379064 2.623071 170855651273.000000
0.299805 -0.880127 -0.291504 -2.745074 -3.050082 2.135058 170855654197.000000
0.307617 -0.879639 -0.294189 -2.562069 -3.172086 2.196059 170855657114.000000
0.308105 -0.875977 -0.293945 -2.562069 -3.294089 1.952053 170855660033.000000
0.311523 -0.875488 -0.293945 -2.196059 -3.233087 1.586043 170855662982.000000
0.313965 -0.879883 -0.292969 -2.196059 -3.233087 1.342036 170855665899.000000
0.314209 -0.876221 -0.295654 -2.074056 -2.562069 1.220033 170855668825.000000
0.319824 -0.874512 -0.293457 -2.074056 -2.684072 0.549015 170855671741.000000
0.317139 -0.872559 -0.294922 -2.013054 -2.196059 0.915025 170855674657.000000
0.320313 -0.875488 -0.292236 -2.074056 -1.708046 0.671018 170855677570.000000
0.318604 -0.876221 -0.290039 -1.830049 -1.403038 0.549015 170855680484.000000
0.317383 -0.875244 -0.288086 -2.074056 -0.610016 0.366010 170855683481.000000
0.317383 -0.872070 -0.285400 -1.891051 -0.366010 0.000000 170855686398.000000
0.317627 -0.870605 -0.289551 -1.830049 0.244007 0.000000 170855689313.000000
0.314941 -0.874268 -0.291016 -1.830049 0.488013 -0.610016 170855692233.000000
0.317383 -0.868652 -0.289063 -1.952053 0.732020 -0.976026 170855695148.000000
0.315186 -0.868408 -0.286133 -1.647044 1.220033 -1.281035 170855698066.000000
0.315918 -0.869141 -0.288818 -1.708046 1.037028 -1.403038 170855700982.000000
0.312744 -0.865234 -0.285156 -1.647044 0.976026 -2.074056 170855703899.000000
0.307861 -0.868652 -0.280762 -1.525041 1.220033 -2.562069 170855706814.000000
0.306885 -0.862793 -0.284180 -1.342036 0.793021 -2.745074 170855709727.000000
0.303467 -0.861328 -0.280762 -1.525041 0.427012 -3.172086 170855712646.000000
0.303223 -0.863525 -0.286865 -1.586043 0.183005 -3.965107 170855715562.000000
0.302002 -0.857910 -0.289307 -1.464040 -0.305008 -3.965107 170855718476.000000
0.302002 -0.854736 -0.286865 -1.586043 -0.183005 -4.453120 170855721390.000000
0.298340 -0.855713 -0.288574 -1.586043 -0.732020 -5.063137 170855724307.000000
0.300537 -0.854004 -0.279541 -1.403038 -1.220033 -4.880132 170855727222.000000
0.299805 -0.855957 -0.286621 -1.159031 -1.281035 -5.246142 170855730138.000000
0.299316 -0.851807 -0.280273 -1.281035 -1.891051 -5.856158 170855733060.000000
0.291748 -0.855469 -0.280518 -0.793021 -2.135058 -5.673153 170855735980.000000
0.294678 -0.852051 -0.283447 -0.427012 -2.928079 -6.344171 170855738896.000000
0.295654 -0.853271 -0.271484 0.122003 -3.111084 -6.344171 170855741810.000000
0.292969 -0.851563 -0.278564 0.305008 -3.599097 -6.771183 170855744735.000000
0.291260 -0.853760 -0.280273 0.183005 -3.843104 -6.832184 170855747649.000000
0.292969 -0.854004 -0.273438 0.610016 -4.575124 -7.381199 170855750562.000000
0.294922 -0.853516 -0.276123 0.549015 -4.880132 -7.503203 170855753488.000000
0.296875 -0.856689 -0.281006 0.488013 -4.941133 -7.869212 170855756404.000000
0.291504 -0.853760 -0.280518 0.854023 -5.673153 -7.869212 170855759319.000000
0.292725 -0.857666 -0.279785 0.854023 -5.978161 -8.052217 170855762237.000000
0.290039 -0.863525 -0.278076 0.854023 -6.283170 -8.113219 170855765180.000000
0.293213 -0.867920 -0.281006 0.671018 -6.222168 -8.174221 170855768097.000000
0.290527 -0.868164 -0.281738 0.732020 -6.527176 -7.991216 170855771013.000000
0.295654 -0.875488 -0.279541 0.732020 -6.222168 -7.747209 170855773929.000000
0.297363 -0.883301 -0.283691 0.488013 -6.771183 -7.808211 170855776847.000000
0.300781 -0.890381 -0.289063 0.427012 -6.832184 -7.625206 170855779762.000000
0.296875 -0.898682 -0.287598 0.366010 -6.588178 -7.198194 170855782681.000000
0.298340 -0.906738 -0.293945 0.488013 -6.466175 -7.259196 170855785597.000000
0.301270 -0.917236 -0.290527 0.427012 -6.771183 -6.405173 170855788511.000000
0.297607 -0.925293 -0.295166 0.793021 -6.283170 -5.917160 170855791425.000000
0.297852 -0.933838 -0.296143 1.159031 -6.893186 -5.551150 170855794356.000000
0.297852 -0.939453 -0.295654 0.793021 -6.283170 -4.941133 170855797270.000000
0.296631 -0.949463 -0.297607 1.098030 -6.710181 -4.453120 170855800187.000000
0.295166 -0.952148 -0.300293 1.098030 -7.259196 -3.904105 170855803103.000000
0.295898 -0.958496 -0.305908 1.403038 -7.076191 -3.721100 170855806018.000000
0.301270 -0.963135 -0.303955 1.220033 -7.381199 -2.867077 170855808942.000000
0.299072 -0.968994 -0.294434 1.342036 -7.381199 -2.257061 170855811856.000000
0.300293 -0.975586 -0.308350 1.037028 -7.320198 -1.891051 170855814779.000000
0.302490 -0.975098 -0.311279 1.403038 -7.259196 -1.464040 170855817696.000000
0.298828 -0.977051 -0.298828 1.037028 -7.442201 -0.366010 170855820610.000000
0.307129 -0.978760 -0.303467 1.098030 -7.320198 -0.305008 170855823538.000000
0.308594 -0.979004 -0.302734 0.854023 -6.771183 0.427012 170855826464.000000
0.309814 -0.980469 -0.296631 1.098030 -6.588178 1.220033 170855829380.000000
0.312256 -0.979248 -0.297852 0.488013 -6.100165 1.708046 170855832302.000000
0.316162 -0.974365 -0.299072 0.305008 -5.368145 1.891051 170855835221.000000
0.316650 -0.973389 -0.291748 0.244007 -5.307143 2.562069 170855838135.000000
0.321777 -0.967041 -0.287109 -0.122003 -4.087110 3.172086 170855841060.000000
0.324463 -0.964355 -0.289063 -0.305008 -3.599097 3.477094 170855843985.000000
0.325928 -0.965332 -0.291016 -0.549015 -2.867077 4.087110 170855846899.000000
0.329102 -0.961426 -0.283203 -0.915025 -2.013054 4.514122 170855849815.000000
0.328369 -0.960938 -0.271729 -0.915025 -1.159031 4.636125 170855852737.000000
0.329834 -0.950195 -0.269287 -1.220033 0.915025 5.429147 170855860262.000000
0.333740 -0.944092 -0.263672 -1.769048 2.013054 5.551150 170855863487.000000
0.331787 -0.939941 -0.260742 -1.830049 3.233087 5.673153 170855866517.000000
0.332275 -0.939209 -0.257568 -1.952053 3.721100 5.734155 170855869437.000000
0.335205 -0.932129 -0.253174 -1.891051 4.880132 5.734155 170855872437.000000
0.333984 -0.927002 -0.254150 -1.891051 5.856158 6.405173 170855875434.000000
0.334961 -0.922119 -0.249268 -2.013054 7.137193 5.917160 170855878360.000000
0.337891 -0.919189 -0.249268 -2.196059 8.113219 6.100165 170855881270.000000
0.343750 -0.916504 -0.243652 -2.379064 8.906240 5.551150 170855884181.000000
0.340820 -0.907471 -0.252197 -2.318063 10.370280 5.368145 170855887095.000000
0.341309 -0.905762 -0.243652 -2.379064 11.346306 5.063137 170855890003.000000
0.342041 -0.906982 -0.242432 -2.501068 12.261331 5.002135 170855892914.000000
0.343506 -0.909180 -0.248535 -2.623071 13.298359 4.575124 170855895849.000000
0.341797 -0.906494 -0.244141 -2.562069 14.396389 4.148112 170855898760.000000
0.339355 -0.912354 -0.237549 -2.623071 15.433417 3.721100 170855901676.000000
0.342285 -0.914795 -0.239258 -2.867077 16.348441 3.904105 170855904585.000000
0.340088 -0.919922 -0.237305 -2.928079 17.080461 3.538096 170855907499.000000
0.341309 -0.925781 -0.234863 -2.684072 18.117489 3.355091 170855910409.000000
0.337646 -0.929199 -0.242188 -2.562069 19.337522 3.050082 170855913328.000000
0.340576 -0.933594 -0.235840 -2.318063 19.459525 2.867077 170855916236.000000
0.337402 -0.932373 -0.229736 -2.196059 20.740560 2.684072 170855919143.000000
0.333740 -0.930908 -0.234375 -1.708046 21.045568 2.257061 170855922061.000000
0.332520 -0.933594 -0.232666 -1.281035 21.167572 1.525041 170855924973.000000
0.326904 -0.934326 -0.229492 -1.037028 21.777588 1.464040 170855927895.000000
0.324951 -0.929443 -0.233398 -0.488013 22.021595 0.793021 170855930806.000000
0.325928 -0.930420 -0.233643 -0.366010 21.960593 0.244007 170855933722.000000
0.319336 -0.932129 -0.229736 0.122003 22.509608 -0.122003 170855936640.000000
0.314941 -0.925537 -0.236816 0.000000 22.082596 -0.793021 170855939561.000000
0.316162 -0.921143 -0.226563 0.793021 22.082596 -1.159031 170855942479.000000
0.307617 -0.921875 -0.225098 0.671018 21.960593 -1.891051 170855945398.000000
0.309814 -0.918945 -0.226563 0.793021 21.411578 -2.074056 170855948313.000000
0.305420 -0.918213 -0.226318 1.098030 21.350576 -2.562069 170855951226.000000
0.305420 -0.914551 -0.221680 1.525041 20.496553 -2.806076 170855954145.000000
0.304199 -0.910645 -0.218262 1.647044 20.496553 -3.050082 170855957059.000000
0.301025 -0.910645 -0.218262 1.403038 19.764534 -3.660099 170855959974.000000
0.300781 -0.903809 -0.216309 1.769048 19.581529 -3.660099 170855962895.000000
0.299561 -0.903320 -0.216553 2.013054 19.276520 -4.270115 170855965906.000000
0.297119 -0.905273 -0.215332 2.379064 18.117489 -4.941133 170855968829.000000
0.291992 -0.900879 -0.218994 2.684072 17.812481 -5.307143 170855971760.000000
0.294434 -0.897949 -0.214111 2.928079 16.897456 -5.917160 170855974679.000000
0.293457 -0.896729 -0.210449 3.172086 16.348441 -6.161166 170855977597.000000
0.290039 -0.892822 -0.211914 3.660099 15.433417 -6.527176 170855980513.000000
0.289063 -0.894775 -0.212891 3.965107 14.396389 -6.954188 170855983433.000000
0.289063 -0.893799 -0.213623 4.087110 14.091380 -7.015189 170855986367.000000
0.286133 -0.895264 -0.210449 4.453120 12.688343 -7.442201 170855989293.000000
0.284912 -0.894043 -0.216309 4.819130 12.200329 -7.320198 170855992212.000000
0.283447 -0.896973 -0.219971 5.124138 11.285305 -7.320198 170855995134.000000
0.275879 -0.900146 -0.220215 5.429147 10.797292 -7.564204 170855998050.000000
0.276855 -0.902832 -0.219971 5.978161 9.699262 -7.625206 170856000974.000000
0.275146 -0.900879 -0.222412 6.222168 8.906240 -7.564204 170856003893.000000
0.274902 -0.903320 -0.223877 6.893186 8.296224 -7.808211 170856006810.000000
0.278809 -0.907227 -0.226074 7.625206 7.137193 -7.808211 170856009726.000000
0.275879 -0.911133 -0.221680 8.174221 6.527176 -7.808211 170856012646.000000
0.273926 -0.907959 -0.232422 9.394254 5.246142 -7.503203 170856015561.000000
0.277588 -0.910400 -0.231934 9.821265 4.880132 -7.442201 170856018490.000000
0.272949 -0.908203 -0.238281 10.980296 3.904105 -7.442201 170856021413.000000
0.272461 -0.908203 -0.231445 11.407308 3.050082 -7.076191 170856024332.000000
0.272949 -0.907227 -0.234375 12.505338 2.318063 -6.588178 170856027251.000000
0.270996 -0.908936 -0.233154 12.993351 1.464040 -6.161166 170856030200.000000
0.271729 -0.906006 -0.225830 14.030379 0.549015 -6.222168 170856033312.000000
0.272949 -0.905273 -0.233643 14.274385 -0.366010 -5.673153 170856036424.000000
0.273926 -0.901855 -0.227783 15.189410 -0.793021 -5.307143 170856039461.000000
0.272949 -0.901367 -0.229248 15.677423 -1.647044 -4.819130 170856042493.000000
0.271973 -0.898926 -0.234131 16.165436 -2.074056 -4.758128 170856045412.000000
0.272949 -0.894043 -0.232178 16.531446 -2.440066 -4.270115 170856048328.000000
0.274170 -0.893555 -0.228271 16.775453 -2.684072 -4.026109 170856051244.000000
0.274414 -0.892334 -0.230225 17.080461 -3.050082 -3.721100 170856054160.000000
0.278320 -0.892578 -0.233398 17.202464 -3.050082 -2.989081 170856057079.000000
0.278564 -0.891357 -0.234131 17.385469 -3.111084 -2.867077 170856059993.000000
0.277100 -0.891357 -0.232666 17.629476 -3.355091 -2.623071 170856062910.000000
0.283447 -0.893311 -0.235596 17.629476 -3.050082 -2.013054 170856065826.000000
0.281006 -0.897461 -0.239502 17.934484 -3.660099 -2.074056 170856068742.000000
0.283447 -0.895020 -0.241699 17.629476 -3.599097 -1.525041 170856071662.000000
0.283691 -0.903564 -0.241699 17.873483 -3.599097 -1.464040 170856074583.000000
0.287109 -0.905029 -0.247314 17.690478 -3.538096 -0.854023 170856077496.000000
0.288818 -0.911133 -0.242920 18.056488 -4.209114 -0.366010 170856080414.000000
0.286865 -0.913818 -0.252197 18.300494 -4.087110 0.000000 170856083331.000000
0.286621 -0.919189 -0.260010 18.300494 -4.636125 0.488013 170856086245.000000
0.288330 -0.928223 -0.260498 18.544501 -4.880132 0.854023 170856089161.000000
0.287354 -0.929443 -0.260254 18.910511 -5.124138 1.098030 170856092078.000000
0.286865 -0.936279 -0.264648 19.154517 -5.795156 1.342036 170856095000.000000
0.288086 -0.938721 -0.268066 19.398524 -6.222168 2.135058 170856097916.000000
0.288330 -0.940674 -0.267334 19.642530 -6.649180 2.318063 170856100830.000000
0.291016 -0.944580 -0.274902 19.825535 -7.198194 2.806076 170856103749.000000
0.292236 -0.949951 -0.278809 20.496553 -8.052217 3.111084 170856106665.000000
0.290283 -0.947510 -0.274414 20.557555 -8.418227 3.294089 170856109577.000000
0.291260 -0.945068 -0.279785 21.045568 -8.784237 3.538096 170856112499.000000
0.291992 -0.945801 -0.285645 21.533581 -9.943268 4.087110 170856115418.000000
0.292236 -0.937988 -0.283936 21.899591 -10.736290 3.904105 170856118333.000000
0.289795 -0.933838 -0.284180 22.143598 -11.346306 4.331117 170856121247.000000
0.291016 -0.927490 -0.281738 22.387604 -12.261331 4.148112 170856124172.000000
0.290527 -0.926025 -0.282471 22.692613 -12.566339 4.514122 170856127087.000000
0.291260 -0.916992 -0.284668 22.753614 -13.176356 4.331117 170856130002.000000
0.291016 -0.907715 -0.284180 22.936619 -14.335387 3.904105 170856132932.000000
0.286133 -0.900391 -0.272461 23.119624 -15.006405 3.904105 170856135858.000000
0.290039 -0.886719 -0.277832 22.936619 -15.921430 3.843104 170856138774.000000
0.290771 -0.875488 -0.270264 22.875618 -16.470445 3.599097 170856141688.000000
0.292236 -0.868164 -0.263428 22.570609 -17.263466 3.294089 170856144607.000000
0.294434 -0.857422 -0.269043 22.692613 -17.751479 2.745074 170856147523.000000
0.294434 -0.848633 -0.257813 22.082596 -18.178491 1.891051 170856150438.000000
0.293457 -0.837402 -0.253906 21.716586 -18.605502 1.525041 170856153361.000000
0.297607 -0.835693 -0.256348 21.045568 -18.788507 0.854023 170856156279.000000
0.307617 -0.827881 -0.255371 20.130544 -18.727506 0.061002 170856159193.000000
0.307373 -0.828125 -0.246826 19.215519 -18.422497 -0.122003 170856162111.000000
0.311768 -0.831543 -0.249268 18.178491 -18.117489 -1.342036 170856165027.000000
0.310547 -0.833252 -0.253174 17.629476 -17.812481 -1.525041 170856167950.000000
0.311279 -0.839355 -0.250000 16.775453 -17.141463 -2.440066 170856170864.000000
0.314697 -0.852539 -0.248291 15.616422 -16.775453 -3.294089 170856173781.000000
0.321533 -0.859863 -0.246338 15.128408 -16.409443 -3.599097 170856176697.000000
0.321045 -0.875977 -0.247070 14.030379 -15.311413 -4.087110 170856179611.000000
0.326660 -0.891113 -0.244873 13.847374 -14.457390 -4.270115 170856182538.000000
0.320801 -0.906982 -0.250732 13.420362 -14.335387 -5.063137 170856185469.000000
0.324219 -0.921387 -0.247559 13.115354 -13.115354 -4.697127 170856188383.000000
0.320068 -0.935303 -0.247803 13.481364 -12.688343 -4.880132 170856191303.000000
0.323486 -0.950195 -0.253906 13.969377 -11.834320 -5.490148 170856194221.000000
0.324463 -0.963379 -0.257568 14.701397 -11.407308 -5.429147 170856197135.000000
0.329834 -0.966797 -0.259033 15.738425 -11.041298 -5.551150 170856200051.000000
0.322754 -0.972412 -0.258545 16.226438 -10.431282 -5.734155 170856202968.000000
0.321777 -0.976074 -0.263184 17.446471 -10.309278 -5.734155 170856205882.000000
0.323730 -0.977051 -0.266113 18.422497 -10.187275 -5.978161 170856208797.000000
0.320801 -0.975830 -0.274170 19.398524 -9.699262 -6.039163 170856211712.000000
0.317139 -0.968262 -0.277100 20.252547 -9.638260 -5.856158 170856214637.000000
0.315918 -0.966553 -0.275879 20.801562 -9.882267 -5.673153 170856217552.000000
0.310547 -0.965088 -0.284180 21.594583 -9.882267 -5.917160 170856220468.000000
0.310303 -0.953613 -0.274902 21.838590 -10.370280 -5.856158 170856223439.000000
0.308350 -0.948242 -0.282471 22.204600 -10.492283 -5.307143 170856226369.000000
0.302490 -0.940918 -0.285156 22.265601 -10.980296 -5.551150 170856229283.000000
0.301025 -0.934570 -0.275879 22.082596 -11.773318 -5.368145 170856232205.000000
0.301270 -0.925537 -0.285156 22.021595 -12.383334 -5.429147 170856235128.000000
0.304199 -0.920166 -0.287842 21.960593 -12.749344 -5.734155 170856238040.000000
0.296143 -0.907959 -0.277588 21.350576 -13.054352 -5.368145 170856240955.000000
0.294922 -0.909668 -0.277100 21.167572 -14.213384 -5.368145 170856243901.000000
0.294678 -0.901611 -0.273926 20.679558 -14.945404 -5.795156 170856246823.000000
0.292236 -0.893311 -0.270264 20.496553 -15.494418 -5.734155 170856249739.000000
0.291992 -0.888672 -0.266846 19.825535 -16.287440 -6.100165 170856252669.000000
0.289307 -0.883789 -0.260986 19.581529 -17.202464 -6.344171 170856255593.000000
0.289795 -0.885010 -0.252930 19.154517 -18.117489 -6.710181 170856258525.000000
0.285156 -0.877197 -0.248291 18.971512 -19.154517 -7.198194 170856261455.000000
0.287109 -0.872803 -0.249756 18.178491 -19.947539 -7.381199 170856264384.000000
0.285400 -0.869873 -0.239502 17.995486 -20.801562 -7.869212 170856267303.000000
0.289795 -0.869141 -0.239014 17.324468 -21.838590 -8.235222 170856270217.000000
0.288818 -0.869873 -0.235840 16.775453 -22.204600 -8.357226 170856273135.000000
0.286865 -0.863525 -0.228516 16.165436 -22.692613 -8.601232 170856276049.000000
0.295166 -0.868164 -0.231689 15.494418 -23.241628 -8.662234 170856278962.000000
0.295410 -0.864502 -0.238770 14.945404 -23.424632 -8.540231 170856281876.000000
0.296875 -0.866943 -0.231689 14.091380 -23.668639 -8.479229 170856284888.000000
0.303955 -0.866211 -0.230469 13.664369 -23.607637 -9.150247 170856287808.000000
0.300293 -0.867920 -0.230225 13.420362 -23.485634 -8.601232 170856290734.000000
0.299316 -0.868408 -0.235840 12.932349 -23.363631 -8.662234 170856293649.000000
0.301514 -0.873291 -0.230469 12.627341 -22.631611 -8.418227 170856296563.000000
0.301025 -0.873535 -0.232666 12.383334 -22.204600 -8.296224 170856299478.000000
0.304688 -0.871826 -0.239502 12.444336 -21.899591 -7.930214 170856302393.000000
0.306641 -0.875732 -0.235352 12.261331 -21.167572 -7.686208 170856305307.000000
0.302002 -0.877686 -0.239502 12.444336 -20.679558 -7.381199 170856308223.000000
0.299316 -0.878906 -0.231689 12.444336 -19.886537 -7.076191 170856311136.000000
0.298828 -0.878906 -0.241211 12.566339 -19.886537 -6.832184 170856314052.000000
0.301758 -0.877930 -0.240967 12.627341 -20.191545 -6.344171 170856316967.000000
0.297119 -0.875244 -0.241943 12.993351 -19.642530 -5.734155 170856319884.000000
0.295410 -0.874268 -0.241455 13.481364 -19.764534 -5.490148 170856322802.000000
0.296143 -0.869629 -0.242432 13.420362 -19.825535 -4.941133 170856325717.000000
0.290039 -0.866211 -0.245605 13.359361 -19.886537 -4.453120 170856328632.000000
0.292969 -0.863281 -0.245605 13.481364 -20.252547 -3.721100 170856331549.000000
0.294922 -0.863281 -0.243652 13.847374 -20.130544 -3.294089 170856334474.000000
0.289551 -0.858643 -0.249023 13.664369 -20.313548 -2.806076 170856337389.000000
0.284180 -0.861084 -0.246338 13.298359 -20.313548 -2.196059 170856340305.000000
0.286865 -0.858643 -0.245117 13.420362 -20.679558 -1.525041 170856343227.000000
0.289307 -0.863770 -0.240234 12.993351 -21.106570 -1.159031 170856346145.000000
0.291992 -0.864258 -0.235596 12.810346 -21.411578 -0.671018 170856349060.000000
0.289551 -0.873291 -0.235840 12.505338 -21.716586 0.122003 170856351975.000000
0.290039 -0.875244 -0.232666 12.139328 -22.021595 0.793021 170856354933.000000
0.291748 -0.880859 -0.235352 11.834320 -21.838590 1.830049 170856357848.000000
0.294189 -0.889404 -0.227539 12.017324 -22.448606 2.318063 170856360763.000000
0.296631 -0.896240 -0.218262 11.529311 -22.570609 2.928079 170856363681.000000
0.299316 -0.901611 -0.225098 11.712316 -22.875618 3.843104 170856366595.000000
0.302246 -0.907471 -0.220215 11.529311 -22.753614 4.514122 170856369509.000000
0.307373 -0.913086 -0.219238 11.529311 -22.387604 4.697127 170856372426.000000
0.314453 -0.917969 -0.218018 11.590313 -22.875618 6.100165 170856375341.000000
0.319092 -0.921387 -0.213379 11.346306 -22.570609 6.527176 170856378255.000000
0.322021 -0.925293 -0.220215 11.468310 -22.204600 7.625206 170856381169.000000
0.327881 -0.924561 -0.220215 11.163301 -22.021595 8.174221 170856384085.000000
0.325439 -0.921631 -0.218018 10.980296 -21.594583 9.211249 170856386999.000000
0.335205 -0.919189 -0.220215 11.041298 -21.411578 9.333252 170856389921.000000
0.333008 -0.923828 -0.220459 10.614287 -21.045568 10.736290 170856392839.000000
0.337158 -0.922607 -0.220459 10.675288 -20.679558 10.980296 170856395754.000000
0.332520 -0.918945 -0.224365 10.187275 -20.130544 12.078326 170856398669.000000
0.329346 -0.917969 -0.218018 10.126273 -19.825535 12.810346 170856401583.000000
0.335449 -0.914795 -0.224121 10.004270 -19.520527 13.359361 170856404500.000000
0.333252 -0.909912 -0.219971 9.882267 -18.727506 13.664369 170856407414.000000
0.332520 -0.905762 -0.222412 9.455255 -18.483499 14.152382 170856410343.000000
0.333252 -0.901123 -0.221191 9.272250 -18.300494 14.335387 170856413272.000000
0.332031 -0.895508 -0.224854 9.089245 -17.629476 14.457390 170856416191.000000
0.337158 -0.889404 -0.224854 9.028244 -17.324468 14.518392 170856419106.000000
0.330322 -0.890869 -0.221924 8.479229 -17.202464 14.457390 170856422029.000000
0.334473 -0.889893 -0.214111 8.235222 -16.897456 14.335387 170856424956.000000
0.330811 -0.887939 -0.214111 7.747209 -16.348441 14.274385 170856427871.000000
0.332031 -0.891357 -0.204834 7.686208 -17.080461 14.335387 170856430785.000000
0.330811 -0.892578 -0.202637 7.442201 -16.836455 14.152382 170856433702.000000
0.319092 -0.899170 -0.195313 7.381199 -17.263466 13.603367 170856436619.000000
0.318359 -0.903320 -0.186035 7.320198 -18.117489 13.603367 170856439533.000000
0.301514 -0.905762 -0.180664 7.320198 -19.032514 13.359361 170856442470.000000
0.292725 -0.913818 -0.168701 7.320198 -20.252547 12.932349 170856445389.000000
0.277588 -0.919189 -0.158691 7.869212 -22.143598 13.054352 170856448304.000000
0.264648 -0.920898 -0.145752 8.418227 -24.705667 12.871348 170856451225.000000
0.254395 -0.926758 -0.135986 9.089245 -26.962728 12.261331 170856454150.000000
0.247314 -0.934326 -0.128906 9.882267 -29.829805 12.322333 170856457073.000000
0.233154 -0.940674 -0.114990 10.492283 -32.635881 11.773318 170856459987.000000
0.216553 -0.939209 -0.109375 12.078326 -35.746965 11.956323 170856462904.000000
0.207275 -0.943359 -0.101807 12.993351 -38.736046 11.895321 170856465823.000000
0.207764 -0.947510 -0.097900 14.579394 -42.030135 11.651315 170856468738.000000
0.194824 -0.941895 -0.091797 16.104435 -45.019216 11.956323 170856471661.000000
0.196533 -0.941895 -0.098877 16.714451 -47.154273 11.163301 170856474578.000000
0.197754 -0.939209 -0.087402 18.239492 -49.899347 10.980296 170856477493.000000
0.201416 -0.937500 -0.085693 19.459525 -51.485390 10.492283 170856480415.000000
0.211182 -0.936768 -0.080811 20.435552 -52.766425 9.577259 170856483332.000000
0.210449 -0.935059 -0.069580 21.594583 -53.315440 9.150247 170856486254.000000
0.220459 -0.929199 -0.067627 22.814616 -54.169463 9.089245 170856489170.000000
0.232910 -0.928711 -0.067139 23.546636 -53.681449 8.540231 170856492087.000000
0.242920 -0.926270 -0.072510 24.034649 -52.827426 8.540231 170856495001.000000
0.243164 -0.916748 -0.068604 24.339657 -52.095407 8.418227 170856497917.000000
0.249512 -0.912842 -0.065430 24.583664 -50.692369 8.296224 170856500832.000000
0.255615 -0.911621 -0.072754 24.156652 -48.984323 8.418227 170856503750.000000
0.262451 -0.910645 -0.072754 23.729641 -47.032270 7.991216 170856506667.000000
0.257813 -0.908936 -0.066650 23.485634 -44.958214 8.174221 170856509583.000000
0.271729 -0.905029 -0.065430 23.363631 -43.128164 8.479229 170856512507.000000
0.266846 -0.899902 -0.069092 22.936619 -40.322089 8.601232 170856515426.000000
0.273438 -0.904297 -0.064697 23.058623 -39.041054 9.089245 170856518340.000000
0.279297 -0.902588 -0.069092 22.753614 -36.417983 8.967242 170856521255.000000
0.282227 -0.907227 -0.072266 22.570609 -34.465931 9.333252 170856524180.000000
0.282959 -0.904785 -0.071777 22.631611 -32.513878 8.967242 170856527095.000000
0.294922 -0.902344 -0.071777 22.387604 -30.195815 9.211249 170856530009.000000
0.296875 -0.901611 -0.071289 22.204600 -27.633746 9.089245 170856532931.000000
0.293945 -0.899414 -0.078857 21.960593 -25.132679 9.089245 170856535851.000000
0.296387 -0.902344 -0.085449 21.411578 -22.936619 9.028244 170856538766.000000
0.300293 -0.903076 -0.083496 21.167572 -20.252547 8.296224 170856541681.000000
0.299561 -0.905518 -0.082031 20.862563 -18.056488 8.357226 170856544613.000000
0.299805 -0.898438 -0.090576 20.374550 -15.616422 8.052217 170856547530.000000
0.298828 -0.893799 -0.097168 20.008540 -13.115354 8.479229 170856550446.000000
0.297363 -0.888916 -0.102051 20.191545 -11.468310 8.845239 170856553370.000000
0.290527 -0.874756 -0.099854 20.801562 -9.760264 10.370280 170856556291.000000
0.302979 -0.889404 -0.114746 19.947539 -8.113219 10.187275 170856559206.000000
0.311035 -0.902588 -0.126465 19.032514 -6.344171 9.821265 170856562123.000000
0.302002 -0.911133 -0.128662 18.056488 -4.514122 9.699262 170856565039.000000
0.301270 -0.927979 -0.128174 17.507473 -3.111084 9.211249 170856567954.000000
0.296387 -0.944092 -0.135254 17.263466 -1.952053 9.211249 170856570869.000000
0.296631 -0.959229 -0.144287 17.568474 -0.854023 8.662234 170856573787.000000
0.293213 -0.969971 -0.143799 17.385469 0.793021 8.784237 170856576702.000000
0.292969 -0.987061 -0.155029 18.178491 1.098030 8.967242 170856579619.000000
0.297119 -0.997314 -0.158203 18.361496 1.403038 8.967242 170856582536.000000
0.292480 -1.011230 -0.161621 19.215519 1.830049 8.662234 170856585456.000000
0.285156 -1.022705 -0.166016 20.191545 0.976026 9.028244 170856588369.000000
0.278076 -1.027588 -0.169434 20.984567 0.793021 9.516257 170856591282.000000
0.285400 -1.037354 -0.192383 21.777588 0.061002 9.943268 170856594198.000000
0.282715 -1.046143 -0.191650 22.692613 -0.549015 9.882267 170856597112.000000
0.288330 -1.053955 -0.194092 23.119624 -1.830049 10.248277 170856600026.000000
0.284912 -1.057373 -0.199707 23.668639 -3.111084 10.065272 170856602944.000000
0.280029 -1.062988 -0.199463 24.644665 -4.026109 10.370280 170856605858.000000
0.284668 -1.060059 -0.208252 25.620692 -5.307143 10.126273 170856608774.000000
0.278809 -1.052490 -0.206055 26.596718 -6.283170 10.675288 170856611688.000000
0.274170 -1.047363 -0.203613 27.572744 -7.503203 10.736290 170856614613.000000
0.274170 -1.038086 -0.211670 28.243763 -8.357226 10.919295 170856617528.000000
0.277100 -1.027100 -0.211182 28.975782 -9.943268 11.102300 170856620444.000000
0.278076 -1.014648 -0.209961 29.158787 -11.529311 11.224303 170856623367.000000
0.276123 -0.999268 -0.210449 29.463796 -12.566339 11.163301 170856626287.000000
0.273926 -0.985840 -0.215332 29.463796 -13.847374 11.285305 170856629203.000000
0.274414 -0.968262 -0.216553 29.402794 -15.189410 10.980296 170856632125.000000
0.277100 -0.953125 -0.214844 29.280791 -16.653450 10.980296 170856635044.000000
0.272949 -0.940918 -0.219971 28.914781 -17.324468 10.614287 170856637964.000000
0.276367 -0.927979 -0.219238 28.365766 -18.422497 10.248277 170856640878.000000
0.278809 -0.919189 -0.217041 27.572744 -19.276520 9.882267 170856643812.000000
0.280518 -0.913818 -0.218506 26.840725 -20.313548 9.455255 170856646729.000000
0.281494 -0.909424 -0.225342 25.864698 -20.557555 8.723236 170856649646.000000
0.280273 -0.904297 -0.219482 24.888672 -21.594583 8.479229 170856652570.000000
0.282715 -0.902832 -0.220947 23.973647 -22.509608 7.564204 170856655487.000000
0.279053 -0.901123 -0.225830 22.814616 -23.119624 7.259196 170856658421.000000
0.281494 -0.904541 -0.218506 21.960593 -23.729641 6.527176 170856661336.000000
0.281494 -0.907227 -0.214600 20.984567 -24.339657 6.405173 170856664252.000000
0.274414 -0.913330 -0.215820 20.313548 -24.522662 5.612152 170856667168.000000
0.277832 -0.913818 -0.201416 19.642530 -25.681693 5.368145 170856670083.000000
0.275391 -0.915771 -0.205566 18.727506 -26.230708 5.185140 170856673087.000000
0.274902 -0.921875 -0.206543 18.727506 -27.572744 4.148112 170856676004.000000
0.264404 -0.927246 -0.198975 18.117489 -28.365766 4.209114 170856678918.000000
0.259277 -0.925781 -0.195313 17.812481 -29.768804 3.782102 170856681834.000000
0.254883 -0.926758 -0.198242 17.690478 -30.988837 3.538096 170856684759.000000
0.251953 -0.927734 -0.195801 17.202464 -31.842860 3.111084 170856687677.000000
0.251953 -0.932373 -0.197510 17.385469 -33.245898 2.684072 170856690593.000000
0.247314 -0.929932 -0.187744 17.263466 -34.221924 2.379064 170856693511.000000
0.247803 -0.927246 -0.186035 17.019460 -35.319954 2.196059 170856696427.000000
0.246338 -0.927734 -0.182861 17.263466 -36.112975 1.891051 170856699342.000000
0.239014 -0.924316 -0.182861 17.568474 -37.028000 1.525041 170856702259.000000
0.244385 -0.922119 -0.176025 17.446471 -37.150003 1.403038 170856705175.000000
0.238281 -0.924072 -0.170410 17.385469 -37.638016 1.098030 170856708090.000000
0.234863 -0.919434 -0.166748 17.446471 -38.248033 0.976026 170856711003.000000
0.236084 -0.918701 -0.160156 17.385469 -38.431038 0.915025 170856713921.000000
0.234619 -0.918457 -0.157715 17.141463 -38.797048 0.915025 170856716837.000000
0.227539 -0.922607 -0.157959 16.958458 -39.285061 0.610016 170856719751.000000
0.230713 -0.921631 -0.145508 16.897456 -39.163057 0.793021 170856722674.000000
0.218262 -0.923828 -0.142090 16.653450 -39.773074 0.976026 170856725601.000000
0.215088 -0.932373 -0.135010 16.226438 -39.834076 0.671018 170856728517.000000
0.208740 -0.934570 -0.127441 16.287440 -40.627097 0.976026 170856731432.000000
0.205078 -0.940186 -0.110352 16.165436 -40.078082 0.976026 170856734356.000000
0.199707 -0.945313 -0.115479 15.860428 -40.871104 0.488013 170856737270.000000
0.187744 -0.950439 -0.104248 15.311413 -41.054108 1.037028 170856740186.000000
0.196533 -0.956299 -0.101318 14.945404 -41.603123 0.732020 170856743113.000000
0.192383 -0.955811 -0.102295 14.457390 -41.542122 0.671018 170856746031.000000
0.185059 -0.957764 -0.087402 14.701397 -41.908132 0.793021 170856748946.000000
0.185303 -0.956787 -0.086914 14.884402 -42.579150 1.281035 170856751860.000000
0.179932 -0.962891 -0.084473 14.945404 -42.579150 1.525041 170856754779.000000
0.183105 -0.965820 -0.083008 14.823400 -42.274141 2.074056 170856757695.000000
0.172852 -0.973389 -0.080566 14.335387 -42.274141 2.379064 170856760613.000000
0.177246 -0.978027 -0.083008 14.091380 -41.664125 2.562069 170856763541.000000
0.170166 -0.974609 -0.075684 13.603367 -41.420118 3.416092 170856766458.000000
0.179443 -0.979492 -0.075195 13.115354 -40.444092 3.843104 170856769373.000000
0.185547 -0.979980 -0.076660 12.993351 -39.651071 4.148112 170856772290.000000
0.189453 -0.981689 -0.076416 12.383334 -38.675044 4.636125 170856775205.000000
0.200684 -0.986328 -0.071289 11.834320 -37.760020 4.453120 170856778120.000000
0.202393 -0.983398 -0.074219 11.956323 -36.112975 4.514122 170856781042.000000
0.203857 -0.983887 -0.074219 11.346306 -34.892942 5.246142 170856783961.000000
0.206299 -0.985596 -0.070068 10.858293 -33.672909 5.490148 170856786876.000000
0.206299 -0.983398 -0.074951 10.858293 -32.452876 5.612152 170856789789.000000
0.208008 -0.982178 -0.064453 10.309278 -31.476850 6.222168 170856792706.000000
0.205078 -0.981445 -0.068359 10.248277 -30.622827 7.076191 170856795621.000000
0.204590 -0.977539 -0.062988 10.248277 -29.097786 7.869212 170856798536.000000
0.206543 -0.978516 -0.063232 10.126273 -29.097786 8.845239 170856801452.000000
0.208252 -0.983398 -0.059326 9.882267 -28.487769 9.455255 170856804372.000000
0.203125 -0.986572 -0.053955 9.455255 -28.731776 9.943268 170856807286.000000
0.205078 -0.988525 -0.055908 9.272250 -28.670774 10.126273 170856810201.000000
0.197510 -0.986572 -0.054199 9.516257 -29.036784 10.248277 170856813118.000000
0.190674 -0.981445 -0.055420 9.516257 -29.097786 10.431282 170856816032.000000
0.190918 -0.982910 -0.044678 9.943268 -29.524797 10.553285 170856818946.000000
0.191162 -0.977783 -0.045898 10.431282 -30.378820 10.492283 170856821861.000000
0.193848 -0.971680 -0.048828 10.431282 -30.744830 10.492283 170856824785.000000
0.190186 -0.969238 -0.050049 10.736290 -31.232843 10.126273 170856827700.000000
0.192871 -0.965332 -0.049316 11.041298 -31.537852 9.821265 170856830615.000000
0.195801 -0.961426 -0.053467 11.041298 -31.598853 9.516257 170856833542.000000
0.196533 -0.954346 -0.053223 11.041298 -31.354847 9.089245 170856836457.000000
0.199951 -0.952881 -0.045654 11.285305 -31.232843 8.418227 170856839372.000000
0.204590 -0.947021 -0.052734 11.773318 -30.988837 7.991216 170856842297.000000
0.209473 -0.944336 -0.042480 11.590313 -29.829805 7.564204 170856845217.000000
0.214600 -0.943848 -0.047607 11.102300 -28.792777 6.344171 170856848132.000000
0.223877 -0.947510 -0.045410 11.102300 -27.328738 6.100165 170856851049.000000
0.224854 -0.942871 -0.050537 10.553285 -25.681693 5.063137 170856853976.000000
0.239014 -0.945801 -0.041260 10.492283 -24.217654 4.453120 170856856890.000000
0.239990 -0.947021 -0.049805 9.882267 -22.204600 3.416092 170856859805.000000
0.244141 -0.950195 -0.053711 9.333252 -20.740560 2.623071 170856862721.000000
0.251465 -0.946289 -0.049072 8.967242 -18.300494 2.257061 170856865636.000000
0.252686 -0.949219 -0.050537 8.662234 -16.958458 1.464040 170856868551.000000
0.250732 -0.950928 -0.047363 8.418227 -15.006405 1.403038 170856871465.000000
0.245605 -0.953613 -0.043213 8.052217 -13.176356 0.427012 170856874398.000000
0.249512 -0.953125 -0.044922 8.174221 -11.712316 0.427012 170856877313.000000
0.238037 -0.955811 -0.045898 7.686208 -10.004270 0.244007 170856880235.000000
0.242432 -0.958984 -0.052979 7.686208 -8.723236 -0.305008 170856883154.000000
0.239746 -0.961670 -0.050537 7.259196 -7.503203 -0.366010 170856886067.000000
0.228271 -0.966064 -0.049316 7.076191 -6.283170 -0.915025 170856888981.000000
0.229492 -0.964600 -0.048340 6.954188 -5.185140 -0.854023 170856891895.000000
0.224365 -0.968994 -0.048584 6.893186 -4.331117 -1.159031 170856894851.000000
0.221191 -0.966064 -0.055176 6.832184 -3.172086 -1.037028 170856897768.000000
0.218994 -0.963379 -0.051758 7.320198 -2.867077 -0.976026 170856900684.000000
0.212891 -0.959229 -0.061523 7.442201 -1.769048 -1.525041 170856903608.000000
0.216064 -0.960205 -0.059326 7.503203 -1.281035 -1.586043 170856906535.000000
0.217285 -0.957520 -0.058105 7.442201 -0.244007 -1.708046 170856909448.000000
0.216309 -0.960449 -0.058594 7.076191 0.305008 -2.318063 170856912365.000000
0.206055 -0.962402 -0.065430 7.198194 1.281035 -2.074056 170856915280.000000
0.208984 -0.955078 -0.064941 6.649180 1.891051 -2.562069 170856918194.000000
0.208984 -0.960693 -0.061768 6.588178 2.623071 -2.806076 170856921111.000000
0.215576 -0.958496 -0.062500 6.710181 2.867077 -2.684072 170856924030.000000
0.210693 -0.955078 -0.064697 6.588178 3.355091 -3.416092 170856926944.000000
0.210693 -0.953125 -0.065674 6.588178 3.416092 -2.928079 170856929858.000000
0.207764 -0.953125 -0.068115 6.588178 3.904105 -3.111084 170856932774.000000
0.209717 -0.949707 -0.071777 6.283170 4.087110 -2.989081 170856935689.000000
0.211670 -0.947754 -0.075928 6.405173 4.453120 -2.867077 170856938603.000000
0.208496 -0.948242 -0.075684 6.466175 4.331117 -2.623071 170856941524.000000
0.205566 -0.942383 -0.077637 6.344171 4.697127 -2.074056 170856944451.000000
0.197021 -0.941895 -0.076172 6.344171 4.880132 -1.830049 170856947367.000000
0.197266 -0.947266 -0.076660 6.100165 4.880132 -1.464040 170856950281.000000
0.197510 -0.951172 -0.077148 6.283170 5.551150 -1.037028 170856953203.000000
0.194580 -0.947510 -0.083984 6.222168 6.222168 -0.854023 170856956122.000000
0.200439 -0.951416 -0.080811 6.405173 6.527176 -0.488013 170856959035.000000
0.196045 -0.949219 -0.082031 6.527176 6.649180 -0.671018 170856961950.000000
0.196045 -0.951172 -0.083008 6.588178 6.405173 -1.098030 170856964908.000000
0.192627 -0.954102 -0.085205 6.588178 5.978161 -1.037028 170856967824.000000
0.194824 -0.948730 -0.087891 6.588178 6.039163 -0.976026 170856970745.000000
0.195313 -0.957275 -0.089355 6.954188 5.734155 -1.098030 170856973662.000000
0.188477 -0.955811 -0.086426 6.954188 5.612152 -1.098030 170856976577.000000
0.187256 -0.955322 -0.094727 7.442201 5.185140 -1.098030 170856979494.000000
0.195801 -0.955078 -0.092529 7.442201 4.758128 -0.793021 170856982410.000000
0.187744 -0.958740 -0.094482 7.625206 4.392119 -1.098030 170856985325.000000
0.193115 -0.958252 -0.094727 8.052217 4.026109 -0.610016 170856988242.000000
0.191650 -0.958984 -0.097412 8.418227 3.050082 -0.305008 170856992336.000000
0.189453 -0.963623 -0.099609 8.601232 2.867077 0.122003 170856995296.000000
0.190430 -0.964355 -0.104736 8.784237 2.074056 0.244007 170856998214.000000
0.192871 -0.964844 -0.102783 8.723236 1.037028 0.976026 170857001135.000000
0.188965 -0.960938 -0.100586 9.028244 0.732020 1.159031 170857004057.000000
0.188721 -0.963867 -0.096191 9.150247 -0.244007 1.098030 170857006973.000000
0.186768 -0.963135 -0.101318 9.638260 -0.610016 1.647044 170857009889.000000
0.186768 -0.960938 -0.106445 9.516257 -1.525041 1.342036 170857012809.000000
0.191162 -0.956787 -0.094971 9.821265 -2.318063 1.952053 170857015725.000000
0.190674 -0.955322 -0.103516 10.309278 -3.355091 1.647044 170857018640.000000
0.187744 -0.953369 -0.106445 10.370280 -4.270115 1.952053 170857021555.000000
0.190918 -0.949219 -0.102783 10.431282 -5.002135 1.952053 170857024472.000000
0.191406 -0.951904 -0.101807 10.614287 -6.039163 2.013054 170857027386.000000
0.189697 -0.945557 -0.101074 10.614287 -7.076191 1.891051 170857030299.000000
0.192627 -0.945801 -0.098633 11.102300 -8.296224 2.135058 170857033218.000000
0.197754 -0.943359 -0.104004 11.041298 -8.845239 2.135058 170857036134.000000
0.194336 -0.938477 -0.098389 11.224303 -9.638260 2.135058 170857039048.000000
0.196045 -0.940430 -0.093018 11.224303 -10.736290 1.952053 170857041962.000000
0.194336 -0.938721 -0.095215 11.041298 -11.407308 2.013054 170857044940.000000
0.196777 -0.938232 -0.096924 10.980296 -12.505338 1.830049 170857047856.000000
0.195068 -0.949707 -0.100830 10.675288 -13.054352 1.708046 170857050771.000000
0.192383 -0.945801 -0.097168 10.431282 -13.786372 1.708046 170857053696.000000
0.192627 -0.947998 -0.090332 10.797292 -14.884402 1.647044 170857056614.000000
0.197266 -0.946289 -0.089844 10.919295 -15.189410 1.830049 170857059529.000000
0.198486 -0.944824 -0.091064 10.553285 -16.104435 2.013054 170857062452.000000
0.193848 -0.951660 -0.083740 11.163301 -16.653450 1.769048 170857065371.000000
0.199463 -0.947510 -0.091797 10.553285 -16.836455 1.586043 170857068289.000000
0.190918 -0.957275 -0.081787 10.675288 -17.629476 1.342036 170857071202.000000
0.190918 -0.954102 -0.079590 10.492283 -17.629476 1.464040 170857074119.000000
0.187988 -0.958008 -0.077393 10.370280 -18.361496 1.037028 170857077034.000000
0.188965 -0.954102 -0.069580 10.309278 -18.971512 0.488013 170857079951.000000
0.187988 -0.956299 -0.075439 10.675288 -19.764534 0.549015 170857082868.000000
0.182617 -0.957764 -0.069824 10.431282 -20.496553 0.183005 170857085782.000000
0.181885 -0.953125 -0.066650 11.102300 -21.045568 0.488013 170857088696.000000
0.175781 -0.949463 -0.065430 11.041298 -21.411578 0.244007 170857091613.000000
0.183105 -0.950195 -0.066162 11.041298 -21.960593 0.732020 170857094529.000000
0.177734 -0.951416 -0.072510 10.858293 -21.960593 0.610016 170857097444.000000
0.172607 -0.949707 -0.066406 10.919295 -22.082596 0.244007 170857100358.000000
0.173340 -0.949463 -0.064941 10.492283 -22.448606 -0.183005 170857103274.000000
0.167969 -0.949463 -0.065430 10.187275 -22.753614 -0.122003 170857106189.000000
0.173096 -0.942627 -0.063232 10.187275 -22.509608 -0.488013 170857109103.000000
0.171875 -0.939453 -0.054932 10.309278 -22.631611 -0.488013 170857112020.000000
0.165771 -0.938477 -0.063477 9.821265 -23.302629 -1.159031 170857114935.000000
0.169434 -0.943848 -0.057861 9.699262 -24.217654 -1.525041 170857117849.000000
0.162842 -0.940674 -0.053223 9.577259 -24.644665 -1.647044 170857120776.000000
0.168457 -0.940674 -0.060547 9.516257 -25.498688 -2.013054 170857123703.000000
0.163330 -0.936523 -0.067139 9.272250 -25.193680 -2.501068 170857126620.000000
0.167236 -0.931396 -0.062012 9.394254 -25.376685 -2.623071 170857129535.000000
0.160400 -0.936035 -0.053711 9.394254 -26.108705 -2.623071 170857132453.000000
0.155762 -0.935059 -0.045898 9.638260 -27.084731 -3.050082 170857135366.000000
0.168457 -0.929932 -0.052490 9.577259 -27.450741 -3.111084 170857138280.000000
0.165283 -0.930664 -0.057617 9.394254 -27.389740 -3.233087 170857141194.000000
0.166992 -0.927246 -0.060059 9.089245 -27.755749 -3.172086 170857144125.000000
0.164795 -0.928711 -0.057617 8.723236 -27.023730 -2.928079 170857147047.000000
0.166504 -0.935303 -0.042725 8.479229 -27.328738 -3.233087 170857149961.000000
0.173584 -0.938721 -0.053223 8.174221 -27.328738 -3.294089 170857152883.000000
0.177979 -0.942383 -0.052490 7.564204 -27.450741 -3.721100 170857155801.000000
0.181396 -0.944336 -0.047363 7.564204 -27.450741 -3.843104 170857158719.000000
0.179199 -0.944336 -0.056641 7.259196 -26.962728 -3.904105 170857161633.000000
0.183350 -0.947998 -0.052490 7.015189 -26.962728 -3.782102 170857164558.000000
0.179688 -0.952148 -0.048096 7.015189 -26.596718 -3.660099 170857167474.000000
0.182129 -0.953613 -0.048828 7.198194 -26.718721 -3.538096 170857170404.000000
0.190674 -0.965332 -0.046875 6.710181 -26.291710 -3.660099 170857173348.000000
0.187500 -0.961914 -0.047119 7.259196 -26.169707 -3.599097 170857176265.000000
0.193359 -0.963867 -0.056396 7.320198 -25.437687 -3.538096 170857179180.000000
0.190674 -0.966309 -0.051270 7.686208 -25.315684 -2.989081 170857182096.000000
0.195068 -0.969482 -0.065430 7.625206 -24.888672 -2.684072 170857185010.000000
0.194580 -0.972656 -0.057861 8.113219 -24.705667 -2.562069 170857187926.000000
0.198486 -0.973877 -0.055664 7.991216 -24.522662 -2.196059 170857190839.000000
0.193115 -0.969482 -0.069580 8.784237 -24.217654 -2.318063 170857193766.000000
0.199707 -0.974609 -0.063477 8.906240 -23.851644 -2.074056 170857196682.000000
0.199463 -0.973145 -0.067627 8.845239 -23.546636 -1.647044 170857199600.000000
0.191650 -0.977295 -0.072266 9.089245 -22.753614 -1.403038 170857202530.000000
0.200684 -0.971680 -0.065918 9.577259 -22.631611 -1.159031 170857205445.000000
0.202393 -0.974121 -0.063232 10.065272 -22.387604 -0.976026 170857208362.000000
0.204346 -0.973389 -0.062500 10.431282 -22.265601 -0.549015 170857211277.000000
0.205811 -0.972168 -0.070068 10.919295 -22.082596 -0.854023 170857214194.000000
0.208252 -0.970947 -0.072510 10.858293 -21.716586 -0.854023 170857217111.000000
0.203369 -0.967285 -0.068848 11.895321 -21.716586 -0.915025 170857220026.000000
0.211914 -0.966553 -0.071045 12.139328 -21.350576 -1.159031 170857222950.000000
0.214600 -0.959717 -0.069824 12.322333 -21.533581 -1.159031 170857225869.000000
0.215088 -0.954834 -0.068115 12.444336 -20.984567 -0.915025 170857228783.000000
0.216797 -0.953369 -0.068848 12.932349 -21.350576 -1.403038 170857231698.000000
0.216553 -0.946777 -0.066650 12.810346 -20.984567 -1.220033 170857234623.000000
0.217041 -0.944824 -0.068604 12.932349 -20.801562 -1.464040 170857237541.000000
0.212891 -0.939209 -0.072021 12.749344 -20.679558 -1.342036 170857240462.000000
0.215820 -0.942139 -0.068848 12.871348 -20.679558 -1.281035 170857243379.000000
0.217529 -0.936523 -0.068604 12.566339 -20.496553 -1.098030 170857246295.000000
0.218506 -0.933350 -0.066406 12.017324 -20.435552 -1.281035 170857249211.000000
0.216064 -0.936523 -0.062500 12.139328 -20.191545 -0.976026 170857252132.000000
0.219971 -0.936523 -0.063965 11.651315 -20.069542 -1.586043 170857255056.000000
0.224854 -0.935059 -0.059570 11.224303 -19.703532 -1.342036 170857257969.000000
0.223145 -0.937256 -0.062012 10.980296 -19.337522 -1.464040 170857260883.000000
0.224854 -0.939697 -0.057373 10.431282 -19.032514 -1.830049 170857263806.000000
0.219238 -0.937012 -0.050293 10.248277 -18.910511 -1.525041 170857266737.000000
0.218994 -0.938721 -0.050049 10.004270 -18.727506 -1.525041 170857269661.000000
0.218994 -0.942139 -0.048096 9.760264 -18.056488 -1.647044 170857272582.000000
0.218750 -0.946777 -0.046387 9.577259 -17.934484 -1.830049 170857275531.000000
0.219482 -0.946533 -0.048584 9.089245 -17.324468 -1.952053 170857278448.000000
0.222900 -0.945801 -0.056152 8.845239 -16.470445 -2.257061 170857281364.000000
0.227539 -0.942871 -0.059082 8.967242 -15.189410 -2.623071 170857284285.000000
0.226318 -0.947266 -0.061035 8.723236 -14.396389 -2.318063 170857287200.000000
0.224609 -0.948730 -0.056885 7.930214 -13.603367 -2.684072 170857290117.000000
0.229736 -0.948730 -0.063965 7.808211 -12.688343 -2.440066 170857293036.000000
0.227783 -0.946533 -0.061035 7.381199 -11.346306 -2.562069 170857295953.000000
0.229492 -0.949463 -0.063477 7.686208 -11.102300 -2.318063 170857298869.000000
0.225098 -0.953125 -0.067139 7.198194 -10.187275 -2.379064 170857301784.000000
0.229004 -0.948486 -0.067871 6.954188 -9.455255 -1.830049 170857304702.000000
0.225586 -0.951172 -0.071045 6.405173 -8.357226 -1.647044 170857307620.000000
0.224609 -0.954590 -0.068848 6.283170 -8.296224 -1.281035 170857310534.000000
0.225098 -0.955078 -0.067383 6.100165 -7.625206 -1.342036 170857313453.000000
0.220703 -0.953857 -0.073730 5.795156 -7.564204 -0.732020 170857316373.000000
0.226318 -0.954102 -0.068848 5.307143 -7.198194 -0.549015 170857319288.000000
0.225342 -0.957764 -0.066406 5.307143 -6.039163 0.183005 170857326983.000000
0.228027 -0.957520 -0.063232 5.490148 -5.612152 0.122003 170857330141.000000
0.228271 -0.957275 -0.063965 5.368145 -4.819130 0.122003 170857333096.000000
0.229980 -0.952881 -0.063477 5.307143 -4.453120 -0.122003 170857336023.000000
0.231689 -0.951172 -0.066406 5.246142 -3.843104 -0.183005 170857339052.000000
0.229980 -0.953125 -0.061279 5.002135 -3.172086 -0.244007 170857342092.000000
0.236328 -0.947266 -0.063965 5.063137 -2.196059 -0.671018 170857345018.000000
0.233643 -0.944092 -0.064453 4.636125 -1.769048 -0.427012 170857347933.000000
0.233887 -0.947266 -0.067627 4.453120 -1.037028 -0.488013 170857350846.000000
0.233154 -0.948730 -0.060303 4.575124 -0.427012 -0.610016 170857353782.000000
0.230225 -0.949219 -0.065430 4.148112 0.366010 -0.488013 170857356701.000000
0.231934 -0.945557 -0.069092 4.087110 0.488013 -0.305008 170857359642.000000
0.232910 -0.948486 -0.066406 3.294089 1.037028 -0.610016 170857362570.000000
0.222656 -0.945068 -0.068848 3.172086 1.342036 -0.061002 170857365485.000000
0.225586 -0.950684 -0.064697 2.806076 1.586043 -0.427012 170857368408.000000
0.226318 -0.953125 -0.062744 3.172086 1.769048 -0.366010 170857371334.000000
0.226807 -0.952637 -0.058838 3.050082 1.708046 -0.366010 170857374332.000000
0.224609 -0.954834 -0.054443 3.233087 1.403038 -0.793021 170857377252.000000
0.221191 -0.957764 -0.064453 2.989081 1.403038 -0.854023 170857380165.000000
0.215332 -0.953125 -0.065430 3.538096 0.915025 -1.220033 170857383084.000000
0.212402 -0.957031 -0.065674 3.416092 0.671018 -1.281035 170857385993.000000
0.214111 -0.953857 -0.055420 3.355091 0.427012 -1.525041 170857388909.000000
0.209229 -0.954590 -0.063477 3.294089 0.305008 -1.342036 170857391818.000000
0.212891 -0.953613 -0.066650 3.599097 -0.427012 -1.464040 170857394760.000000
0.213623 -0.950928 -0.067139 3.294089 -0.427012 -1.586043 170857397672.000000
0.211914 -0.952393 -0.067383 3.660099 -0.854023 -2.013054 170857400584.000000
0.208740 -0.952148 -0.067871 3.355091 -1.159031 -2.013054 170857403503.000000
0.210693 -0.950928 -0.061523 3.416092 -1.403038 -2.257061 170857406421.000000
0.210449 -0.950684 -0.073975 3.233087 -1.342036 -2.196059 170857409344.000000
0.210693 -0.950684 -0.062988 2.928079 -1.403038 -2.257061 170857412264.000000
0.211914 -0.948975 -0.070313 2.989081 -2.074056 -2.501068 170857415181.000000
0.212646 -0.952148 -0.072754 2.989081 -1.830049 -2.440066 170857418106.000000
0.216553 -0.948486 -0.077637 2.623071 -1.952053 -2.806076 170857421021.000000
0.215576 -0.947754 -0.070557 2.684072 -1.769048 -2.562069 170857423941.000000
0.215332 -0.947510 -0.069336 2.562069 -1.647044 -2.257061 170857426864.000000
0.220459 -0.949219 -0.072510 2.379064 -1.525041 -2.623071 170857429781.000000
0.218018 -0.945313 -0.070313 2.623071 -1.037028 -2.623071 170857432700.000000
0.219482 -0.946777 -0.074707 2.379064 -0.793021 -2.379064 170857435623.000000
0.218018 -0.947754 -0.075439 2.562069 -0.549015 -2.745074 170857438557.000000
0.219727 -0.943115 -0.073242 1.830049 -0.427012 -2.257061 170857441478.000000
0.218506 -0.943359 -0.078613 1.525041 0.061002 -2.196059 170857444403.000000
0.210938 -0.945557 -0.073486 1.342036 -0.183005 -1.952053 170857447320.000000
0.212646 -0.953369 -0.064209 1.586043 0.305008 -1.891051 170857450236.000000
0.214844 -0.958252 -0.069092 1.403038 0.122003 -2.318063 170857453155.000000
0.218262 -0.956543 -0.074219 1.769048 0.305008 -2.013054 170857456079.000000
0.218018 -0.953857 -0.079102 1.403038 0.915025 -2.623071 170857458996.000000
0.218506 -0.955078 -0.069336 1.708046 0.976026 -2.440066 170857461911.000000
0.214844 -0.950195 -0.071289 1.708046 0.854023 -2.806076 170857464880.000000
0.213135 -0.950195 -0.077881 2.074056 1.464040 -2.867077 170857467811.000000
0.210205 -0.947021 -0.078125 1.769048 1.464040 -2.928079 170857470749.000000
0.212402 -0.947266 -0.080078 2.074056 1.769048 -2.928079 170857473670.000000
0.206787 -0.943115 -0.078857 1.891051 1.647044 -3.111084 170857476588.000000
0.207520 -0.945313 -0.075928 2.013054 1.647044 -2.867077 170857479518.000000
0.210205 -0.945313 -0.076172 1.952053 1.647044 -3.050082 170857482452.000000
0.205566 -0.942871 -0.072266 2.318063 1.220033 -3.111084 170857485369.000000
0.201660 -0.945557 -0.075195 1.830049 0.854023 -2.928079 170857488284.000000
0.201416 -0.942627 -0.067383 1.830049 0.671018 -3.294089 170857491201.000000
0.204102 -0.948730 -0.072021 2.013054 0.427012 -3.172086 170857494119.000000
0.198975 -0.948242 -0.062256 2.013054 -0.183005 -3.233087 170857497101.000000
0.204102 -0.947266 -0.075439 2.135058 -0.305008 -3.416092 170857500212.000000
0.200928 -0.947754 -0.069336 2.318063 -0.976026 -3.172086 170857503313.000000
0.196777 -0.951172 -0.068359 2.379064 -1.586043 -3.111084 170857506378.000000
0.195068 -0.952148 -0.070068 2.745074 -1.952053 -3.355091 170857509350.000000
0.196533 -0.947021 -0.065674 2.867077 -2.196059 -3.416092 170857512287.000000
0.193848 -0.948242 -0.068359 2.989081 -2.806076 -3.233087 170857515209.000000
0.199463 -0.948242 -0.067383 3.050082 -3.233087 -3.355091 170857518126.000000
0.199219 -0.947266 -0.076172 2.989081 -3.904105 -3.538096 170857521054.000000
0.193604 -0.946289 -0.077637 2.440066 -4.331117 -3.355091 170857523979.000000
0.187744 -0.953369 -0.063965 2.928079 -5.490148 -3.233087 170857526895.000000
0.193848 -0.957275 -0.059082 3.172086 -5.429147 -3.477094 170857529811.000000
0.201904 -0.958252 -0.066406 3.599097 -5.795156 -3.416092 170857532735.000000
0.201416 -0.959961 -0.071777 3.660099 -5.734155 -3.660099 170857535656.000000
0.200928 -0.958740 -0.073242 3.965107 -6.161166 -3.538096 170857538575.000000
0.201172 -0.962158 -0.074219 3.843104 -6.954188 -3.538096 170857541491.000000
0.202637 -0.957031 -0.075195 3.904105 -7.137193 -3.782102 170857544409.000000
0.203613 -0.959473 -0.071289 3.843104 -7.198194 -3.538096 170857547323.000000
0.201904 -0.958252 -0.071777 4.209114 -7.503203 -3.721100 170857550237.000000
0.207031 -0.956787 -0.066895 3.965107 -7.869212 -3.416092 170857553155.000000
0.207275 -0.956543 -0.068115 4.148112 -7.991216 -3.721100 170857556076.000000
0.207031 -0.959229 -0.068359 4.270115 -8.052217 -3.965107 170857558989.000000
0.213867 -0.956543 -0.067871 3.843104 -8.174221 -3.660099 170857561908.000000
0.212891 -0.957520 -0.068848 3.599097 -8.296224 -3.782102 170857564945.000000
0.213135 -0.956299 -0.062988 3.843104 -8.296224 -3.660099 170857567866.000000
0.216553 -0.957275 -0.071045 3.843104 -8.479229 -3.904105 170857570793.000000
0.220703 -0.949463 -0.074951 3.721100 -8.357226 -4.331117 170857573712.000000
0.210205 -0.955566 -0.063721 3.782102 -8.296224 -3.904105 170857576628.000000
0.212891 -0.950439 -0.060303 3.965107 -8.113219 -3.721100 170857579544.000000
0.210205 -0.958252 -0.062988 4.087110 -8.113219 -3.965107 170857582465.000000
0.217773 -0.957764 -0.065918 4.209114 -7.686208 -3.721100 170857585385.000000
0.221191 -0.955322 -0.070801 3.843104 -7.869212 -3.050082 170857588309.000000
0.217773 -0.955078 -0.070068 3.721100 -7.686208 -3.721100 170857591225.000000
0.216553 -0.955078 -0.065918 3.721100 -7.320198 -3.233087 170857594144.000000
0.216309 -0.952393 -0.069580 4.026109 -7.503203 -2.928079 170857597059.000000
0.217529 -0.954834 -0.065918 3.843104 -7.381199 -2.562069 170857599975.000000
0.216064 -0.948730 -0.067871 3.721100 -7.137193 -2.867077 170857602901.000000
0.215576 -0.944824 -0.067139 3.660099 -7.503203 -2.623071 170857605818.000000
0.214600 -0.945313 -0.075928 3.355091 -7.259196 -2.501068 170857608735.000000
0.208984 -0.947754 -0.067139 3.233087 -7.503203 -2.379064 170857611652.000000
0.214844 -0.949463 -0.063965 3.782102 -7.015189 -2.562069 170857614570.000000
0.222412 -0.945557 -0.062500 3.904105 -7.320198 -2.806076 170857617492.000000
0.216309 -0.945068 -0.065918 4.087110 -7.076191 -2.928079 170857620417.000000
0.214844 -0.948730 -0.070557 4.087110 -6.771183 -2.501068 170857623347.000000
0.213135 -0.950439 -0.067383 3.843104 -6.527176 -3.233087 170857626268.000000
0.218262 -0.948975 -0.066162 4.148112 -6.466175 -2.745074 170857629192.000000
0.219482 -0.944092 -0.073242 3.965107 -5.856158 -3.294089 170857632116.000000
0.217285 -0.944580 -0.065918 3.904105 -5.856158 -3.111084 170857635037.000000
0.219238 -0.945801 -0.071045 3.843104 -5.185140 -3.050082 170857637952.000000
0.218994 -0.947510 -0.067871 3.599097 -5.307143 -3.050082 170857640868.000000
0.219482 -0.947998 -0.066162 3.965107 -4.880132 -2.928079 170857643795.000000
0.221680 -0.947754 -0.063477 3.843104 -4.758128 -3.050082 170857646709.000000
0.218506 -0.947266 -0.068604 3.660099 -4.453120 -3.172086 170857649625.000000
0.217285 -0.951172 -0.068848 3.782102 -4.270115 -2.867077 170857652561.000000
0.220947 -0.955322 -0.067627 3.660099 -4.514122 -2.623071 170857655481.000000
0.223633 -0.953857 -0.065430 3.294089 -4.087110 -2.623071 170857658411.000000
0.220703 -0.957031 -0.061768 3.416092 -4.209114 -2.379064 170857661326.000000
0.220947 -0.955566 -0.070313 3.294089 -4.148112 -2.074056 170857664253.000000
0.214844 -0.963623 -0.074463 3.477094 -4.148112 -1.952053 170857667170.000000
0.219727 -0.958008 -0.066650 3.355091 -4.209114 -2.135058 170857670085.000000
0.213867 -0.958984 -0.064209 3.172086 -4.636125 -1.403038 170857673005.000000
0.215820 -0.959961 -0.068848 2.806076 -4.697127 -1.342036 170857675923.000000
0.218994 -0.966064 -0.062256 3.599097 -5.246142 -1.342036 170857678839.000000
0.219482 -0.961914 -0.060547 3.355091 -4.941133 -1.342036 170857681755.000000
0.221924 -0.964355 -0.067627 3.599097 -5.429147 -1.098030 170857684681.000000
0.222900 -0.963623 -0.066162 3.477094 -5.246142 -1.098030 170857687597.000000
0.222656 -0.962158 -0.067871 3.660099 -5.307143 -0.976026 170857690525.000000
0.223633 -0.962158 -0.070801 3.172086 -5.612152 -1.098030 170857693442.000000
0.220947 -0.958252 -0.068115 2.806076 -5.551150 -0.854023 170857696360.000000
