-0.168213 -0.976807 -0.002686 -0.305008 -4.392119 -4.026109 114740603800.000000
-0.169678 -0.977539 0.003174 -0.305008 -4.575124 -4.514122 114740606716.000000
-0.162109 -0.974609 -0.002441 -0.244007 -4.148112 -4.575124 114740609633.000000
-0.167480 -0.972412 0.000488 0.122003 -4.209114 -4.575124 114740612548.000000
-0.161377 -0.971191 -0.005371 -0.061002 -4.026109 -4.819130 114740615467.000000
-0.161133 -0.972656 -0.006348 -0.061002 -3.904105 -4.819130 114740618384.000000
-0.164063 -0.975586 -0.006836 -0.061002 -3.599097 -4.575124 114740621302.000000
-0.166748 -0.976563 -0.003662 0.061002 -3.538096 -4.941133 114740624212.000000
-0.169189 -0.979248 -0.005371 0.122003 -3.233087 -4.575124 114740627121.000000
-0.166260 -0.976807 -0.007568 0.183005 -3.355091 -4.636125 114740630029.000000
-0.165527 -0.978027 -0.001709 0.000000 -2.928079 -4.880132 114740632946.000000
-0.168457 -0.976074 0.001465 0.122003 -3.050082 -5.063137 114740635865.000000
-0.167969 -0.977783 -0.003662 0.427012 -2.867077 -5.002135 114740638783.000000
-0.166748 -0.975830 -0.001709 0.305008 -2.867077 -5.246142 114740641698.000000
-0.162842 -0.974854 -0.003174 0.610016 -2.989081 -5.429147 114740644613.000000
-0.165771 -0.975098 -0.004395 0.549015 -2.928079 -5.734155 114740647521.000000
-0.165039 -0.974854 -0.003662 0.427012 -2.623071 -5.673153 114740650436.000000
-0.169678 -0.974854 -0.009033 0.549015 -2.867077 -6.100165 114740653354.000000
-0.166748 -0.971680 -0.006348 0.427012 -3.111084 -6.527176 114740656270.000000
-0.168945 -0.970703 -0.010742 0.671018 -3.050082 -6.405173 114740659194.000000
-0.163330 -0.972168 -0.003662 0.366010 -3.050082 -6.588178 114740662122.000000
-0.169189 -0.973389 -0.008789 0.488013 -3.233087 -6.832184 114740665045.000000
-0.164063 -0.977295 -0.009521 0.305008 -3.294089 -7.137193 114740667962.000000
-0.163330 -0.975830 -0.015869 0.366010 -3.416092 -6.954188 114740670882.000000
-0.162109 -0.973877 -0.015869 0.427012 -3.782102 -7.381199 114740673801.000000
-0.163086 -0.977051 -0.009521 0.183005 -3.660099 -7.747209 114740676718.000000
-0.168945 -0.982178 -0.011963 0.244007 -3.904105 -7.686208 114740679635.000000
-0.164795 -0.975830 -0.003418 0.366010 -3.965107 -7.625206 114740682565.000000
-0.163330 -0.974365 -0.007324 0.671018 -4.087110 -8.052217 114740685484.000000
-0.162598 -0.973145 -0.016357 0.488013 -4.270115 -7.930214 114740688401.000000
-0.161377 -0.974121 -0.016113 0.549015 -4.453120 -8.540231 114740691325.000000
-0.163818 -0.968994 -0.010010 0.671018 -4.514122 -8.479229 114740694245.000000
-0.163574 -0.972900 -0.010010 0.427012 -4.697127 -8.601232 114740697162.000000
-0.157715 -0.972168 -0.009277 0.732020 -4.758128 -8.967242 114740700078.000000
-0.158936 -0.971191 -0.008545 0.854023 -4.880132 -9.333252 114740703039.000000
-0.163086 -0.975586 -0.012451 0.610016 -5.002135 -9.150247 114740705960.000000
-0.159912 -0.971680 -0.015381 0.732020 -5.368145 -9.516257 114740708876.000000
-0.163330 -0.970947 -0.014893 1.037028 -5.307143 -9.333252 114740711802.000000
-0.162109 -0.971680 -0.016846 0.793021 -5.612152 -10.126273 114740714719.000000
-0.158936 -0.970459 -0.020752 0.976026 -5.368145 -10.065272 114740717635.000000
-0.159912 -0.968994 -0.019043 1.098030 -5.490148 -10.126273 114740720553.000000
-0.160889 -0.971436 -0.016357 0.854023 -5.368145 -10.248277 114740723472.000000
-0.163818 -0.966797 -0.029297 1.159031 -5.490148 -10.614287 114740726387.000000
-0.162842 -0.968750 -0.017578 0.854023 -5.612152 -10.858293 114740729321.000000
-0.160400 -0.972412 -0.017334 1.037028 -5.734155 -10.797292 114740732241.000000
-0.160156 -0.973877 -0.025146 0.976026 -5.673153 -11.285305 114740735159.000000
-0.162598 -0.969727 -0.021973 1.159031 -5.673153 -11.407308 114740738075.000000
-0.161621 -0.966064 -0.017090 1.342036 -5.490148 -11.529311 114740740994.000000
-0.162842 -0.968018 -0.018799 1.342036 -5.795156 -11.956323 114740743910.000000
-0.166992 -0.964600 -0.021484 1.403038 -5.917160 -12.261331 114740746827.000000
-0.162354 -0.961670 -0.023438 1.647044 -5.612152 -12.444336 114740749742.000000
-0.159668 -0.967285 -0.029297 1.708046 -5.978161 -12.688343 114740752663.000000
-0.159912 -0.962402 -0.022949 1.525041 -5.612152 -12.688343 114740755581.000000
-0.157227 -0.956787 -0.016846 1.708046 -5.856158 -12.993351 114740758497.000000
-0.160400 -0.958740 -0.020508 2.074056 -5.734155 -13.237357 114740761441.000000
-0.159424 -0.960205 -0.024414 1.830049 -5.795156 -13.603367 114740764365.000000
-0.158447 -0.962158 -0.026367 1.891051 -5.795156 -13.908376 114740767282.000000
-0.159912 -0.964111 -0.029053 2.074056 -5.856158 -14.091380 114740770208.000000
-0.161621 -0.964355 -0.026611 2.196059 -5.978161 -14.091380 114740773126.000000
-0.160645 -0.961426 -0.031250 2.074056 -5.978161 -14.213384 114740776044.000000
-0.164795 -0.966553 -0.035400 2.318063 -5.978161 -14.701397 114740778961.000000
-0.159668 -0.959961 -0.031006 2.135058 -6.222168 -14.579394 114740781888.000000
-0.163574 -0.962158 -0.036621 2.257061 -6.222168 -15.128408 114740784805.000000
-0.165039 -0.963623 -0.041016 2.257061 -6.527176 -15.006405 114740787721.000000
-0.163818 -0.964844 -0.039795 2.257061 -6.710181 -15.555420 114740790642.000000
-0.161621 -0.968262 -0.040039 2.318063 -7.137193 -15.494418 114740793559.000000
-0.165039 -0.967773 -0.040771 2.379064 -7.564204 -15.738425 114740796475.000000
-0.162842 -0.969727 -0.045898 2.379064 -7.686208 -16.043433 114740799391.000000
-0.164551 -0.975830 -0.043213 2.379064 -7.930214 -16.043433 114740802322.000000
-0.158936 -0.972656 -0.051025 2.684072 -8.296224 -16.531446 114740805238.000000
-0.164795 -0.975098 -0.050537 2.257061 -8.479229 -16.836455 114740808155.000000
-0.163330 -0.974365 -0.053467 2.562069 -8.967242 -17.141463 114740811074.000000
-0.164551 -0.981201 -0.052002 2.318063 -9.211249 -17.324468 114740813992.000000
-0.162598 -0.978516 -0.059326 2.501068 -9.638260 -17.385469 114740816909.000000
-0.167236 -0.979248 -0.059570 2.318063 -10.004270 -17.568474 114740819827.000000
-0.166260 -0.979980 -0.069336 2.440066 -10.492283 -17.934484 114740822746.000000
-0.165771 -0.985107 -0.062744 2.196059 -10.919295 -17.812481 114740825662.000000
-0.165771 -0.987549 -0.064453 1.891051 -11.468310 -18.117489 114740828579.000000
-0.169434 -0.988281 -0.064697 2.074056 -11.590313 -18.605502 114740831498.000000
-0.170166 -0.994141 -0.074219 1.708046 -12.200329 -18.910511 114740834414.000000
-0.172607 -1.000488 -0.077148 1.586043 -12.566339 -18.910511 114740837337.000000
-0.174561 -1.006104 -0.075684 1.342036 -13.054352 -19.093516 114740840262.000000
-0.168213 -1.006348 -0.079590 1.403038 -13.542366 -19.398524 114740843183.000000
-0.164795 -1.010742 -0.081055 0.976026 -13.786372 -19.642530 114740846100.000000
-0.171143 -1.014648 -0.086914 0.854023 -14.762399 -20.313548 114740849017.000000
-0.164795 -1.017822 -0.088623 0.366010 -15.311413 -20.679558 114740851934.000000
-0.163086 -1.024414 -0.090088 0.305008 -16.104435 -21.045568 114740854857.000000
-0.161865 -1.030029 -0.088867 0.061002 -16.409443 -21.533581 114740857774.000000
-0.160889 -1.033936 -0.089355 -0.122003 -17.385469 -22.021595 114740860702.000000
-0.154053 -1.036133 -0.091797 -0.610016 -17.812481 -22.692613 114740863623.000000
-0.150391 -1.041504 -0.080566 -0.671018 -18.544501 -23.058623 114740866542.000000
-0.144531 -1.038330 -0.085693 -0.671018 -19.215519 -23.912646 114740869458.000000
-0.139160 -1.038086 -0.081299 -0.793021 -20.130544 -24.705667 114740872377.000000
-0.129639 -1.039063 -0.081299 -0.854023 -20.679558 -25.010675 114740875294.000000
-0.129150 -1.031738 -0.079346 -0.976026 -21.350576 -26.169707 114740878210.000000
-0.118896 -1.027832 -0.078613 -0.671018 -21.960593 -26.718721 114740881137.000000
-0.118164 -1.022705 -0.070801 -0.854023 -22.204600 -27.145733 114740884059.000000
-0.109375 -1.016113 -0.071289 -0.732020 -22.631611 -27.755749 114740886977.000000
-0.109863 -1.003906 -0.072021 -0.793021 -23.241628 -27.938754 114740889899.000000
-0.103027 -1.000732 -0.069580 -0.854023 -23.485634 -28.609772 114740892821.000000
-0.103516 -0.992432 -0.066162 -0.976026 -23.973647 -28.365766 114740895729.000000
-0.101807 -0.985840 -0.068848 -0.915025 -24.095651 -28.853779 114740898637.000000
-0.100830 -0.982666 -0.067627 -1.098030 -24.461660 -28.914781 114740901552.000000
-0.094727 -0.970703 -0.068115 -1.281035 -24.522662 -28.975782 114740904469.000000
-0.095215 -0.972168 -0.064209 -1.403038 -24.949674 -29.036784 114740907384.000000
-0.091309 -0.968506 -0.059570 -1.525041 -25.132679 -28.914781 114740910305.000000
-0.089600 -0.963623 -0.067139 -1.525041 -25.315684 -28.792777 114740913223.000000
-0.088623 -0.958984 -0.062256 -1.525041 -25.559690 -28.853779 114740916139.000000
-0.083984 -0.954102 -0.059570 -1.647044 -25.803697 -28.792777 114740919056.000000
-0.083496 -0.954590 -0.063965 -1.586043 -25.620692 -28.731776 114740921973.000000
-0.082764 -0.951904 -0.056885 -1.647044 -25.681693 -28.731776 114740924887.000000
-0.079590 -0.946045 -0.065430 -1.708046 -25.864698 -28.121759 114740927800.000000
-0.075439 -0.945313 -0.057617 -1.952053 -26.047703 -28.060758 114740930724.000000
-0.075684 -0.942871 -0.068115 -1.952053 -26.352712 -27.816751 114740933649.000000
-0.069092 -0.944092 -0.061035 -1.769048 -26.718721 -27.572744 114740936573.000000
-0.071289 -0.941406 -0.073242 -2.013054 -26.840725 -27.328738 114740939489.000000
-0.066895 -0.942871 -0.072021 -1.891051 -27.328738 -26.962728 114740942408.000000
-0.065430 -0.944824 -0.069336 -2.257061 -27.694748 -26.718721 114740945337.000000
-0.055908 -0.946533 -0.073242 -2.623071 -28.121759 -26.291710 114740948254.000000
-0.052246 -0.952393 -0.078125 -2.989081 -28.609772 -26.108705 114740951174.000000
-0.049072 -0.954346 -0.081787 -3.111084 -29.036784 -25.498688 114740954090.000000
-0.041992 -0.956543 -0.080322 -3.294089 -29.768804 -25.315684 114740957013.000000
-0.034912 -0.959229 -0.080566 -3.477094 -30.195815 -24.583664 114740959935.000000
-0.032227 -0.965332 -0.084229 -3.721100 -30.866833 -24.034649 114740962852.000000
-0.026611 -0.967285 -0.094971 -3.965107 -31.415848 -24.034649 114740965767.000000
-0.021973 -0.969482 -0.093994 -4.514122 -31.476850 -23.546636 114740968685.000000
-0.014648 -0.970947 -0.092041 -4.880132 -32.147868 -22.936619 114740971613.000000
-0.007080 -0.979492 -0.081787 -5.002135 -32.391875 -22.448606 114740974529.000000
-0.002197 -0.978027 -0.088379 -5.551150 -32.513878 -21.594583 114740977458.000000
0.006592 -0.983398 -0.090088 -5.795156 -33.123894 -21.289575 114740980381.000000
0.007080 -0.982666 -0.086914 -6.161166 -33.184896 -20.801562 114740983301.000000
0.014160 -0.987305 -0.089111 -6.283170 -33.306899 -20.191545 114740986217.000000
0.020996 -0.986084 -0.088867 -6.588178 -33.245898 -19.825535 114740989134.000000
0.026123 -0.988770 -0.094238 -7.015189 -33.550906 -19.093516 114740992054.000000
0.035889 -0.988037 -0.094971 -6.832184 -33.306899 -18.361496 114740994971.000000
0.035645 -0.996094 -0.093018 -7.381199 -32.940889 -17.568474 114740997885.000000
0.043457 -0.995850 -0.093018 -7.564204 -32.574880 -16.775453 114741000810.000000
0.043701 -0.998779 -0.091309 -7.869212 -32.391875 -15.921430 114741003732.000000
0.048096 -1.004150 -0.091553 -8.174221 -32.147868 -15.433417 114741006650.000000
0.056641 -1.007568 -0.094482 -8.418227 -31.476850 -14.579394 114741009567.000000
0.058350 -1.014648 -0.096680 -8.662234 -30.622827 -13.786372 114741012484.000000
0.067139 -1.019531 -0.095215 -8.967242 -29.890807 -13.237357 114741015401.000000
0.071533 -1.026123 -0.095459 -9.211249 -28.853779 -12.200329 114741018317.000000
0.076904 -1.033447 -0.097168 -9.394254 -27.633746 -11.346306 114741021234.000000
0.081055 -1.036865 -0.096436 -9.333252 -26.535716 -10.675288 114741024152.000000
0.079102 -1.048340 -0.094971 -9.699262 -25.010675 -10.126273 114741027068.000000
0.083740 -1.054199 -0.090820 -9.455255 -23.485634 -9.272250 114741029984.000000
0.093262 -1.060547 -0.091553 -9.638260 -22.143598 -8.723236 114741032908.000000
0.091309 -1.069824 -0.087891 -8.906240 -20.313548 -7.747209 114741035826.000000
0.095947 -1.072021 -0.088867 -9.028244 -18.666504 -7.320198 114741038743.000000
0.096924 -1.078125 -0.091553 -8.601232 -16.653450 -6.893186 114741041663.000000
0.096436 -1.084229 -0.085693 -8.052217 -14.945404 -6.466175 114741044580.000000
0.098877 -1.090332 -0.085693 -7.869212 -12.871348 -5.978161 114741047498.000000
0.095703 -1.088623 -0.083740 -7.259196 -10.980296 -5.307143 114741050418.000000
0.099609 -1.097412 -0.086670 -6.527176 -9.272250 -5.124138 114741053334.000000
0.098145 -1.103516 -0.084229 -6.100165 -6.771183 -4.636125 114741056258.000000
0.092529 -1.102295 -0.083252 -5.002135 -4.331117 -4.514122 114741059174.000000
0.090332 -1.107910 -0.077637 -4.453120 -2.684072 -4.270115 114741062091.000000
0.092529 -1.110107 -0.074951 -3.233087 -0.488013 -4.148112 114741065009.000000
0.084961 -1.104980 -0.075195 -2.684072 1.525041 -3.660099 114741067926.000000
0.081543 -1.106934 -0.073975 -1.342036 3.721100 -3.843104 114741070848.000000
0.078857 -1.107910 -0.074463 -0.610016 5.490148 -3.660099 114741073765.000000
0.072754 -1.099609 -0.070068 0.366010 7.625206 -3.477094 114741076680.000000
0.063477 -1.096924 -0.069336 1.342036 9.211249 -3.416092 114741079599.000000
0.052734 -1.092041 -0.073730 2.074056 11.224303 -3.294089 114741082527.000000
0.047363 -1.089111 -0.077393 3.050082 12.871348 -3.294089 114741085444.000000
0.036133 -1.092773 -0.071533 3.660099 14.274385 -2.989081 114741088359.000000
0.022705 -1.089111 -0.069580 4.697127 15.555420 -2.684072 114741091283.000000
0.016602 -1.088379 -0.071777 5.002135 17.141463 -2.928079 114741094222.000000
0.012695 -1.083984 -0.072998 6.161166 17.812481 -2.745074 114741097141.000000
-0.003418 -1.084229 -0.079102 6.588178 18.544501 -2.440066 114741100058.000000
-0.010254 -1.077637 -0.087402 7.137193 19.703532 -2.684072 114741103024.000000
-0.016602 -1.083252 -0.081299 7.686208 19.703532 -2.135058 114741105944.000000
-0.021729 -1.081055 -0.091064 8.174221 19.764534 -2.257061 114741108859.000000
-0.023438 -1.084229 -0.084961 8.357226 19.642530 -2.074056 114741111792.000000
-0.031006 -1.084961 -0.091309 8.906240 19.337522 -2.257061 114741114789.000000
-0.042236 -1.089844 -0.102783 8.967242 18.971512 -2.013054 114741117709.000000
-0.043457 -1.087402 -0.101074 9.577259 17.873483 -1.830049 114741120629.000000
-0.051514 -1.084961 -0.100098 9.394254 16.836455 -1.830049 114741123544.000000
-0.057129 -1.087891 -0.108398 9.943268 14.945404 -1.525041 114741126469.000000
-0.065674 -1.088135 -0.099854 9.943268 13.786372 -1.281035 114741129405.000000
-0.073975 -1.088867 -0.114990 10.004270 11.468310 -1.342036 114741132322.000000
-0.074951 -1.088867 -0.110596 10.126273 8.723236 -1.220033 114741135246.000000
-0.086914 -1.079346 -0.119141 10.309278 6.344171 -1.098030 114741138165.000000
-0.088867 -1.076660 -0.114746 10.187275 3.599097 -0.427012 114741141083.000000
-0.086914 -1.074951 -0.117432 10.187275 0.244007 -0.305008 114741143999.000000
-0.093994 -1.064941 -0.110107 10.553285 -2.196059 -0.366010 114741146905.000000
-0.095459 -1.057617 -0.118652 10.370280 -6.161166 0.122003 114741149812.000000
-0.095947 -1.055908 -0.120361 10.248277 -9.333252 0.366010 114741152730.000000
-0.094727 -1.049316 -0.115479 10.187275 -12.627341 0.671018 114741155653.000000
-0.097900 -1.039063 -0.117432 9.882267 -16.226438 0.671018 114741158579.000000
-0.097900 -1.029297 -0.117676 9.882267 -19.276520 0.915025 114741161500.000000
-0.089844 -1.020996 -0.115967 9.760264 -22.265601 1.159031 114741164418.000000
-0.087891 -1.012939 -0.107666 9.394254 -25.803697 1.647044 114741167335.000000
-0.081299 -1.006836 -0.111816 9.516257 -28.182761 1.708046 114741170260.000000
-0.073730 -1.002930 -0.119141 9.150247 -30.805832 2.257061 114741173180.000000
-0.066162 -0.997803 -0.106445 8.967242 -33.123894 2.440066 114741176097.000000
-0.058838 -0.991943 -0.106445 8.540231 -35.441957 2.745074 114741179014.000000
-0.049316 -0.989746 -0.103271 8.479229 -37.028000 3.111084 114741181943.000000
-0.044434 -0.988037 -0.102539 8.296224 -38.492039 3.599097 114741184861.000000
-0.038086 -0.987793 -0.106201 8.235222 -39.590069 3.721100 114741187777.000000
-0.031006 -0.981934 -0.104736 7.869212 -40.505094 4.087110 114741190697.000000
-0.021240 -0.982666 -0.105957 8.174221 -41.054108 4.697127 114741193614.000000
-0.015625 -0.985596 -0.102051 7.930214 -41.298115 4.697127 114741196529.000000
-0.002930 -0.978027 -0.104736 7.869212 -41.542122 5.368145 114741199445.000000
0.003906 -0.979980 -0.100342 7.869212 -41.298115 5.795156 114741202376.000000
0.017090 -0.982910 -0.099854 7.747209 -40.749100 5.917160 114741205295.000000
0.022217 -0.985107 -0.101318 7.869212 -40.444092 6.344171 114741208211.000000
0.024902 -0.987549 -0.099121 7.869212 -39.590069 7.076191 114741211131.000000
0.030273 -0.990479 -0.100830 7.747209 -38.736046 7.259196 114741214075.000000
0.036865 -0.990479 -0.098877 8.052217 -37.760020 8.052217 114741216994.000000
0.038330 -0.994141 -0.096191 8.296224 -36.295980 8.357226 114741219911.000000
0.042969 -0.997314 -0.100098 8.113219 -35.441957 8.906240 114741222830.000000
0.039551 -0.994873 -0.102051 8.540231 -34.465931 9.638260 114741225752.000000
0.040039 -1.000732 -0.099365 8.357226 -33.062893 10.126273 114741228669.000000
0.047363 -1.000244 -0.092529 8.540231 -31.903861 10.553285 114741231595.000000
0.040283 -1.001953 -0.101318 8.601232 -30.744830 11.285305 114741234513.000000
0.039551 -1.004639 -0.099854 8.723236 -29.646800 11.712316 114741237430.000000
0.036377 -1.003906 -0.101318 8.967242 -28.792777 12.688343 114741240350.000000
0.033447 -1.004395 -0.099609 8.906240 -27.694748 13.176356 114741243267.000000
0.033203 -1.011230 -0.101318 8.784237 -26.779723 13.725371 114741246184.000000
0.025146 -1.009277 -0.096680 9.089245 -26.047703 14.213384 114741249101.000000
0.025635 -1.012207 -0.092285 8.906240 -25.376685 14.518392 114741252021.000000
0.027344 -1.011719 -0.093750 9.150247 -24.278656 14.701397 114741254944.000000
0.025391 -1.013672 -0.093994 8.723236 -23.546636 15.372415 114741257862.000000
0.023682 -1.015869 -0.086426 8.784237 -23.180626 15.555420 114741260780.000000
0.026611 -1.009766 -0.097900 8.784237 -22.204600 15.860428 114741263696.000000
0.021729 -1.014893 -0.095947 8.479229 -21.533581 16.287440 114741266612.000000
0.020996 -1.015625 -0.093506 8.540231 -20.801562 16.592448 114741269526.000000
0.020264 -1.012695 -0.087402 8.784237 -19.764534 16.409443 114741272446.000000
0.020752 -1.013916 -0.085205 8.784237 -19.337522 16.958458 114741275363.000000
0.019531 -1.017090 -0.082520 8.662234 -18.483499 17.019460 114741278279.000000
0.025879 -1.010986 -0.083740 8.723236 -17.629476 17.263466 114741281203.000000
0.020508 -1.008301 -0.075439 8.723236 -16.531446 17.568474 114741284124.000000
0.025879 -1.010742 -0.072021 8.906240 -16.104435 17.263466 114741287040.000000
0.027100 -1.008789 -0.064697 9.089245 -15.189410 17.751479 114741289955.000000
0.028076 -1.008545 -0.074463 9.211249 -14.091380 17.812481 114741292881.000000
0.026367 -1.005859 -0.062256 9.272250 -12.993351 17.934484 114741295799.000000
0.024170 -1.009766 -0.064453 9.394254 -11.956323 17.995486 114741298714.000000
0.025879 -1.002686 -0.062988 9.333252 -10.919295 17.873483 114741301639.000000
0.024658 -1.001465 -0.056641 9.516257 -9.882267 17.995486 114741304555.000000
0.022705 -0.999268 -0.056152 9.760264 -8.845239 18.056488 114741307470.000000
0.015869 -0.993408 -0.049561 10.126273 -7.686208 18.300494 114741310389.000000
0.013916 -0.992432 -0.051758 10.553285 -6.405173 18.544501 114741313319.000000
0.010498 -0.989746 -0.055176 10.858293 -5.795156 18.605502 114741316265.000000
0.005127 -0.979736 -0.045898 11.041298 -4.636125 18.727506 114741319184.000000
0.000488 -0.980713 -0.047607 11.224303 -3.721100 18.727506 114741322103.000000
-0.007080 -0.978760 -0.044922 11.834320 -3.172086 18.849509 114741325020.000000
-0.014893 -0.971436 -0.039063 11.895321 -2.440066 18.605502 114741327937.000000
-0.015625 -0.971191 -0.036133 12.200329 -1.708046 18.605502 114741330857.000000
-0.019775 -0.966309 -0.036865 12.383334 -1.220033 18.422497 114741333773.000000
-0.025635 -0.960449 -0.036377 12.749344 -0.427012 18.361496 114741336690.000000
-0.031250 -0.959717 -0.035645 12.993351 0.061002 18.117489 114741339605.000000
-0.032959 -0.953613 -0.033691 13.359361 0.000000 18.178491 114741342525.000000
-0.043213 -0.949463 -0.034424 13.298359 0.732020 17.995486 114741345454.000000
-0.047119 -0.947998 -0.033447 13.664369 0.915025 17.812481 114741348371.000000
-0.050049 -0.942139 -0.038818 13.481364 1.220033 17.507473 114741351296.000000
-0.060303 -0.942383 -0.037109 13.786372 1.159031 17.629476 114741354212.000000
-0.061035 -0.934082 -0.034424 13.786372 1.037028 17.263466 114741357128.000000
-0.069092 -0.940918 -0.037354 13.786372 1.159031 17.141463 114741360042.000000
-0.068848 -0.934814 -0.047852 13.603367 0.549015 16.775453 114741362960.000000
-0.069580 -0.937012 -0.044922 13.542366 0.488013 16.775453 114741365878.000000
-0.071045 -0.938477 -0.036377 13.298359 0.183005 16.409443 114741368794.000000
-0.078613 -0.936035 -0.050537 13.420362 -0.610016 16.409443 114741371721.000000
-0.079590 -0.937256 -0.049561 13.115354 -1.037028 16.104435 114741374636.000000
-0.083252 -0.938232 -0.060303 12.810346 -1.952053 15.799427 114741377558.000000
-0.089600 -0.940918 -0.057861 12.810346 -2.867077 15.616422 114741380475.000000
-0.089600 -0.939453 -0.050537 12.383334 -3.721100 15.677423 114741383391.000000
-0.096191 -0.937012 -0.062012 12.139328 -5.490148 15.555420 114741386308.000000
-0.090576 -0.941895 -0.062012 11.956323 -6.283170 15.189410 114741389225.000000
-0.097412 -0.937256 -0.060059 11.407308 -7.869212 15.128408 114741392142.000000
-0.095703 -0.938965 -0.059326 11.163301 -9.455255 14.884402 114741395051.000000
-0.097168 -0.942383 -0.066406 10.553285 -11.163301 14.579394 114741397959.000000
-0.096924 -0.935547 -0.063965 10.187275 -12.688343 14.945404 114741400875.000000
-0.092285 -0.940918 -0.065674 9.638260 -14.213384 14.762399 114741403793.000000
-0.088379 -0.940674 -0.068115 9.333252 -15.555420 14.762399 114741406710.000000
-0.090820 -0.942871 -0.071533 9.089245 -17.385469 14.762399 114741409628.000000
-0.083252 -0.941162 -0.068115 8.235222 -18.666504 14.823400 114741412554.000000
-0.076904 -0.948486 -0.072510 7.930214 -20.130544 14.640395 114741415498.000000
-0.074463 -0.942139 -0.070557 7.320198 -21.411578 14.579394 114741418415.000000
-0.071777 -0.949707 -0.074463 6.649180 -22.387604 14.701397 114741421334.000000
-0.062500 -0.945801 -0.078125 6.161166 -23.729641 14.762399 114741424250.000000
-0.056396 -0.949951 -0.081055 5.734155 -24.705667 14.884402 114741427172.000000
-0.047607 -0.956055 -0.077393 5.246142 -25.498688 14.823400 114741430089.000000
-0.044922 -0.960205 -0.081787 4.819130 -26.047703 14.945404 114741433043.000000
-0.037109 -0.965820 -0.076660 4.209114 -26.352712 14.701397 114741435960.000000
-0.036133 -0.966309 -0.072510 4.087110 -26.962728 14.945404 114741438877.000000
-0.029541 -0.971436 -0.078613 3.599097 -27.084731 14.823400 114741441795.000000
-0.018066 -0.976318 -0.070801 3.416092 -27.511743 14.945404 114741444709.000000
-0.014893 -0.975098 -0.076904 2.928079 -27.206735 14.945404 114741447631.000000
-0.009766 -0.976807 -0.071533 2.684072 -27.145733 14.640395 114741450554.000000
-0.003906 -0.977295 -0.070557 2.623071 -26.962728 14.884402 114741453469.000000
0.004150 -0.981201 -0.071777 2.318063 -26.596718 14.457390 114741456388.000000
0.007813 -0.984863 -0.065918 2.196059 -26.413713 14.701397 114741459306.000000
0.012695 -0.989990 -0.063477 2.013054 -25.803697 14.701397 114741462225.000000
0.012207 -0.985596 -0.063232 2.074056 -25.132679 14.335387 114741466250.000000
0.021484 -0.985107 -0.052979 1.708046 -24.217654 14.518392 114741469198.000000
0.017578 -0.987793 -0.055664 1.952053 -23.302629 14.762399 114741472124.000000
0.023682 -0.984131 -0.051025 2.074056 -22.204600 15.067407 114741475043.000000
0.025391 -0.978760 -0.048096 2.135058 -21.228573 14.762399 114741477964.000000
0.027100 -0.980469 -0.049072 2.013054 -20.130544 14.579394 114741480889.000000
0.027344 -0.984131 -0.045166 1.952053 -18.605502 14.884402 114741483809.000000
0.033691 -0.980957 -0.041748 2.074056 -17.385469 15.006405 114741486726.000000
0.034668 -0.976318 -0.043945 1.769048 -15.555420 15.128408 114741489642.000000
0.040527 -0.976563 -0.037598 1.891051 -13.847374 15.311413 114741492568.000000
0.041992 -0.977295 -0.039063 2.013054 -12.261331 15.372415 114741495485.000000
0.046631 -0.977783 -0.030273 2.013054 -10.370280 15.494418 114741498401.000000
0.052246 -0.985596 -0.038330 2.257061 -8.235222 15.738425 114741501326.000000
0.052246 -0.979736 -0.039551 2.013054 -6.161166 15.677423 114741504247.000000
0.053711 -0.985840 -0.035400 2.074056 -3.843104 15.738425 114741507163.000000
0.050049 -0.989746 -0.039551 2.196059 -1.708046 15.982432 114741510079.000000
0.049805 -0.988525 -0.040283 2.379064 0.488013 15.921430 114741513091.000000
0.051758 -0.999023 -0.042236 2.745074 2.196059 15.921430 114741516039.000000
0.050049 -1.002197 -0.046631 2.623071 4.880132 16.226438 114741518957.000000
0.047363 -1.004150 -0.041748 3.050082 6.405173 16.287440 114741521877.000000
0.042725 -1.006836 -0.043701 3.111084 8.174221 16.348441 114741524795.000000
0.037354 -1.007568 -0.045410 3.538096 9.638260 16.409443 114741527724.000000
0.030518 -1.015137 -0.052002 3.599097 10.919295 16.836455 114741530643.000000
0.020752 -1.021484 -0.045898 3.782102 12.078326 16.897456 114741533560.000000
0.016357 -1.017334 -0.051514 3.721100 13.054352 16.714451 114741536478.000000
0.014160 -1.020020 -0.057373 4.026109 13.847374 16.897456 114741539395.000000
0.002930 -1.024658 -0.066162 3.782102 14.091380 17.202464 114741542312.000000
0.004883 -1.032959 -0.055664 3.965107 14.640395 16.714451 114741545229.000000
-0.006836 -1.029541 -0.059814 3.782102 14.518392 16.958458 114741548146.000000
-0.004150 -1.033691 -0.062256 3.843104 14.640395 17.019460 114741551065.000000
-0.010498 -1.031250 -0.057861 3.843104 14.457390 16.653450 114741553981.000000
-0.015137 -1.026855 -0.056396 3.660099 14.518392 16.958458 114741556896.000000
-0.012695 -1.034180 -0.061523 3.599097 14.030379 16.470445 114741559811.000000
-0.017822 -1.026367 -0.063965 3.477094 14.030379 16.348441 114741562729.000000
-0.015137 -1.027588 -0.064209 3.599097 13.603367 16.409443 114741565645.000000
-0.022461 -1.029053 -0.057129 3.477094 14.030379 16.165436 114741568564.000000
-0.020264 -1.028564 -0.060791 3.172086 13.725371 16.226438 114741571488.000000
-0.022705 -1.025879 -0.058350 3.477094 13.664369 15.860428 114741574406.000000
-0.024658 -1.021729 -0.060547 3.355091 13.847374 16.043433 114741577337.000000
-0.023926 -1.026123 -0.063721 3.538096 13.664369 15.982432 114741580260.000000
-0.028564 -1.021973 -0.060303 3.538096 13.786372 15.738425 114741583178.000000
-0.029297 -1.022949 -0.056152 3.904105 14.091380 15.250412 114741586093.000000
-0.034668 -1.023193 -0.059570 3.965107 14.274385 15.250412 114741589007.000000
-0.035889 -1.019531 -0.051270 4.087110 14.579394 14.762399 114741591928.000000
-0.036377 -1.022461 -0.052734 4.270115 14.762399 14.823400 114741594844.000000
-0.036621 -1.014404 -0.049316 4.636125 14.701397 14.091380 114741597759.000000
-0.043457 -1.010254 -0.057617 4.941133 15.250412 13.969377 114741600684.000000
-0.042480 -1.003418 -0.054932 5.246142 15.433417 13.420362 114741603605.000000
-0.050781 -1.003418 -0.052246 5.490148 15.677423 13.298359 114741606520.000000
-0.049805 -1.000244 -0.046631 5.856158 15.982432 12.688343 114741609450.000000
-0.052246 -0.994629 -0.050049 6.527176 15.982432 12.810346 114741612377.000000
-0.049316 -0.986084 -0.054443 6.466175 16.653450 12.322333 114741615295.000000
-0.051758 -0.981445 -0.054199 6.771183 16.409443 12.139328 114741618240.000000
-0.053955 -0.982178 -0.055420 6.649180 16.836455 12.383334 114741621159.000000
-0.054199 -0.980713 -0.059326 6.832184 16.714451 11.712316 114741624084.000000
-0.057129 -0.976318 -0.058838 6.771183 16.897456 11.956323 114741627000.000000
-0.057861 -0.983154 -0.055664 6.649180 16.958458 11.773318 114741629916.000000
-0.057617 -0.982666 -0.071289 6.893186 16.897456 11.895321 114741632835.000000
-0.059082 -0.986816 -0.066895 6.771183 16.592448 12.383334 114741635751.000000
-0.054443 -0.990723 -0.069824 6.649180 16.531446 12.322333 114741638669.000000
-0.061035 -0.987061 -0.072021 6.771183 16.409443 12.383334 114741641589.000000
-0.061035 -0.992920 -0.074463 6.405173 16.287440 12.749344 114741644496.000000
-0.061523 -1.001709 -0.085205 6.222168 15.677423 12.810346 114741647404.000000
-0.063721 -1.007568 -0.081299 6.283170 15.189410 13.115354 114741650332.000000
-0.065918 -1.010010 -0.082275 6.039163 14.457390 13.298359 114741653249.000000
-0.069336 -1.023682 -0.081299 6.100165 14.030379 13.359361 114741656166.000000
-0.073242 -1.029053 -0.082031 5.917160 12.871348 13.725371 114741659081.000000
-0.075195 -1.031982 -0.093506 5.978161 11.834320 13.359361 114741662001.000000
-0.078613 -1.031738 -0.089355 5.734155 10.675288 13.603367 114741664917.000000
-0.078125 -1.032715 -0.086426 5.917160 9.211249 13.542366 114741667832.000000
-0.091064 -1.035645 -0.084961 6.039163 7.442201 13.481364 114741670750.000000
-0.089111 -1.031738 -0.087158 6.039163 6.100165 13.115354 114741673664.000000
-0.095215 -1.032227 -0.085938 5.856158 4.148112 12.993351 114741676581.000000
-0.096680 -1.031250 -0.084229 5.673153 2.379064 12.993351 114741679499.000000
-0.100586 -1.025146 -0.080078 5.429147 1.037028 12.627341 114741682419.000000
-0.099365 -1.025879 -0.084961 5.185140 -0.671018 12.322333 114741685334.000000
-0.103027 -1.019287 -0.097168 4.697127 -2.196059 12.261331 114741688251.000000
-0.098877 -1.021973 -0.085938 4.514122 -3.355091 11.773318 114741691175.000000
-0.091797 -1.022461 -0.087891 4.697127 -4.209114 11.590313 114741694095.000000
-0.081543 -1.014404 -0.082031 4.026109 -5.307143 11.468310 114741697012.000000
-0.081055 -1.018311 -0.083740 3.843104 -5.429147 11.407308 114741699928.000000
-0.070801 -1.012695 -0.074463 3.721100 -5.429147 11.041298 114741702855.000000
-0.068848 -1.014160 -0.075439 3.416092 -5.368145 11.102300 114741705772.000000
-0.061523 -1.012207 -0.069336 3.599097 -5.002135 10.614287 114741708687.000000
-0.047852 -1.007568 -0.059326 3.416092 -4.087110 10.797292 114741711613.000000
-0.041016 -1.001709 -0.059326 3.599097 -3.355091 10.797292 114741714529.000000
-0.035645 -0.998291 -0.061768 4.026109 -2.013054 10.614287 114741717473.000000
-0.026611 -0.991943 -0.058350 4.026109 -1.098030 10.980296 114741720393.000000
-0.026123 -0.989014 -0.054443 4.148112 0.549015 11.224303 114741723311.000000
-0.020996 -0.988770 -0.048584 4.270115 1.830049 11.163301 114741726233.000000
-0.016357 -0.987061 -0.056396 4.758128 3.233087 11.712316 114741729156.000000
-0.017578 -0.987793 -0.048584 4.941133 4.514122 11.895321 114741732074.000000
-0.013428 -0.984375 -0.048340 5.002135 5.551150 12.261331 114741734990.000000
-0.014893 -0.981201 -0.050537 5.246142 6.588178 12.932349 114741737906.000000
-0.020020 -0.978027 -0.046143 5.551150 7.808211 13.237357 114741740824.000000
-0.025146 -0.975342 -0.052979 5.795156 8.357226 13.786372 114741743740.000000
-0.026123 -0.975098 -0.052490 5.978161 8.845239 14.030379 114741746655.000000
-0.024414 -0.977295 -0.049805 6.405173 9.272250 14.579394 114741749569.000000
-0.033936 -0.977539 -0.051025 6.283170 9.455255 15.189410 114741752488.000000
-0.033691 -0.974609 -0.048340 6.771183 9.455255 15.494418 114741755403.000000
-0.039551 -0.971924 -0.046875 6.893186 9.577259 16.043433 114741758317.000000
-0.046143 -0.966553 -0.047119 7.015189 9.333252 16.531446 114741761235.000000
-0.046631 -0.967285 -0.048340 7.259196 9.028244 16.897456 114741764151.000000
-0.052734 -0.964844 -0.044678 7.503203 8.784237 17.019460 114741767066.000000
-0.055420 -0.962891 -0.044434 7.503203 8.479229 17.385469 114741769981.000000
-0.051758 -0.960693 -0.040283 7.747209 8.113219 17.446471 114741772909.000000
-0.056152 -0.959229 -0.039063 7.930214 8.113219 17.629476 114741775825.000000
-0.054932 -0.958740 -0.041016 8.052217 8.052217 17.629476 114741778742.000000
-0.051758 -0.947998 -0.031738 8.662234 7.869212 17.812481 114741781669.000000
-0.052734 -0.946777 -0.035400 8.723236 8.357226 18.056488 114741784585.000000
-0.052246 -0.944092 -0.031006 8.967242 9.089245 17.934484 114741787501.000000
-0.044189 -0.933594 -0.026855 9.577259 9.638260 17.934484 114741790424.000000
-0.047119 -0.931885 -0.019531 9.821265 10.492283 18.361496 114741793358.000000
-0.043701 -0.918701 -0.016357 10.553285 13.664369 18.605502 114741801025.000000
-0.045654 -0.909668 -0.018799 10.797292 15.311413 18.727506 114741804178.000000
-0.050537 -0.906738 -0.014648 11.041298 17.324468 18.971512 114741807130.000000
-0.047363 -0.901855 -0.015381 11.529311 19.093516 19.154517 114741810060.000000
-0.051270 -0.902344 -0.009277 11.529311 20.984567 19.154517 114741813128.000000
-0.060059 -0.894043 -0.012939 11.956323 23.363631 19.581529 114741816155.000000
-0.059814 -0.890625 -0.002686 12.688343 25.132679 19.886537 114741819122.000000
-0.067139 -0.885010 -0.005859 12.749344 27.267736 19.825535 114741822046.000000
-0.073242 -0.878662 0.002441 13.054352 28.975782 20.191545 114741824965.000000
-0.081299 -0.871826 -0.003174 13.481364 31.049838 20.191545 114741827877.000000
-0.086182 -0.867676 -0.003906 13.481364 32.757884 20.496553 114741830789.000000
-0.099365 -0.858643 -0.008545 13.969377 34.465931 20.374550 114741833704.000000
-0.101074 -0.850098 -0.013672 13.847374 36.356982 20.984567 114741836628.000000
-0.118408 -0.849121 -0.012939 13.786372 37.638016 20.740560 114741839537.000000
-0.127441 -0.844238 -0.013916 13.542366 38.614043 21.045568 114741842468.000000
-0.130859 -0.842041 -0.017334 13.603367 40.200085 21.411578 114741845384.000000
-0.146729 -0.840820 -0.025879 12.993351 40.810102 21.594583 114741848295.000000
-0.159180 -0.847168 -0.031250 12.566339 42.274141 21.472580 114741851214.000000
-0.165527 -0.853027 -0.032959 12.139328 43.067163 21.960593 114741854124.000000
-0.183350 -0.868896 -0.041260 11.590313 44.226194 22.753614 114741857033.000000
-0.191895 -0.875977 -0.047363 10.858293 45.202220 23.180626 114741859947.000000
-0.212402 -0.895508 -0.058350 9.638260 46.300250 23.851644 114741862859.000000
-0.227051 -0.923584 -0.077881 8.540231 47.459281 24.705667 114741865770.000000
-0.241455 -0.958008 -0.084229 7.137193 48.740316 25.803697 114741868693.000000
-0.258057 -1.000977 -0.111084 5.490148 50.265357 26.657720 114741871648.000000
-0.272705 -1.049561 -0.128174 3.538096 51.363387 27.450741 114741874569.000000
-0.287598 -1.109375 -0.139404 1.647044 52.888428 28.182761 114741877487.000000
-0.299805 -1.173340 -0.162109 -0.061002 53.803453 28.731776 114741880406.000000
-0.310303 -1.232666 -0.166748 -1.281035 54.779479 28.792777 114741883332.000000
-0.322266 -1.292236 -0.175293 -2.562069 55.572500 28.243763 114741886248.000000
-0.328369 -1.350342 -0.183594 -3.538096 55.755505 27.511743 114741889171.000000
-0.338135 -1.395752 -0.177246 -4.331117 55.023486 26.047703 114741892088.000000
-0.353271 -1.415527 -0.168213 -4.636125 54.352468 23.973647 114741894997.000000
-0.365967 -1.437256 -0.161377 -4.148112 52.888428 21.899591 114741897906.000000
-0.379883 -1.440430 -0.145996 -3.721100 50.448362 18.971512 114741900828.000000
-0.403564 -1.432129 -0.124756 -3.294089 47.886293 16.653450 114741903749.000000
-0.421875 -1.409912 -0.100586 -2.806076 44.348197 14.335387 114741906666.000000
-0.440186 -1.379639 -0.083252 -2.440066 40.627097 11.651315 114741909588.000000
-0.459473 -1.343750 -0.054199 -2.440066 36.173977 9.577259 114741912520.000000
-0.479492 -1.303223 -0.039795 -2.989081 31.842860 7.808211 114741915446.000000
-0.487549 -1.259033 -0.018555 -3.904105 27.023730 6.344171 114741918472.000000
-0.494385 -1.216553 0.003174 -5.429147 22.570609 5.063137 114741921415.000000
-0.497314 -1.168945 0.020264 -6.832184 18.178491 4.392119 114741924339.000000
-0.489990 -1.128662 0.039063 -8.479229 13.664369 3.416092 114741927258.000000
-0.479492 -1.089355 0.055664 -10.309278 10.248277 3.294089 114741930186.000000
-0.476074 -1.047607 0.067627 -11.956323 6.832184 2.745074 114741933122.000000
-0.464111 -1.010986 0.086426 -14.091380 3.721100 2.684072 114741936054.000000
-0.456787 -0.992676 0.106689 -16.165436 0.488013 2.440066 114741938974.000000
-0.450195 -0.971436 0.130615 -17.507473 -2.074056 2.745074 114741941902.000000
-0.442383 -0.945313 0.154053 -18.666504 -4.148112 2.928079 114741944821.000000
-0.428955 -0.925537 0.157959 -19.947539 -6.222168 2.684072 114741947753.000000
-0.412598 -0.907715 0.173828 -20.984567 -7.564204 3.294089 114741950675.000000
-0.403564 -0.894287 0.192139 -21.899591 -9.272250 3.172086 114741953596.000000
-0.394531 -0.883545 0.208252 -21.838590 -10.614287 3.233087 114741956512.000000
-0.382813 -0.870605 0.217285 -21.960593 -11.529311 3.416092 114741959454.000000
-0.379883 -0.859375 0.229736 -21.655585 -12.810346 3.782102 114741962377.000000
-0.366455 -0.851807 0.236084 -21.533581 -14.030379 3.416092 114741965298.000000
-0.361328 -0.846924 0.240479 -20.923565 -15.250412 3.599097 114741968239.000000
-0.350342 -0.843506 0.247070 -19.947539 -16.470445 4.087110 114741971316.000000
-0.342773 -0.843506 0.250244 -19.337522 -17.324468 4.148112 114741974418.000000
-0.332031 -0.841309 0.244141 -18.849509 -19.032514 4.392119 114741977516.000000
-0.321289 -0.839600 0.253906 -17.690478 -20.374550 4.270115 114741980522.000000
-0.312988 -0.843262 0.239990 -17.141463 -21.899591 3.782102 114741983464.000000
-0.302490 -0.836426 0.239258 -15.860428 -23.119624 3.904105 114741986396.000000
-0.297607 -0.836670 0.242920 -14.884402 -24.522662 3.843104 114741989318.000000
-0.285156 -0.837891 0.229004 -14.213384 -25.864698 3.721100 114741992238.000000
-0.276367 -0.834473 0.221680 -12.932349 -27.267736 3.904105 114741995155.000000
-0.271240 -0.835449 0.215576 -11.468310 -27.877753 4.270115 114741998071.000000
-0.263672 -0.835449 0.206543 -10.675288 -28.670774 4.148112 114742000990.000000
-0.259277 -0.840088 0.196045 -8.967242 -29.097786 4.880132 114742003908.000000
-0.250732 -0.842285 0.191650 -7.076191 -29.219789 5.307143 114742006828.000000
-0.246338 -0.842529 0.174316 -5.673153 -28.975782 5.856158 114742009746.000000
-0.235352 -0.847168 0.167725 -3.599097 -28.975782 6.771183 114742012665.000000
-0.220459 -0.854248 0.156738 -2.074056 -28.182761 7.259196 114742015584.000000
-0.215088 -0.861084 0.153076 0.061002 -27.633746 8.235222 114742018502.000000
-0.210205 -0.862793 0.135498 1.708046 -26.718721 8.723236 114742021421.000000
-0.198730 -0.866943 0.125977 4.026109 -25.254682 9.150247 114742024338.000000
-0.192627 -0.882324 0.123291 5.734155 -24.156652 10.004270 114742027260.000000
-0.183105 -0.882568 0.101563 7.686208 -23.058623 10.187275 114742030194.000000
-0.177979 -0.893555 0.091797 9.333252 -21.594583 10.736290 114742033112.000000
-0.174805 -0.894775 0.081543 10.858293 -19.947539 10.553285 114742036028.000000
-0.167969 -0.898926 0.065186 12.017324 -18.544501 10.675288 114742038945.000000
-0.164063 -0.905029 0.057129 12.932349 -16.653450 11.041298 114742041869.000000
-0.160645 -0.912109 0.040527 13.847374 -15.128408 10.919295 114742044788.000000
-0.157715 -0.919434 0.026367 14.823400 -13.359361 10.675288 114742047705.000000
-0.155518 -0.925293 0.017334 15.372415 -11.895321 10.980296 114742050626.000000
-0.152588 -0.930176 0.001221 15.921430 -10.065272 10.675288 114742053543.000000
-0.150635 -0.934814 -0.017822 16.287440 -8.540231 10.126273 114742056459.000000
-0.152100 -0.939697 -0.025635 16.226438 -7.198194 10.431282 114742059376.000000
-0.152100 -0.948242 -0.032715 16.043433 -5.734155 10.431282 114742062294.000000
-0.150146 -0.947510 -0.050537 16.226438 -4.392119 10.187275 114742065213.000000
-0.148193 -0.957031 -0.059570 15.860428 -3.294089 10.126273 114742068130.000000
-0.149170 -0.953369 -0.068604 15.433417 -1.647044 9.943268 114742071049.000000
-0.145508 -0.958984 -0.074951 14.945404 -0.305008 10.187275 114742073968.000000
-0.148438 -0.967285 -0.083984 14.640395 0.915025 10.065272 114742076895.000000
-0.145996 -0.972656 -0.093018 13.908376 2.318063 10.309278 114742079820.000000
-0.143555 -0.974609 -0.097900 13.542366 3.599097 10.004270 114742082749.000000
-0.144775 -0.978027 -0.103027 13.115354 5.063137 9.882267 114742085672.000000
-0.145508 -0.982910 -0.103760 12.261331 5.978161 10.187275 114742088590.000000
-0.138672 -0.987793 -0.106445 11.834320 7.198194 10.309278 114742091522.000000
-0.141113 -0.987061 -0.114502 10.980296 8.601232 10.004270 114742094460.000000
-0.145020 -0.987793 -0.119629 10.492283 9.699262 10.248277 114742097391.000000
-0.139160 -0.986816 -0.117920 10.187275 11.163301 10.004270 114742100315.000000
-0.143799 -0.989990 -0.123535 9.516257 12.627341 10.187275 114742103234.000000
-0.143799 -0.989258 -0.121338 9.211249 13.847374 10.065272 114742106153.000000
-0.137451 -0.989746 -0.123047 8.418227 15.006405 10.004270 114742109075.000000
-0.139648 -0.984131 -0.120605 7.930214 16.531446 9.760264 114742112006.000000
-0.140869 -0.981201 -0.121826 7.442201 17.873483 9.455255 114742114923.000000
-0.137451 -0.982178 -0.114258 6.771183 19.398524 9.272250 114742117841.000000
-0.142090 -0.984863 -0.114990 6.283170 20.862563 9.272250 114742120760.000000
-0.143799 -0.982422 -0.114014 5.917160 22.570609 8.845239 114742123683.000000
-0.144287 -0.979492 -0.099365 5.490148 23.973647 8.601232 114742126603.000000
-0.142334 -0.976318 -0.096191 5.185140 25.437687 8.479229 114742129525.000000
-0.139648 -0.976807 -0.092041 4.697127 27.450741 8.174221 114742132444.000000
-0.140137 -0.976318 -0.090576 4.636125 28.731776 7.625206 114742135361.000000
-0.146729 -0.973145 -0.079834 4.514122 31.110840 7.381199 114742138285.000000
-0.147705 -0.975342 -0.076416 4.331117 32.757884 6.771183 114742141204.000000
-0.146484 -0.972656 -0.072510 4.026109 34.892942 6.222168 114742144115.000000
-0.145996 -0.972412 -0.063232 3.843104 36.783993 5.856158 114742147024.000000
-0.154053 -0.967529 -0.059326 4.392119 38.553041 5.124138 114742149930.000000
-0.151367 -0.966309 -0.058350 4.148112 40.627097 4.697127 114742152848.000000
-0.158203 -0.968262 -0.049316 4.148112 42.457146 4.209114 114742155773.000000
-0.161377 -0.964600 -0.039551 4.331117 44.470201 3.782102 114742158689.000000
-0.164795 -0.962402 -0.043213 4.636125 46.300250 3.111084 114742161615.000000
-0.171143 -0.960693 -0.036133 4.941133 48.008296 2.684072 114742164533.000000
-0.175537 -0.963867 -0.031494 5.063137 49.411334 2.013054 114742167451.000000
-0.182617 -0.959717 -0.032471 5.307143 51.119380 1.403038 114742170375.000000
-0.184814 -0.961182 -0.025635 5.490148 52.522418 0.976026 114742173300.000000
-0.191406 -0.960693 -0.028809 5.795156 53.681449 0.610016 114742176222.000000
-0.200195 -0.958252 -0.021484 6.161166 54.779479 0.061002 114742179140.000000
-0.212402 -0.956787 -0.016357 6.466175 55.450497 -0.610016 114742182063.000000
-0.215332 -0.957031 -0.013428 6.893186 56.365522 -0.976026 114742184980.000000
-0.225098 -0.951416 -0.010498 7.259196 56.487525 -1.464040 114742187897.000000
-0.237549 -0.949219 -0.008301 7.503203 56.609528 -2.135058 114742190826.000000
-0.247559 -0.947754 -0.006348 7.869212 56.548527 -2.440066 114742193744.000000
-0.256348 -0.948975 -0.000244 7.991216 56.182517 -2.867077 114742196660.000000
-0.271729 -0.942139 0.009277 8.723236 55.206491 -3.233087 114742199578.000000
-0.280762 -0.942627 0.004395 8.723236 54.291466 -3.538096 114742202506.000000
-0.289063 -0.937500 0.005615 9.028244 52.766425 -4.209114 114742205422.000000
-0.302246 -0.935547 0.009766 9.211249 51.119380 -4.453120 114742208341.000000
-0.306885 -0.928223 0.011475 9.089245 49.228329 -4.819130 114742211266.000000
-0.319580 -0.924561 0.005127 9.455255 46.788263 -5.185140 114742214186.000000
-0.323242 -0.926270 0.007813 9.394254 44.287196 -5.490148 114742217102.000000
-0.326172 -0.921631 0.003174 8.845239 41.481120 -5.856158 114742220018.000000
-0.333252 -0.919434 0.005615 8.906240 38.309034 -6.222168 114742222937.000000
-0.343994 -0.920166 0.009766 8.540231 35.075947 -6.649180 114742225855.000000
-0.347412 -0.917480 0.000000 8.113219 31.781858 -6.954188 114742228770.000000
-0.347656 -0.915771 0.000000 7.930214 27.877753 -7.137193 114742231690.000000
-0.351318 -0.922119 -0.001953 7.442201 24.278656 -7.686208 114742234606.000000
-0.358643 -0.920654 -0.003906 6.893186 20.618557 -7.686208 114742237521.000000
-0.355713 -0.925781 -0.011475 6.161166 16.165436 -7.991216 114742240439.000000
-0.357910 -0.921875 -0.010742 5.917160 12.261331 -8.296224 114742243362.000000
-0.354248 -0.921387 -0.011475 5.429147 8.296224 -8.662234 114742246277.000000
-0.351563 -0.923340 -0.009033 4.636125 4.148112 -8.601232 114742249194.000000
-0.351318 -0.928223 -0.019531 4.270115 0.427012 -8.967242 114742252112.000000
-0.345215 -0.929932 -0.016357 3.416092 -3.538096 -9.089245 114742255031.000000
-0.343018 -0.930664 -0.013916 3.050082 -7.503203 -9.211249 114742257947.000000
-0.338135 -0.935547 -0.020752 2.257061 -11.224303 -9.333252 114742260870.000000
-0.331299 -0.938477 -0.023193 1.525041 -14.823400 -9.638260 114742263790.000000
-0.322998 -0.941650 -0.024414 0.732020 -18.483499 -9.272250 114742266707.000000
-0.312744 -0.944092 -0.029297 0.610016 -21.289575 -9.699262 114742269623.000000
-0.304688 -0.954834 -0.027100 -0.488013 -24.339657 -9.638260 114742272547.000000
-0.295410 -0.953613 -0.028564 -1.037028 -27.084731 -9.394254 114742275463.000000
-0.283447 -0.957764 -0.032227 -1.769048 -29.341792 -9.699262 114742278380.000000
-0.271973 -0.958740 -0.031982 -2.623071 -31.598853 -9.882267 114742281323.000000
-0.261719 -0.960938 -0.032959 -3.050082 -33.489904 -9.699262 114742284243.000000
-0.248291 -0.962891 -0.032471 -3.660099 -34.709937 -9.516257 114742287159.000000
-0.239258 -0.969971 -0.032959 -3.965107 -35.929970 -9.699262 114742290075.000000
-0.225830 -0.971680 -0.034668 -4.697127 -36.783993 -9.394254 114742293039.000000
-0.217773 -0.979248 -0.034180 -5.185140 -37.272006 -9.699262 114742295964.000000
-0.205811 -0.977539 -0.027344 -5.429147 -37.455011 -9.516257 114742298879.000000
-0.194824 -0.983398 -0.025391 -5.917160 -37.394010 -9.333252 114742301810.000000
-0.185547 -0.986816 -0.029785 -5.795156 -36.905996 -9.516257 114742304727.000000
-0.173096 -0.986816 -0.022949 -5.917160 -35.868968 -9.394254 114742307643.000000
-0.163818 -0.995850 -0.031006 -5.917160 -35.014945 -9.333252 114742310563.000000
-0.157959 -0.994141 -0.019287 -5.673153 -33.672909 -8.845239 114742313498.000000
-0.152832 -0.994873 -0.016357 -5.795156 -32.086866 -9.028244 114742316416.000000
-0.146484 -0.995117 -0.018066 -5.673153 -29.829805 -8.357226 114742319333.000000
-0.139648 -0.995605 -0.018555 -5.734155 -27.877753 -8.479229 114742322253.000000
-0.133789 -0.992920 -0.023682 -5.246142 -25.742695 -8.296224 114742325169.000000
-0.128662 -0.988525 -0.012451 -5.063137 -23.119624 -7.930214 114742328085.000000
-0.120850 -0.990723 -0.006348 -5.002135 -20.191545 -7.625206 114742331005.000000
-0.119385 -0.987549 -0.012695 -4.697127 -17.568474 -7.259196 114742333921.000000
-0.114746 -0.985352 -0.012939 -4.148112 -14.274385 -6.893186 114742336837.000000
-0.117188 -0.988525 0.000244 -3.782102 -11.346306 -6.710181 114742339758.000000
-0.115234 -0.989502 -0.002441 -3.294089 -8.357226 -6.161166 114742342682.000000
-0.116943 -0.982422 0.000000 -2.928079 -4.941133 -5.917160 114742345600.000000
-0.117676 -0.982422 -0.004639 -2.501068 -1.769048 -5.429147 114742348521.000000
-0.123535 -0.980713 -0.001221 -2.196059 1.220033 -4.880132 114742351440.000000
-0.126465 -0.976074 0.005127 -1.586043 4.514122 -4.270115 114742354357.000000
-0.132080 -0.973145 0.003418 -1.098030 7.503203 -3.721100 114742357274.000000
-0.139404 -0.972168 0.013672 -0.854023 10.309278 -3.233087 114742360194.000000
-0.143555 -0.967529 0.006104 -0.244007 13.359361 -3.355091 114742363110.000000
-0.143555 -0.969238 0.004395 0.244007 15.677423 -2.562069 114742366030.000000
-0.154297 -0.964844 0.010742 0.671018 18.361496 -2.013054 114742368955.000000
-0.163330 -0.963379 0.009033 1.037028 20.496553 -1.769048 114742371883.000000
-0.166016 -0.963135 0.008545 1.525041 22.753614 -1.220033 114742374799.000000
-0.174072 -0.965820 0.008301 1.342036 24.522662 -0.793021 114742377716.000000
-0.181641 -0.966309 0.004639 2.135058 25.925700 -0.305008 114742380635.000000
-0.181396 -0.963379 0.007324 2.501068 27.572744 -0.244007 114742383552.000000
-0.193604 -0.967529 -0.003906 2.562069 28.548771 0.366010 114742386469.000000
-0.197998 -0.966309 0.002441 2.745074 29.707802 0.671018 114742389385.000000
-0.209229 -0.968018 -0.004150 2.989081 30.134814 0.732020 114742392302.000000
-0.213623 -0.971191 -0.001465 3.050082 30.805832 0.854023 114742395211.000000
-0.216797 -0.968994 -0.009033 3.294089 30.744830 1.159031 114742398118.000000
-0.222412 -0.967529 -0.008545 3.233087 30.805832 1.342036 114742401034.000000
-0.233643 -0.971924 -0.014648 3.416092 30.622827 1.708046 114742403952.000000
-0.236572 -0.970703 -0.014160 2.989081 30.073812 1.769048 114742406873.000000
-0.242432 -0.975586 -0.012207 3.416092 29.402794 1.952053 114742409789.000000
-0.250244 -0.976563 -0.024658 3.294089 28.731776 1.891051 114742412717.000000
-0.255859 -0.981689 -0.017578 3.111084 27.816751 2.257061 114742415635.000000
-0.259277 -0.982178 -0.022217 3.111084 26.657720 2.318063 114742418556.000000
-0.264648 -0.984863 -0.024414 3.111084 25.376685 2.379064 114742421475.000000
-0.267822 -0.982422 -0.031250 2.867077 23.851644 2.257061 114742424391.000000
-0.270020 -0.986572 -0.034668 2.806076 22.387604 2.379064 114742427306.000000
-0.272949 -0.992432 -0.034912 2.501068 20.740560 2.135058 114742430224.000000
-0.275391 -0.992676 -0.037354 2.623071 19.276520 2.257061 114742433140.000000
-0.276611 -1.001221 -0.033936 2.196059 17.568474 1.891051 114742436057.000000
-0.280273 -0.996826 -0.039307 2.196059 15.616422 1.769048 114742438973.000000
-0.283203 -0.993896 -0.034912 2.135058 13.969377 1.708046 114742441892.000000
-0.279541 -0.995117 -0.024902 1.769048 12.017324 1.403038 114742444806.000000
-0.279297 -0.995361 -0.022949 2.318063 10.370280 1.403038 114742447722.000000
-0.275391 -0.997070 -0.037109 1.586043 8.967242 1.403038 114742450640.000000
-0.275391 -0.995850 -0.030762 1.891051 7.320198 0.976026 114742453555.000000
-0.271240 -0.996826 -0.028076 1.769048 5.856158 0.915025 114742456483.000000
-0.267090 -0.990967 -0.028809 1.769048 4.697127 0.732020 114742459405.000000
-0.264648 -0.990967 -0.028564 1.952053 3.782102 0.549015 114742462323.000000
-0.264648 -0.990234 -0.022949 1.708046 2.440066 0.305008 114742465246.000000
-0.258301 -0.986328 -0.029785 1.647044 1.891051 0.427012 114742468161.000000
-0.252441 -0.985107 -0.032227 1.708046 1.220033 0.183005 114742471081.000000
-0.250732 -0.980957 -0.030518 1.708046 0.366010 -0.061002 114742473997.000000
-0.250000 -0.977783 -0.026367 1.708046 0.061002 -0.183005 114742476913.000000
-0.244385 -0.976074 -0.027832 1.830049 -0.488013 -0.427012 114742479830.000000
-0.238037 -0.970703 -0.030273 1.647044 -0.427012 -0.427012 114742482758.000000
-0.239014 -0.971436 -0.032227 1.647044 -0.732020 -0.549015 114742485671.000000
-0.230225 -0.970215 -0.031738 2.196059 -0.671018 -0.671018 114742488588.000000
-0.226563 -0.961914 -0.027100 1.647044 -0.671018 -0.732020 114742491510.000000
-0.227295 -0.960449 -0.031494 2.013054 -0.915025 -0.976026 114742494430.000000
-0.221191 -0.961914 -0.036865 2.013054 -0.549015 -1.098030 114742497363.000000
-0.216064 -0.958008 -0.032227 2.074056 -0.671018 -1.342036 114742500286.000000
-0.216064 -0.962158 -0.037842 1.830049 -0.549015 -0.976026 114742503208.000000
-0.213623 -0.958984 -0.038818 1.769048 -0.366010 -1.342036 114742506124.000000
-0.214600 -0.961914 -0.035645 1.952053 -0.061002 -1.525041 114742509040.000000
-0.213379 -0.961914 -0.044189 1.891051 -0.122003 -1.220033 114742511959.000000
-0.212158 -0.960693 -0.044678 1.708046 -0.061002 -1.464040 114742514875.000000
-0.205566 -0.966064 -0.046143 1.769048 0.000000 -1.342036 114742517789.000000
-0.206543 -0.967529 -0.045654 1.769048 0.000000 -1.403038 114742520708.000000
-0.208008 -0.966553 -0.043701 1.769048 0.061002 -1.586043 114742523624.000000
-0.209717 -0.967041 -0.051270 1.586043 -0.305008 -1.403038 114742526542.000000
-0.208252 -0.968262 -0.049072 1.525041 0.061002 -1.281035 114742529472.000000
-0.210205 -0.971924 -0.058594 1.220033 -0.366010 -1.281035 114742532390.000000
-0.206543 -0.969482 -0.060059 1.159031 -0.366010 -1.342036 114742535307.000000
-0.206787 -0.974365 -0.061768 0.915025 -0.610016 -1.220033 114742538227.000000
-0.208496 -0.969482 -0.060059 0.793021 -1.220033 -1.159031 114742541146.000000
-0.203857 -0.977539 -0.066406 0.366010 -1.342036 -1.037028 114742544062.000000
-0.202148 -0.978027 -0.060059 0.183005 -1.220033 -0.854023 114742546977.000000
-0.203369 -0.982422 -0.065918 -0.244007 -2.074056 -1.220033 114742549893.000000
-0.202637 -0.985596 -0.070557 -0.549015 -2.135058 -0.671018 114742552811.000000
-0.200195 -0.994141 -0.072021 -0.854023 -2.562069 -0.793021 114742555728.000000
-0.197998 -0.995850 -0.076904 -1.220033 -2.806076 -0.732020 114742558644.000000
-0.200684 -1.003906 -0.072998 -1.464040 -3.294089 -0.549015 114742561665.000000
-0.195068 -1.007324 -0.078857 -1.830049 -3.660099 -0.610016 114742564585.000000
-0.189209 -1.008057 -0.080566 -1.952053 -4.148112 -0.610016 114742567504.000000
-0.188232 -1.017090 -0.078369 -2.074056 -4.331117 -0.610016 114742570429.000000
-0.181885 -1.015869 -0.078369 -2.501068 -4.392119 -0.488013 114742573350.000000
-0.182129 -1.013916 -0.082031 -2.562069 -4.636125 -0.488013 114742576271.000000
-0.175537 -1.016846 -0.067871 -2.684072 -4.697127 -0.366010 114742579187.000000
-0.175049 -1.020264 -0.077393 -2.806076 -5.002135 -0.366010 114742582101.000000
-0.171875 -1.015625 -0.071289 -2.989081 -4.819130 -0.183005 114742585018.000000
-0.166504 -1.015381 -0.069824 -3.050082 -5.185140 -0.061002 114742587927.000000
-0.165527 -1.010254 -0.075684 -3.416092 -5.063137 -0.061002 114742590842.000000
-0.155762 -1.007568 -0.072021 -3.172086 -5.246142 0.122003 114742593760.000000
-0.158936 -1.008301 -0.072754 -3.233087 -5.185140 0.366010 114742596679.000000
-0.151367 -1.006104 -0.068604 -3.233087 -4.758128 0.183005 114742599594.000000
-0.151367 -1.004639 -0.071045 -3.294089 -4.758128 0.549015 114742602521.000000
-0.143311 -1.000977 -0.059082 -2.989081 -4.087110 0.671018 114742605437.000000
-0.141113 -0.999756 -0.060547 -3.050082 -3.843104 0.732020 114742608354.000000
-0.138672 -0.997314 -0.052002 -2.867077 -3.355091 0.549015 114742611278.000000
-0.135986 -0.995605 -0.056152 -2.806076 -2.440066 0.976026 114742614197.000000
-0.138184 -0.988525 -0.054932 -2.440066 -1.769048 0.793021 114742617120.000000
-0.133545 -0.987061 -0.053467 -2.196059 -1.220033 0.732020 114742620037.000000
-0.134033 -0.982910 -0.046631 -1.891051 -0.061002 0.793021 114742622955.000000
-0.129883 -0.977051 -0.039795 -1.647044 0.915025 0.610016 114742625942.000000
-0.126709 -0.974609 -0.051270 -1.281035 1.891051 0.671018 114742628861.000000
-0.135254 -0.970703 -0.046387 -0.976026 2.928079 0.793021 114742631782.000000
-0.131836 -0.970459 -0.041260 -0.732020 4.270115 0.610016 114742634700.000000
-0.133057 -0.967529 -0.042725 -0.305008 5.612152 0.854023 114742637615.000000
-0.137207 -0.964111 -0.039795 0.122003 6.527176 0.854023 114742640536.000000
-0.137939 -0.960938 -0.044434 0.427012 7.869212 0.854023 114742643445.000000
-0.139160 -0.957275 -0.042480 0.915025 9.028244 0.976026 114742646353.000000
-0.141357 -0.959473 -0.043213 1.037028 10.675288 0.976026 114742649275.000000
-0.135742 -0.957764 -0.050293 1.464040 11.590313 1.220033 114742652207.000000
-0.139404 -0.962402 -0.048584 1.647044 12.627341 0.854023 114742655126.000000
-0.142090 -0.963867 -0.051758 1.952053 13.725371 1.037028 114742658043.000000
-0.141113 -0.960449 -0.053711 2.196059 14.640395 0.854023 114742660977.000000
-0.141602 -0.962158 -0.049805 2.684072 15.555420 0.976026 114742663900.000000
-0.146729 -0.959717 -0.053711 2.928079 16.592448 0.671018 114742666817.000000
-0.149658 -0.962402 -0.055420 3.172086 16.897456 0.610016 114742669734.000000
-0.157715 -0.961670 -0.055908 3.965107 17.263466 0.671018 114742672653.000000
-0.159668 -0.961670 -0.058594 3.660099 17.690478 0.732020 114742675570.000000
-0.155518 -0.955322 -0.056152 4.270115 17.934484 0.610016 114742678488.000000
-0.165771 -0.953369 -0.061035 4.514122 17.690478 0.366010 114742681423.000000
-0.167725 -0.951172 -0.061035 4.758128 17.507473 0.183005 114742684343.000000
-0.171631 -0.946533 -0.058350 5.002135 17.507473 0.305008 114742687262.000000
-0.175781 -0.938721 -0.064209 5.124138 16.348441 0.305008 114742690187.000000
-0.184326 -0.937988 -0.068359 5.246142 16.043433 0.671018 114742693103.000000
-0.192871 -0.933594 -0.065918 5.002135 14.945404 0.610016 114742696021.000000
-0.195068 -0.933350 -0.066650 5.002135 14.091380 0.793021 114742698938.000000
-0.200684 -0.923340 -0.071777 4.941133 12.871348 0.732020 114742701864.000000
-0.202393 -0.927490 -0.072266 4.697127 11.712316 1.159031 114742704782.000000
-0.209717 -0.923828 -0.066406 4.697127 10.614287 1.220033 114742707699.000000
-0.214600 -0.920166 -0.075195 4.392119 9.150247 1.281035 114742710618.000000
-0.208008 -0.928223 -0.078369 3.904105 7.625206 1.769048 114742713534.000000
-0.211182 -0.924316 -0.085693 3.721100 6.100165 1.830049 114742716449.000000
-0.210693 -0.929443 -0.075928 3.660099 4.758128 2.257061 114742719367.000000
-0.212891 -0.934570 -0.086182 3.355091 3.416092 1.830049 114742722286.000000
-0.214600 -0.929932 -0.092529 2.928079 2.196059 2.318063 114742725229.000000
-0.209473 -0.938965 -0.090088 2.501068 0.793021 2.196059 114742728147.000000
-0.206787 -0.945313 -0.084229 2.074056 -0.732020 2.379064 114742731069.000000
-0.207275 -0.948486 -0.089844 1.830049 -1.708046 2.318063 114742733986.000000
-0.204102 -0.957275 -0.096436 1.586043 -2.989081 2.501068 114742736902.000000
-0.196533 -0.961914 -0.096680 1.342036 -3.782102 2.379064 114742739817.000000
-0.198730 -0.966797 -0.098877 1.037028 -4.819130 2.806076 114742742735.000000
-0.194824 -0.970215 -0.093994 0.732020 -5.551150 2.562069 114742745652.000000
-0.187988 -0.975830 -0.098633 0.671018 -6.222168 3.111084 114742748569.000000
-0.178223 -0.978271 -0.093994 0.427012 -6.771183 2.928079 114742751489.000000
-0.174805 -0.979004 -0.093506 0.000000 -7.747209 3.111084 114742754410.000000
-0.172607 -0.985352 -0.092041 0.122003 -8.174221 2.928079 114742757335.000000
-0.168457 -0.985352 -0.092529 -0.061002 -8.235222 3.111084 114742760255.000000
-0.165039 -0.984131 -0.091553 -0.610016 -8.479229 3.233087 114742763173.000000
-0.163818 -0.985352 -0.087891 -0.427012 -8.357226 3.111084 114742766089.000000
-0.156006 -0.989014 -0.084229 -0.610016 -8.113219 3.355091 114742769005.000000
-0.153320 -0.989014 -0.083252 -0.549015 -8.113219 3.294089 114742771941.000000
-0.152344 -0.980225 -0.078125 -0.854023 -7.991216 3.721100 114742774858.000000
-0.145264 -0.985596 -0.084229 -0.732020 -7.442201 3.355091 114742777775.000000
-0.142578 -0.981934 -0.079346 -0.854023 -6.954188 3.965107 114742780698.000000
-0.141846 -0.982422 -0.073242 -0.915025 -6.405173 3.843104 114742783619.000000
-0.137207 -0.979248 -0.070801 -0.732020 -5.429147 4.270115 114742786535.000000
-0.130371 -0.978760 -0.063232 -0.976026 -4.636125 3.965107 114742789449.000000
-0.136475 -0.974609 -0.064453 -0.793021 -3.355091 4.514122 114742792368.000000
-0.133789 -0.972412 -0.058838 -1.037028 -2.257061 4.453120 114742795284.000000
-0.131592 -0.968750 -0.054932 -0.610016 -1.037028 4.880132 114742798201.000000
-0.134033 -0.968750 -0.054688 -0.549015 0.244007 4.636125 114742801127.000000
-0.132080 -0.965088 -0.046143 -0.122003 1.586043 4.758128 114742804052.000000
-0.127930 -0.965576 -0.045898 -0.244007 2.745074 4.575124 114742806971.000000
-0.133301 -0.964355 -0.048096 -0.122003 4.514122 4.880132 114742809888.000000
-0.131104 -0.961914 -0.042969 -0.061002 6.039163 4.697127 114742812816.000000
-0.131836 -0.964600 -0.040771 0.061002 7.320198 4.819130 114742815734.000000
-0.134766 -0.968506 -0.038574 0.488013 8.601232 4.880132 114742818653.000000
-0.137451 -0.973145 -0.043457 0.427012 10.431282 4.758128 114742821614.000000
-0.142334 -0.973389 -0.040527 0.427012 11.407308 4.819130 114742824532.000000
-0.146240 -0.979980 -0.046387 0.793021 12.932349 5.063137 114742827478.000000
-0.149170 -0.979736 -0.046387 0.610016 14.152382 5.002135 114742830404.000000
-0.150879 -0.987549 -0.048096 0.854023 15.189410 5.246142 114742833336.000000
-0.156494 -0.988281 -0.048828 0.732020 16.470445 5.246142 114742836253.000000
-0.163086 -0.992432 -0.044189 1.159031 17.446471 5.368145 114742839171.000000
-0.162842 -0.991943 -0.043213 1.342036 18.178491 5.246142 114742842091.000000
-0.165771 -0.995850 -0.048340 1.281035 18.788507 5.307143 114742845011.000000
-0.174316 -1.004395 -0.052246 1.098030 19.093516 5.429147 114742847928.000000
-0.178711 -1.014404 -0.049316 1.220033 19.520527 5.002135 114742850855.000000
-0.178711 -1.019775 -0.054688 1.220033 19.703532 4.941133 114742853771.000000
-0.186768 -1.020752 -0.062988 1.037028 19.703532 5.063137 114742856688.000000
-0.188232 -1.028564 -0.062012 1.220033 19.825535 4.941133 114742859605.000000
-0.192139 -1.031494 -0.055420 1.098030 19.825535 4.453120 114742862524.000000
-0.195313 -1.033447 -0.056641 1.281035 19.703532 4.697127 114742865455.000000
-0.204590 -1.038330 -0.057129 1.159031 19.459525 4.148112 114742868372.000000
-0.203857 -1.042725 -0.053955 1.281035 19.032514 4.148112 114742871292.000000
-0.202393 -1.040771 -0.059570 1.220033 18.544501 3.660099 114742874209.000000
-0.211182 -1.045410 -0.054688 1.159031 18.239492 3.660099 114742877125.000000
-0.213867 -1.041260 -0.051270 1.342036 17.934484 3.294089 114742880043.000000
-0.215576 -1.041016 -0.057129 1.037028 17.202464 3.294089 114742882962.000000
-0.218750 -1.043457 -0.056641 0.976026 16.470445 3.294089 114742885883.000000
-0.224365 -1.034912 -0.048340 0.915025 15.982432 2.928079 114742888800.000000
-0.229248 -1.041016 -0.043701 1.098030 15.128408 2.623071 114742891725.000000
-0.229492 -1.032471 -0.041748 0.915025 14.884402 2.257061 114742894634.000000
-0.232666 -1.034912 -0.043701 0.793021 14.030379 2.196059 114742897543.000000
-0.234375 -1.028564 -0.038086 0.793021 13.420362 2.013054 114742900462.000000
-0.235107 -1.026611 -0.039795 0.549015 12.871348 1.647044 114742903380.000000
-0.241211 -1.019043 -0.031738 0.854023 12.444336 1.586043 114742906296.000000
-0.236816 -1.019043 -0.033447 0.488013 11.895321 1.159031 114742909212.000000
-0.237549 -1.016846 -0.021484 0.732020 11.346306 1.220033 114742912130.000000
-0.238525 -1.016357 -0.031982 0.671018 11.285305 0.915025 114742915044.000000
-0.235840 -1.007568 -0.024902 0.305008 10.797292 1.037028 114742917959.000000
-0.235352 -1.007324 -0.027344 0.854023 10.675288 0.976026 114742920875.000000
-0.235107 -1.003174 -0.025879 0.671018 10.492283 0.610016 114742923792.000000
-0.241699 -1.004395 -0.018555 0.854023 10.309278 0.488013 114742926733.000000
-0.240967 -0.999756 -0.016357 1.037028 9.943268 0.549015 114742929651.000000
-0.235352 -0.996094 -0.017578 1.220033 10.126273 0.305008 114742934533.000000
-0.239014 -0.997803 -0.018555 1.403038 9.760264 -0.244007 114742937571.000000
-0.238770 -0.994141 -0.014160 1.891051 10.248277 0.000000 114742940514.000000
-0.240234 -0.988037 -0.016846 2.135058 10.065272 -0.183005 114742943433.000000
-0.238037 -0.988281 -0.020752 2.318063 10.126273 -0.427012 114742946351.000000
