0.137207 -0.854980 -0.484131 -0.793021 0.915025 0.122003 190433719856.000000
0.138672 -0.855225 -0.480713 -1.220033 1.220033 0.305008 190433722770.000000
0.139648 -0.851074 -0.474365 -1.159031 1.708046 0.366010 190433725696.000000
0.144775 -0.855713 -0.476807 -1.159031 2.135058 0.366010 190433728614.000000
0.143311 -0.853760 -0.470459 -0.976026 2.379064 0.366010 190433731528.000000
0.140625 -0.853516 -0.463135 -1.098030 2.440066 0.488013 190433734445.000000
0.144043 -0.860596 -0.468750 -0.976026 2.440066 0.366010 190433737358.000000
0.144043 -0.850586 -0.473633 -0.976026 2.867077 0.000000 190433740280.000000
0.145752 -0.856201 -0.469727 -0.976026 3.233087 0.183005 190433743197.000000
0.141357 -0.856934 -0.475342 -0.915025 3.233087 0.427012 190433746115.000000
0.140869 -0.854492 -0.471191 -0.915025 3.782102 0.427012 190433749031.000000
0.141357 -0.854980 -0.477295 -0.610016 3.782102 0.061002 190433751947.000000
0.137939 -0.855957 -0.468994 -0.854023 3.538096 0.122003 190433754862.000000
0.142090 -0.857178 -0.470947 -0.671018 3.660099 0.427012 190433757776.000000
0.133301 -0.860596 -0.472412 -0.854023 3.538096 0.061002 190433760690.000000
0.135742 -0.861816 -0.465820 -0.549015 3.721100 0.366010 190433763607.000000
0.134033 -0.862061 -0.471436 -0.427012 3.355091 0.610016 190433766523.000000
0.132324 -0.865234 -0.468994 -0.305008 3.172086 0.244007 190433769444.000000
0.134033 -0.865723 -0.473145 -0.305008 2.928079 0.427012 190433772359.000000
0.132324 -0.867676 -0.466797 -0.061002 2.196059 0.549015 190433775276.000000
0.127686 -0.866943 -0.467773 -0.122003 2.135058 0.549015 190433778190.000000
0.128418 -0.870117 -0.471680 -0.061002 1.769048 0.549015 190433781104.000000
0.126953 -0.870605 -0.462891 0.061002 1.220033 0.732020 190433784027.000000
0.128906 -0.867188 -0.459473 0.244007 0.610016 0.610016 190433786945.000000
0.125732 -0.869385 -0.470703 0.305008 0.427012 0.610016 190433789861.000000
0.127197 -0.869629 -0.459717 0.732020 0.061002 0.793021 190433792774.000000
0.125977 -0.870361 -0.460205 0.732020 0.061002 0.732020 190433795699.000000
0.127930 -0.868896 -0.467529 0.854023 0.061002 1.098030 190433798614.000000
0.136475 -0.867188 -0.457520 0.732020 -0.183005 0.854023 190433801527.000000
0.132813 -0.869385 -0.457764 1.037028 -0.122003 0.976026 190433804443.000000
0.134277 -0.867188 -0.461914 0.610016 0.122003 1.037028 190433807357.000000
0.136230 -0.868896 -0.460449 0.854023 0.549015 1.220033 190433810271.000000
0.134766 -0.865234 -0.463135 0.915025 0.732020 1.281035 190433813185.000000
0.138184 -0.865967 -0.454102 0.732020 1.159031 1.281035 190433816110.000000
0.133789 -0.865967 -0.464111 0.610016 1.525041 1.098030 190433819023.000000
0.139893 -0.862061 -0.461670 0.610016 2.074056 1.220033 190433821937.000000
0.140381 -0.864258 -0.461182 0.366010 1.952053 1.220033 190433824853.000000
0.144043 -0.865234 -0.461182 0.244007 2.623071 1.647044 190433827768.000000
0.139893 -0.864990 -0.465332 0.305008 2.806076 1.525041 190433830684.000000
0.145996 -0.859619 -0.465088 0.183005 3.050082 1.403038 190433833598.000000
0.145264 -0.868164 -0.459961 0.061002 3.782102 1.586043 190433841331.000000
0.145752 -0.861084 -0.455566 0.061002 4.209114 1.525041 190433844480.000000
0.144043 -0.864746 -0.469482 0.305008 4.209114 1.708046 190433847476.000000
0.145264 -0.861572 -0.461182 0.183005 4.575124 1.830049 190433850406.000000
0.145508 -0.865723 -0.461182 0.244007 4.453120 1.769048 190433853397.000000
0.143555 -0.865967 -0.462158 0.366010 4.697127 1.647044 190433856416.000000
0.143311 -0.861084 -0.462891 0.488013 4.575124 2.074056 190433859343.000000
0.143799 -0.863281 -0.457764 0.427012 4.758128 1.830049 190433862259.000000
0.140869 -0.859375 -0.465332 0.610016 4.514122 2.013054 190433865176.000000
0.139893 -0.862061 -0.462158 0.366010 4.087110 2.135058 190433868085.000000
0.143555 -0.859863 -0.453613 1.037028 4.270115 2.074056 190433871010.000000
0.141357 -0.859863 -0.454346 0.671018 4.331117 1.769048 190433873937.000000
0.139160 -0.861328 -0.468506 0.915025 3.965107 2.013054 190433876891.000000
0.140625 -0.860107 -0.465820 1.098030 4.026109 1.830049 190433879827.000000
0.141846 -0.862061 -0.459717 1.037028 4.148112 2.135058 190433882752.000000
0.137207 -0.858154 -0.457520 1.525041 4.392119 1.708046 190433885692.000000
0.145996 -0.861572 -0.459473 1.342036 3.965107 1.708046 190433888619.000000
0.139893 -0.859619 -0.455811 1.342036 4.697127 1.708046 190433891528.000000
0.142334 -0.865967 -0.457031 1.525041 4.514122 1.769048 190433894443.000000
0.135254 -0.862061 -0.462402 1.464040 4.575124 1.525041 190433897357.000000
0.135986 -0.860596 -0.456543 1.525041 4.697127 1.891051 190433900274.000000
0.135010 -0.862549 -0.459717 1.647044 4.880132 1.586043 190433903184.000000
0.138672 -0.864746 -0.460205 1.586043 4.636125 1.708046 190433906092.000000
0.134766 -0.866455 -0.455811 1.281035 4.758128 1.525041 190433909008.000000
0.137207 -0.863037 -0.456543 1.464040 4.697127 1.647044 190433911916.000000
0.134033 -0.864746 -0.456543 1.281035 4.697127 1.525041 190433914825.000000
0.132568 -0.865234 -0.451904 1.342036 4.331117 1.281035 190433917742.000000
0.133545 -0.862305 -0.455811 1.281035 4.331117 1.403038 190433920653.000000
0.134033 -0.863525 -0.453369 0.976026 3.904105 1.159031 190433923561.000000
0.131592 -0.867432 -0.460449 1.159031 3.660099 0.915025 190433926487.000000
0.135254 -0.865967 -0.451904 0.915025 3.660099 1.220033 190433928401.000000
0.131836 -0.864014 -0.450195 1.098030 3.355091 1.220033 190433930206.000000
0.129639 -0.872070 -0.451904 0.854023 3.355091 0.976026 190433932008.000000
0.127930 -0.872803 -0.454834 0.976026 3.050082 0.976026 190433933810.000000
0.127930 -0.865967 -0.451660 0.732020 3.355091 1.037028 190433935614.000000
0.130371 -0.868408 -0.450439 0.671018 2.806076 0.854023 190433937417.000000
0.134033 -0.866455 -0.452881 0.610016 2.745074 0.854023 190433939219.000000
0.135010 -0.869385 -0.453857 0.732020 2.684072 0.854023 190433941027.000000
0.134766 -0.871826 -0.453369 0.366010 2.745074 0.549015 190433942840.000000
0.132568 -0.870605 -0.452393 0.549015 2.684072 0.732020 190433944643.000000
0.132568 -0.871582 -0.445313 0.427012 2.623071 0.610016 190433946450.000000
0.131592 -0.869873 -0.452637 0.549015 2.440066 0.488013 190433948258.000000
0.137451 -0.871094 -0.446045 0.427012 2.379064 0.549015 190433950060.000000
0.135498 -0.872803 -0.454834 0.183005 2.379064 0.488013 190433951863.000000
0.134033 -0.871826 -0.452637 0.244007 2.257061 0.366010 190433953671.000000
0.136475 -0.875000 -0.447266 0.610016 2.196059 -0.122003 190433955479.000000
0.135254 -0.872070 -0.451172 0.000000 1.769048 0.000000 190433957284.000000
0.131348 -0.876221 -0.446289 -0.122003 2.013054 0.061002 190433959087.000000
0.135010 -0.875488 -0.445068 0.000000 1.891051 -0.122003 190433960894.000000
0.137451 -0.873047 -0.446045 -0.122003 1.891051 0.061002 190433962696.000000
0.138672 -0.876709 -0.449707 0.061002 1.952053 0.000000 190433964500.000000
0.136230 -0.874023 -0.444824 0.061002 1.830049 -0.122003 190433966303.000000
0.135986 -0.876221 -0.444092 -0.122003 2.074056 0.061002 190433968115.000000
0.139404 -0.872314 -0.449707 -0.061002 1.647044 -0.427012 190433970004.000000
0.135742 -0.873535 -0.448486 0.061002 1.708046 -0.244007 190433971952.000000
0.136963 -0.872803 -0.442383 -0.183005 1.464040 -0.061002 190433973862.000000
0.134033 -0.874023 -0.446289 -0.244007 2.013054 -0.427012 190433975742.000000
0.134766 -0.873779 -0.450195 -0.366010 1.525041 -0.305008 190433977551.000000
0.132568 -0.871338 -0.446533 -0.366010 1.342036 -0.366010 190433979353.000000
0.137695 -0.871582 -0.446533 -0.305008 1.403038 -0.244007 190433981158.000000
0.136719 -0.872559 -0.447998 -0.244007 1.159031 -0.549015 190433982963.000000
0.141602 -0.866211 -0.443848 -0.427012 1.464040 -0.671018 190433984774.000000
0.138428 -0.869141 -0.446777 -0.549015 1.464040 -0.427012 190433986575.000000
0.140137 -0.864502 -0.441406 -0.488013 1.220033 -0.427012 190433988376.000000
0.141357 -0.866455 -0.448486 -0.549015 0.671018 -0.671018 190433990178.000000
0.141357 -0.869141 -0.455078 -0.732020 1.403038 -0.732020 190433991979.000000
0.137451 -0.864502 -0.437744 -0.854023 1.037028 -0.671018 190433993780.000000
0.143555 -0.860107 -0.444092 -1.098030 0.732020 -0.854023 190433995587.000000
0.143799 -0.865234 -0.438965 -0.976026 0.732020 -0.793021 190433997390.000000
0.140869 -0.868652 -0.438477 -1.037028 0.793021 -1.159031 190433999191.000000
0.142090 -0.867676 -0.442139 -1.098030 0.854023 -1.403038 190434000995.000000
0.143799 -0.863770 -0.449951 -1.220033 0.732020 -1.098030 190434002796.000000
0.141846 -0.867188 -0.442627 -0.976026 0.671018 -1.037028 190434004598.000000
0.138916 -0.865479 -0.443359 -1.342036 0.915025 -1.281035 190434006399.000000
0.140137 -0.868896 -0.444336 -1.342036 0.427012 -1.403038 190434008200.000000
0.138428 -0.867432 -0.441895 -1.464040 0.366010 -1.281035 190434010001.000000
0.141846 -0.872559 -0.442383 -1.525041 0.366010 -1.403038 190434011803.000000
0.140869 -0.871582 -0.444824 -1.342036 0.305008 -1.708046 190434013605.000000
0.143066 -0.869629 -0.452148 -1.403038 0.183005 -1.586043 190434015410.000000
0.141357 -0.872070 -0.450439 -1.525041 0.366010 -1.464040 190434017211.000000
0.141602 -0.868164 -0.444336 -1.708046 0.183005 -1.281035 190434019012.000000
0.140381 -0.871582 -0.442383 -1.464040 0.000000 -1.403038 190434020815.000000
0.140869 -0.871338 -0.444336 -1.525041 0.000000 -1.586043 190434022619.000000
0.144775 -0.870850 -0.445313 -1.464040 0.183005 -1.403038 190434024425.000000
0.140137 -0.873779 -0.443604 -1.769048 -0.305008 -1.586043 190434026227.000000
0.138184 -0.873291 -0.444092 -1.464040 -0.549015 -1.586043 190434028035.000000
0.138428 -0.876221 -0.439941 -1.342036 -0.305008 -1.342036 190434029836.000000
0.142334 -0.877686 -0.441895 -1.403038 -0.915025 -1.342036 190434031637.000000
0.140137 -0.877197 -0.440918 -1.403038 -0.671018 -1.281035 190434033438.000000
0.137695 -0.874268 -0.439453 -1.403038 -0.793021 -1.586043 190434035240.000000
0.140137 -0.875244 -0.444092 -1.342036 -1.037028 -1.464040 190434037042.000000
0.140137 -0.875488 -0.442139 -1.525041 -1.586043 -1.586043 190434038845.000000
0.142334 -0.875488 -0.444580 -1.403038 -1.464040 -1.586043 190434040645.000000
0.139648 -0.874512 -0.441406 -1.464040 -1.281035 -1.403038 190434042447.000000
0.143311 -0.875732 -0.443115 -1.220033 -1.464040 -1.525041 190434044255.000000
0.144287 -0.879639 -0.444336 -1.342036 -1.830049 -1.891051 190434046057.000000
0.140625 -0.874023 -0.447998 -1.342036 -2.074056 -1.830049 190434047859.000000
0.142578 -0.874268 -0.447021 -1.403038 -2.013054 -1.830049 190434049661.000000
0.140869 -0.876221 -0.446045 -1.342036 -1.952053 -1.525041 190434051462.000000
0.143311 -0.879395 -0.439453 -1.159031 -2.196059 -1.769048 190434053264.000000
0.143311 -0.874023 -0.440674 -1.281035 -2.196059 -1.952053 190434055073.000000
0.142822 -0.875977 -0.436523 -1.098030 -1.891051 -1.891051 190434056875.000000
0.139893 -0.877686 -0.444580 -1.403038 -2.257061 -1.830049 190434058676.000000
0.139648 -0.872070 -0.443359 -1.220033 -2.379064 -2.013054 190434060477.000000
0.142334 -0.874756 -0.444580 -1.403038 -2.379064 -2.196059 190434062279.000000
0.141846 -0.876465 -0.440918 -1.403038 -2.318063 -2.074056 190434064081.000000
0.140381 -0.876953 -0.443848 -1.281035 -2.318063 -1.952053 190434065886.000000
0.138916 -0.872070 -0.444092 -1.403038 -2.562069 -2.135058 190434067688.000000
0.140869 -0.873291 -0.442383 -1.281035 -2.806076 -2.074056 190434069489.000000
0.141846 -0.870361 -0.443115 -1.586043 -2.806076 -2.074056 190434071291.000000
0.142822 -0.876221 -0.447998 -1.342036 -2.440066 -2.318063 190434073093.000000
0.142090 -0.877930 -0.443604 -1.098030 -2.989081 -2.501068 190434074902.000000
0.136963 -0.875000 -0.445557 -1.220033 -3.111084 -2.318063 190434076707.000000
0.141357 -0.873047 -0.447266 -1.037028 -3.050082 -2.501068 190434078512.000000
0.141357 -0.874756 -0.444580 -1.281035 -3.294089 -2.440066 190434080314.000000
0.142090 -0.876221 -0.448730 -1.342036 -3.233087 -2.562069 190434082118.000000
0.139160 -0.873291 -0.451416 -1.281035 -3.233087 -2.562069 190434083919.000000
0.142578 -0.869873 -0.451416 -1.342036 -3.233087 -2.684072 190434085725.000000
0.140625 -0.867676 -0.459473 -1.647044 -3.477094 -2.745074 190434087527.000000
0.135986 -0.864990 -0.452881 -1.647044 -3.843104 -2.623071 190434089329.000000
0.140869 -0.869629 -0.455078 -1.891051 -3.721100 -2.684072 190434091133.000000
0.142334 -0.871582 -0.457520 -2.074056 -3.904105 -2.806076 190434092934.000000
0.139160 -0.866943 -0.451172 -2.257061 -3.843104 -2.684072 190434094739.000000
0.139160 -0.864014 -0.455566 -2.135058 -4.087110 -2.867077 190434096540.000000
0.140381 -0.861328 -0.457520 -2.379064 -4.270115 -3.111084 190434098343.000000
0.139893 -0.860352 -0.451904 -2.379064 -4.026109 -3.111084 190434100144.000000
0.141113 -0.859863 -0.455078 -2.440066 -4.209114 -3.172086 190434101945.000000
0.138184 -0.861084 -0.458252 -2.440066 -4.392119 -3.172086 190434103746.000000
0.141113 -0.858643 -0.459717 -2.684072 -4.453120 -3.477094 190434105557.000000
0.139893 -0.859863 -0.454346 -2.867077 -4.270115 -3.233087 190434107358.000000
0.135498 -0.860107 -0.454590 -2.562069 -4.758128 -3.233087 190434109161.000000
0.138428 -0.859863 -0.456787 -3.111084 -4.575124 -3.233087 190434110963.000000
0.143066 -0.857178 -0.457764 -2.989081 -4.453120 -3.233087 190434112763.000000
0.140381 -0.856689 -0.462402 -3.172086 -4.209114 -3.355091 190434114572.000000
0.135498 -0.854004 -0.458252 -3.294089 -4.514122 -3.233087 190434116376.000000
0.134521 -0.858887 -0.462158 -3.172086 -4.880132 -3.538096 190434118178.000000
0.136963 -0.860107 -0.463379 -3.294089 -4.575124 -3.599097 190434119979.000000
0.133545 -0.860352 -0.459717 -3.477094 -4.758128 -3.538096 190434121780.000000
0.137207 -0.858154 -0.464844 -3.294089 -5.002135 -3.477094 190434123582.000000
0.139160 -0.858887 -0.468262 -3.660099 -4.697127 -3.782102 190434125386.000000
0.140625 -0.861084 -0.457275 -4.026109 -5.002135 -3.599097 190434127189.000000
0.140137 -0.860840 -0.460693 -3.782102 -5.368145 -3.599097 190434128991.000000
0.141357 -0.859375 -0.462646 -3.782102 -5.368145 -3.782102 190434130791.000000
0.137939 -0.864746 -0.458252 -3.965107 -5.368145 -3.782102 190434132596.000000
0.138428 -0.862549 -0.462402 -3.965107 -5.185140 -3.721100 190434134402.000000
0.136230 -0.861328 -0.463135 -3.843104 -5.368145 -3.416092 190434136205.000000
0.139404 -0.862305 -0.464355 -3.965107 -5.612152 -3.843104 190434138006.000000
0.140381 -0.858887 -0.466797 -4.087110 -5.063137 -3.660099 190434139807.000000
0.137939 -0.859863 -0.465088 -4.087110 -5.185140 -3.477094 190434141608.000000
0.141357 -0.859375 -0.469482 -3.965107 -5.002135 -3.660099 190434143413.000000
0.135742 -0.855469 -0.468994 -4.026109 -5.185140 -3.782102 190434145215.000000
0.136719 -0.857178 -0.471680 -4.087110 -5.246142 -3.416092 190434147020.000000
0.140869 -0.854492 -0.467773 -4.087110 -5.063137 -3.477094 190434148822.000000
0.137939 -0.854492 -0.466064 -4.026109 -5.002135 -3.599097 190434150625.000000
0.141113 -0.853027 -0.466797 -4.270115 -4.758128 -3.477094 190434152426.000000
0.141602 -0.854736 -0.464844 -4.331117 -4.697127 -3.172086 190434154228.000000
0.141846 -0.852539 -0.469727 -4.392119 -4.697127 -3.294089 190434156029.000000
0.142578 -0.854492 -0.472900 -4.270115 -4.514122 -3.233087 190434157832.000000
0.143066 -0.850830 -0.477539 -4.270115 -4.331117 -3.111084 190434159633.000000
0.143799 -0.850586 -0.473145 -4.270115 -4.148112 -3.111084 190434161433.000000
0.137695 -0.853516 -0.470703 -4.148112 -4.148112 -3.355091 190434163235.000000
0.142822 -0.851074 -0.471924 -4.209114 -3.599097 -3.172086 190434165038.000000
0.147217 -0.851807 -0.473389 -4.209114 -3.355091 -3.233087 190434166839.000000
0.141602 -0.849609 -0.474854 -3.843104 -3.416092 -3.050082 190434168643.000000
0.142334 -0.852051 -0.472900 -4.331117 -3.294089 -3.050082 190434170444.000000
0.146484 -0.856689 -0.477539 -4.026109 -3.233087 -2.867077 190434172251.000000
0.151367 -0.857910 -0.473633 -3.965107 -2.623071 -3.050082 190434174053.000000
0.148438 -0.859131 -0.476074 -4.453120 -2.745074 -3.111084 190434175855.000000
0.149902 -0.857178 -0.476807 -4.148112 -2.684072 -3.111084 190434177655.000000
0.146973 -0.856445 -0.467773 -4.087110 -2.562069 -2.745074 190434179457.000000
0.146484 -0.853516 -0.473145 -4.148112 -2.440066 -2.928079 190434181259.000000
0.147217 -0.856201 -0.476318 -4.148112 -2.684072 -3.050082 190434183060.000000
0.149658 -0.856201 -0.476807 -4.148112 -2.318063 -3.111084 190434184919.000000
0.148438 -0.857910 -0.475830 -4.209114 -2.013054 -3.111084 190434186722.000000
0.142822 -0.858643 -0.474365 -3.965107 -2.257061 -2.806076 190434188531.000000
0.149414 -0.856689 -0.478516 -3.843104 -2.196059 -2.745074 190434190333.000000
0.149170 -0.853760 -0.481934 -3.965107 -1.891051 -2.745074 190434192135.000000
0.148682 -0.853271 -0.480713 -3.660099 -2.013054 -2.745074 190434193937.000000
0.150146 -0.857178 -0.473389 -3.721100 -1.830049 -2.623071 190434195756.000000
0.148193 -0.853516 -0.472656 -3.660099 -1.769048 -2.623071 190434197559.000000
0.148438 -0.856689 -0.477783 -3.538096 -1.891051 -2.806076 190434199360.000000
0.146729 -0.856201 -0.476563 -3.233087 -1.891051 -2.501068 190434201164.000000
0.151367 -0.858398 -0.476563 -3.477094 -1.464040 -2.501068 190434202966.000000
0.145996 -0.855713 -0.479980 -3.111084 -1.525041 -2.562069 190434204772.000000
0.150391 -0.856445 -0.466553 -3.050082 -1.464040 -2.257061 190434206574.000000
0.144043 -0.853271 -0.478760 -3.172086 -1.647044 -2.440066 190434208375.000000
0.147461 -0.852539 -0.482666 -3.111084 -1.647044 -2.379064 190434210175.000000
0.152588 -0.859131 -0.478760 -2.745074 -1.586043 -2.318063 190434211976.000000
0.149414 -0.859375 -0.474854 -2.867077 -1.647044 -2.135058 190434213778.000000
0.151855 -0.855225 -0.471436 -2.440066 -1.769048 -1.952053 190434215587.000000
0.154785 -0.859375 -0.470215 -2.440066 -1.403038 -1.891051 190434217388.000000
0.156006 -0.859863 -0.473145 -2.501068 -1.525041 -2.013054 190434219189.000000
0.149902 -0.856445 -0.468506 -2.135058 -1.403038 -1.586043 190434220997.000000
0.152832 -0.859375 -0.472656 -2.440066 -1.464040 -1.647044 190434222801.000000
0.151611 -0.854248 -0.475586 -2.135058 -1.037028 -1.830049 190434224606.000000
0.151367 -0.856445 -0.475098 -2.379064 -1.098030 -1.403038 190434226410.000000
0.149658 -0.857178 -0.472656 -2.135058 -1.647044 -1.281035 190434228212.000000
0.153809 -0.854004 -0.474365 -1.830049 -0.915025 -1.281035 190434230021.000000
0.153564 -0.852539 -0.477051 -1.708046 -0.915025 -1.159031 190434231822.000000
0.149414 -0.854736 -0.472656 -1.769048 -0.732020 -1.037028 190434233623.000000
0.151611 -0.853760 -0.469482 -1.830049 -0.793021 -0.793021 190434235426.000000
0.150635 -0.855713 -0.468506 -1.586043 -0.549015 -0.793021 190434237228.000000
0.152344 -0.856689 -0.469727 -1.525041 -0.549015 -0.610016 190434239029.000000
0.149170 -0.856689 -0.469971 -1.403038 -0.427012 -0.427012 190434240830.000000
0.153809 -0.854248 -0.468506 -1.464040 -0.305008 -0.671018 190434242634.000000
0.149170 -0.854736 -0.466797 -1.708046 -0.366010 -0.366010 190434244441.000000
0.151611 -0.855225 -0.464844 -1.403038 0.000000 -0.549015 190434246243.000000
0.147705 -0.854248 -0.469238 -1.342036 -0.122003 -0.061002 190434248044.000000
0.149170 -0.856934 -0.471436 -1.403038 0.183005 -0.366010 190434249845.000000
0.150391 -0.858398 -0.460449 -1.403038 0.305008 -0.122003 190434251646.000000
0.149658 -0.857178 -0.467041 -1.220033 0.366010 -0.244007 190434253449.000000
0.152344 -0.857178 -0.471436 -1.220033 0.366010 -0.122003 190434255253.000000
0.150635 -0.857910 -0.460693 -1.342036 0.488013 0.061002 190434257055.000000
0.146973 -0.859131 -0.473145 -1.220033 0.366010 -0.061002 190434258856.000000
0.146729 -0.861084 -0.475586 -1.098030 0.488013 0.427012 190434260657.000000
0.143311 -0.861816 -0.468262 -1.037028 0.854023 0.244007 190434262458.000000
0.144043 -0.859863 -0.468506 -1.159031 0.732020 0.366010 190434264264.000000
0.141113 -0.867920 -0.465088 -0.976026 0.732020 0.488013 190434266068.000000
0.141846 -0.864990 -0.465088 -1.037028 1.098030 0.427012 190434267869.000000
0.142334 -0.863770 -0.468018 -0.976026 0.915025 0.305008 190434269671.000000
0.145264 -0.868896 -0.465576 -1.220033 1.098030 0.549015 190434271473.000000
0.143066 -0.868652 -0.472168 -1.220033 0.976026 0.488013 190434273274.000000
0.143066 -0.864502 -0.471680 -1.220033 1.098030 0.610016 190434275076.000000
0.144287 -0.866211 -0.470215 -1.220033 1.403038 0.549015 190434276878.000000
0.140869 -0.865234 -0.477783 -1.037028 1.281035 0.610016 190434278679.000000
0.143066 -0.864014 -0.472900 -0.976026 1.342036 0.610016 190434280481.000000
0.143799 -0.866211 -0.470459 -1.281035 1.342036 0.793021 190434282282.000000
0.144775 -0.865967 -0.473633 -1.525041 1.891051 0.610016 190434284097.000000
0.147949 -0.865967 -0.466064 -1.342036 1.952053 0.610016 190434285909.000000
0.144043 -0.867676 -0.469238 -1.464040 2.074056 0.366010 190434287711.000000
0.146484 -0.867188 -0.467529 -1.220033 2.013054 0.732020 190434289512.000000
0.148682 -0.870605 -0.468994 -1.098030 2.013054 0.488013 190434291313.000000
0.149658 -0.868164 -0.470215 -1.403038 2.135058 0.549015 190434293115.000000
0.148926 -0.858643 -0.466309 -1.342036 2.440066 0.549015 190434294922.000000
0.152832 -0.860840 -0.468262 -1.220033 2.379064 0.549015 190434296723.000000
0.146729 -0.858643 -0.467773 -1.403038 2.013054 0.427012 190434298524.000000
0.152588 -0.857910 -0.468750 -1.586043 1.952053 0.427012 190434300325.000000
0.150879 -0.857422 -0.469727 -1.464040 2.318063 0.488013 190434302126.000000
0.151611 -0.860107 -0.467529 -1.586043 2.623071 0.305008 190434303927.000000
0.151367 -0.852295 -0.475586 -1.464040 2.257061 0.305008 190434305731.000000
0.148926 -0.851807 -0.468506 -1.769048 2.257061 0.122003 190434307533.000000
0.153320 -0.853516 -0.462646 -1.891051 2.318063 0.244007 190434309337.000000
0.154297 -0.852295 -0.463379 -1.647044 2.257061 0.061002 190434311139.000000
0.151855 -0.849609 -0.465576 -1.647044 2.257061 -0.061002 190434312940.000000
0.150146 -0.846436 -0.468750 -1.769048 2.196059 0.061002 190434314744.000000
0.150879 -0.849365 -0.469971 -1.952053 2.440066 0.122003 190434316548.000000
0.150635 -0.847900 -0.469971 -1.952053 2.257061 0.183005 190434318351.000000
0.152344 -0.847168 -0.467041 -1.891051 2.379064 0.000000 190434320153.000000
0.149414 -0.844971 -0.463867 -1.769048 1.952053 0.122003 190434321954.000000
0.152100 -0.846680 -0.463867 -1.830049 1.891051 -0.122003 190434323756.000000
0.150635 -0.846191 -0.469727 -1.952053 2.318063 -0.061002 190434325562.000000
0.153320 -0.845215 -0.477539 -2.013054 2.318063 -0.183005 190434327365.000000
0.154541 -0.844727 -0.474609 -2.013054 2.135058 -0.122003 190434329166.000000
0.156006 -0.850098 -0.471924 -1.891051 1.952053 -0.061002 190434330967.000000
0.151367 -0.849121 -0.475342 -2.074056 1.891051 -0.427012 190434332771.000000
0.150879 -0.846680 -0.474609 -2.257061 1.647044 -0.488013 190434334574.000000
0.150879 -0.845459 -0.474609 -2.196059 1.769048 -0.122003 190434336375.000000
0.152588 -0.848145 -0.467773 -2.074056 1.952053 -0.122003 190434338176.000000
0.151855 -0.854736 -0.471436 -2.013054 1.403038 -0.061002 190434339977.000000
0.153564 -0.854004 -0.471436 -1.830049 1.525041 0.061002 190434341779.000000
0.149902 -0.852051 -0.479492 -2.013054 1.708046 -0.183005 190434343580.000000
0.151123 -0.859131 -0.477051 -2.074056 1.464040 -0.061002 190434345382.000000
0.152344 -0.858643 -0.479736 -1.647044 1.464040 0.122003 190434347183.000000
0.152832 -0.861084 -0.478516 -1.525041 1.037028 -0.061002 190434348985.000000
0.153809 -0.860840 -0.477539 -1.342036 1.342036 -0.305008 190434350787.000000
0.151367 -0.857666 -0.479980 -1.708046 1.159031 0.000000 190434352589.000000
0.153809 -0.861328 -0.470703 -1.220033 1.098030 0.122003 190434354391.000000
0.154541 -0.863281 -0.476074 -1.403038 1.098030 0.183005 190434356192.000000
0.154297 -0.865723 -0.469482 -1.464040 1.037028 0.183005 190434357993.000000
0.151855 -0.865723 -0.474365 -1.403038 1.037028 0.305008 190434359794.000000
0.156738 -0.867432 -0.472168 -0.976026 1.098030 -0.061002 190434361597.000000
0.150635 -0.868896 -0.471191 -1.098030 0.976026 0.061002 190434363397.000000
0.150879 -0.867676 -0.475098 -0.915025 0.915025 0.305008 190434365200.000000
0.153076 -0.867920 -0.465820 -0.732020 0.732020 0.305008 190434367002.000000
0.152344 -0.865479 -0.465088 -0.793021 0.854023 0.244007 190434368802.000000
0.150879 -0.865967 -0.469238 -0.854023 0.915025 0.183005 190434370603.000000
0.156250 -0.864258 -0.477051 -0.610016 0.671018 0.061002 190434372405.000000
0.156250 -0.863037 -0.472168 -0.671018 0.427012 0.061002 190434374207.000000
0.154053 -0.862549 -0.469238 -0.732020 0.732020 0.305008 190434376009.000000
0.153809 -0.865723 -0.458008 -0.610016 0.488013 0.061002 190434377811.000000
0.151367 -0.867676 -0.459473 -0.549015 0.488013 0.000000 190434379611.000000
0.156738 -0.868164 -0.463867 -0.732020 0.305008 -0.244007 190434381413.000000
0.156006 -0.865723 -0.462891 -0.488013 0.610016 -0.061002 190434383215.000000
0.157471 -0.867432 -0.474121 -0.671018 0.366010 0.000000 190434385022.000000
0.157715 -0.870361 -0.464111 -0.915025 0.183005 -0.061002 190434386826.000000
0.157715 -0.865967 -0.467285 -0.549015 0.244007 -0.244007 190434388629.000000
0.158936 -0.870117 -0.464355 -0.671018 0.305008 -0.183005 190434390431.000000
0.157959 -0.867676 -0.469727 -0.793021 0.305008 -0.183005 190434392233.000000
0.156494 -0.867676 -0.463135 -0.793021 0.122003 -0.183005 190434394041.000000
0.154541 -0.870117 -0.454590 -0.671018 0.122003 -0.305008 190434395839.000000
0.156738 -0.871094 -0.467041 -0.732020 0.061002 -0.305008 190434397641.000000
0.153809 -0.865479 -0.460938 -0.732020 -0.244007 -0.183005 190434399443.000000
0.157715 -0.865967 -0.459717 -0.732020 -0.183005 -0.488013 190434401244.000000
0.153076 -0.870605 -0.457031 -0.732020 -0.183005 -0.305008 190434403046.000000
0.152832 -0.868652 -0.457031 -0.793021 -0.610016 -0.427012 190434404849.000000
0.144775 -0.870850 -0.470215 -0.793021 -0.549015 -0.366010 190434406651.000000
0.148926 -0.869141 -0.464844 -0.915025 -0.793021 -0.305008 190434408452.000000
0.149902 -0.869141 -0.464600 -0.793021 -0.854023 -0.122003 190434410253.000000
0.150635 -0.869873 -0.461914 -0.671018 -1.098030 -0.427012 190434412054.000000
0.153809 -0.868408 -0.464844 -0.610016 -1.098030 -0.305008 190434413855.000000
0.150635 -0.868164 -0.460449 -0.854023 -1.159031 -0.244007 190434415662.000000
0.151367 -0.867920 -0.466064 -0.732020 -1.037028 -0.305008 190434417464.000000
0.151611 -0.866943 -0.467041 -0.427012 -1.220033 -0.488013 190434419265.000000
0.154541 -0.865479 -0.459961 -0.732020 -1.220033 -0.366010 190434421066.000000
0.158691 -0.867432 -0.465088 -0.671018 -1.281035 -0.183005 190434422867.000000
0.156250 -0.869141 -0.467773 -0.732020 -1.464040 -0.366010 190434424672.000000
0.158203 -0.864990 -0.460938 -0.549015 -1.586043 0.000000 190434426470.000000
0.156738 -0.864746 -0.460938 -0.549015 -1.769048 -0.061002 190434428271.000000
0.160645 -0.866211 -0.461426 -0.366010 -1.586043 -0.061002 190434430072.000000
0.158203 -0.864990 -0.463623 -0.488013 -0.854023 -0.183005 190434431877.000000
0.158936 -0.862549 -0.466797 -0.427012 -1.220033 -0.244007 190434433682.000000
0.159668 -0.864746 -0.462402 -0.366010 -1.281035 -0.305008 190434435491.000000
0.160400 -0.861084 -0.464844 -0.122003 -1.342036 -0.244007 190434437293.000000
0.160889 -0.858398 -0.467529 -0.305008 -1.586043 -0.061002 190434439095.000000
0.159912 -0.862549 -0.466309 -0.183005 -0.976026 0.122003 190434440897.000000
0.158936 -0.861328 -0.469727 -0.061002 -1.037028 -0.061002 190434442698.000000
0.159180 -0.858398 -0.464600 -0.122003 -0.793021 0.000000 190434444502.000000
0.157227 -0.854736 -0.462402 0.122003 -1.098030 0.183005 190434446304.000000
0.160889 -0.856689 -0.466797 -0.183005 -1.037028 0.488013 190434448105.000000
0.154297 -0.856689 -0.465820 0.000000 -1.037028 0.122003 190434449906.000000
0.157227 -0.852783 -0.468018 0.061002 -0.793021 0.427012 190434451706.000000
0.153076 -0.855225 -0.468994 0.488013 -1.098030 0.610016 190434453507.000000
0.152344 -0.858154 -0.471680 0.122003 -0.793021 0.549015 190434455310.000000
0.154297 -0.858643 -0.469238 0.305008 -0.976026 0.488013 190434457111.000000
0.151123 -0.856934 -0.468262 0.488013 -0.976026 0.854023 190434458913.000000
0.152588 -0.854492 -0.475342 0.732020 -0.793021 0.854023 190434460716.000000
0.151611 -0.853760 -0.473389 0.427012 -0.915025 1.037028 190434462517.000000
0.147949 -0.855225 -0.469971 0.488013 -0.671018 0.976026 190434464319.000000
0.148926 -0.852295 -0.474609 0.732020 -0.610016 0.793021 190434466120.000000
0.148438 -0.854004 -0.469482 0.671018 -0.671018 1.098030 190434467920.000000
0.150391 -0.856201 -0.467285 0.793021 -0.610016 1.098030 190434469721.000000
0.147461 -0.860107 -0.478271 0.915025 -0.427012 1.281035 190434471522.000000
0.148438 -0.858154 -0.473145 0.793021 -0.305008 1.281035 190434473324.000000
0.146973 -0.856445 -0.476074 0.915025 -0.610016 1.159031 190434475125.000000
0.140137 -0.855469 -0.473145 1.037028 -0.610016 1.281035 190434476928.000000
0.147461 -0.854736 -0.472656 0.854023 -0.427012 1.403038 190434478729.000000
0.144043 -0.854980 -0.470459 0.915025 -0.305008 1.708046 190434480530.000000
0.141602 -0.854736 -0.477295 1.159031 -0.244007 1.769048 190434482330.000000
0.142578 -0.851807 -0.480713 0.976026 -0.244007 1.403038 190434484141.000000
0.144287 -0.854980 -0.475830 0.915025 -0.305008 1.403038 190434485942.000000
0.143066 -0.853516 -0.477295 0.915025 -0.183005 1.403038 190434487744.000000
0.141357 -0.846436 -0.475098 0.915025 -0.305008 1.525041 190434489545.000000
0.140381 -0.849121 -0.473877 0.976026 -0.244007 1.647044 190434491346.000000
0.144531 -0.847412 -0.469238 0.549015 0.000000 1.525041 190434493151.000000
0.141846 -0.844971 -0.472900 0.671018 -0.183005 1.464040 190434494954.000000
0.143066 -0.846191 -0.477051 0.793021 0.305008 1.220033 190434496756.000000
0.143311 -0.846680 -0.471680 0.915025 0.488013 1.220033 190434498556.000000
0.144043 -0.848389 -0.473389 0.854023 0.366010 1.525041 190434500359.000000
0.147217 -0.847656 -0.472168 0.915025 -0.122003 1.586043 190434502160.000000
0.141113 -0.841553 -0.472168 0.488013 0.183005 1.647044 190434503961.000000
0.140625 -0.843018 -0.478516 0.854023 0.488013 1.464040 190434505812.000000
0.138916 -0.842529 -0.472168 0.610016 0.488013 1.464040 190434507614.000000
0.141113 -0.842773 -0.472412 0.610016 0.732020 1.403038 190434509416.000000
0.141113 -0.844971 -0.475098 0.732020 0.976026 1.769048 190434511217.000000
0.141357 -0.847412 -0.479248 0.366010 0.854023 1.586043 190434513020.000000
0.138184 -0.845947 -0.475098 0.549015 1.220033 1.403038 190434514826.000000
0.136719 -0.848877 -0.475830 0.610016 1.464040 1.708046 190434516629.000000
0.139893 -0.847900 -0.475342 0.488013 1.525041 1.647044 190434518431.000000
0.141357 -0.852783 -0.477783 0.305008 1.708046 1.769048 190434520232.000000
0.136230 -0.843750 -0.486572 0.549015 1.586043 1.769048 190434522033.000000
0.136963 -0.849121 -0.482666 0.183005 1.586043 1.647044 190434523835.000000
0.134277 -0.846680 -0.478760 0.244007 1.586043 1.769048 190434525638.000000
0.132324 -0.848145 -0.478516 0.366010 1.830049 1.769048 190434527440.000000
0.135498 -0.847412 -0.481445 0.244007 2.013054 1.708046 190434529242.000000
0.132813 -0.844727 -0.478516 0.122003 2.379064 1.586043 190434531043.000000
0.134521 -0.843750 -0.471924 0.305008 1.891051 1.464040 190434532845.000000
0.133301 -0.844482 -0.478271 -0.244007 2.013054 1.647044 190434534648.000000
0.134033 -0.844482 -0.480469 0.000000 2.196059 1.586043 190434536449.000000
0.134521 -0.841797 -0.479980 -0.061002 2.135058 1.525041 190434538251.000000
0.132568 -0.837891 -0.478027 -0.122003 2.074056 1.464040 190434540052.000000
0.132324 -0.835205 -0.484375 -0.305008 2.013054 1.281035 190434541853.000000
0.131836 -0.839355 -0.480225 -0.366010 2.196059 1.464040 190434543660.000000
0.131104 -0.839844 -0.475098 -0.488013 1.830049 1.342036 190434545462.000000
0.132568 -0.835449 -0.479736 -0.610016 2.074056 1.159031 190434547263.000000
0.130127 -0.831787 -0.481934 -0.732020 2.074056 1.098030 190434549064.000000
0.124756 -0.834961 -0.474121 -0.488013 1.769048 0.915025 190434550866.000000
0.123779 -0.836426 -0.480469 -0.488013 1.830049 0.732020 190434552666.000000
0.123047 -0.839844 -0.475586 -0.793021 1.586043 0.732020 190434554468.000000
0.130127 -0.834717 -0.484375 -0.854023 1.525041 0.915025 190434556269.000000
0.132813 -0.838379 -0.485107 -0.854023 1.525041 0.793021 190434558072.000000
0.130615 -0.833252 -0.482422 -0.793021 1.281035 0.610016 190434559873.000000
0.129883 -0.838135 -0.487305 -0.915025 1.342036 0.305008 190434561674.000000
0.130615 -0.838867 -0.482910 -1.403038 1.281035 0.366010 190434563474.000000
0.135254 -0.837891 -0.486328 -1.220033 0.915025 0.183005 190434565276.000000
0.133545 -0.837646 -0.483643 -1.220033 1.220033 0.122003 190434567077.000000
0.129883 -0.840088 -0.479248 -1.281035 1.098030 -0.183005 190434568878.000000
0.130859 -0.840820 -0.481689 -1.220033 0.976026 -0.244007 190434570680.000000
0.132080 -0.843994 -0.488281 -1.220033 0.793021 -0.244007 190434573075.000000
0.128662 -0.843506 -0.478760 -1.525041 0.244007 -0.610016 190434574897.000000
0.132324 -0.849365 -0.488037 -1.464040 0.183005 -0.427012 190434576701.000000
0.130127 -0.850830 -0.481445 -1.464040 0.305008 -0.366010 190434578503.000000
0.134766 -0.851074 -0.481201 -1.586043 0.244007 -0.671018 190434580304.000000
0.135254 -0.853271 -0.483398 -1.464040 0.061002 -0.732020 190434582106.000000
0.130615 -0.859375 -0.475098 -1.403038 -0.488013 -0.976026 190434583907.000000
0.131836 -0.860840 -0.479004 -1.403038 -0.671018 -0.915025 190434585710.000000
0.134033 -0.863281 -0.478760 -1.464040 -0.793021 -0.671018 190434587516.000000
0.134277 -0.864990 -0.475586 -1.220033 -0.976026 -0.915025 190434589318.000000
0.134033 -0.862793 -0.477051 -0.915025 -0.854023 -0.793021 190434591121.000000
0.136230 -0.866943 -0.480957 -0.976026 -0.915025 -0.732020 190434592922.000000
0.137207 -0.871094 -0.478516 -0.854023 -1.281035 -0.854023 190434594724.000000
0.134766 -0.872803 -0.476318 -0.671018 -1.403038 -0.854023 190434596526.000000
0.131348 -0.868652 -0.473145 -0.732020 -1.647044 -0.854023 190434598327.000000
0.134521 -0.875732 -0.470703 -0.793021 -1.769048 -0.427012 190434600129.000000
0.134033 -0.870361 -0.473633 -0.549015 -2.013054 -0.427012 190434601930.000000
0.131348 -0.874268 -0.473389 -0.366010 -2.196059 -0.671018 190434603731.000000
0.131836 -0.876465 -0.468750 -0.244007 -2.135058 -0.427012 190434605533.000000
0.133301 -0.876465 -0.462402 -0.183005 -2.074056 -0.366010 190434607335.000000
0.133789 -0.879883 -0.463135 0.061002 -2.501068 -0.366010 190434609136.000000
0.133789 -0.875000 -0.464111 -0.122003 -2.684072 -0.427012 190434610936.000000
0.130371 -0.877686 -0.464844 0.183005 -2.501068 -0.366010 190434612741.000000
0.131592 -0.876465 -0.461914 0.183005 -2.196059 -0.183005 190434614545.000000
0.133789 -0.877441 -0.468506 0.122003 -2.257061 -0.244007 190434616347.000000
0.138672 -0.878174 -0.467773 0.427012 -2.684072 0.061002 190434618148.000000
0.137939 -0.873779 -0.460449 0.366010 -2.196059 0.122003 190434619949.000000
0.133301 -0.872314 -0.456299 0.427012 -2.074056 0.122003 190434621750.000000
0.136719 -0.873291 -0.454346 0.610016 -2.379064 0.000000 190434623551.000000
0.136719 -0.868652 -0.456055 0.427012 -2.257061 -0.061002 190434625355.000000
0.136719 -0.868408 -0.462158 0.427012 -2.135058 0.183005 190434627158.000000
0.142090 -0.863525 -0.454346 0.366010 -2.257061 0.061002 190434628960.000000
0.145264 -0.861816 -0.451172 0.244007 -2.196059 0.061002 190434630917.000000
0.141602 -0.869873 -0.454346 0.671018 -1.464040 0.122003 190434633835.000000
0.140869 -0.860596 -0.459717 0.244007 -1.647044 0.305008 190434636753.000000
0.140869 -0.862061 -0.458252 0.488013 -1.464040 0.244007 190434639668.000000
0.142578 -0.862793 -0.454346 0.488013 -1.281035 0.427012 190434642582.000000
0.147217 -0.858398 -0.456543 0.488013 -0.854023 0.305008 190434645501.000000
0.147461 -0.864990 -0.464600 0.183005 -0.854023 0.488013 190434648419.000000
0.148682 -0.861328 -0.465820 0.305008 -0.244007 0.427012 190434651334.000000
0.147217 -0.856934 -0.472656 0.000000 -0.366010 0.549015 190434654251.000000
0.150879 -0.860596 -0.470215 0.061002 0.244007 0.488013 190434657166.000000
0.147705 -0.863281 -0.471191 -0.244007 0.549015 0.671018 190434660080.000000
0.149902 -0.860840 -0.478760 0.000000 0.854023 0.915025 190434663008.000000
0.150146 -0.860596 -0.478516 0.122003 1.342036 0.915025 190434665924.000000
0.151367 -0.865723 -0.479248 -0.061002 1.708046 1.220033 190434668839.000000
0.148926 -0.861816 -0.470459 -0.244007 2.013054 1.220033 190434671755.000000
0.149170 -0.860596 -0.477539 0.061002 2.501068 1.403038 190434674673.000000
0.151123 -0.854492 -0.485352 0.244007 2.257061 1.647044 190434677588.000000
0.153564 -0.851807 -0.476807 0.244007 2.745074 1.769048 190434680502.000000
0.150635 -0.850586 -0.476074 0.671018 3.355091 1.525041 190434683416.000000
0.152344 -0.849609 -0.470703 0.549015 3.477094 1.769048 190434686333.000000
0.148438 -0.848877 -0.482666 0.671018 3.965107 2.074056 190434689249.000000
0.153076 -0.845215 -0.478027 0.793021 4.514122 2.013054 190434692166.000000
0.154541 -0.847656 -0.486816 1.037028 4.453120 2.318063 190434695102.000000
0.156250 -0.848633 -0.482178 1.098030 4.880132 2.562069 190434698020.000000
0.152100 -0.842285 -0.484619 1.342036 5.612152 2.501068 190434700935.000000
0.156250 -0.852539 -0.475586 1.403038 6.039163 2.501068 190434703859.000000
0.151367 -0.850830 -0.479980 1.281035 6.222168 2.684072 190434706774.000000
0.152832 -0.843262 -0.480957 1.464040 6.405173 2.562069 190434709698.000000
0.152100 -0.846191 -0.480957 1.403038 6.893186 3.050082 190434712613.000000
0.153320 -0.848633 -0.472412 1.708046 7.259196 2.806076 190434715537.000000
0.151367 -0.848145 -0.485107 1.830049 7.625206 3.111084 190434718452.000000
0.149902 -0.848145 -0.479004 1.708046 7.869212 2.867077 190434721368.000000
0.149170 -0.843994 -0.475830 1.708046 8.113219 3.599097 190434724294.000000
0.148926 -0.842285 -0.478516 1.586043 8.235222 3.416092 190434727210.000000
0.147949 -0.843994 -0.477783 1.769048 8.113219 3.660099 190434730152.000000
0.143799 -0.846680 -0.476074 1.647044 8.357226 3.904105 190434733069.000000
0.145264 -0.850342 -0.477783 1.342036 8.113219 3.904105 190434735993.000000
0.151611 -0.850586 -0.478516 1.525041 8.479229 3.843104 190434738908.000000
0.147949 -0.850830 -0.473633 1.403038 8.723236 3.965107 190434741822.000000
0.150879 -0.849854 -0.476807 1.647044 8.662234 3.660099 190434744740.000000
0.146973 -0.850098 -0.476318 1.525041 8.479229 3.843104 190434747655.000000
0.152588 -0.852295 -0.481934 1.830049 8.906240 3.782102 190434750570.000000
0.146729 -0.852295 -0.470703 1.647044 8.540231 3.904105 190434753485.000000
0.148926 -0.855957 -0.474609 1.830049 8.479229 3.843104 190434756403.000000
0.151367 -0.857666 -0.477539 1.708046 8.540231 3.965107 190434759317.000000
0.145508 -0.852783 -0.468018 1.891051 8.601232 3.965107 190434762233.000000
0.147949 -0.861084 -0.470703 2.135058 8.723236 4.026109 190434765151.000000
0.147461 -0.861084 -0.470459 2.074056 8.357226 4.026109 190434768067.000000
0.144531 -0.861084 -0.470703 1.952053 8.357226 4.148112 190434770982.000000
0.144531 -0.860596 -0.459473 2.196059 8.235222 4.392119 190434773897.000000
0.143799 -0.863525 -0.456299 2.440066 7.991216 4.148112 190434776859.000000
0.145264 -0.865479 -0.462158 2.318063 8.113219 4.209114 190434779775.000000
0.142334 -0.864990 -0.461182 2.501068 8.052217 4.148112 190434782690.000000
0.142334 -0.866211 -0.458496 2.379064 7.686208 4.148112 190434785617.000000
0.146729 -0.863770 -0.458740 2.257061 8.113219 4.087110 190434788534.000000
0.145508 -0.866455 -0.453613 2.318063 7.503203 3.904105 190434791450.000000
0.143799 -0.866943 -0.455566 2.379064 7.686208 3.721100 190434794367.000000
0.143555 -0.869141 -0.453369 2.318063 7.015189 3.782102 190434797282.000000
0.143311 -0.865479 -0.454590 2.318063 7.137193 3.538096 190434800196.000000
0.144775 -0.868652 -0.459229 2.501068 6.954188 3.721100 190434803118.000000
0.146484 -0.867920 -0.453857 2.135058 6.710181 3.416092 190434806035.000000
0.141846 -0.872559 -0.449219 2.379064 6.283170 3.294089 190434808951.000000
0.145508 -0.868896 -0.454834 2.135058 5.795156 3.294089 190434811864.000000
0.144043 -0.868652 -0.440674 2.196059 5.917160 2.989081 190434814787.000000
0.142334 -0.874023 -0.458984 2.196059 5.063137 2.989081 190434817705.000000
0.142090 -0.873291 -0.449219 2.074056 5.124138 2.928079 190434820621.000000
0.139893 -0.873047 -0.449219 1.891051 4.758128 2.684072 190434823536.000000
0.142822 -0.867920 -0.450195 2.135058 4.575124 2.684072 190434826460.000000
0.148926 -0.869873 -0.444580 1.952053 4.514122 2.562069 190434829378.000000
0.144043 -0.866211 -0.446289 2.013054 3.904105 2.623071 190434832321.000000
0.149902 -0.868164 -0.458252 1.525041 3.721100 2.501068 190434835240.000000
0.148438 -0.864990 -0.452148 1.464040 3.599097 2.501068 190434838155.000000
0.147217 -0.862061 -0.455811 1.281035 3.599097 2.379064 190434841068.000000
0.147705 -0.864990 -0.454346 1.220033 3.538096 2.379064 190434844022.000000
0.150391 -0.865479 -0.448975 1.403038 3.538096 2.135058 190434846963.000000
0.147705 -0.869141 -0.454834 1.037028 3.721100 2.196059 190434849880.000000
0.150635 -0.864990 -0.456543 1.281035 3.538096 2.257061 190434852798.000000
0.148193 -0.870850 -0.447754 1.159031 3.965107 2.196059 190434855716.000000
0.146240 -0.873047 -0.454346 1.037028 4.087110 2.318063 190434858631.000000
0.147705 -0.870361 -0.455078 0.976026 3.843104 2.379064 190434861559.000000
0.148438 -0.875488 -0.450928 0.915025 4.209114 2.318063 190434864477.000000
0.152588 -0.871582 -0.443604 0.732020 4.819130 2.440066 190434871963.000000
0.149414 -0.865723 -0.446289 0.732020 5.002135 2.440066 190434875119.000000
0.153564 -0.863281 -0.441406 0.549015 4.880132 2.440066 190434878056.000000
0.155518 -0.865234 -0.444336 0.549015 5.063137 2.684072 190434880977.000000
0.154785 -0.860352 -0.447754 0.366010 4.819130 2.379064 190434884060.000000
0.158203 -0.863770 -0.437012 0.488013 4.758128 2.257061 190434887110.000000
0.156250 -0.866455 -0.436768 0.061002 5.124138 2.379064 190434890034.000000
0.156982 -0.866943 -0.436279 0.061002 5.307143 2.013054 190434892945.000000
0.157959 -0.868652 -0.441650 -0.244007 5.307143 2.257061 190434895857.000000
0.156494 -0.862061 -0.434814 -0.183005 5.307143 1.830049 190434898774.000000
0.157471 -0.865479 -0.431152 -0.305008 5.063137 1.891051 190434901697.000000
0.159668 -0.870361 -0.435059 -0.549015 5.124138 1.708046 190434904617.000000
0.156738 -0.867920 -0.436279 -0.549015 5.368145 1.769048 190434907529.000000
0.156250 -0.869629 -0.441162 -0.427012 5.429147 1.708046 190434910438.000000
0.158691 -0.869385 -0.438721 -0.366010 5.063137 1.342036 190434913348.000000
0.160645 -0.873779 -0.437256 -0.427012 4.941133 1.403038 190434916271.000000
0.155518 -0.875000 -0.438232 -0.671018 4.819130 1.342036 190434919183.000000
0.160889 -0.877930 -0.442871 -0.915025 4.636125 1.464040 190434922097.000000
0.158203 -0.875244 -0.434326 -0.671018 4.392119 1.281035 190434925012.000000
0.159180 -0.877441 -0.442139 -0.610016 4.026109 1.220033 190434927925.000000
0.156982 -0.879150 -0.440674 -0.488013 3.843104 1.281035 190434930858.000000
0.155273 -0.880127 -0.445557 -0.671018 3.782102 1.159031 190434933860.000000
0.153564 -0.882324 -0.434082 -0.183005 3.782102 1.342036 190434935759.000000
0.157959 -0.882813 -0.437744 -0.427012 3.355091 1.342036 190434937567.000000
0.156006 -0.883789 -0.442627 -0.183005 3.111084 1.403038 190434939367.000000
0.153320 -0.880859 -0.437744 -0.122003 2.989081 1.342036 190434941166.000000
0.150391 -0.880371 -0.439209 -0.122003 2.745074 1.159031 190434942967.000000
0.155029 -0.876465 -0.442871 -0.183005 2.562069 1.342036 190434944770.000000
0.151611 -0.876465 -0.432373 -0.122003 2.074056 1.098030 190434946575.000000
0.156006 -0.875000 -0.440186 -0.122003 2.013054 1.098030 190434948384.000000
0.153076 -0.873291 -0.436768 -0.366010 2.013054 1.220033 190434950188.000000
0.153564 -0.871338 -0.437988 -0.183005 1.830049 1.220033 190434951990.000000
0.152100 -0.868896 -0.434082 -0.122003 1.403038 1.159031 190434953794.000000
0.154297 -0.870850 -0.432617 -0.244007 1.159031 0.915025 190434955605.000000
0.153320 -0.867676 -0.433838 -0.122003 1.220033 0.915025 190434957411.000000
0.155518 -0.868164 -0.436279 -0.122003 1.159031 0.854023 190434959219.000000
0.154541 -0.865479 -0.436523 -0.366010 1.159031 0.793021 190434961022.000000
0.152100 -0.864258 -0.434326 -0.427012 0.732020 0.549015 190434962824.000000
0.155518 -0.865479 -0.430176 0.000000 0.610016 0.366010 190434964635.000000
0.155762 -0.862305 -0.435059 -0.183005 0.610016 0.183005 190434966442.000000
0.156738 -0.865479 -0.433838 -0.366010 0.000000 0.183005 190434968245.000000
0.153320 -0.863037 -0.438721 -0.488013 -0.122003 0.122003 190434970049.000000
0.155273 -0.862549 -0.443604 -0.305008 0.244007 0.061002 190434971852.000000
0.153564 -0.868164 -0.434326 -0.366010 0.061002 0.061002 190434973654.000000
0.152588 -0.869385 -0.434570 -0.427012 0.000000 -0.061002 190434975459.000000
0.152588 -0.869873 -0.435547 -0.671018 -0.183005 0.122003 190434977267.000000
0.151855 -0.871582 -0.439209 -0.671018 -0.427012 0.000000 190434979069.000000
0.152344 -0.873291 -0.439697 -0.671018 -0.488013 -0.183005 190434980873.000000
0.153564 -0.871338 -0.439453 -0.366010 -0.305008 -0.427012 190434982676.000000
0.150879 -0.873779 -0.451416 -0.854023 -0.488013 -0.305008 190434984481.000000
0.148682 -0.872070 -0.437988 -0.854023 -1.037028 -0.549015 190434986286.000000
0.151611 -0.877930 -0.446533 -0.854023 -0.915025 -0.244007 190434988155.000000
0.148193 -0.877197 -0.447998 -0.793021 -1.098030 -0.549015 190434990141.000000
0.148682 -0.879150 -0.442383 -0.915025 -1.708046 -0.488013 190434992092.000000
0.150635 -0.879150 -0.444580 -1.037028 -1.708046 -0.549015 190434994057.000000
0.148193 -0.879150 -0.442383 -0.854023 -1.525041 -0.366010 190434995897.000000
0.148193 -0.878906 -0.445313 -1.098030 -1.464040 -0.366010 190434997702.000000
0.148438 -0.875488 -0.446533 -0.976026 -1.952053 -0.427012 190434999507.000000
0.146729 -0.876221 -0.455811 -0.854023 -2.440066 -0.183005 190435001308.000000
0.152832 -0.881104 -0.449463 -0.854023 -2.318063 -0.427012 190435003111.000000
0.150879 -0.882080 -0.449951 -0.976026 -2.623071 -0.793021 190435004914.000000
0.148926 -0.882813 -0.440186 -0.854023 -2.501068 -0.427012 190435006721.000000
0.147949 -0.879395 -0.450439 -0.671018 -3.050082 -0.122003 190435008532.000000
0.149170 -0.879150 -0.445801 -0.854023 -2.867077 -0.427012 190435010338.000000
0.150879 -0.878662 -0.445313 -0.366010 -3.355091 -0.305008 190435012146.000000
0.148438 -0.877930 -0.441895 -0.793021 -3.233087 -0.427012 190435013948.000000
0.148926 -0.879639 -0.438721 -0.610016 -3.355091 -0.671018 190435015767.000000
0.150391 -0.880127 -0.439941 -0.549015 -3.660099 -0.610016 190435017569.000000
0.146484 -0.882080 -0.443604 -0.549015 -3.538096 -0.549015 190435019370.000000
0.150879 -0.873291 -0.442871 -0.671018 -3.660099 -0.427012 190435021171.000000
0.149902 -0.872803 -0.439453 -0.488013 -3.843104 -0.366010 190435022973.000000
0.152100 -0.875732 -0.442627 -1.037028 -4.026109 -0.793021 190435024776.000000
0.153564 -0.874023 -0.437012 -0.793021 -4.392119 -0.854023 190435026578.000000
0.153320 -0.869873 -0.437500 -0.915025 -4.331117 -0.610016 190435028386.000000
0.154053 -0.864502 -0.437256 -0.976026 -4.087110 -0.671018 190435030188.000000
0.152832 -0.864014 -0.440674 -1.037028 -4.087110 -0.793021 190435031989.000000
0.150146 -0.864014 -0.436279 -1.159031 -4.392119 -1.098030 190435033792.000000
0.153809 -0.864014 -0.441162 -1.281035 -4.453120 -1.037028 190435035594.000000
0.152100 -0.855957 -0.438721 -1.647044 -4.453120 -1.220033 190435037397.000000
0.153076 -0.857178 -0.439209 -1.891051 -4.697127 -1.403038 190435039201.000000
0.154541 -0.856201 -0.434082 -2.196059 -4.819130 -1.525041 190435041003.000000
0.152588 -0.850830 -0.432373 -2.318063 -4.758128 -1.464040 190435042805.000000
0.156982 -0.849854 -0.432617 -2.623071 -4.514122 -1.769048 190435044608.000000
0.155762 -0.848389 -0.443359 -2.989081 -4.941133 -1.891051 190435046410.000000
0.157227 -0.845215 -0.443115 -2.989081 -5.246142 -1.891051 190435048212.000000
0.154541 -0.845459 -0.438477 -3.477094 -5.063137 -2.074056 190435050014.000000
0.156982 -0.849609 -0.443115 -3.355091 -4.941133 -2.257061 190435051815.000000
0.152344 -0.850342 -0.446045 -3.233087 -4.880132 -2.501068 190435053616.000000
0.153564 -0.847900 -0.447754 -3.477094 -5.063137 -2.562069 190435055420.000000
0.150391 -0.848877 -0.444580 -3.721100 -5.307143 -2.867077 190435057222.000000
0.148438 -0.848145 -0.447754 -3.965107 -5.002135 -2.562069 190435059025.000000
0.153076 -0.852539 -0.455322 -4.148112 -5.002135 -2.928079 190435060827.000000
0.150391 -0.854492 -0.450439 -4.148112 -5.063137 -3.050082 190435062629.000000
0.153076 -0.861084 -0.464600 -3.904105 -4.880132 -2.928079 190435064431.000000
0.150635 -0.863037 -0.465820 -4.209114 -5.124138 -2.989081 190435066232.000000
0.152344 -0.862061 -0.468018 -4.148112 -4.880132 -3.111084 190435068034.000000
0.156982 -0.862549 -0.467285 -4.392119 -5.002135 -2.867077 190435069837.000000
0.155762 -0.865967 -0.471191 -4.514122 -5.002135 -2.867077 190435071639.000000
0.151611 -0.863770 -0.475342 -4.575124 -4.941133 -2.928079 190435073440.000000
0.156006 -0.865967 -0.474121 -4.514122 -4.941133 -2.684072 190435075243.000000
0.152344 -0.864990 -0.476563 -4.331117 -4.758128 -2.562069 190435077044.000000
0.156738 -0.866211 -0.473145 -4.636125 -4.758128 -2.440066 190435078846.000000
0.156250 -0.870605 -0.470947 -4.514122 -4.880132 -2.501068 190435080647.000000
0.151367 -0.869629 -0.471924 -4.331117 -4.819130 -2.318063 190435082449.000000
0.154053 -0.873535 -0.471924 -4.026109 -4.697127 -2.013054 190435084252.000000
0.154053 -0.872070 -0.468506 -3.965107 -4.697127 -2.135058 190435086061.000000
0.152100 -0.869873 -0.463379 -3.843104 -5.002135 -1.708046 190435087863.000000
0.152100 -0.870605 -0.472412 -3.416092 -4.880132 -1.464040 190435089664.000000
0.152588 -0.871094 -0.470215 -3.355091 -4.575124 -1.403038 190435091465.000000
0.155762 -0.867920 -0.466797 -3.233087 -4.636125 -1.281035 190435093267.000000
0.156006 -0.867920 -0.462891 -3.050082 -4.819130 -0.976026 190435095075.000000
0.154053 -0.867920 -0.464355 -2.623071 -4.758128 -0.915025 190435096877.000000
0.153564 -0.867432 -0.462158 -2.318063 -4.819130 -1.098030 190435098678.000000
0.157959 -0.871094 -0.459229 -2.379064 -4.758128 -0.915025 190435100483.000000
0.159180 -0.869141 -0.461182 -2.013054 -4.575124 -0.732020 190435102284.000000
0.159668 -0.868408 -0.458496 -1.769048 -4.209114 -0.854023 190435104090.000000
0.157715 -0.863770 -0.459717 -1.830049 -4.270115 -0.610016 190435105894.000000
0.159668 -0.863281 -0.456299 -1.342036 -4.209114 -0.610016 190435107696.000000
0.164307 -0.865479 -0.462402 -1.525041 -4.575124 -0.610016 190435109497.000000
0.162354 -0.861572 -0.453613 -1.769048 -4.148112 -0.610016 190435111300.000000
0.160645 -0.859131 -0.452393 -1.403038 -3.721100 -0.549015 190435113101.000000
0.162598 -0.857178 -0.454590 -1.525041 -3.965107 -0.427012 190435114904.000000
0.164307 -0.858643 -0.447021 -1.708046 -3.660099 -0.610016 190435116705.000000
0.163330 -0.857178 -0.458984 -1.647044 -4.026109 -0.610016 190435118510.000000
0.164551 -0.854248 -0.443604 -1.708046 -3.477094 -0.610016 190435120313.000000
0.166992 -0.853271 -0.444824 -1.952053 -3.233087 -0.732020 190435122114.000000
0.162842 -0.849365 -0.449219 -2.196059 -3.111084 -0.427012 190435123915.000000
0.165527 -0.843750 -0.447266 -2.135058 -2.928079 -0.610016 190435125718.000000
0.162842 -0.849121 -0.441650 -2.135058 -2.745074 -0.915025 190435127520.000000
0.162354 -0.846680 -0.445313 -2.318063 -2.379064 -0.610016 190435129323.000000
0.164307 -0.847656 -0.444092 -2.562069 -2.440066 -0.854023 190435131124.000000
0.168213 -0.844238 -0.440674 -2.623071 -2.440066 -0.854023 190435132926.000000
0.163330 -0.850830 -0.450928 -2.684072 -2.135058 -0.732020 190435134729.000000
0.160645 -0.845947 -0.441406 -2.806076 -2.013054 -0.854023 190435136532.000000
0.165527 -0.845459 -0.450439 -3.172086 -1.708046 -1.098030 190435138334.000000
0.165527 -0.847656 -0.451904 -3.233087 -1.525041 -0.915025 190435140142.000000
0.159180 -0.848633 -0.454834 -3.660099 -1.464040 -1.098030 190435141943.000000
0.160645 -0.850586 -0.456787 -3.538096 -1.525041 -0.793021 190435143745.000000
0.160400 -0.853516 -0.458740 -3.721100 -1.159031 -0.915025 190435145548.000000
0.159668 -0.854980 -0.461182 -4.087110 -1.342036 -0.793021 190435147349.000000
0.158203 -0.862305 -0.462402 -4.026109 -1.281035 -0.915025 190435149155.000000
0.157959 -0.863281 -0.467285 -3.904105 -1.159031 -0.732020 190435150956.000000
0.157959 -0.860107 -0.466553 -3.965107 -1.342036 -0.793021 190435152758.000000
0.156738 -0.861816 -0.468506 -4.087110 -1.464040 -0.671018 190435154560.000000
0.157227 -0.865479 -0.467041 -4.087110 -1.098030 -0.610016 190435156361.000000
0.156982 -0.866211 -0.468506 -4.148112 -1.159031 -0.549015 190435158163.000000
0.154053 -0.870361 -0.465820 -4.331117 -1.098030 -0.488013 190435159970.000000
0.153564 -0.865479 -0.466309 -4.331117 -1.403038 -0.427012 190435161772.000000
0.153564 -0.871094 -0.468506 -4.087110 -1.342036 -0.305008 190435163576.000000
0.149414 -0.870605 -0.479004 -4.209114 -1.342036 -0.244007 190435165379.000000
0.150879 -0.875488 -0.479980 -3.782102 -1.403038 -0.122003 190435167181.000000
0.150635 -0.867188 -0.466064 -3.721100 -1.586043 0.183005 190435168993.000000
0.152344 -0.871094 -0.459961 -3.843104 -1.647044 0.366010 190435170798.000000
0.148926 -0.873047 -0.463623 -3.599097 -1.769048 0.305008 190435172600.000000
0.151123 -0.873291 -0.465088 -3.355091 -1.586043 0.305008 190435174403.000000
0.152100 -0.873779 -0.465820 -3.233087 -1.952053 0.671018 190435176208.000000
0.152100 -0.871582 -0.467529 -3.233087 -2.013054 0.244007 190435178013.000000
0.152832 -0.874268 -0.458252 -2.989081 -1.952053 0.549015 190435179817.000000
0.150146 -0.872803 -0.462891 -2.989081 -2.135058 0.610016 190435181623.000000
0.151611 -0.873535 -0.455322 -2.623071 -2.318063 0.549015 190435183426.000000
0.148438 -0.872559 -0.452148 -2.501068 -2.501068 0.488013 190435185234.000000
0.147949 -0.870117 -0.452637 -2.684072 -2.440066 0.610016 190435187039.000000
0.151611 -0.872803 -0.455322 -2.074056 -2.684072 0.671018 190435188841.000000
0.149658 -0.870605 -0.454102 -2.196059 -2.867077 0.610016 190435190643.000000
0.146240 -0.866699 -0.457520 -2.196059 -3.050082 0.427012 190435192443.000000
0.144775 -0.863525 -0.451172 -2.318063 -2.623071 0.732020 190435194249.000000
0.147217 -0.863037 -0.449463 -2.318063 -2.928079 0.488013 190435196053.000000
0.144775 -0.859619 -0.453613 -2.135058 -2.989081 0.427012 190435197855.000000
0.146973 -0.859863 -0.453613 -2.196059 -2.745074 0.488013 190435199657.000000
0.147949 -0.852051 -0.450439 -2.013054 -2.623071 0.305008 190435201458.000000
0.149658 -0.852295 -0.449951 -2.135058 -2.745074 0.244007 190435203259.000000
0.151611 -0.853027 -0.452148 -2.135058 -2.623071 0.183005 190435205061.000000
0.150635 -0.850342 -0.447510 -2.074056 -2.684072 0.061002 190435206862.000000
0.148193 -0.850098 -0.448242 -2.135058 -2.684072 0.061002 190435208664.000000
0.151367 -0.846680 -0.459961 -2.135058 -2.318063 0.061002 190435210465.000000
0.147949 -0.849121 -0.453613 -2.013054 -2.318063 0.244007 190435212271.000000
0.149170 -0.850830 -0.454346 -2.135058 -2.196059 0.305008 190435214078.000000
0.147461 -0.853760 -0.464600 -2.135058 -1.769048 0.061002 190435215882.000000
0.148682 -0.854004 -0.468018 -1.952053 -1.952053 -0.061002 190435217684.000000
0.145752 -0.857178 -0.455078 -2.074056 -1.525041 0.122003 190435219484.000000
0.150635 -0.858398 -0.461670 -2.074056 -1.647044 0.000000 190435221289.000000
0.147705 -0.858154 -0.465576 -2.135058 -1.098030 -0.061002 190435223090.000000
0.150146 -0.857178 -0.470459 -2.196059 -0.915025 0.122003 190435224902.000000
0.151123 -0.864014 -0.472168 -2.196059 -0.732020 -0.061002 190435226705.000000
0.152832 -0.865723 -0.474854 -2.013054 -0.854023 0.061002 190435228507.000000
0.148682 -0.869141 -0.471680 -1.952053 -0.671018 0.122003 190435230310.000000
0.149902 -0.872070 -0.471924 -1.952053 -0.427012 0.122003 190435232111.000000
0.153076 -0.873535 -0.473389 -1.830049 -0.549015 0.244007 190435233912.000000
0.150146 -0.875977 -0.475830 -1.769048 -0.366010 0.488013 190435235714.000000
0.152100 -0.874268 -0.471924 -1.769048 -0.610016 0.549015 190435237516.000000
0.151855 -0.878906 -0.471680 -1.525041 -0.488013 0.671018 190435239319.000000
0.153320 -0.881836 -0.473633 -1.464040 -0.427012 1.098030 190435241121.000000
0.149658 -0.877930 -0.468018 -1.159031 -0.305008 1.220033 190435242922.000000
0.150146 -0.881836 -0.467041 -1.403038 -0.427012 1.159031 190435244725.000000
0.148926 -0.877441 -0.465576 -1.098030 -0.793021 1.159031 190435246526.000000
0.150146 -0.877930 -0.466553 -1.037028 -0.732020 1.342036 190435248327.000000
0.150879 -0.876709 -0.467285 -0.915025 -0.976026 1.586043 190435250127.000000
0.152344 -0.877441 -0.464111 -0.793021 -0.854023 1.647044 190435251928.000000
0.151855 -0.872070 -0.457275 -0.976026 -0.976026 1.708046 190435253729.000000
0.156494 -0.874268 -0.459717 -0.671018 -1.159031 1.769048 190435255532.000000
0.151123 -0.869873 -0.467529 -0.488013 -1.159031 1.647044 190435257332.000000
0.150391 -0.867188 -0.459717 -0.732020 -1.159031 1.952053 190435259133.000000
0.148438 -0.867432 -0.450928 -0.671018 -1.159031 1.952053 190435260935.000000
0.151123 -0.867432 -0.453369 -0.427012 -1.220033 1.830049 190435262736.000000
0.148926 -0.870361 -0.447266 -0.427012 -1.037028 1.708046 190435264539.000000
0.146973 -0.867432 -0.443848 -0.732020 -1.525041 1.952053 190435266342.000000
0.148193 -0.866943 -0.446045 -0.488013 -1.098030 1.830049 190435268150.000000
0.146240 -0.865479 -0.438721 -0.488013 -1.159031 1.708046 190435269955.000000
0.145020 -0.863770 -0.446533 -0.671018 -1.159031 1.952053 190435271756.000000
0.143066 -0.861328 -0.450928 -0.671018 -0.915025 2.074056 190435273557.000000
0.138916 -0.861084 -0.449219 -0.732020 -0.915025 2.074056 190435275360.000000
0.140137 -0.858154 -0.447998 -0.610016 -0.549015 1.830049 190435277161.000000
0.140869 -0.856934 -0.451172 -0.732020 -0.427012 2.196059 190435278963.000000
0.140137 -0.854248 -0.451172 -0.976026 -0.366010 2.196059 190435280764.000000
0.141602 -0.857178 -0.459473 -1.037028 0.000000 1.952053 190435282568.000000
0.140137 -0.854004 -0.459229 -0.854023 0.122003 1.830049 190435284375.000000
0.141113 -0.850830 -0.458008 -1.159031 0.061002 2.013054 190435286178.000000
0.141357 -0.849854 -0.461182 -1.342036 0.549015 2.257061 190435287978.000000
0.145020 -0.850830 -0.469971 -1.525041 0.488013 2.257061 190435289779.000000
0.145020 -0.855469 -0.464355 -1.525041 0.915025 2.013054 190435291581.000000
0.143799 -0.852051 -0.468506 -1.464040 1.159031 2.074056 190435293382.000000
0.146729 -0.857178 -0.470947 -1.952053 1.220033 2.074056 190435295185.000000
0.145508 -0.850098 -0.472900 -1.952053 1.464040 2.135058 190435296987.000000
0.148438 -0.856445 -0.472656 -1.525041 1.952053 2.318063 190435298788.000000
0.154297 -0.856934 -0.473145 -1.769048 2.196059 2.379064 190435300589.000000
0.153809 -0.858887 -0.476807 -2.074056 2.318063 2.318063 190435302391.000000
0.155029 -0.858398 -0.474365 -1.952053 2.684072 2.379064 190435304196.000000
0.154541 -0.855957 -0.475342 -1.952053 2.562069 2.684072 190435305994.000000
0.152344 -0.860840 -0.483643 -1.708046 2.623071 2.623071 190435307797.000000
0.153809 -0.858398 -0.478516 -1.586043 2.684072 2.562069 190435309599.000000
0.156006 -0.860107 -0.482666 -1.647044 2.867077 2.989081 190435311405.000000
0.153320 -0.859131 -0.483398 -1.464040 2.928079 3.050082 190435313206.000000
0.157715 -0.862793 -0.479004 -1.342036 2.745074 3.172086 190435315009.000000
0.149658 -0.859131 -0.481689 -0.976026 2.684072 3.111084 190435316811.000000
0.156494 -0.858643 -0.475098 -1.098030 2.806076 3.050082 190435318613.000000
0.156006 -0.858398 -0.481689 -0.732020 2.562069 3.233087 190435320415.000000
0.153564 -0.857666 -0.478516 -0.732020 2.562069 3.660099 190435322216.000000
0.157715 -0.861328 -0.477051 -0.610016 2.623071 4.087110 190435324021.000000
0.154297 -0.859375 -0.470215 -0.183005 2.135058 4.026109 190435325820.000000
0.161133 -0.855957 -0.474365 0.244007 2.257061 3.965107 190435327621.000000
0.158203 -0.855713 -0.475586 0.366010 2.196059 4.331117 190435329423.000000
0.159424 -0.852539 -0.472168 0.488013 2.135058 4.392119 190435331224.000000
0.157959 -0.854248 -0.466064 0.732020 2.440066 4.758128 190435333030.000000
0.154785 -0.860596 -0.467529 0.854023 2.501068 4.575124 190435334834.000000
0.155273 -0.851807 -0.474121 1.037028 2.623071 4.758128 190435336635.000000
0.151123 -0.853271 -0.468018 1.403038 2.684072 5.124138 190435338435.000000
0.152100 -0.852295 -0.472412 1.586043 2.928079 5.551150 190435340237.000000
0.152100 -0.851807 -0.467529 1.708046 3.355091 5.246142 190435342048.000000
0.152100 -0.854004 -0.461914 1.708046 3.233087 5.185140 190435343851.000000
0.152832 -0.853271 -0.460938 1.830049 3.355091 5.429147 190435345656.000000
0.147949 -0.849609 -0.457520 2.013054 3.843104 5.368145 190435347458.000000
0.149414 -0.851807 -0.459961 1.952053 4.026109 5.246142 190435349260.000000
0.148926 -0.852539 -0.464355 2.013054 3.965107 5.307143 190435351062.000000
0.151611 -0.854492 -0.462646 2.135058 4.575124 5.551150 190435352864.000000
0.148193 -0.856689 -0.461182 2.318063 5.185140 5.429147 190435354667.000000
0.145264 -0.858887 -0.459717 2.379064 5.185140 5.307143 190435356468.000000
0.148438 -0.855225 -0.462402 2.135058 5.124138 5.490148 190435358270.000000
0.144043 -0.861572 -0.463135 2.379064 5.612152 5.673153 190435360071.000000
0.142090 -0.855713 -0.457764 1.952053 5.978161 5.246142 190435361873.000000
0.147949 -0.855469 -0.458984 2.196059 6.039163 5.368145 190435363675.000000
0.142334 -0.859863 -0.453857 2.318063 6.344171 5.612152 190435365478.000000
0.142822 -0.859619 -0.455078 2.196059 6.710181 5.429147 190435367278.000000
0.139893 -0.861084 -0.458984 2.135058 6.710181 5.246142 190435369081.000000
0.145020 -0.862549 -0.459717 2.013054 6.527176 5.063137 190435370882.000000
0.146484 -0.861328 -0.454102 2.013054 6.771183 5.246142 190435372684.000000
0.143555 -0.861084 -0.456543 2.013054 6.893186 5.307143 190435374487.000000
0.141602 -0.862549 -0.458496 2.074056 6.771183 5.124138 190435376289.000000
0.137939 -0.862793 -0.449951 1.830049 6.710181 4.880132 190435378091.000000
0.136719 -0.870605 -0.455078 1.647044 6.832184 5.063137 190435379892.000000
0.142334 -0.864746 -0.453369 1.830049 6.832184 4.514122 190435381693.000000
0.135742 -0.868652 -0.454102 1.708046 6.588178 4.880132 190435383495.000000
0.135498 -0.868652 -0.456543 1.342036 6.222168 4.697127 190435385298.000000
0.137939 -0.869629 -0.454590 1.281035 6.405173 4.392119 190435387100.000000
0.136963 -0.869385 -0.457031 1.159031 6.283170 4.514122 190435388903.000000
0.135498 -0.864502 -0.451660 0.854023 6.405173 4.331117 190435390705.000000
0.134521 -0.866699 -0.455078 0.671018 5.856158 4.087110 190435392506.000000
0.133057 -0.865479 -0.453369 0.793021 5.551150 4.148112 190435394312.000000
0.130859 -0.869141 -0.454590 0.427012 5.124138 4.148112 190435396116.000000
0.130859 -0.870117 -0.449463 0.244007 5.185140 3.904105 190435397924.000000
0.129883 -0.869385 -0.455322 0.122003 5.368145 3.721100 190435399726.000000
0.130371 -0.870361 -0.446533 -0.244007 4.941133 3.843104 190435401527.000000
0.127441 -0.869873 -0.456055 -0.061002 4.148112 3.843104 190435403331.000000
0.127441 -0.866943 -0.450195 -0.305008 4.758128 3.660099 190435405143.000000
0.132324 -0.872314 -0.458008 -0.427012 3.843104 3.416092 190435406945.000000
0.132080 -0.871582 -0.447754 -0.427012 3.965107 3.355091 190435408747.000000
0.125977 -0.867188 -0.451660 -0.366010 3.782102 3.111084 190435410548.000000
0.128174 -0.871826 -0.451904 -0.427012 3.477094 3.111084 190435412349.000000
0.127930 -0.871826 -0.456787 -0.610016 3.294089 2.745074 190435414154.000000
0.128906 -0.874268 -0.449463 -0.610016 2.806076 2.989081 190435415954.000000
0.124512 -0.872803 -0.443115 -0.732020 2.562069 2.684072 190435417755.000000
0.127930 -0.877930 -0.445801 -0.427012 2.257061 2.318063 190435419557.000000
0.130127 -0.875488 -0.446533 -0.488013 2.501068 2.440066 190435421362.000000
0.129639 -0.878906 -0.448242 -0.488013 2.135058 2.074056 190435423164.000000
0.128662 -0.875732 -0.455566 -0.488013 1.952053 1.952053 190435424966.000000
0.122559 -0.880859 -0.446045 -0.305008 1.708046 2.257061 190435426767.000000
0.128906 -0.880859 -0.444580 -0.305008 1.647044 1.891051 190435428568.000000
0.130127 -0.879639 -0.447510 -0.671018 1.403038 1.769048 190435430371.000000
0.126709 -0.880615 -0.437256 -0.488013 0.976026 1.586043 190435432172.000000
0.128662 -0.881348 -0.444336 -0.244007 1.037028 1.647044 190435433974.000000
0.125732 -0.881348 -0.435303 -0.122003 0.793021 1.464040 190435435804.000000
0.125732 -0.883545 -0.438965 -0.305008 0.854023 1.159031 190435437605.000000
0.123779 -0.884033 -0.441406 -0.122003 0.305008 0.915025 190435439407.000000
0.127930 -0.878418 -0.432373 -0.244007 0.305008 1.159031 190435441210.000000
0.125000 -0.880127 -0.438477 -0.305008 -0.122003 0.854023 190435443011.000000
0.124023 -0.882324 -0.435303 -0.244007 -0.427012 0.732020 190435444814.000000
0.128906 -0.882324 -0.438477 -0.122003 -0.305008 0.671018 190435446616.000000
0.123291 -0.882080 -0.439941 -0.122003 -0.549015 0.183005 190435448418.000000
0.124023 -0.879395 -0.432129 -0.244007 -0.610016 0.366010 190435450219.000000
0.125488 -0.875732 -0.437744 -0.244007 -1.464040 0.366010 190435452020.000000
0.124023 -0.875732 -0.437988 -0.488013 -1.342036 0.061002 190435453822.000000
0.124512 -0.875244 -0.444580 -0.671018 -1.647044 -0.183005 190435455624.000000
0.120117 -0.876709 -0.442383 -0.488013 -1.647044 -0.244007 190435457424.000000
0.123779 -0.877441 -0.438477 -0.610016 -2.135058 -0.366010 190435459225.000000
0.121826 -0.875732 -0.446533 -0.793021 -2.379064 -0.549015 190435461034.000000
0.119141 -0.871338 -0.438721 -0.976026 -2.623071 -0.671018 190435462836.000000
0.123291 -0.876465 -0.442871 -1.098030 -2.806076 -0.793021 190435464647.000000
0.120117 -0.875732 -0.438232 -1.281035 -3.050082 -0.915025 190435466452.000000
0.120117 -0.871826 -0.436768 -1.220033 -3.599097 -0.976026 190435468255.000000
0.120117 -0.872070 -0.435547 -1.098030 -3.782102 -1.586043 190435470062.000000
0.117920 -0.871582 -0.436768 -1.281035 -3.965107 -1.525041 190435471863.000000
0.117188 -0.872803 -0.437988 -1.403038 -4.331117 -1.525041 190435473664.000000
0.115234 -0.866455 -0.436279 -1.647044 -4.758128 -1.708046 190435475467.000000
0.119629 -0.871826 -0.437012 -1.525041 -4.819130 -1.830049 190435477269.000000
0.115234 -0.870361 -0.449463 -1.769048 -5.429147 -1.830049 190435479070.000000
0.122070 -0.872070 -0.440918 -1.708046 -5.612152 -2.196059 190435480871.000000
0.121338 -0.868164 -0.442627 -1.769048 -5.795156 -2.318063 190435482671.000000
0.117188 -0.869385 -0.443848 -1.830049 -5.673153 -2.562069 190435484475.000000
0.121094 -0.870605 -0.445801 -2.013054 -6.222168 -2.684072 190435486277.000000
0.124268 -0.873291 -0.442627 -2.379064 -6.344171 -2.745074 190435488077.000000
0.123291 -0.870361 -0.443604 -2.562069 -6.527176 -3.050082 190435489880.000000
0.123779 -0.868652 -0.445557 -2.562069 -6.893186 -3.233087 190435491681.000000
0.124512 -0.866211 -0.446777 -2.623071 -7.015189 -3.355091 190435493484.000000
0.121826 -0.868896 -0.452148 -2.806076 -7.198194 -3.477094 190435495293.000000
0.125244 -0.866211 -0.458984 -2.989081 -7.381199 -3.660099 190435497094.000000
0.128174 -0.864502 -0.455566 -3.050082 -7.686208 -3.599097 190435498894.000000
0.125000 -0.863770 -0.453125 -3.111084 -7.625206 -3.965107 190435500695.000000
0.126709 -0.863281 -0.450928 -3.599097 -7.991216 -3.904105 190435502498.000000
0.131592 -0.861572 -0.451416 -3.660099 -7.991216 -4.087110 190435504303.000000
0.130371 -0.862305 -0.452881 -3.477094 -8.052217 -4.270115 190435506102.000000
0.135010 -0.861084 -0.457031 -3.477094 -8.357226 -4.270115 190435507903.000000
0.133057 -0.863770 -0.454346 -3.599097 -8.296224 -4.514122 190435509705.000000
0.132568 -0.863770 -0.456543 -3.721100 -8.235222 -4.392119 190435511506.000000
0.131836 -0.862793 -0.462158 -3.660099 -8.723236 -4.575124 190435513307.000000
0.133789 -0.858887 -0.456055 -3.721100 -8.052217 -4.697127 190435515114.000000
0.138184 -0.860107 -0.461670 -3.965107 -8.723236 -4.880132 190435516916.000000
0.139404 -0.861084 -0.458740 -3.660099 -8.662234 -4.758128 190435518718.000000
0.135254 -0.861084 -0.459717 -3.660099 -8.540231 -4.697127 190435520519.000000
0.140625 -0.864990 -0.464111 -3.782102 -8.601232 -4.880132 190435522320.000000
0.135742 -0.866699 -0.462158 -3.660099 -8.540231 -4.758128 190435524128.000000
0.136475 -0.861328 -0.458252 -3.477094 -8.723236 -4.880132 190435525939.000000
0.142822 -0.864258 -0.463867 -3.477094 -8.723236 -5.002135 190435527745.000000
0.144775 -0.862793 -0.466064 -3.355091 -8.296224 -4.941133 190435529548.000000
0.141357 -0.863281 -0.471924 -3.477094 -8.113219 -4.941133 190435531350.000000
0.143555 -0.859863 -0.469727 -3.294089 -8.479229 -4.880132 190435533157.000000
0.142822 -0.860596 -0.473877 -2.928079 -8.601232 -4.819130 190435534961.000000
0.147949 -0.854004 -0.466797 -3.172086 -8.418227 -4.819130 190435536762.000000
0.144287 -0.853271 -0.467773 -3.294089 -8.540231 -4.819130 190435538562.000000
0.145752 -0.856445 -0.476074 -3.172086 -8.296224 -4.758128 190435540364.000000
0.149414 -0.849365 -0.469238 -2.989081 -8.052217 -4.758128 190435542165.000000
0.145264 -0.849121 -0.466553 -3.355091 -8.113219 -4.575124 190435543966.000000
0.145264 -0.849121 -0.469238 -3.233087 -8.296224 -4.697127 190435545790.000000
0.146240 -0.850830 -0.470703 -2.928079 -7.930214 -4.514122 190435547592.000000
0.146973 -0.851807 -0.474854 -3.172086 -8.113219 -4.453120 190435549393.000000
0.150879 -0.848877 -0.466797 -2.928079 -7.991216 -4.697127 190435551194.000000
0.152832 -0.842041 -0.474365 -2.928079 -7.747209 -4.331117 190435552995.000000
0.152344 -0.843994 -0.472656 -2.806076 -7.442201 -4.026109 190435554797.000000
0.149414 -0.844727 -0.468750 -2.867077 -7.076191 -4.209114 190435556599.000000
0.152344 -0.845947 -0.475830 -2.928079 -7.198194 -4.087110 190435558401.000000
0.156494 -0.841064 -0.482178 -2.745074 -6.954188 -4.331117 190435560202.000000
0.156982 -0.842773 -0.484619 -2.806076 -6.954188 -3.965107 190435562003.000000
0.150635 -0.840088 -0.482178 -2.989081 -6.771183 -3.843104 190435563804.000000
0.155273 -0.843262 -0.484619 -2.928079 -6.283170 -4.026109 190435565606.000000
0.157471 -0.847900 -0.483398 -3.050082 -5.917160 -3.965107 190435567407.000000
0.152100 -0.843262 -0.482178 -3.111084 -6.100165 -3.782102 190435569208.000000
0.157715 -0.838379 -0.487549 -3.233087 -5.734155 -3.660099 190435571037.000000
0.158691 -0.839111 -0.481934 -3.233087 -5.612152 -3.721100 190435572843.000000
0.158203 -0.838623 -0.481201 -2.867077 -5.246142 -3.416092 190435574647.000000
0.157959 -0.838379 -0.484375 -3.294089 -5.002135 -3.538096 190435576448.000000
0.156250 -0.842041 -0.480957 -3.172086 -4.819130 -3.172086 190435578250.000000
0.153564 -0.843750 -0.489990 -3.172086 -4.880132 -3.294089 190435580051.000000
0.158203 -0.843506 -0.485840 -3.355091 -4.697127 -3.172086 190435581852.000000
0.162354 -0.843506 -0.482178 -3.172086 -4.270115 -3.111084 190435583653.000000
0.161865 -0.842041 -0.481689 -3.477094 -4.209114 -3.111084 190435585464.000000
0.160889 -0.840820 -0.492676 -3.233087 -4.209114 -3.355091 190435587266.000000
0.161377 -0.842773 -0.495361 -3.355091 -4.209114 -2.806076 190435589069.000000
0.162598 -0.839111 -0.483887 -3.355091 -3.904105 -2.928079 190435590870.000000
0.162109 -0.842529 -0.483154 -3.233087 -4.087110 -2.745074 190435592671.000000
0.162354 -0.843750 -0.481934 -3.111084 -3.599097 -2.745074 190435595053.000000
0.161865 -0.845703 -0.488525 -3.111084 -3.599097 -2.379064 190435596872.000000
0.159668 -0.846680 -0.479004 -3.111084 -3.416092 -2.623071 190435598677.000000
0.161865 -0.845215 -0.482910 -2.989081 -3.477094 -2.318063 190435600478.000000
0.161133 -0.848877 -0.484131 -2.928079 -3.355091 -2.318063 190435602282.000000
0.163818 -0.847412 -0.482178 -2.806076 -2.928079 -2.440066 190435604088.000000
0.162598 -0.847900 -0.485107 -2.501068 -2.562069 -2.379064 190435605899.000000
0.163086 -0.847168 -0.484131 -2.684072 -2.562069 -1.891051 190435607701.000000
0.165039 -0.845947 -0.481934 -2.623071 -2.196059 -1.952053 190435609502.000000
0.161621 -0.845215 -0.487061 -2.196059 -2.013054 -1.647044 190435611303.000000
0.164063 -0.848877 -0.486084 -2.013054 -1.586043 -1.647044 190435613104.000000
0.167236 -0.851807 -0.478027 -2.379064 -1.281035 -1.342036 190435614912.000000
0.166260 -0.856934 -0.486816 -2.074056 -1.281035 -1.220033 190435616720.000000
0.168213 -0.855957 -0.486572 -1.830049 -0.976026 -1.281035 190435618521.000000
0.166748 -0.860107 -0.482178 -1.586043 -0.488013 -1.037028 190435620323.000000
0.166504 -0.862793 -0.483643 -1.647044 -0.366010 -0.671018 190435622125.000000
0.162598 -0.860352 -0.478516 -1.525041 0.244007 -0.549015 190435623927.000000
0.166992 -0.858887 -0.479492 -1.159031 0.488013 -0.488013 190435625730.000000
0.164551 -0.862305 -0.485596 -1.281035 0.549015 -0.244007 190435627532.000000
0.163818 -0.858887 -0.486572 -1.525041 0.793021 -0.122003 190435629335.000000
0.161865 -0.862549 -0.478271 -1.220033 1.159031 -0.061002 190435631144.000000
0.164795 -0.863525 -0.478516 -1.098030 1.281035 0.122003 190435632945.000000
0.162842 -0.863281 -0.480225 -0.793021 1.586043 0.061002 190435634748.000000
0.162354 -0.861572 -0.474365 -0.976026 1.769048 0.305008 190435636549.000000
0.166260 -0.863037 -0.482178 -0.854023 1.708046 0.305008 190435638505.000000
0.164307 -0.861084 -0.478760 -1.098030 1.891051 0.671018 190435641422.000000
0.165527 -0.864746 -0.467529 -0.488013 1.952053 0.671018 190435644341.000000
0.170898 -0.867432 -0.470459 -0.366010 1.952053 0.732020 190435647258.000000
0.170410 -0.868896 -0.465088 0.183005 2.135058 1.037028 190435650171.000000
0.168701 -0.868164 -0.462646 0.122003 1.830049 1.098030 190435653088.000000
0.167969 -0.870117 -0.457275 0.305008 1.708046 1.342036 190435656007.000000
0.164063 -0.869141 -0.463379 0.793021 1.342036 1.281035 190435658921.000000
0.165039 -0.866943 -0.459717 0.366010 0.671018 1.586043 190435661836.000000
0.166748 -0.864990 -0.464111 0.854023 1.159031 1.769048 190435664752.000000
0.166016 -0.865723 -0.459229 1.037028 0.854023 1.952053 190435667665.000000
0.162354 -0.858398 -0.471680 0.427012 0.976026 2.257061 190435670582.000000
0.166016 -0.862305 -0.467529 0.732020 1.098030 2.196059 190435673495.000000
0.160156 -0.860352 -0.467285 0.366010 1.098030 2.806076 190435676412.000000
0.158936 -0.859131 -0.473877 0.610016 1.037028 2.684072 190435679326.000000
0.160400 -0.851807 -0.461670 0.427012 1.647044 2.989081 190435682242.000000
0.158691 -0.854248 -0.470947 0.366010 1.647044 3.111084 190435685161.000000
0.150879 -0.854492 -0.475586 0.366010 2.074056 3.355091 190435688077.000000
0.151855 -0.853760 -0.473877 0.122003 2.074056 3.599097 190435690993.000000
0.157471 -0.857666 -0.473877 0.305008 2.501068 3.599097 190435693910.000000
0.157227 -0.857178 -0.472656 -0.061002 2.806076 3.843104 190435696872.000000
0.153564 -0.854248 -0.474121 0.305008 3.355091 3.904105 190435699788.000000
0.153320 -0.854980 -0.474854 0.366010 4.270115 3.843104 190435702704.000000
0.156006 -0.852295 -0.481934 0.305008 4.087110 3.904105 190435705620.000000
0.152832 -0.853516 -0.483887 0.427012 4.514122 4.026109 190435708535.000000
0.156738 -0.853027 -0.478027 0.244007 4.697127 4.392119 190435711450.000000
0.157227 -0.854248 -0.475586 0.427012 4.636125 4.148112 190435714373.000000
0.156250 -0.855957 -0.477295 0.488013 5.368145 4.148112 190435717291.000000
0.155762 -0.860596 -0.473633 0.549015 5.124138 4.392119 190435720205.000000
0.153076 -0.858643 -0.474609 0.671018 5.124138 4.514122 190435723119.000000
0.155029 -0.859131 -0.480957 0.671018 5.063137 4.392119 190435726037.000000
0.155273 -0.862549 -0.474365 0.915025 5.307143 4.636125 190435728951.000000
0.151855 -0.862549 -0.474609 1.159031 5.002135 4.819130 190435731865.000000
0.154541 -0.867676 -0.469971 1.525041 5.124138 4.941133 190435734783.000000
0.154541 -0.860840 -0.480469 1.037028 5.673153 5.002135 190435737726.000000
0.157959 -0.864746 -0.476563 1.830049 5.673153 5.307143 190435740643.000000
0.155762 -0.862305 -0.477539 1.830049 5.917160 5.368145 190435743558.000000
0.161377 -0.863281 -0.469482 1.952053 6.039163 5.368145 190435746473.000000
0.156250 -0.863037 -0.472656 1.952053 6.100165 5.429147 190435749398.000000
0.157959 -0.858398 -0.472656 2.135058 6.649180 5.246142 190435752314.000000
0.155762 -0.856689 -0.471924 2.196059 6.954188 5.429147 190435755231.000000
0.156982 -0.854248 -0.471680 2.257061 7.015189 5.551150 190435758146.000000
0.156006 -0.857178 -0.473389 2.257061 7.320198 5.612152 190435761063.000000
0.158447 -0.852783 -0.470215 2.623071 7.808211 5.673153 190435763977.000000
0.157227 -0.854004 -0.466064 2.318063 7.930214 6.100165 190435766927.000000
0.154541 -0.851563 -0.462158 2.562069 8.113219 5.978161 190435769843.000000
0.153809 -0.857422 -0.465088 2.745074 7.869212 5.856158 190435772758.000000
0.151611 -0.858398 -0.459717 2.928079 7.930214 6.283170 190435775676.000000
0.154297 -0.857910 -0.467773 2.867077 7.991216 6.100165 190435778596.000000
0.154541 -0.862793 -0.460938 2.928079 7.747209 6.161166 190435781511.000000
0.151611 -0.863037 -0.466553 2.989081 7.686208 6.283170 190435784435.000000
0.149902 -0.863525 -0.466553 3.050082 7.320198 6.283170 190435787354.000000
0.146973 -0.858643 -0.461914 3.233087 6.893186 6.283170 190435790269.000000
0.149658 -0.862793 -0.458252 3.111084 7.320198 6.344171 190435793185.000000
0.143311 -0.866211 -0.463379 3.172086 6.405173 6.039163 190435796110.000000
0.144287 -0.860840 -0.464111 3.050082 6.588178 6.222168 190435799039.000000
0.143311 -0.865479 -0.468018 2.989081 6.222168 6.222168 190435801952.000000
0.145020 -0.862061 -0.460938 3.111084 6.283170 5.978161 190435804872.000000
0.145264 -0.865967 -0.462646 3.050082 6.039163 6.039163 190435807786.000000
0.143311 -0.865479 -0.464844 2.623071 5.673153 6.100165 190435810699.000000
0.139893 -0.861816 -0.460693 2.989081 5.917160 5.978161 190435813613.000000
0.140625 -0.864746 -0.460938 2.684072 5.673153 5.978161 190435816537.000000
0.144043 -0.868408 -0.461182 2.745074 5.429147 5.795156 190435819452.000000
0.141113 -0.869629 -0.461670 2.745074 5.185140 5.978161 190435822367.000000
0.135986 -0.873047 -0.462891 2.440066 4.697127 5.673153 190435825289.000000
0.143066 -0.873779 -0.466309 2.501068 4.819130 5.551150 190435828210.000000
0.144775 -0.877441 -0.458740 2.745074 4.758128 5.307143 190435831148.000000
0.145996 -0.880371 -0.459961 2.623071 5.002135 5.063137 190435834065.000000
0.142334 -0.879395 -0.450439 2.501068 4.636125 4.758128 190435836980.000000
0.138672 -0.872803 -0.460693 2.562069 4.331117 4.819130 190435839921.000000
0.142334 -0.867188 -0.454102 2.440066 3.721100 4.758128 190435842837.000000
0.137939 -0.869385 -0.447510 2.379064 3.782102 5.063137 190435845768.000000
0.140625 -0.869873 -0.453125 2.135058 3.355091 4.636125 190435848692.000000
0.140381 -0.870605 -0.456299 2.379064 3.294089 4.758128 190435851611.000000
0.141113 -0.870850 -0.451904 2.501068 3.294089 4.697127 190435854530.000000
0.140869 -0.872559 -0.453125 2.318063 3.233087 4.575124 190435857445.000000
0.139648 -0.875000 -0.446289 2.440066 3.172086 4.392119 190435860360.000000
0.138916 -0.873291 -0.455078 2.379064 2.928079 4.331117 190435863276.000000
0.140137 -0.871338 -0.446533 2.013054 2.928079 4.148112 190435866193.000000
0.138916 -0.872559 -0.450195 2.257061 2.928079 4.209114 190435869109.000000
0.137451 -0.871582 -0.447754 2.257061 2.867077 4.331117 190435872024.000000
0.139160 -0.871094 -0.443848 2.257061 2.745074 4.209114 190435874942.000000
0.136963 -0.871338 -0.452148 2.074056 2.501068 3.782102 190435877858.000000
0.132813 -0.871094 -0.445313 2.318063 2.379064 3.904105 190435880772.000000
0.135986 -0.870850 -0.441895 2.013054 2.257061 3.965107 190435883686.000000
0.131348 -0.868164 -0.442139 1.952053 2.074056 3.782102 190435886605.000000
0.127686 -0.872559 -0.443359 2.257061 2.074056 3.843104 190435889521.000000
0.129150 -0.865479 -0.446777 2.196059 2.196059 3.965107 190435892436.000000
0.132568 -0.868408 -0.447266 1.708046 1.769048 3.599097 190435895357.000000
