0.262451 -0.857178 -0.422363 2.684072 -28.609772 8.662234 105128034423.000000
0.256104 -0.855713 -0.433350 2.928079 -28.792777 8.845239 105128037587.000000
0.248291 -0.858154 -0.431152 2.867077 -28.609772 9.394254 105128040518.000000
0.240967 -0.858643 -0.436279 2.806076 -28.609772 9.455255 105128043433.000000
0.230957 -0.859863 -0.436768 2.928079 -28.243763 10.065272 105128046442.000000
0.224365 -0.866455 -0.439697 2.989081 -27.511743 9.882267 105128049438.000000
0.209717 -0.868408 -0.440674 3.233087 -27.511743 10.553285 105128052360.000000
0.201416 -0.868408 -0.437012 3.294089 -27.206735 10.553285 105128055280.000000
0.185791 -0.873047 -0.426514 3.233087 -26.596718 10.675288 105128058190.000000
0.174805 -0.876709 -0.425049 3.721100 -26.108705 11.407308 105128061117.000000
0.168945 -0.878662 -0.425293 3.416092 -24.888672 11.773318 105128064035.000000
0.154541 -0.885498 -0.414063 4.026109 -24.278656 12.627341 105128066942.000000
0.145508 -0.891357 -0.414307 3.965107 -23.424632 13.298359 105128069882.000000
0.134277 -0.893311 -0.407715 4.148112 -22.875618 13.725371 105128072794.000000
0.131348 -0.899170 -0.406006 3.843104 -22.204600 14.152382 105128075728.000000
0.122314 -0.899902 -0.399902 4.087110 -21.228573 13.969377 105128078649.000000
0.122559 -0.901855 -0.395996 4.270115 -20.313548 14.213384 105128081574.000000
0.119141 -0.904785 -0.381836 4.514122 -19.581529 14.518392 105128084487.000000
0.115723 -0.905273 -0.385254 4.636125 -18.910511 14.518392 105128087398.000000
0.113037 -0.906738 -0.374268 4.636125 -17.873483 14.701397 105128090303.000000
0.112549 -0.905762 -0.372803 4.819130 -17.324468 14.579394 105128093213.000000
0.111084 -0.906738 -0.367676 4.819130 -16.043433 14.091380 105128096127.000000
0.118652 -0.907715 -0.356201 4.697127 -15.189410 14.274385 105128099035.000000
0.119385 -0.909180 -0.361328 4.758128 -14.335387 14.152382 105128101956.000000
0.124756 -0.915039 -0.354736 4.392119 -13.725371 14.152382 105128104871.000000
0.132080 -0.913818 -0.351318 4.636125 -13.115354 14.152382 105128107778.000000
0.138916 -0.918945 -0.349365 4.392119 -12.200329 13.969377 105128110692.000000
0.137695 -0.922607 -0.350830 4.636125 -12.200329 14.030379 105128113612.000000
0.134277 -0.932617 -0.333008 4.575124 -11.224303 14.152382 105128116530.000000
0.136719 -0.940430 -0.331055 5.246142 -11.285305 14.518392 105128119447.000000
0.141602 -0.946045 -0.311035 6.100165 -11.407308 14.823400 105128122306.000000
0.135742 -0.950439 -0.315674 6.466175 -11.224303 15.006405 105128124111.000000
0.134766 -0.952148 -0.314209 6.466175 -11.346306 15.006405 105128125914.000000
0.134766 -0.959229 -0.308350 6.893186 -11.712316 14.945404 105128127721.000000
0.134766 -0.965820 -0.305176 7.137193 -11.956323 15.067407 105128129524.000000
0.131104 -0.962402 -0.302979 7.564204 -12.200329 15.250412 105128131329.000000
0.132568 -0.964355 -0.300537 7.869212 -12.688343 14.945404 105128133131.000000
0.130859 -0.963623 -0.296631 8.296224 -13.054352 14.884402 105128134934.000000
0.130859 -0.967529 -0.292969 8.662234 -13.298359 14.579394 105128136744.000000
0.126221 -0.966553 -0.294434 8.967242 -13.969377 14.518392 105128138549.000000
0.134033 -0.972656 -0.292236 9.211249 -14.579394 14.457390 105128140352.000000
0.133057 -0.970215 -0.285889 9.577259 -15.067407 14.335387 105128142156.000000
0.135986 -0.966309 -0.290771 9.821265 -15.433417 14.274385 105128143965.000000
0.135986 -0.965820 -0.286865 9.882267 -15.860428 14.030379 105128145769.000000
0.133545 -0.970703 -0.282471 10.370280 -15.738425 13.969377 105128147572.000000
0.136719 -0.970947 -0.280762 10.553285 -16.226438 13.908376 105128149377.000000
0.135010 -0.969482 -0.275879 10.492283 -16.958458 13.786372 105128151182.000000
0.141846 -0.969482 -0.276367 10.980296 -17.141463 13.786372 105128152985.000000
0.143066 -0.970947 -0.280273 10.919295 -17.202464 13.786372 105128154787.000000
0.139404 -0.970703 -0.281250 11.529311 -17.507473 13.603367 105128156588.000000
0.137695 -0.973145 -0.270996 11.407308 -17.324468 13.786372 105128158391.000000
0.140625 -0.970703 -0.272705 11.651315 -17.751479 13.786372 105128160198.000000
0.142090 -0.969482 -0.271240 11.895321 -17.690478 13.847374 105128162022.000000
0.144287 -0.969238 -0.269531 11.956323 -17.934484 13.664369 105128163969.000000
0.144775 -0.965820 -0.263916 12.078326 -17.812481 14.030379 105128165960.000000
0.149170 -0.966797 -0.268066 12.200329 -18.239492 14.274385 105128167860.000000
0.149414 -0.964355 -0.264160 12.322333 -18.056488 14.335387 105128169708.000000
0.152100 -0.968506 -0.265625 12.383334 -18.239492 14.518392 105128171512.000000
0.147949 -0.966553 -0.259521 12.810346 -18.361496 14.884402 105128173316.000000
0.145264 -0.968994 -0.253174 13.176356 -18.422497 14.945404 105128175121.000000
0.145996 -0.972168 -0.246826 13.420362 -18.544501 15.372415 105128176922.000000
0.145264 -0.972900 -0.245117 14.152382 -18.605502 15.494418 105128178723.000000
0.140137 -0.979004 -0.239502 14.518392 -18.544501 16.226438 105128180526.000000
0.147217 -0.980713 -0.248291 14.823400 -18.727506 16.409443 105128182327.000000
0.143799 -0.984131 -0.235840 15.433417 -18.605502 17.019460 105128184128.000000
0.134033 -0.991699 -0.231689 15.677423 -18.788507 17.385469 105128185937.000000
0.135010 -0.989746 -0.231689 16.287440 -18.666504 17.690478 105128187738.000000
0.136963 -0.993164 -0.235352 16.714451 -18.849509 18.300494 105128189540.000000
0.126953 -0.996338 -0.232178 17.202464 -18.788507 18.910511 105128191342.000000
0.126953 -1.000488 -0.226074 17.690478 -18.727506 19.093516 105128193144.000000
0.120361 -1.004150 -0.224365 18.361496 -18.849509 19.642530 105128194945.000000
0.121094 -1.004395 -0.225830 18.849509 -18.849509 19.947539 105128196748.000000
0.116699 -1.007813 -0.218262 19.276520 -18.605502 20.191545 105128198548.000000
0.111328 -1.007568 -0.214844 19.947539 -18.849509 20.740560 105128200349.000000
0.107178 -1.011475 -0.206055 20.435552 -18.361496 21.167572 105128202152.000000
0.105713 -1.018311 -0.203857 21.167572 -18.666504 21.411578 105128203953.000000
0.102783 -1.022705 -0.200928 21.838590 -18.483499 22.082596 105128205759.000000
0.095703 -1.022705 -0.194580 22.326603 -18.239492 22.387604 105128207563.000000
0.087891 -1.030029 -0.190186 23.119624 -17.873483 22.509608 105128209364.000000
0.089844 -1.033447 -0.185303 23.790642 -17.934484 22.936619 105128211169.000000
0.087158 -1.039795 -0.179932 24.339657 -17.507473 23.241628 105128212970.000000
0.086914 -1.039551 -0.178711 24.949674 -17.263466 23.424632 105128214771.000000
0.083252 -1.042725 -0.180176 25.498688 -16.714451 24.034649 105128216572.000000
0.079590 -1.045166 -0.168457 26.169707 -16.592448 24.583664 105128218373.000000
0.080566 -1.048340 -0.169678 26.840725 -15.982432 24.522662 105128220177.000000
0.073242 -1.054199 -0.157471 27.389740 -15.494418 25.071677 105128221980.000000
0.071777 -1.052979 -0.149414 28.243763 -14.884402 25.376685 105128223785.000000
0.067383 -1.058350 -0.149414 29.036784 -14.335387 25.864698 105128225586.000000
0.063721 -1.059814 -0.136719 29.829805 -13.359361 26.413713 105128227387.000000
0.062012 -1.060547 -0.137695 30.561825 -13.054352 26.596718 105128229188.000000
0.058838 -1.064209 -0.133545 31.293845 -12.322333 27.267736 105128230991.000000
0.055420 -1.063721 -0.125732 32.025865 -11.651315 27.694748 105128232792.000000
0.048828 -1.068115 -0.115479 32.513878 -11.102300 27.999756 105128234593.000000
0.047363 -1.064941 -0.117188 33.367901 -10.797292 28.487769 105128236393.000000
0.042480 -1.067383 -0.098877 33.977917 -10.065272 28.853779 105128238194.000000
0.041748 -1.071533 -0.099609 34.709937 -9.516257 29.280791 105128239996.000000
0.044678 -1.071777 -0.096924 35.624962 -8.662234 29.524797 105128241798.000000
0.043457 -1.076416 -0.092041 36.051973 -8.113219 30.256817 105128243598.000000
0.041748 -1.076416 -0.089844 36.600988 -7.564204 30.683828 105128245401.000000
0.039795 -1.081055 -0.081543 37.455011 -6.954188 30.927835 105128247206.000000
0.039307 -1.083496 -0.072754 37.699018 -6.344171 31.110840 105128249007.000000
0.038330 -1.085205 -0.073242 38.248033 -5.429147 31.720856 105128250809.000000
0.039307 -1.085693 -0.079102 39.041054 -4.453120 32.086866 105128252610.000000
0.038330 -1.085449 -0.067383 39.651071 -4.026109 32.086866 105128254412.000000
0.037109 -1.090576 -0.060547 40.322089 -3.294089 32.696883 105128256212.000000
0.032715 -1.095947 -0.057861 40.749100 -2.074056 32.879888 105128258014.000000
0.032715 -1.097900 -0.053223 41.664125 -1.464040 33.123894 105128259815.000000
0.029785 -1.103516 -0.048096 42.640151 -0.915025 33.245898 105128261622.000000
0.029541 -1.106201 -0.047852 42.945160 -0.305008 33.611908 105128263424.000000
0.021973 -1.108154 -0.044189 43.616178 0.793021 33.916916 105128265225.000000
0.025635 -1.112793 -0.032959 44.470201 1.647044 34.221924 105128267026.000000
0.022461 -1.117432 -0.031250 45.568230 2.501068 34.587934 105128268830.000000
0.015137 -1.120850 -0.024414 46.239248 3.294089 35.014945 105128270635.000000
0.016113 -1.130127 -0.021973 47.276276 4.270115 35.319954 105128272438.000000
0.010986 -1.135254 -0.006348 48.618313 5.795156 35.685964 105128274238.000000
0.005127 -1.145264 -0.008789 50.082352 7.198194 36.356982 105128276040.000000
-0.001953 -1.152588 -0.008789 50.875374 8.418227 37.028000 105128277841.000000
-0.009033 -1.157715 -0.007324 51.912402 9.882267 37.516013 105128279645.000000
-0.024658 -1.164063 0.002930 52.888428 11.468310 38.797048 105128281452.000000
-0.035889 -1.168457 0.007568 53.986458 13.115354 39.712072 105128283257.000000
-0.053955 -1.174561 0.014648 55.328494 14.640395 40.871104 105128285058.000000
-0.059082 -1.177490 0.023438 56.731532 16.287440 42.213140 105128286860.000000
-0.063232 -1.177734 0.029541 57.768560 17.812481 43.433173 105128288663.000000
-0.068604 -1.178223 0.035889 59.171598 19.154517 44.531202 105128290469.000000
-0.069580 -1.180176 0.050781 60.330629 20.252547 45.141219 105128292269.000000
-0.073242 -1.188721 0.063232 61.977673 21.716586 46.056244 105128294070.000000
-0.077393 -1.193359 0.075195 63.624718 22.692613 46.605258 105128295871.000000
-0.075439 -1.194580 0.080322 65.149759 23.729641 46.910267 105128297672.000000
-0.078613 -1.199219 0.086914 66.613799 24.339657 47.398280 105128299473.000000
-0.078613 -1.201172 0.103271 68.382846 25.315684 47.581285 105128301276.000000
-0.079590 -1.208740 0.113770 69.907888 26.169707 47.886293 105128303078.000000
-0.084961 -1.208008 0.122070 71.615934 26.718721 48.069298 105128304879.000000
-0.083740 -1.206055 0.122803 73.201976 27.755749 48.069298 105128306679.000000
-0.077637 -1.208496 0.130127 74.361008 28.670774 48.008296 105128308480.000000
-0.089844 -1.210693 0.140869 76.252059 28.853779 48.435308 105128310281.000000
-0.082520 -1.208496 0.141602 77.350088 29.097786 48.191301 105128312083.000000
-0.096191 -1.205322 0.145508 78.448118 29.463796 48.679314 105128313885.000000
-0.093262 -1.208252 0.148193 79.607149 30.195815 48.740316 105128315685.000000
-0.087158 -1.207764 0.157959 80.949186 30.134814 48.435308 105128317487.000000
-0.086182 -1.214600 0.176270 82.596230 30.805832 48.618313 105128319288.000000
-0.083496 -1.212646 0.184082 83.877265 31.476850 48.984323 105128321090.000000
-0.076416 -1.215576 0.202393 85.097298 31.232843 48.923321 105128322891.000000
-0.070801 -1.217041 0.209717 86.866345 31.476850 48.679314 105128324692.000000
-0.063721 -1.224121 0.218506 88.513390 31.598853 48.618313 105128326493.000000
-0.045654 -1.228027 0.226074 90.221436 32.330873 48.374306 105128328295.000000
-0.033203 -1.237549 0.236328 91.380467 32.391875 48.496309 105128330095.000000
-0.022705 -1.240723 0.240967 93.088513 32.269871 47.520283 105128331901.000000
-0.017090 -1.239502 0.250977 94.003538 33.001891 47.398280 105128333703.000000
0.001709 -1.239502 0.244141 95.406576 33.123894 46.849265 105128335504.000000
0.015137 -1.244873 0.258545 96.748612 33.794912 45.995242 105128337308.000000
0.030518 -1.247559 0.258545 97.602635 34.038919 45.690234 105128339109.000000
0.045654 -1.249268 0.256348 98.517660 34.160922 45.202220 105128340915.000000
0.052246 -1.245605 0.259277 99.371683 35.136949 44.531202 105128342717.000000
0.060547 -1.244385 0.259033 100.042701 35.807967 44.043189 105128344518.000000
0.076416 -1.246582 0.257568 100.713719 36.722992 43.677179 105128346319.000000
0.086670 -1.243652 0.270996 101.628744 37.760020 43.311169 105128348120.000000
0.099609 -1.246582 0.267334 102.360764 38.675044 42.762155 105128349921.000000
0.098877 -1.244385 0.272461 103.519795 40.078082 42.030135 105128351728.000000
0.115479 -1.242432 0.281494 104.800830 41.176112 41.603123 105128353529.000000
0.129150 -1.239990 0.291992 105.654853 42.091136 40.993107 105128355330.000000
0.140381 -1.241455 0.301758 106.691881 43.311169 40.444092 105128357132.000000
0.148438 -1.234863 0.292969 107.972915 44.348197 39.590069 105128358933.000000
0.148193 -1.231201 0.299561 109.131947 46.117245 39.041054 105128360738.000000
0.149170 -1.233887 0.306885 110.412981 48.130300 38.370036 105128362541.000000
0.131836 -1.234619 0.325439 111.816019 50.204356 37.943024 105128364343.000000
0.106201 -1.239746 0.341064 112.426036 53.071433 37.943024 105128366144.000000
0.075928 -1.246826 0.355469 113.524065 56.121515 38.919051 105128367945.000000
0.062256 -1.242920 0.360840 114.683096 58.561581 39.041054 105128369746.000000
0.047119 -1.233887 0.377686 115.171110 61.306655 39.773074 105128371553.000000
0.058105 -1.227539 0.377930 115.110108 63.441713 39.163057 105128373355.000000
0.082031 -1.210693 0.339355 113.890075 64.905752 38.126029 105128375156.000000
0.093506 -1.168213 0.292969 111.694016 65.759776 37.089001 105128376956.000000
0.121826 -1.113525 0.245117 107.972915 66.491795 34.648936 105128378757.000000
0.126221 -1.083984 0.213379 103.519795 66.857805 31.781858 105128380562.000000
0.115479 -1.025391 0.150635 98.273653 67.528823 28.609772 105128382361.000000
0.087891 -0.977295 0.090088 91.624474 67.955835 25.315684 105128384162.000000
0.077637 -0.940186 0.026855 84.426280 68.016836 22.082596 105128385963.000000
0.055664 -0.913574 -0.031006 76.618069 68.016836 18.300494 105128387764.000000
0.040771 -0.892334 -0.031250 71.127920 67.650827 15.189410 105128389565.000000
0.021240 -0.854248 -0.058838 65.210761 67.711828 12.200329 105128391373.000000
0.007324 -0.825439 -0.076172 60.513634 67.528823 9.760264 105128393177.000000
0.004395 -0.781250 -0.098389 56.182517 66.491795 8.052217 105128394980.000000
-0.000977 -0.750000 -0.141357 51.546392 65.881779 6.527176 105128396782.000000
0.005127 -0.741699 -0.161377 47.947295 66.064784 4.758128 105128398588.000000
0.041748 -0.746338 -0.208984 44.348197 64.844751 2.867077 105128400391.000000
0.079590 -0.732178 -0.268311 41.176112 63.563716 0.366010 105128402259.000000
0.123291 -0.713623 -0.300537 39.102056 62.526688 -1.525041 105128404068.000000
0.146973 -0.710205 -0.336670 36.539987 60.208626 -3.477094 105128405873.000000
0.150635 -0.721436 -0.355469 35.441957 57.646556 -4.575124 105128407674.000000
0.160889 -0.746826 -0.384033 34.526932 54.962484 -5.917160 105128409474.000000
0.187012 -0.755615 -0.402832 34.160922 51.241384 -7.015189 105128411276.000000
0.213867 -0.766113 -0.419434 34.587934 47.642286 -7.991216 105128413078.000000
0.238525 -0.787109 -0.442139 35.380955 44.592204 -8.662234 105128414879.000000
0.252197 -0.801758 -0.460938 36.234978 41.725127 -9.394254 105128416680.000000
0.289063 -0.838867 -0.479980 37.333008 39.407064 -10.004270 105128418482.000000
0.315430 -0.872803 -0.485352 38.980052 37.272006 -10.126273 105128420283.000000
0.324463 -0.909424 -0.482422 41.481120 35.685964 -9.882267 105128422085.000000
0.302490 -0.952637 -0.491943 44.287196 33.855914 -9.150247 105128423887.000000
0.283691 -0.976807 -0.499756 46.666260 31.659855 -8.113219 105128425688.000000
0.240967 -1.032715 -0.519043 49.106326 28.731776 -7.015189 105128427490.000000
0.186279 -1.077393 -0.534424 50.875374 26.230708 -5.734155 105128429292.000000
0.154053 -1.116455 -0.546631 52.949430 23.973647 -3.538096 105128431094.000000
0.114258 -1.142822 -0.557373 55.023486 22.143598 -1.342036 105128432895.000000
0.093994 -1.153564 -0.561035 57.341548 20.435552 0.976026 105128434696.000000
0.063721 -1.158691 -0.578857 59.537608 18.727506 3.355091 105128436498.000000
0.039063 -1.151611 -0.592285 61.062649 17.446471 6.161166 105128438299.000000
0.033691 -1.144043 -0.602783 62.953700 15.738425 8.540231 105128440104.000000
0.034668 -1.127686 -0.613770 64.051729 15.006405 10.675288 105128441907.000000
0.052002 -1.109131 -0.620605 64.905752 14.091380 12.383334 105128443707.000000
0.060791 -1.100830 -0.629395 65.210761 12.993351 13.298359 105128445509.000000
0.084717 -1.086914 -0.627197 65.027756 11.956323 14.274385 105128447310.000000
0.103516 -1.073975 -0.629639 64.722748 10.370280 14.823400 105128449111.000000
0.134766 -1.061523 -0.621094 64.478741 8.723236 14.579394 105128450915.000000
0.157471 -1.044678 -0.604492 64.112731 7.747209 14.274385 105128452718.000000
0.173828 -1.035156 -0.604248 64.112731 6.893186 13.664369 105128454521.000000
0.206055 -1.012207 -0.585449 63.990728 7.198194 12.993351 105128456321.000000
0.231445 -0.984619 -0.581299 64.356738 8.235222 12.322333 105128458121.000000
0.261230 -0.967285 -0.582275 64.234734 9.943268 11.163301 105128459928.000000
0.282715 -0.947021 -0.585693 63.685720 12.322333 10.492283 105128461732.000000
0.288818 -0.934814 -0.581787 63.014701 15.006405 10.065272 105128463534.000000
0.302490 -0.916504 -0.582520 62.221680 18.666504 9.089245 105128465338.000000
0.317383 -0.906250 -0.574707 61.306655 21.838590 8.296224 105128467139.000000
0.319092 -0.887451 -0.572754 60.696639 25.803697 7.808211 105128468941.000000
0.310059 -0.874512 -0.574951 59.598609 29.829805 7.259196 105128470744.000000
0.307129 -0.867188 -0.579102 58.744586 33.184896 7.076191 105128472544.000000
0.293701 -0.857422 -0.557129 58.256573 37.028000 7.137193 105128474345.000000
0.274902 -0.855713 -0.541992 57.829561 40.871104 7.015189 105128476147.000000
0.252441 -0.859619 -0.537598 57.707558 44.653206 7.198194 105128477949.000000
0.217285 -0.859863 -0.531250 57.280547 48.191301 7.930214 105128479749.000000
0.200439 -0.858154 -0.526123 57.097542 51.607393 8.723236 105128481557.000000
0.161133 -0.866699 -0.521729 57.097542 54.840481 9.943268 105128483360.000000
0.122314 -0.873291 -0.507568 56.670530 57.707558 10.736290 105128485161.000000
0.066162 -0.885742 -0.500732 56.670530 60.086622 12.078326 105128486962.000000
0.018799 -0.902832 -0.491211 56.609528 62.282682 13.664369 105128488763.000000
-0.007080 -0.913574 -0.490723 56.670530 64.783749 15.250412 105128490568.000000
-0.066895 -0.943604 -0.481445 56.914537 66.125785 16.409443 105128492367.000000
-0.132568 -0.958008 -0.466797 57.097542 67.223815 18.300494 105128494168.000000
-0.189209 -0.971924 -0.457764 57.036540 68.016836 20.252547 105128495970.000000
-0.238037 -0.977295 -0.446289 57.463552 68.687855 21.899591 105128497771.000000
-0.260254 -0.977295 -0.436768 57.707558 68.931861 23.973647 105128499573.000000
-0.301270 -0.977539 -0.417969 57.890563 68.748856 25.681693 105128501375.000000
-0.328369 -0.973877 -0.405273 57.829561 68.443848 27.145733 105128503177.000000
-0.351074 -0.970215 -0.394531 58.195571 67.467822 28.609772 105128504977.000000
-0.363037 -0.962891 -0.385498 58.256573 66.308790 30.134814 105128506778.000000
-0.363525 -0.962646 -0.371094 58.195571 64.661746 30.927835 105128508579.000000
-0.368896 -0.962402 -0.361328 58.012566 62.648692 31.354847 105128510381.000000
-0.369385 -0.957764 -0.344971 58.561581 60.025621 31.415848 105128512204.000000
-0.363037 -0.956299 -0.323975 58.439578 57.646556 31.720856 105128514005.000000
-0.353027 -0.959717 -0.311279 59.171598 54.413469 31.232843 105128515807.000000
-0.347900 -0.959473 -0.293701 59.659611 51.058379 30.561825 105128517607.000000
-0.333252 -0.953125 -0.275146 60.879644 47.642286 29.768804 105128519412.000000
-0.315186 -0.951660 -0.260498 61.672665 44.836211 29.036784 105128521215.000000
-0.304443 -0.951172 -0.240234 62.343683 41.420118 27.816751 105128523016.000000
-0.286621 -0.948486 -0.226074 63.624718 38.797048 26.779723 105128524818.000000
-0.281494 -0.951660 -0.223389 64.844751 36.722992 25.925700 105128526620.000000
-0.262695 -0.949707 -0.221680 65.515769 33.977917 24.766669 105128528421.000000
-0.243652 -0.948486 -0.223877 66.308790 32.391875 23.912646 105128530221.000000
-0.221191 -0.949707 -0.225098 67.101812 30.744830 22.509608 105128532023.000000
-0.200439 -0.945801 -0.216309 68.077838 29.524797 21.289575 105128533824.000000
-0.190674 -0.949707 -0.218506 68.992863 28.609772 20.252547 105128535625.000000
-0.170654 -0.951904 -0.206299 70.090892 27.572744 19.093516 105128537439.000000
-0.157715 -0.957275 -0.196533 71.249924 27.084731 17.812481 105128539241.000000
-0.151123 -0.968750 -0.174316 72.774965 27.084731 16.958458 105128541048.000000
-0.148926 -0.971436 -0.164063 73.811993 27.267736 15.982432 105128542850.000000
-0.152100 -0.980225 -0.148682 74.910023 27.999756 15.189410 105128544652.000000
-0.155029 -0.982910 -0.135010 76.069054 28.548771 14.762399 105128546453.000000
-0.153076 -0.994141 -0.124512 76.618069 29.341792 14.152382 105128548258.000000
-0.165039 -1.007080 -0.101563 76.984079 30.500824 14.335387 105128550062.000000
-0.176514 -1.022217 -0.084473 77.594095 31.232843 14.640395 105128551869.000000
-0.180176 -1.039063 -0.057129 77.655097 32.269871 14.762399 105128553671.000000
-0.186035 -1.045898 -0.047119 78.021107 33.367901 15.250412 105128555472.000000
-0.192383 -1.055420 -0.030029 77.838102 34.404929 16.226438 105128557272.000000
-0.195068 -1.067871 -0.015137 77.594095 35.075947 17.263466 105128559074.000000
-0.199463 -1.082275 0.012939 77.350088 35.624962 18.178491 105128560878.000000
-0.198730 -1.082520 0.033203 76.923077 36.478985 18.971512 105128562681.000000
-0.198242 -1.084961 0.041504 76.679070 36.844995 19.825535 105128564483.000000
-0.202637 -1.090576 0.043945 75.764046 37.211005 21.106570 105128566284.000000
-0.204102 -1.096191 0.062012 75.154029 37.394010 21.960593 105128568084.000000
-0.215820 -1.093750 0.077148 74.239004 37.333008 23.058623 105128569885.000000
-0.229248 -1.091064 0.098145 73.384981 36.905996 24.095651 105128571687.000000
-0.237305 -1.085693 0.107910 72.530958 36.661990 25.254682 105128573489.000000
-0.245361 -1.079590 0.136475 71.981944 36.234978 26.108705 105128575289.000000
-0.261475 -1.073242 0.152100 70.944916 35.990972 27.023730 105128577090.000000
-0.275635 -1.066406 0.170166 70.029891 35.746965 28.243763 105128578891.000000
-0.292725 -1.063232 0.197510 68.748856 36.051973 29.402794 105128580697.000000
-0.299072 -1.058838 0.215332 67.406820 36.295980 30.256817 105128582496.000000
-0.316162 -1.050781 0.244385 66.247789 36.356982 31.049838 105128584298.000000
-0.325684 -1.044434 0.274414 65.149759 36.478985 31.842860 105128586099.000000
-0.328369 -1.044434 0.301514 64.295736 36.783993 32.025865 105128587899.000000
-0.330566 -1.041016 0.332275 63.258708 36.905996 32.452876 105128589701.000000
-0.335693 -1.042725 0.351807 61.977673 36.966998 32.513878 105128591512.000000
-0.337402 -1.045410 0.382324 61.794668 37.028000 32.696883 105128593313.000000
-0.339355 -1.048096 0.414307 61.306655 36.356982 32.635881 105128595114.000000
-0.343018 -1.049561 0.444580 61.245654 36.051973 32.696883 105128596915.000000
-0.346191 -1.057373 0.471680 60.330629 34.892942 33.001891 105128598717.000000
-0.343506 -1.063721 0.480713 60.574636 33.794912 33.184896 105128600519.000000
-0.351563 -1.069580 0.515381 60.330629 32.635881 33.855914 105128602321.000000
-0.356934 -1.084473 0.535645 60.208626 31.171842 34.648936 105128604122.000000
-0.362793 -1.105957 0.568848 60.574636 29.463796 35.258952 105128605923.000000
-0.363281 -1.131348 0.591064 61.367657 27.877753 35.929970 105128607723.000000
-0.355469 -1.137939 0.600830 62.404685 25.620692 36.600988 105128609526.000000
-0.355713 -1.164551 0.623779 63.746721 23.485634 37.516013 105128611327.000000
-0.366943 -1.192139 0.637207 65.332764 20.801562 38.614043 105128613128.000000
-0.360107 -1.214111 0.635986 66.247789 18.056488 39.285061 105128614928.000000
-0.354004 -1.234619 0.635498 67.589825 15.433417 39.834076 105128616728.000000
-0.363037 -1.246582 0.633057 69.297871 13.237357 40.993107 105128618529.000000
-0.373535 -1.270020 0.639648 71.127920 11.285305 41.969133 105128620329.000000
-0.376953 -1.290039 0.637451 73.018972 9.211249 42.701153 105128622132.000000
-0.411377 -1.300781 0.646240 75.337034 5.978161 43.982188 105128623933.000000
-0.412842 -1.350586 0.687012 78.326115 2.501068 44.165192 105128625734.000000
-0.400146 -1.371338 0.694824 80.949186 -0.122003 43.799183 105128627534.000000
-0.421631 -1.358643 0.674561 83.450253 -2.074056 44.958214 105128629336.000000
-0.433838 -1.358643 0.648193 85.341304 -2.867077 45.019216 105128631138.000000
-0.442627 -1.354980 0.634277 86.805344 -4.819130 44.287196 105128632938.000000
-0.435547 -1.353760 0.616455 87.598365 -7.503203 43.616178 105128634740.000000
-0.434570 -1.352539 0.613281 89.062405 -9.638260 42.762155 105128636542.000000
-0.437500 -1.339111 0.604004 90.709449 -11.651315 40.993107 105128638343.000000
-0.426758 -1.323975 0.584473 91.502471 -13.908376 39.163057 105128640144.000000
-0.434570 -1.302490 0.567139 92.722504 -15.860428 36.844995 105128641946.000000
-0.447998 -1.271729 0.548828 93.149515 -17.812481 34.770939 105128643746.000000
-0.463379 -1.244629 0.523193 93.759532 -19.703532 32.513878 105128645547.000000
-0.468506 -1.233398 0.518066 94.735558 -21.167572 30.622827 105128647348.000000
-0.470215 -1.198975 0.504883 95.162569 -22.631611 28.975782 105128649149.000000
-0.469482 -1.176025 0.508545 96.321601 -24.278656 26.962728 105128650955.000000
-0.469482 -1.149902 0.504639 97.114622 -25.742695 25.254682 105128652759.000000
-0.467773 -1.148193 0.485352 97.541634 -26.596718 23.729641 105128654561.000000
-0.462402 -1.141357 0.481689 98.151650 -28.182761 21.594583 105128656362.000000
-0.457520 -1.125732 0.462402 98.029647 -29.524797 20.374550 105128658162.000000
-0.452148 -1.123047 0.460205 98.822668 -31.110840 19.276520 105128659963.000000
-0.433105 -1.120361 0.448242 98.334655 -32.452876 18.422497 105128661770.000000
-0.409912 -1.127686 0.441162 98.151650 -34.160922 17.568474 105128663571.000000
-0.397705 -1.126709 0.440430 97.968645 -34.831940 16.897456 105128665373.000000
-0.363037 -1.119873 0.416016 97.541634 -36.905996 16.165436 105128667173.000000
-0.330811 -1.119629 0.399902 97.968645 -38.248033 16.043433 105128668974.000000
-0.299072 -1.118652 0.378662 97.724639 -40.139084 15.555420 105128670779.000000
-0.273438 -1.112793 0.367188 98.029647 -41.847130 15.860428 105128672578.000000
-0.252686 -1.113281 0.365723 98.517660 -43.494174 15.555420 105128674379.000000
-0.233154 -1.104492 0.357666 98.944672 -45.324224 16.043433 105128676180.000000
-0.207275 -1.097168 0.336914 99.493686 -46.117245 16.470445 105128677982.000000
-0.183105 -1.088379 0.325928 99.615690 -47.032270 16.531446 105128679783.000000
-0.151123 -1.075195 0.301025 99.615690 -47.581285 16.836455 105128681586.000000
-0.131836 -1.069580 0.285400 99.493686 -47.215275 16.714451 105128683386.000000
-0.100342 -1.051270 0.258057 98.090648 -47.459281 16.287440 105128685187.000000
-0.067627 -1.032227 0.241943 97.236625 -46.971268 16.348441 105128686989.000000
-0.025879 -1.014648 0.209473 95.528579 -45.995242 15.799427 105128688789.000000
0.012451 -1.004395 0.187256 94.247545 -45.751235 15.128408 105128690594.000000
0.024414 -0.997314 0.176270 93.210517 -44.714207 14.457390 105128692398.000000
0.048340 -0.979736 0.153809 92.356494 -43.555176 13.847374 105128694200.000000
0.072754 -0.977539 0.146729 91.868480 -42.518148 13.481364 105128696001.000000
0.086182 -0.970703 0.132324 91.990484 -40.688099 13.542366 105128697801.000000
0.095947 -0.963135 0.122559 92.417495 -38.980052 13.786372 105128699603.000000
0.105713 -0.959473 0.116455 93.027512 -37.028000 13.908376 105128701409.000000
0.109131 -0.954590 0.113525 93.881535 -34.770939 14.213384 105128703210.000000
0.121094 -0.964844 0.092529 94.247545 -32.391875 14.457390 105128705010.000000
0.128174 -0.953613 0.080566 94.369548 -30.134814 14.457390 105128706811.000000
0.145996 -0.958252 0.060791 94.064540 -27.450741 14.396389 105128708611.000000
0.149170 -0.958496 0.053711 93.881535 -24.278656 14.274385 105128710412.000000
0.167480 -0.960205 0.048096 93.454523 -21.228573 14.091380 105128712235.000000
0.171875 -0.966553 0.051514 92.966510 -17.690478 13.786372 105128714035.000000
0.175781 -0.952148 0.044922 92.905508 -14.823400 13.908376 105128715838.000000
0.174561 -0.947998 0.059326 92.539499 -11.651315 14.335387 105128717640.000000
0.177246 -0.940918 0.062500 92.356494 -8.357226 14.640395 105128719441.000000
0.177979 -0.921631 0.071777 92.356494 -4.819130 14.701397 105128721248.000000
0.175049 -0.910645 0.070557 92.051485 -1.830049 15.311413 105128723049.000000
0.172363 -0.898926 0.080078 91.807479 1.403038 15.616422 105128724851.000000
0.178711 -0.885010 0.083008 90.892454 4.209114 16.287440 105128726653.000000
0.180908 -0.878906 0.088135 90.282438 7.076191 16.409443 105128728453.000000
0.171143 -0.867188 0.096924 89.489416 10.126273 16.775453 105128730254.000000
0.183838 -0.849854 0.097900 88.635393 13.298359 17.019460 105128732057.000000
0.180908 -0.849609 0.099609 87.537364 16.470445 17.385469 105128733858.000000
0.172607 -0.838135 0.106201 86.561337 19.520527 17.995486 105128735660.000000
0.167480 -0.835205 0.110596 85.402306 22.021595 18.788507 105128737460.000000
0.168945 -0.828369 0.123779 84.609284 25.132679 19.032514 105128739261.000000
0.173096 -0.830566 0.116211 83.633258 28.304764 19.154517 105128741062.000000
0.164307 -0.830322 0.124023 82.657232 31.781858 19.703532 105128742866.000000
0.159668 -0.827148 0.128174 81.803209 34.831940 19.886537 105128744668.000000
0.161865 -0.829346 0.116943 80.156164 38.431038 20.435552 105128746468.000000
0.149658 -0.836426 0.116699 79.180138 41.054108 20.801562 105128748270.000000
0.142090 -0.844727 0.125977 77.899103 43.921186 20.984567 105128750071.000000
0.139648 -0.851074 0.121338 76.740072 46.971268 21.167572 105128751878.000000
0.129639 -0.855713 0.122070 75.947051 49.533337 21.350576 105128753678.000000
0.127930 -0.864502 0.123535 75.276032 52.400415 21.594583 105128755479.000000
0.125977 -0.866943 0.122314 74.605014 55.145489 21.289575 105128757281.000000
0.109375 -0.871094 0.114502 74.239004 57.341548 21.472580 105128759081.000000
0.096436 -0.879150 0.124268 74.544013 59.781614 22.021595 105128760886.000000
0.063232 -0.878418 0.126465 74.544013 61.733667 21.716586 105128762685.000000
0.056396 -0.885010 0.116455 73.994998 63.319710 22.326603 105128764487.000000
0.043213 -0.891357 0.123779 73.201976 64.966754 23.058623 105128766862.000000
0.028320 -0.898682 0.127930 72.408955 67.894833 24.278656 105128768683.000000
0.003662 -0.896484 0.137451 71.310925 69.358873 24.522662 105128770492.000000
-0.006592 -0.897949 0.146729 70.700909 70.212896 25.010675 105128772294.000000
-0.018311 -0.889648 0.140869 69.541878 71.005917 25.132679 105128774097.000000
-0.038574 -0.890137 0.146484 68.809858 71.432929 25.193680 105128775897.000000
-0.068848 -0.885498 0.146729 68.321845 71.310925 25.620692 105128777699.000000
-0.084473 -0.894287 0.148438 67.772830 70.944916 25.254682 105128779500.000000
-0.095947 -0.891602 0.146240 67.711828 70.639907 25.376685 105128781329.000000
-0.111328 -0.880615 0.137695 67.467822 70.517904 24.766669 105128783138.000000
-0.131348 -0.872803 0.131104 66.979808 70.029891 24.339657 105128784939.000000
-0.145752 -0.871338 0.125732 66.674800 69.236869 24.095651 105128786740.000000
-0.174072 -0.865967 0.127686 66.735802 68.321845 23.668639 105128788542.000000
-0.185303 -0.870605 0.131348 66.308790 66.979808 23.424632 105128790344.000000
-0.197754 -0.864746 0.133057 65.576771 65.576771 22.936619 105128792153.000000
-0.217773 -0.859619 0.138184 65.210761 64.112731 22.814616 105128793953.000000
-0.225098 -0.868652 0.132568 64.966754 62.892698 22.692613 105128795758.000000
-0.234863 -0.861816 0.133301 64.844751 61.123650 22.387604 105128797559.000000
-0.238770 -0.861328 0.141113 64.600744 59.415604 21.960593 105128799361.000000
-0.242432 -0.862305 0.154053 64.905752 57.463552 21.899591 105128801163.000000
-0.247559 -0.860840 0.156006 65.515769 55.084487 21.716586 105128802963.000000
-0.227051 -0.864258 0.133545 64.966754 53.315440 20.923565 105128804764.000000
-0.226074 -0.874268 0.119873 64.661746 51.851400 20.313548 105128806566.000000
-0.222656 -0.867920 0.113770 64.722748 50.143354 19.886537 105128808367.000000
-0.217773 -0.860840 0.121338 64.417739 48.740316 19.215519 105128810167.000000
-0.208252 -0.865967 0.118652 64.112731 47.032270 18.788507 105128811970.000000
-0.206543 -0.870605 0.128174 64.234734 45.019216 18.239492 105128813771.000000
-0.209229 -0.875977 0.133545 64.539743 42.945160 17.873483 105128815572.000000
-0.200195 -0.877930 0.136475 64.722748 41.298115 17.202464 105128817373.000000
-0.204102 -0.879150 0.135254 64.417739 39.285061 17.202464 105128819174.000000
-0.193848 -0.876221 0.133789 64.173733 37.821021 16.836455 105128820977.000000
-0.189453 -0.872070 0.124756 63.990728 36.356982 16.287440 105128822778.000000
-0.188721 -0.864502 0.124756 63.929726 34.770939 15.799427 105128824579.000000
-0.186279 -0.861816 0.117920 63.868724 33.245898 15.494418 105128826530.000000
-0.172607 -0.854736 0.110352 63.929726 31.903861 14.884402 105128829446.000000
-0.176514 -0.851318 0.106201 63.258708 29.646800 13.237357 105128832364.000000
-0.171875 -0.862793 0.092773 62.465687 27.633746 11.834320 105128835279.000000
-0.184326 -0.853027 0.107666 62.160678 25.315684 10.858293 105128838195.000000
-0.196777 -0.836914 0.131104 63.319710 22.997621 11.285305 105128841112.000000
-0.217773 -0.804199 0.140869 63.685720 20.679558 12.505338 105128844026.000000
-0.211182 -0.791016 0.141357 63.197706 18.849509 12.871348 105128846940.000000
-0.189697 -0.780029 0.136963 61.550662 17.568474 13.481364 105128849852.000000
-0.158203 -0.770996 0.138672 59.842616 16.287440 13.481364 105128852776.000000
-0.132080 -0.761719 0.154785 59.171598 15.006405 12.993351 105128855700.000000
-0.106201 -0.762695 0.158936 58.439578 13.603367 12.322333 105128858614.000000
-0.085938 -0.765137 0.158447 57.829561 12.688343 11.895321 105128861538.000000
-0.074219 -0.763428 0.161621 56.487525 12.444336 10.797292 105128864455.000000
-0.066650 -0.760986 0.157715 55.267492 12.993351 10.126273 105128867375.000000
-0.062988 -0.772705 0.149902 53.803453 13.603367 9.394254 105128870290.000000
-0.067871 -0.769287 0.157715 51.790398 14.701397 9.150247 105128873216.000000
-0.077881 -0.781738 0.171875 50.570365 15.616422 8.845239 105128876133.000000
-0.083740 -0.791748 0.184082 49.411334 16.897456 9.089245 105128879048.000000
-0.086670 -0.793701 0.200928 48.618313 18.483499 9.638260 105128881976.000000
-0.079346 -0.802002 0.222168 47.337278 20.008540 9.455255 105128884891.000000
-0.088379 -0.819092 0.225830 47.154273 20.801562 10.126273 105128887806.000000
-0.094971 -0.819336 0.242920 46.056244 21.899591 10.370280 105128890728.000000
-0.102051 -0.827393 0.239990 44.592204 22.936619 10.675288 105128893646.000000
-0.122070 -0.837646 0.251465 43.128164 24.217654 11.651315 105128896560.000000
-0.109619 -0.845947 0.241455 40.688099 26.291710 12.261331 105128899473.000000
-0.105225 -0.860840 0.263916 39.529067 28.121759 13.176356 105128902390.000000
-0.107910 -0.872559 0.268066 38.797048 29.768804 13.237357 105128905307.000000
-0.105713 -0.874756 0.270752 38.126029 30.683828 13.420362 105128908221.000000
-0.092285 -0.871582 0.266113 37.699018 32.208870 13.603367 105128911141.000000
-0.093262 -0.858887 0.260742 37.150003 32.879888 13.420362 105128914060.000000
-0.104004 -0.856689 0.245117 36.478985 33.184896 13.786372 105128916974.000000
-0.125244 -0.847168 0.242188 37.150003 33.184896 13.786372 105128919889.000000
-0.153320 -0.833252 0.237305 38.187031 32.635881 14.579394 105128922804.000000
-0.183350 -0.829346 0.232910 38.492039 31.537852 14.945404 105128925746.000000
-0.212402 -0.834473 0.239502 39.651071 31.049838 15.067407 105128928663.000000
-0.239014 -0.828857 0.234131 40.566095 29.463796 14.579394 105128931580.000000
-0.267822 -0.815430 0.232666 41.542122 26.962728 13.786372 105128934508.000000
-0.275879 -0.798584 0.212646 41.359117 24.766669 12.871348 105128937422.000000
-0.281006 -0.799561 0.219238 41.298115 22.448606 11.468310 105128940337.000000
-0.293945 -0.798584 0.217285 40.810102 19.642530 9.821265 105128943289.000000
-0.300537 -0.799316 0.211182 40.871104 17.263466 8.723236 105128946204.000000
-0.316406 -0.793701 0.216553 41.298115 14.518392 7.991216 105128949119.000000
-0.318115 -0.795166 0.207275 40.993107 11.712316 7.442201 105128952050.000000
-0.313965 -0.783691 0.214111 40.383090 7.991216 7.381199 105128954973.000000
-0.286621 -0.786133 0.211182 39.590069 5.612152 6.832184 105128957889.000000
-0.272461 -0.783447 0.218506 39.529067 2.867077 6.710181 105128960806.000000
-0.261475 -0.783203 0.218750 39.468066 0.671018 6.588178 105128963720.000000
-0.246094 -0.782227 0.208740 39.224059 -1.037028 6.405173 105128966647.000000
-0.225830 -0.796387 0.215332 39.224059 -2.074056 6.100165 105128969561.000000
-0.224854 -0.792236 0.225342 38.858049 -2.867077 6.283170 105128972478.000000
-0.216553 -0.797119 0.228760 38.248033 -3.294089 6.100165 105128975395.000000
-0.205811 -0.795410 0.239258 37.516013 -3.111084 6.283170 105128978308.000000
-0.189209 -0.801758 0.248291 36.661990 -2.867077 5.795156 105128981238.000000
-0.168945 -0.789307 0.251221 35.624962 -2.745074 5.368145 105128984155.000000
-0.149902 -0.791748 0.263184 34.282926 -2.135058 4.697127 105128987069.000000
-0.136475 -0.782959 0.260254 32.635881 -0.976026 4.331117 105128989982.000000
-0.114258 -0.772217 0.255127 30.866833 0.305008 4.270115 105128992917.000000
-0.110596 -0.778564 0.257080 29.768804 1.403038 4.026109 105128995834.000000
-0.103027 -0.754150 0.257324 27.938754 2.684072 4.209114 105128998749.000000
-0.092285 -0.737061 0.249268 26.047703 4.209114 4.148112 105129001665.000000
-0.088867 -0.728271 0.238281 24.339657 6.222168 3.416092 105129004580.000000
-0.074219 -0.705811 0.230469 22.143598 7.381199 3.172086 105129007501.000000
-0.076172 -0.688965 0.231445 20.679558 8.662234 2.562069 105129010414.000000
-0.068604 -0.677490 0.229492 18.483499 9.516257 1.647044 105129013372.000000
-0.080811 -0.674561 0.228271 17.080461 10.065272 1.098030 105129016287.000000
-0.086914 -0.655273 0.213379 15.799427 10.797292 0.976026 105129019201.000000
-0.103027 -0.651855 0.203613 14.823400 11.529311 0.366010 105129022118.000000
-0.112305 -0.646973 0.208984 13.481364 12.139328 0.732020 105129025032.000000
-0.127197 -0.636475 0.199707 12.322333 13.237357 0.976026 105129027974.000000
-0.137207 -0.628662 0.191650 10.919295 14.640395 0.976026 105129030893.000000
-0.141113 -0.632568 0.192871 9.577259 15.494418 1.464040 105129033808.000000
-0.146240 -0.638184 0.190186 8.784237 16.287440 1.647044 105129036722.000000
-0.161133 -0.643311 0.189941 7.930214 16.836455 1.342036 105129039637.000000
-0.176758 -0.652344 0.190674 7.442201 16.592448 1.891051 105129042553.000000
-0.194092 -0.667236 0.189209 6.893186 16.409443 1.403038 105129045467.000000
-0.222656 -0.683838 0.191650 6.771183 15.921430 1.403038 105129048381.000000
-0.239746 -0.687744 0.197021 7.198194 14.701397 1.464040 105129051301.000000
-0.255615 -0.704590 0.198242 6.771183 14.274385 1.098030 105129054220.000000
-0.279541 -0.713867 0.206787 6.405173 12.871348 0.488013 105129057134.000000
-0.305420 -0.734619 0.224854 4.758128 7.869212 -2.135058 105129064855.000000
-0.312500 -0.737549 0.221924 3.538096 5.551150 -4.148112 105129068009.000000
-0.307373 -0.744385 0.225098 2.135058 4.026109 -5.124138 105129070965.000000
-0.298584 -0.739990 0.216553 0.183005 3.172086 -5.856158 105129073894.000000
-0.284668 -0.733887 0.221680 -1.891051 2.989081 -6.832184 105129076892.000000
-0.250977 -0.724365 0.227051 -4.514122 3.477094 -7.503203 105129079902.000000
-0.212402 -0.712158 0.230957 -6.710181 3.416092 -7.991216 105129082816.000000
-0.184814 -0.707275 0.243164 -8.601232 3.111084 -8.113219 105129085738.000000
-0.160645 -0.711670 0.243408 -9.760264 2.867077 -8.418227 105129088653.000000
-0.151855 -0.718750 0.250732 -9.760264 1.464040 -7.991216 105129091566.000000
-0.155273 -0.725098 0.233398 -9.455255 -0.244007 -7.198194 105129094495.000000
-0.159668 -0.732422 0.234131 -8.662234 -2.623071 -6.649180 105129097404.000000
-0.173828 -0.739746 0.224365 -7.564204 -5.551150 -6.466175 105129100354.000000
-0.178955 -0.738281 0.197021 -5.795156 -8.540231 -6.588178 105129103328.000000
-0.200684 -0.737549 0.185791 -4.514122 -12.566339 -6.954188 105129106256.000000
-0.223389 -0.735352 0.179443 -3.477094 -15.677423 -8.113219 105129109167.000000
-0.254395 -0.731445 0.156250 -3.111084 -18.056488 -9.211249 105129112081.000000
-0.278564 -0.722900 0.152100 -3.233087 -19.398524 -11.102300 105129114999.000000
-0.288330 -0.703613 0.137207 -4.514122 -20.130544 -12.444336 105129117908.000000
-0.285156 -0.681885 0.152832 -7.076191 -20.984567 -14.823400 105129120822.000000
-0.264160 -0.657471 0.159668 -9.760264 -20.740560 -16.470445 105129123743.000000
-0.240479 -0.631104 0.164307 -12.383334 -20.740560 -18.666504 105129126740.000000
-0.211914 -0.613525 0.176025 -14.762399 -20.374550 -19.703532 105129129176.000000
-0.201904 -0.603271 0.175293 -15.799427 -20.618557 -20.069542 105129130988.000000
-0.197510 -0.604736 0.185303 -16.592448 -20.496553 -20.069542 105129132794.000000
-0.192383 -0.605469 0.184082 -16.836455 -20.740560 -19.947539 105129134597.000000
-0.186768 -0.605225 0.186768 -16.897456 -20.862563 -19.520527 105129136399.000000
-0.182373 -0.621094 0.194580 -17.202464 -22.021595 -18.788507 105129138200.000000
-0.177246 -0.628906 0.195801 -16.775453 -22.753614 -17.995486 105129140002.000000
-0.178223 -0.637451 0.192627 -16.348441 -23.668639 -16.958458 105129141806.000000
-0.179443 -0.662598 0.202148 -16.104435 -24.888672 -16.531446 105129143613.000000
-0.177490 -0.671143 0.191650 -15.677423 -26.291710 -15.738425 105129145415.000000
-0.187500 -0.693848 0.188965 -15.128408 -27.694748 -15.189410 105129147221.000000
-0.189941 -0.701172 0.196533 -14.457390 -29.036784 -14.823400 105129149026.000000
-0.198975 -0.720947 0.188477 -14.518392 -30.500824 -14.762399 105129150830.000000
-0.215332 -0.736572 0.192627 -14.152382 -31.720856 -14.518392 105129152633.000000
-0.229004 -0.751709 0.185303 -13.908376 -32.940889 -14.884402 105129154433.000000
-0.238037 -0.762695 0.183594 -13.786372 -33.550906 -15.189410 105129156238.000000
-0.241943 -0.766113 0.180664 -14.152382 -34.160922 -15.616422 105129158045.000000
-0.253418 -0.772217 0.182373 -15.311413 -34.648936 -16.104435 105129159847.000000
-0.255615 -0.778809 0.191162 -16.226438 -34.465931 -16.775453 105129161652.000000
-0.255859 -0.777832 0.192139 -17.263466 -34.343927 -17.690478 105129163458.000000
-0.249756 -0.774658 0.202393 -18.666504 -33.733911 -18.849509 105129165261.000000
-0.249756 -0.773193 0.201172 -20.496553 -33.306899 -19.886537 105129167063.000000
-0.238770 -0.774170 0.207764 -22.509608 -32.574880 -21.289575 105129168866.000000
-0.216553 -0.764404 0.218750 -24.461660 -31.781858 -22.265601 105129170673.000000
-0.201172 -0.757813 0.217529 -27.084731 -31.049838 -23.180626 105129172477.000000
-0.179443 -0.752686 0.225586 -29.158787 -30.683828 -24.156652 105129174280.000000
-0.167236 -0.752686 0.231689 -30.866833 -30.317819 -24.644665 105129176085.000000
-0.151611 -0.749512 0.239014 -32.818886 -30.012810 -25.071677 105129177889.000000
-0.126953 -0.744873 0.242432 -34.587934 -29.463796 -25.620692 105129179697.000000
-0.107178 -0.744141 0.245605 -35.868968 -28.914781 -25.803697 105129181589.000000
-0.086914 -0.743164 0.253906 -37.455011 -28.487769 -25.620692 105129183560.000000
-0.066895 -0.742432 0.249512 -38.553041 -27.999756 -25.132679 105129185470.000000
-0.048340 -0.743896 0.244141 -39.468066 -27.694748 -24.461660 105129187354.000000
-0.036377 -0.743164 0.243896 -40.383090 -27.938754 -23.668639 105129189162.000000
-0.029053 -0.742676 0.243896 -40.627097 -27.877753 -23.058623 105129190970.000000
-0.020996 -0.750977 0.237793 -40.627097 -28.060758 -21.899591 105129192775.000000
-0.002197 -0.746826 0.226318 -41.054108 -28.243763 -21.411578 105129194578.000000
-0.000732 -0.747070 0.214355 -41.115110 -28.609772 -20.679558 105129196380.000000
0.004395 -0.752441 0.214111 -40.566095 -29.402794 -19.764534 105129198188.000000
0.004150 -0.752197 0.208740 -40.444092 -30.012810 -19.032514 105129199988.000000
-0.007324 -0.750977 0.196777 -40.200085 -30.439822 -18.239492 105129201791.000000
-0.018311 -0.754150 0.185791 -39.712072 -31.232843 -17.934484 105129203597.000000
-0.037598 -0.757813 0.189453 -39.102056 -31.720856 -17.263466 105129205399.000000
-0.052246 -0.761963 0.183350 -38.919051 -32.391875 -16.897456 105129207200.000000
-0.065186 -0.758301 0.180176 -38.736046 -33.001891 -16.653450 105129209000.000000
-0.087646 -0.759033 0.174561 -38.370036 -33.733911 -16.409443 105129210801.000000
-0.109375 -0.756836 0.169678 -38.736046 -34.282926 -16.531446 105129212604.000000
-0.130615 -0.751465 0.159424 -39.163057 -35.319954 -16.897456 105129214405.000000
-0.165771 -0.758789 0.149902 -39.285061 -36.173977 -17.568474 105129216206.000000
-0.177246 -0.759766 0.147949 -40.078082 -36.783993 -18.361496 105129218007.000000
-0.205322 -0.760498 0.132813 -40.322089 -37.760020 -19.032514 105129219809.000000
-0.241699 -0.767334 0.142090 -40.932105 -38.675044 -20.069542 105129221611.000000
-0.271240 -0.768066 0.128662 -41.908132 -39.102056 -20.923565 105129223413.000000
-0.305420 -0.779785 0.139648 -42.396145 -39.651071 -21.655585 105129225213.000000
-0.322021 -0.784424 0.138672 -43.860184 -40.017080 -22.570609 105129227014.000000
-0.341553 -0.796143 0.151367 -44.470201 -40.078082 -23.973647 105129228815.000000
-0.355713 -0.803955 0.168457 -45.751235 -40.139084 -25.193680 105129230624.000000
-0.356445 -0.813232 0.185303 -47.154273 -40.078082 -26.474715 105129232426.000000
-0.356689 -0.826660 0.195313 -48.496309 -39.834076 -27.938754 105129234227.000000
-0.348145 -0.831543 0.201172 -50.021351 -39.590069 -29.402794 105129236028.000000
-0.341797 -0.834473 0.218994 -51.912402 -39.285061 -30.683828 105129237833.000000
-0.327637 -0.842041 0.234131 -54.108461 -38.614043 -32.208870 105129239635.000000
-0.307373 -0.848633 0.243896 -56.365522 -38.309034 -33.184896 105129241436.000000
-0.280762 -0.857666 0.256348 -58.805588 -37.699018 -33.916916 105129243237.000000
-0.268311 -0.863525 0.260254 -60.940645 -36.661990 -34.343927 105129245038.000000
-0.238281 -0.871094 0.274170 -63.136705 -35.746965 -34.160922 105129246840.000000
-0.208496 -0.885742 0.294434 -65.210761 -34.709937 -34.160922 105129248645.000000
-0.177734 -0.903564 0.315430 -66.735802 -33.550906 -33.733911 105129250448.000000
-0.150391 -0.920654 0.331543 -68.138840 -32.452876 -32.696883 105129252249.000000
-0.131104 -0.929688 0.342773 -69.175868 -30.805832 -31.842860 105129254055.000000
-0.095459 -0.953369 0.364258 -69.724883 -29.463796 -30.073812 105129255856.000000
-0.066650 -0.977295 0.387695 -70.090892 -28.182761 -28.853779 105129257660.000000
-0.038086 -0.992432 0.407471 -70.578906 -26.901726 -27.023730 105129259462.000000
-0.011475 -1.013428 0.421875 -70.639907 -26.108705 -25.010675 105129261274.000000
-0.004639 -1.025635 0.432373 -70.456902 -25.010675 -23.241628 105129263078.000000
0.011475 -1.051514 0.451904 -69.480876 -24.095651 -20.984567 105129264879.000000
0.013428 -1.068359 0.483887 -67.528823 -23.607637 -18.239492 105129266680.000000
0.016602 -1.092285 0.493164 -65.576771 -22.997621 -15.677423 105129268489.000000
0.011719 -1.107178 0.494629 -63.990728 -22.936619 -12.810346 105129270290.000000
0.013184 -1.120605 0.499756 -61.672665 -23.485634 -10.431282 105129272093.000000
0.009521 -1.128906 0.487549 -60.330629 -23.485634 -8.540231 105129273894.000000
-0.005127 -1.144043 0.476807 -58.683584 -23.485634 -6.893186 105129275695.000000
-0.028076 -1.144287 0.462158 -57.951565 -23.729641 -6.161166 105129277500.000000
-0.035889 -1.150635 0.438721 -57.036540 -23.790642 -5.612152 105129279300.000000
-0.088867 -1.141113 0.427979 -56.182517 -23.790642 -5.490148 105129281105.000000
-0.108643 -1.137207 0.421387 -55.267492 -23.851644 -6.222168 105129282912.000000
-0.144287 -1.122559 0.385986 -55.572500 -23.912646 -7.198194 105129284714.000000
-0.184326 -1.105469 0.360107 -55.084487 -23.790642 -8.662234 105129286515.000000
-0.244873 -1.076172 0.337891 -55.206491 -24.583664 -10.553285 105129288319.000000
-0.296387 -1.053223 0.312012 -55.145489 -24.705667 -12.261331 105129290120.000000
-0.323730 -1.036377 0.299805 -55.389496 -25.132679 -14.457390 105129291924.000000
-0.373535 -1.017334 0.279297 -55.328494 -25.620692 -16.775453 105129293726.000000
-0.436768 -0.990479 0.243408 -55.206491 -26.840725 -18.788507 105129295527.000000
-0.487549 -0.967285 0.236084 -55.145489 -28.243763 -20.984567 105129297334.000000
-0.535156 -0.944092 0.209229 -55.267492 -29.463796 -22.448606 105129299139.000000
-0.556396 -0.929932 0.204590 -54.718477 -31.171842 -24.400659 105129300942.000000
-0.598633 -0.900391 0.188232 -54.718477 -33.550906 -26.108705 105129302745.000000
-0.615234 -0.876953 0.184326 -54.413469 -35.624962 -27.450741 105129304545.000000
-0.630371 -0.855957 0.174561 -53.986458 -38.675044 -28.548771 105129306346.000000
-0.639648 -0.842285 0.169922 -53.254438 -41.420118 -29.707802 105129308147.000000
-0.635498 -0.837402 0.170166 -52.705423 -44.653206 -30.744830 105129309952.000000
-0.636230 -0.829834 0.164063 -52.705423 -48.008296 -31.354847 105129311755.000000
-0.616943 -0.823242 0.164307 -52.705423 -50.326359 -32.147868 105129313556.000000
-0.588623 -0.824707 0.163574 -52.949430 -52.278412 -32.147868 105129315358.000000
-0.549316 -0.822510 0.167725 -53.132435 -52.827426 -31.964863 105129317164.000000
-0.523438 -0.822510 0.173096 -54.047459 -53.315440 -31.598853 105129318965.000000
-0.466797 -0.831299 0.184570 -54.718477 -53.254438 -31.232843 105129320767.000000
-0.398926 -0.835449 0.197021 -56.243519 -52.278412 -30.927835 105129322568.000000
-0.324463 -0.837891 0.207520 -57.341548 -51.180382 -30.256817 105129324374.000000
-0.240479 -0.843994 0.222656 -59.720612 -50.082352 -29.890807 105129326176.000000
-0.199463 -0.849609 0.227051 -61.123650 -48.435308 -29.646800 105129327980.000000
-0.116699 -0.859131 0.230957 -63.258708 -46.727262 -28.853779 105129329782.000000
-0.050781 -0.871094 0.241943 -64.722748 -45.019216 -28.121759 105129331584.000000
0.005615 -0.883057 0.264404 -65.637772 -43.616178 -26.962728 105129333392.000000
0.055420 -0.898193 0.275635 -66.552797 -42.091136 -25.498688 105129335193.000000
0.078857 -0.905518 0.282227 -66.674800 -40.261087 -23.607637 105129336993.000000
0.104980 -0.930420 0.306396 -66.369792 -38.797048 -21.289575 105129338800.000000
0.123535 -0.948730 0.318604 -66.003782 -36.966998 -19.093516 105129340603.000000
0.131592 -0.980225 0.337646 -65.149759 -34.953944 -15.982432 105129342405.000000
0.130371 -1.007568 0.352295 -64.112731 -33.184896 -13.237357 105129344206.000000
0.129639 -1.019043 0.357910 -62.892698 -31.903861 -9.882267 105129346008.000000
0.117676 -1.045898 0.369873 -61.733667 -29.951809 -6.771183 105129347809.000000
0.100342 -1.070313 0.386475 -60.269627 -28.487769 -4.026109 105129349611.000000
0.078125 -1.089844 0.393066 -58.500580 -26.657720 -0.915025 105129351419.000000
0.051025 -1.110596 0.415527 -57.341548 -25.132679 2.013054 105129353220.000000
0.019531 -1.131348 0.421387 -55.511499 -22.936619 4.453120 105129355022.000000
0.003906 -1.139160 0.422119 -53.864454 -20.740560 6.527176 105129356823.000000
-0.037598 -1.150391 0.439453 -52.827426 -18.788507 8.601232 105129358628.000000
-0.070068 -1.156494 0.448486 -50.936375 -16.470445 10.492283 105129360488.000000
-0.104736 -1.158447 0.453857 -49.899347 -13.847374 11.529311 105129362291.000000
-0.141113 -1.158936 0.448975 -49.289331 -11.224303 12.688343 105129364093.000000
-0.156250 -1.147949 0.442627 -48.923321 -8.906240 13.420362 105129365895.000000
-0.181885 -1.141602 0.418945 -49.167328 -6.466175 13.603367 105129367697.000000
-0.193848 -1.127441 0.410645 -49.350332 -4.270115 13.725371 105129369498.000000
-0.212646 -1.105957 0.389404 -50.265357 -2.623071 13.176356 105129371321.000000
-0.227051 -1.095947 0.364258 -51.119380 -0.610016 12.749344 105129373124.000000
-0.230469 -1.083008 0.358887 -51.607393 0.732020 11.712316 105129374925.000000
-0.240723 -1.064697 0.350342 -51.912402 1.647044 10.919295 105129376726.000000
-0.261475 -1.046875 0.338867 -51.546392 2.196059 9.882267 105129378527.000000
-0.267822 -1.035645 0.331299 -51.485390 2.684072 8.967242 105129380336.000000
-0.275391 -1.023193 0.319824 -50.631367 3.050082 8.418227 105129382147.000000
-0.275879 -1.017334 0.321777 -49.411334 3.050082 7.808211 105129383949.000000
-0.281982 -1.003418 0.318848 -48.801318 2.928079 7.869212 105129385751.000000
-0.280273 -0.990723 0.303467 -47.886293 2.623071 7.320198 105129387552.000000
-0.281982 -0.971924 0.292969 -47.215275 1.403038 7.076191 105129389360.000000
-0.262451 -0.957764 0.283691 -46.727262 -0.305008 6.161166 105129391165.000000
-0.256836 -0.952148 0.273438 -46.544257 -2.135058 5.246142 105129392965.000000
-0.244385 -0.936523 0.260010 -46.300250 -3.965107 3.965107 105129394767.000000
-0.219971 -0.920410 0.250000 -46.544257 -5.490148 2.684072 105129396568.000000
-0.206543 -0.908203 0.227051 -46.971268 -7.076191 1.220033 105129398369.000000
-0.199707 -0.892578 0.219971 -46.788263 -8.967242 0.244007 105129400171.000000
-0.191895 -0.885254 0.214844 -47.276276 -10.248277 -1.098030 105129401974.000000
-0.187012 -0.873047 0.196045 -47.276276 -11.224303 -2.257061 105129403777.000000
-0.184814 -0.865967 0.184082 -47.947295 -11.651315 -2.989081 105129405578.000000
-0.178711 -0.850830 0.179199 -48.252303 -11.956323 -4.087110 105129407379.000000
-0.171387 -0.842773 0.172363 -48.679314 -12.139328 -4.636125 105129409183.000000
-0.164307 -0.836426 0.168945 -49.228329 -11.895321 -5.002135 105129410985.000000
-0.161377 -0.834473 0.166748 -49.716342 -11.590313 -5.368145 105129412787.000000
-0.150391 -0.829590 0.169678 -50.509364 -10.858293 -6.100165 105129414589.000000
-0.137695 -0.831543 0.172363 -51.546392 -10.797292 -5.917160 105129416390.000000
-0.125244 -0.835205 0.165527 -51.912402 -10.736290 -6.222168 105129418191.000000
-0.110596 -0.835938 0.173096 -52.949430 -10.126273 -6.649180 105129419995.000000
-0.104736 -0.836670 0.168945 -54.108461 -9.577259 -6.832184 105129421797.000000
-0.094971 -0.841797 0.166504 -55.389496 -9.760264 -7.076191 105129423598.000000
-0.079590 -0.845703 0.174561 -56.548527 -9.455255 -7.320198 105129425407.000000
-0.076416 -0.855957 0.179932 -57.341548 -9.150247 -7.076191 105129427208.000000
-0.072266 -0.869385 0.176270 -58.500580 -8.784237 -7.076191 105129429010.000000
-0.071777 -0.874268 0.179688 -59.415604 -8.052217 -6.893186 105129430813.000000
-0.072021 -0.883789 0.181152 -60.025621 -7.259196 -6.222168 105129432614.000000
-0.068604 -0.896729 0.187256 -60.574636 -6.710181 -5.490148 105129434415.000000
-0.080566 -0.916748 0.191162 -61.794668 -5.612152 -4.636125 105129436217.000000
-0.078857 -0.939453 0.191650 -62.160678 -4.758128 -3.965107 105129438018.000000
-0.075684 -0.943359 0.199951 -62.831696 -3.477094 -3.233087 105129439818.000000
-0.086182 -0.965088 0.202637 -62.831696 -1.830049 -2.196059 105129441620.000000
-0.085449 -0.979980 0.210938 -63.014701 -0.732020 -0.976026 105129443427.000000
-0.086914 -1.000244 0.210205 -62.953700 1.220033 -0.183005 105129445229.000000
-0.100098 -1.008301 0.212402 -62.831696 2.440066 0.671018 105129447033.000000
-0.099365 -1.017578 0.214355 -62.831696 3.782102 1.891051 105129448834.000000
-0.101807 -1.026855 0.222168 -62.282682 5.063137 3.294089 105129450642.000000
-0.108887 -1.034912 0.223877 -61.977673 6.222168 3.660099 105129452447.000000
-0.123291 -1.037598 0.221680 -61.916672 7.137193 4.880132 105129454247.000000
-0.130615 -1.041260 0.224365 -61.916672 7.747209 5.551150 105129456049.000000
-0.139648 -1.041992 0.231689 -61.794668 7.991216 6.405173 105129457854.000000
-0.147461 -1.044189 0.233154 -61.672665 8.418227 7.015189 105129459655.000000
-0.162109 -1.041260 0.240967 -61.367657 8.540231 7.747209 105129461463.000000
-0.169922 -1.038086 0.246582 -60.757640 8.357226 8.296224 105129463264.000000
-0.181885 -1.040039 0.248779 -60.391631 7.991216 8.723236 105129465065.000000
-0.187988 -1.043701 0.248779 -59.781614 7.686208 9.150247 105129466865.000000
-0.195801 -1.037109 0.253906 -59.049594 6.893186 9.821265 105129468666.000000
-0.206787 -1.034912 0.253418 -58.561581 6.161166 10.004270 105129470469.000000
-0.214844 -1.031982 0.254883 -58.195571 5.307143 10.248277 105129472270.000000
-0.217773 -1.031738 0.256836 -57.707558 4.575124 10.553285 105129474071.000000
-0.221191 -1.029541 0.253906 -57.524553 3.782102 10.248277 105129475872.000000
-0.220215 -1.032227 0.246582 -57.463552 2.745074 10.126273 105129477673.000000
-0.220459 -1.023926 0.242676 -57.219545 1.586043 9.760264 105129479477.000000
-0.220947 -1.023438 0.244873 -56.426524 0.549015 9.394254 105129481282.000000
-0.220459 -1.017578 0.236572 -56.487525 -0.061002 8.845239 105129483086.000000
-0.218994 -1.012695 0.231201 -56.365522 -0.793021 8.418227 105129484890.000000
-0.220215 -1.004395 0.230225 -55.816507 -1.769048 7.564204 105129486692.000000
-0.214111 -1.003906 0.239746 -55.999512 -2.806076 6.954188 105129488493.000000
-0.207520 -0.993164 0.230225 -55.633502 -3.782102 6.283170 105129490294.000000
-0.200928 -0.984863 0.233643 -55.145489 -4.575124 5.429147 105129492101.000000
-0.201172 -0.981689 0.228271 -55.145489 -5.429147 4.819130 105129493902.000000
-0.190186 -0.978027 0.221191 -55.023486 -6.405173 3.721100 105129495703.000000
-0.185547 -0.970703 0.213867 -55.450497 -7.442201 2.867077 105129497504.000000
-0.182129 -0.964600 0.218018 -55.450497 -8.601232 1.891051 105129499305.000000
-0.176514 -0.960449 0.220947 -55.511499 -9.272250 0.732020 105129501108.000000
-0.168457 -0.961670 0.215576 -55.145489 -10.126273 0.000000 105129502909.000000
-0.164551 -0.955078 0.219971 -55.084487 -10.675288 -0.671018 105129504709.000000
-0.162109 -0.949951 0.224609 -54.596474 -11.529311 -1.403038 105129506509.000000
-0.158447 -0.952393 0.228271 -53.925456 -12.566339 -2.379064 105129508310.000000
-0.150635 -0.949463 0.232178 -53.498444 -13.420362 -2.745074 105129510110.000000
-0.138428 -0.947754 0.242432 -53.010431 -13.969377 -3.904105 105129511912.000000
-0.134521 -0.945068 0.241455 -52.095407 -14.945404 -4.941133 105129513716.000000
-0.123291 -0.949951 0.243408 -51.424388 -15.677423 -5.673153 105129515523.000000
-0.123047 -0.953369 0.247314 -50.570365 -16.409443 -6.161166 105129517323.000000
-0.120850 -0.966309 0.248779 -50.082352 -17.080461 -6.893186 105129519124.000000
-0.113770 -0.967285 0.251709 -49.228329 -17.507473 -7.442201 105129520925.000000
-0.114014 -0.969727 0.251953 -48.496309 -17.873483 -7.869212 105129522725.000000
-0.118408 -0.975098 0.256836 -48.008296 -17.812481 -8.296224 105129524525.000000
-0.108887 -0.981201 0.254883 -47.764290 -17.995486 -8.540231 105129526326.000000
-0.109863 -0.982178 0.254883 -47.154273 -18.239492 -8.601232 105129528127.000000
-0.116455 -0.994141 0.262939 -46.422253 -17.446471 -8.845239 105129529927.000000
-0.110840 -0.997559 0.262207 -46.239248 -16.836455 -9.089245 105129531729.000000
-0.109375 -1.001953 0.262695 -46.361252 -16.226438 -9.638260 105129533530.000000
-0.105957 -1.002930 0.256592 -46.422253 -15.433417 -9.760264 105129535330.000000
-0.096924 -0.999023 0.246094 -47.032270 -14.884402 -10.126273 105129537130.000000
-0.099609 -1.000732 0.229004 -48.191301 -13.542366 -10.553285 105129538931.000000
-0.104736 -0.995605 0.225586 -49.472336 -12.078326 -10.980296 105129540737.000000
-0.115723 -0.991943 0.214355 -51.119380 -10.187275 -11.590313 105129542538.000000
-0.116455 -0.991211 0.209717 -52.461416 -8.479229 -11.773318 105129544339.000000
-0.116455 -0.986816 0.211670 -54.047459 -7.076191 -12.200329 105129546142.000000
-0.114014 -0.976318 0.210205 -55.267492 -6.161166 -12.566339 105129547944.000000
-0.113770 -0.975586 0.210205 -56.548527 -5.124138 -12.871348 105129549745.000000
-0.113525 -0.971680 0.201416 -57.463552 -4.331117 -13.359361 105129551552.000000
-0.108887 -0.957764 0.190918 -58.683584 -4.026109 -13.969377 105129553354.000000
-0.115234 -0.954102 0.187500 -59.720612 -3.477094 -14.213384 105129555154.000000
-0.105713 -0.946289 0.174316 -60.330629 -2.745074 -15.128408 105129556955.000000
-0.101807 -0.941895 0.162598 -61.367657 -2.928079 -16.104435 105129558755.000000
-0.103271 -0.938232 0.137939 -62.343683 -2.501068 -16.836455 105129560562.000000
-0.093506 -0.927246 0.125488 -63.197706 -2.257061 -17.690478 105129562360.000000
-0.089600 -0.919678 0.104980 -64.234734 -2.379064 -18.727506 105129564161.000000
-0.075195 -0.910400 0.076904 -65.027756 -2.989081 -19.947539 105129565962.000000
-0.074219 -0.902832 0.067139 -66.064784 -3.477094 -20.679558 105129567763.000000
-0.068115 -0.900391 0.052490 -66.552797 -4.270115 -21.777588 105129569563.000000
-0.063232 -0.893311 0.035889 -67.162813 -5.002135 -22.814616 105129571374.000000
-0.062012 -0.888916 0.020508 -68.077838 -6.222168 -23.790642 105129573176.000000
-0.059082 -0.885742 -0.001465 -68.687855 -7.564204 -24.705667 105129574976.000000
-0.057129 -0.883789 -0.013428 -68.626853 -8.906240 -25.193680 105129576777.000000
-0.054932 -0.879395 -0.021729 -69.175868 -10.431282 -25.925700 105129578578.000000
-0.059326 -0.882568 -0.028564 -68.992863 -12.139328 -26.413713 105129580379.000000
-0.063965 -0.884766 -0.029785 -68.260843 -13.603367 -26.291710 105129582204.000000
-0.075684 -0.898193 -0.022705 -67.101812 -15.189410 -25.986702 105129584005.000000
-0.077881 -0.904541 -0.023438 -65.759776 -16.653450 -25.681693 105129585806.000000
-0.088379 -0.913818 -0.022461 -63.929726 -18.300494 -25.071677 105129587607.000000
-0.090820 -0.931152 -0.014648 -62.282682 -19.886537 -24.278656 105129589408.000000
-0.109619 -0.946777 -0.016113 -60.635637 -21.350576 -23.241628 105129591213.000000
-0.114990 -0.958984 -0.025146 -58.927591 -22.509608 -21.777588 105129593011.000000
-0.119873 -0.965820 -0.031006 -57.829561 -23.729641 -20.740560 105129594812.000000
-0.125244 -0.979980 -0.035156 -56.487525 -25.071677 -18.971512 105129596614.000000
-0.132568 -0.984863 -0.034668 -55.877509 -26.108705 -17.629476 105129598414.000000
-0.141113 -0.987793 -0.045898 -55.267492 -26.779723 -16.775453 105129600215.000000
-0.143555 -0.983154 -0.049072 -54.840481 -27.816751 -15.433417 105129602023.000000
-0.147705 -0.980957 -0.054443 -54.413469 -28.914781 -14.152382 105129603825.000000
-0.145996 -0.975586 -0.061279 -54.779479 -29.646800 -13.298359 105129605626.000000
-0.146729 -0.968018 -0.071045 -55.267492 -30.012810 -12.688343 105129607427.000000
-0.140137 -0.953369 -0.081787 -55.877509 -30.988837 -12.078326 105129609227.000000
-0.134521 -0.929443 -0.092285 -56.609528 -31.903861 -11.712316 105129611030.000000
-0.126465 -0.911133 -0.106445 -57.707558 -32.391875 -11.956323 105129612831.000000
-0.117920 -0.906006 -0.109619 -59.171598 -32.879888 -11.956323 105129614632.000000
-0.105957 -0.890137 -0.111816 -60.147624 -33.611908 -12.261331 105129616433.000000
-0.098633 -0.874512 -0.108643 -61.794668 -34.282926 -12.871348 105129618233.000000
-0.091309 -0.864258 -0.112793 -62.892698 -35.014945 -13.542366 105129620043.000000
-0.087646 -0.854736 -0.115479 -63.929726 -35.685964 -14.335387 105129621848.000000
-0.083008 -0.847656 -0.116211 -64.783749 -35.868968 -15.067407 105129623650.000000
-0.077637 -0.850342 -0.113770 -64.966754 -36.417983 -16.348441 105129625451.000000
-0.068359 -0.849609 -0.109619 -65.393766 -37.211005 -17.141463 105129627252.000000
-0.065674 -0.853760 -0.109619 -65.454767 -37.577015 -17.934484 105129629054.000000
-0.066650 -0.870361 -0.097168 -65.149759 -38.126029 -18.910511 105129630856.000000
-0.070801 -0.875732 -0.096191 -64.600744 -38.675044 -19.459525 105129632656.000000
-0.074951 -0.893555 -0.088135 -63.502715 -38.675044 -19.764534 105129634457.000000
-0.081299 -0.920898 -0.074463 -62.526688 -38.797048 -19.947539 105129636258.000000
-0.084717 -0.944092 -0.060547 -61.123650 -38.919051 -20.252547 105129638059.000000
-0.099854 -0.973145 -0.051758 -59.903617 -38.370036 -19.703532 105129639859.000000
-0.103271 -0.985840 -0.050049 -58.439578 -38.065028 -19.154517 105129641661.000000
-0.105957 -1.012695 -0.053467 -57.219545 -37.455011 -18.788507 105129643465.000000
-0.103760 -1.040527 -0.054199 -56.365522 -37.089001 -18.056488 105129645267.000000
-0.105713 -1.056641 -0.066895 -55.572500 -36.600988 -17.141463 105129647068.000000
-0.095947 -1.074219 -0.070557 -55.267492 -35.746965 -16.592448 105129648867.000000
-0.088135 -1.079590 -0.082520 -55.511499 -34.770939 -15.982432 105129650672.000000
-0.067139 -1.083252 -0.096924 -56.060514 -33.916916 -15.738425 105129652475.000000
-0.049561 -1.074951 -0.117188 -56.792533 -33.794912 -15.799427 105129654276.000000
-0.020020 -1.072266 -0.142334 -57.524553 -32.879888 -16.104435 105129656077.000000
0.004395 -1.054932 -0.166992 -59.171598 -32.513878 -16.958458 105129657877.000000
0.017822 -1.048584 -0.174805 -61.245654 -32.330873 -17.995486 105129659678.000000
0.041992 -1.032471 -0.200195 -62.770695 -32.391875 -19.337522 105129661485.000000
0.062256 -1.011719 -0.226074 -65.088757 -32.086866 -20.923565 105129663286.000000
0.080566 -0.993652 -0.246826 -66.796804 -32.086866 -22.448606 105129665086.000000
0.091309 -0.972900 -0.262207 -68.443848 -32.086866 -24.217654 105129666888.000000
0.095947 -0.964844 -0.263428 -70.212896 -32.208870 -26.108705 105129668690.000000
0.099854 -0.943848 -0.282715 -71.371927 -32.147868 -27.511743 105129670494.000000
0.102539 -0.939697 -0.295654 -72.225950 -32.879888 -28.914781 105129672292.000000
0.097168 -0.924072 -0.298828 -72.408955 -33.550906 -30.195815 105129674093.000000
0.085449 -0.917725 -0.302734 -73.018972 -34.038919 -30.744830 105129675892.000000
0.079834 -0.918701 -0.312500 -72.957970 -34.282926 -30.805832 105129677693.000000
0.071289 -0.913574 -0.334229 -73.201976 -34.770939 -31.110840 105129679494.000000
0.059570 -0.915283 -0.327637 -72.591960 -34.892942 -30.378820 105129681296.000000
0.050293 -0.909668 -0.337646 -71.859940 -34.587934 -29.524797 105129683097.000000
0.047363 -0.910156 -0.344727 -71.249924 -34.648936 -28.853779 105129684898.000000
0.045898 -0.907471 -0.344971 -70.334899 -34.465931 -27.938754 105129686699.000000
0.050537 -0.900635 -0.350586 -68.992863 -34.343927 -26.901726 105129688500.000000
0.051270 -0.904541 -0.353027 -68.565851 -34.526932 -25.742695 105129690301.000000
0.053467 -0.902588 -0.356201 -67.406820 -34.282926 -24.766669 105129692108.000000
0.060791 -0.904785 -0.352539 -66.186787 -34.404929 -24.156652 105129693910.000000
0.063721 -0.906250 -0.351074 -65.942780 -34.282926 -23.485634 105129695711.000000
0.071289 -0.905762 -0.354736 -65.637772 -34.587934 -23.180626 105129697511.000000
0.073242 -0.906250 -0.346436 -65.393766 -34.526932 -22.875618 105129699311.000000
0.076416 -0.907715 -0.336670 -65.576771 -34.770939 -22.692613 105129701113.000000
0.090332 -0.911865 -0.327393 -65.515769 -35.136949 -23.058623 105129702915.000000
0.093750 -0.913330 -0.318604 -65.698774 -34.831940 -22.875618 105129704715.000000
0.098633 -0.915527 -0.309570 -65.942780 -35.563960 -23.363631 105129706516.000000
0.102539 -0.919189 -0.298340 -66.003782 -35.624962 -23.729641 105129708317.000000
0.108154 -0.916260 -0.282959 -66.308790 -35.624962 -24.156652 105129710117.000000
0.116455 -0.918701 -0.277344 -66.491795 -35.746965 -24.583664 105129711922.000000
0.120117 -0.922607 -0.270752 -66.857805 -35.685964 -25.315684 105129713723.000000
0.122070 -0.924316 -0.264893 -67.650827 -35.807967 -25.864698 105129715524.000000
0.130859 -0.918945 -0.254395 -67.467822 -36.112975 -26.718721 105129717324.000000
0.135498 -0.921631 -0.252441 -68.443848 -35.807967 -27.267736 105129719125.000000
0.135254 -0.923584 -0.250488 -69.480876 -36.112975 -28.304764 105129720926.000000
0.135254 -0.922363 -0.247803 -69.968889 -35.807967 -28.975782 105129722730.000000
0.142090 -0.923096 -0.250977 -70.822912 -35.563960 -30.134814 105129724532.000000
0.146729 -0.919922 -0.254395 -71.737937 -35.319954 -31.049838 105129726336.000000
0.153809 -0.924072 -0.256836 -72.713963 -35.075947 -32.025865 105129728136.000000
0.155518 -0.928711 -0.250732 -73.628988 -34.892942 -32.818886 105129729937.000000
0.159180 -0.931396 -0.262939 -74.910023 -34.892942 -34.221924 105129731739.000000
0.161133 -0.934082 -0.249023 -75.703044 -34.709937 -35.136949 105129733540.000000
0.163086 -0.935547 -0.252686 -76.313060 -34.465931 -35.929970 105129735341.000000
0.162354 -0.940918 -0.255127 -77.411090 -34.343927 -36.905996 105129737142.000000
0.163574 -0.943848 -0.245850 -77.777100 -33.672909 -37.699018 105129738942.000000
0.153320 -0.952637 -0.243164 -78.265113 -33.184896 -38.248033 105129740744.000000
0.157227 -0.955078 -0.236816 -78.509120 -32.269871 -38.980052 105129742544.000000
0.155518 -0.963623 -0.237549 -78.570121 -32.025865 -39.285061 105129744344.000000
0.148438 -0.971191 -0.227783 -78.753126 -31.476850 -39.346062 105129746144.000000
0.142822 -0.989014 -0.214355 -78.753126 -30.378820 -39.712072 105129747944.000000
0.142334 -0.997070 -0.212646 -78.814128 -29.768804 -39.590069 105129749746.000000
0.142334 -1.003418 -0.210693 -78.997133 -28.914781 -39.712072 105129751553.000000
0.145508 -1.007813 -0.213623 -79.058135 -28.121759 -39.895077 105129753356.000000
0.152100 -1.020020 -0.214111 -79.668151 -27.023730 -39.712072 105129755156.000000
0.157471 -1.029541 -0.214600 -79.912158 -26.413713 -40.078082 105129756958.000000
0.166504 -1.036377 -0.204590 -80.095163 -25.681693 -40.261087 105129758758.000000
0.166260 -1.045166 -0.207031 -80.461172 -24.888672 -40.688099 105129760563.000000
0.171143 -1.051025 -0.194824 -80.766181 -24.156652 -40.993107 105129762362.000000
0.175781 -1.053467 -0.198486 -80.766181 -23.424632 -41.420118 105129764164.000000
0.180908 -1.054688 -0.193848 -81.315196 -22.875618 -41.969133 105129765964.000000
0.175049 -1.060547 -0.198730 -81.986214 -22.509608 -42.152138 105129767764.000000
0.169678 -1.059326 -0.194824 -82.352224 -21.533581 -42.518148 105129769565.000000
0.160156 -1.055420 -0.189209 -82.901238 -20.984567 -42.640151 105129771372.000000
0.158691 -1.067871 -0.175293 -82.779235 -20.313548 -42.884158 105129773179.000000
0.145508 -1.067627 -0.165771 -82.657232 -19.764534 -43.250168 105129774980.000000
0.129639 -1.071289 -0.159180 -82.657232 -18.788507 -43.067163 105129776780.000000
0.123779 -1.073730 -0.160645 -82.962240 -17.629476 -42.945160 105129778580.000000
0.112305 -1.075928 -0.171387 -83.206247 -17.019460 -42.823156 105129780381.000000
0.103027 -1.074707 -0.173584 -83.389252 -15.738425 -42.579150 105129782204.000000
0.100586 -1.071777 -0.187744 -84.243275 -15.006405 -42.457146 105129784005.000000
0.101563 -1.068848 -0.187744 -84.853291 -14.640395 -42.518148 105129785806.000000
0.103516 -1.062256 -0.194824 -86.500336 -14.274385 -43.311169 105129788211.000000
0.101318 -1.046387 -0.220459 -88.086378 -14.823400 -43.677179 105129790043.000000
0.104492 -1.034668 -0.242920 -90.221436 -15.311413 -44.287196 105129791856.000000
0.106445 -1.033691 -0.253418 -92.417495 -16.226438 -45.385225 105129793659.000000
0.099609 -1.017334 -0.288086 -95.101568 -17.629476 -46.727262 105129795460.000000
0.095215 -1.010742 -0.306396 -98.029647 -19.215519 -47.886293 105129797261.000000
0.082031 -1.000000 -0.334473 -101.201732 -21.167572 -49.228329 105129799062.000000
0.071289 -0.993408 -0.357422 -104.495821 -23.241628 -50.082352 105129800864.000000
0.061279 -0.987549 -0.363281 -107.484902 -25.498688 -51.424388 105129802665.000000
0.044922 -0.978760 -0.364746 -110.717989 -27.328738 -52.583420 105129804466.000000
0.008301 -0.982910 -0.356689 -112.792045 -29.036784 -53.193436 105129806269.000000
-0.032227 -1.008301 -0.327881 -113.585067 -31.903861 -53.559446 105129808069.000000
-0.078613 -1.033447 -0.301758 -113.768072 -34.404929 -53.864454 105129809869.000000
-0.124756 -1.060791 -0.267822 -113.646068 -36.905996 -53.315440 105129811670.000000
-0.145996 -1.082520 -0.247559 -111.816019 -39.163057 -52.827426 105129813471.000000
-0.183105 -1.120117 -0.198486 -109.436955 -41.664125 -51.546392 105129815272.000000
-0.235107 -1.159424 -0.131348 -105.898859 -44.348197 -50.021351 105129817071.000000
-0.277344 -1.200439 -0.070068 -101.567742 -46.727262 -48.740316 105129818872.000000
-0.297607 -1.250244 -0.012207 -96.199597 -49.777344 -46.788263 105129820674.000000
-0.305664 -1.269287 0.014404 -90.770451 -52.461416 -45.202220 105129822474.000000
-0.318359 -1.318115 0.078857 -84.182273 -54.657476 -43.677179 105129824273.000000
-0.310059 -1.370605 0.134033 -77.289087 -57.646556 -42.152138 105129826073.000000
-0.307373 -1.403809 0.189453 -70.578906 -60.330629 -40.810102 105129827873.000000
-0.307129 -1.433350 0.250732 -63.258708 -62.526688 -39.041054 105129829674.000000
-0.303711 -1.451172 0.288574 -55.999512 -64.905752 -37.455011 105129831527.000000
-0.295898 -1.468018 0.348633 -46.849265 -66.186787 -35.624962 105129833996.000000
-0.276611 -1.468994 0.410889 -35.380955 -68.748856 -33.672909 105129836913.000000
-0.206787 -1.470703 0.421875 -26.047703 -70.761911 -33.672909 105129839827.000000
-0.141357 -1.439941 0.401367 -20.435552 -71.859940 -35.258952 105129842746.000000
-0.111328 -1.399902 0.364258 -17.141463 -73.079973 -36.905996 105129845662.000000
-0.078857 -1.297363 0.330078 -16.653450 -74.544013 -39.346062 105129848575.000000
-0.021240 -1.201172 0.280273 -18.544501 -73.689990 -41.603123 105129851491.000000
-0.043457 -1.074707 0.260498 -21.716586 -72.164948 -43.006161 105129854405.000000
-0.045410 -0.973389 0.208984 -28.792777 -70.700909 -45.446227 105129857334.000000
-0.033691 -0.885010 0.156738 -36.966998 -68.870860 -47.825291 105129860249.000000
-0.033447 -0.809814 0.117432 -45.995242 -68.077838 -50.265357 105129863173.000000
-0.015869 -0.752197 0.076904 -55.084487 -67.528823 -52.339413 105129866088.000000
0.003418 -0.713379 0.033691 -64.356738 -66.613799 -54.535472 105129869002.000000
0.028076 -0.705078 -0.003662 -71.615934 -66.369792 -56.853535 105129871927.000000
0.051514 -0.719238 -0.008789 -77.472092 -66.430794 -59.354603 105129874841.000000
0.062256 -0.755859 -0.001709 -79.607149 -66.186787 -61.306655 105129877754.000000
0.061279 -0.783936 0.010254 -79.668151 -65.393766 -63.075703 105129880679.000000
0.060791 -0.846924 0.033691 -77.350088 -64.478741 -63.502715 105129883610.000000
0.050293 -0.915039 0.071289 -72.225950 -63.380711 -63.746721 105129886524.000000
0.047852 -0.997559 0.119385 -65.210761 -61.794668 -62.770695 105129889437.000000
0.048096 -1.085205 0.169189 -57.219545 -60.940645 -61.184652 105129892362.000000
0.047363 -1.182129 0.213867 -46.605258 -60.696639 -58.988593 105129895276.000000
0.053223 -1.273682 0.258301 -36.844995 -59.842616 -55.389496 105129898190.000000
0.064697 -1.365723 0.289063 -26.596718 -59.659611 -51.729397 105129901107.000000
0.090332 -1.451416 0.302002 -16.714451 -58.622583 -47.703288 105129904025.000000
0.079590 -1.499268 0.320068 -7.930214 -57.890563 -42.884158 105129906937.000000
0.111572 -1.548096 0.323486 -0.610016 -56.304520 -39.346062 105129909851.000000
0.108887 -1.587891 0.309814 6.405173 -55.816507 -35.929970 105129912767.000000
0.105469 -1.601318 0.295410 10.492283 -54.779479 -33.245898 105129915681.000000
0.091309 -1.602051 0.281982 13.176356 -53.803453 -30.012810 105129918595.000000
0.062988 -1.594727 0.257080 13.664369 -51.302385 -27.206735 105129921513.000000
0.028076 -1.570313 0.237793 13.176356 -47.642286 -24.827670 105129924428.000000
-0.015137 -1.554932 0.229980 12.444336 -43.189166 -22.448606 105129927344.000000
-0.061768 -1.531738 0.223145 11.834320 -38.614043 -20.069542 105129930257.000000
-0.106689 -1.511475 0.208740 10.797292 -33.794912 -17.507473 105129933202.000000
-0.136475 -1.495117 0.204346 9.516257 -28.609772 -15.006405 105129936118.000000
-0.154297 -1.485352 0.194092 8.357226 -23.729641 -12.444336 105129939030.000000
-0.161133 -1.490479 0.198975 7.381199 -17.995486 -9.943268 105129941947.000000
-0.166992 -1.496582 0.199463 6.954188 -11.956323 -7.442201 105129944863.000000
-0.155029 -1.483398 0.190918 6.649180 -6.222168 -5.307143 105129947777.000000
-0.142578 -1.456543 0.196289 6.222168 -0.854023 -3.294089 105129950701.000000
-0.128906 -1.430176 0.192139 5.612152 4.941133 -2.135058 105129953618.000000
-0.101318 -1.375732 0.171631 5.124138 10.065272 -1.220033 105129956534.000000
-0.076904 -1.309082 0.157471 4.270115 14.579394 -0.915025 105129959451.000000
-0.051270 -1.235840 0.139648 2.745074 19.337522 -0.976026 105129962376.000000
-0.025635 -1.157471 0.111572 1.525041 23.485634 -1.647044 105129965290.000000
-0.002197 -1.089844 0.076660 -0.122003 27.694748 -2.318063 105129968205.000000
0.019287 -1.018555 0.041260 -1.891051 31.354847 -3.233087 105129971123.000000
0.039063 -0.961914 0.002441 -4.148112 34.404929 -4.270115 105129974051.000000
0.075684 -0.915039 -0.031494 -6.710181 38.004026 -5.246142 105129976964.000000
0.110107 -0.877930 -0.071533 -8.784237 40.871104 -6.161166 105129979879.000000
0.154297 -0.849121 -0.113770 -10.492283 43.799183 -7.198194 105129982806.000000
0.205078 -0.832275 -0.153320 -12.444336 45.568230 -8.174221 105129985720.000000
0.245850 -0.828369 -0.181396 -14.335387 47.642286 -9.455255 105129988635.000000
0.277588 -0.838135 -0.204346 -15.189410 48.618313 -11.102300 105129991556.000000
0.326904 -0.846191 -0.234619 -16.104435 49.472336 -12.871348 105129994474.000000
0.368652 -0.852051 -0.251465 -16.043433 49.838346 -14.701397 105129997390.000000
0.406494 -0.868408 -0.276611 -15.433417 49.350332 -17.202464 105130000305.000000
0.427246 -0.875244 -0.292480 -14.640395 48.740316 -19.032514 105130003223.000000
0.448486 -0.877930 -0.321045 -13.969377 48.130300 -20.923565 105130006152.000000
0.452148 -0.870605 -0.339600 -12.932349 46.239248 -22.753614 105130009066.000000
0.447754 -0.861572 -0.370117 -12.139328 44.470201 -24.095651 105130011982.000000
0.436523 -0.850098 -0.391846 -11.346306 42.335143 -24.888672 105130014896.000000
0.425537 -0.836426 -0.405029 -10.065272 40.261087 -25.376685 105130017812.000000
0.398926 -0.833496 -0.411865 -9.028244 38.065028 -25.071677 105130020729.000000
0.371582 -0.825439 -0.430664 -7.686208 35.441957 -24.522662 105130023643.000000
0.355225 -0.824219 -0.428223 -5.978161 33.123894 -23.607637 105130026556.000000
0.324463 -0.822998 -0.429443 -4.453120 30.683828 -21.960593 105130029471.000000
0.302490 -0.816895 -0.430908 -2.867077 28.304764 -20.374550 105130032414.000000
0.272705 -0.821533 -0.430420 -1.281035 25.803697 -18.605502 105130035331.000000
0.250244 -0.823486 -0.437012 -0.061002 24.278656 -16.531446 105130038247.000000
0.236084 -0.819824 -0.442871 0.549015 22.448606 -14.579394 105130041165.000000
0.224121 -0.823486 -0.433594 1.464040 20.923565 -12.627341 105130044080.000000
0.214111 -0.831787 -0.436279 2.135058 20.130544 -10.919295 105130047004.000000
0.205811 -0.830078 -0.427734 2.074056 19.642530 -9.272250 105130049918.000000
0.192139 -0.835938 -0.422852 2.196059 19.520527 -7.869212 105130052835.000000
0.173096 -0.840576 -0.418457 2.196059 20.008540 -6.466175 105130055750.000000
0.169678 -0.847900 -0.411133 2.074056 20.923565 -5.429147 105130058664.000000
0.151855 -0.858398 -0.407715 1.342036 21.899591 -3.965107 105130061584.000000
0.142334 -0.860352 -0.401367 1.037028 23.973647 -3.111084 105130064504.000000
0.134766 -0.873047 -0.405029 0.061002 25.864698 -1.891051 105130067420.000000
0.124756 -0.885986 -0.398926 -0.488013 27.877753 -1.159031 105130070335.000000
0.114502 -0.894043 -0.386963 -1.037028 29.890807 -0.183005 105130073296.000000
0.106689 -0.903809 -0.383057 -1.769048 32.086866 0.549015 105130076214.000000
0.094727 -0.911133 -0.372314 -2.623071 34.465931 1.586043 105130079129.000000
0.090332 -0.923096 -0.371094 -3.111084 36.417983 2.013054 105130082053.000000
0.094238 -0.934570 -0.372070 -3.721100 38.492039 2.806076 105130084970.000000
0.100586 -0.945557 -0.378418 -4.148112 40.383090 3.294089 105130087884.000000
0.106445 -0.982910 -0.360596 -4.758128 43.860184 3.355091 105130095529.000000
0.106689 -0.995850 -0.352539 -4.453120 44.165192 3.294089 105130098664.000000
0.120850 -0.992432 -0.352783 -4.026109 44.226194 2.806076 105130101605.000000
0.119141 -0.999023 -0.337646 -3.843104 44.409199 2.379064 105130104529.000000
0.121338 -0.996582 -0.338623 -3.416092 43.921186 2.135058 105130107527.000000
0.130859 -0.984131 -0.333008 -2.867077 43.250168 1.281035 105130110564.000000
0.139648 -0.975830 -0.329590 -3.111084 42.701153 1.098030 105130113504.000000
0.148438 -0.964844 -0.316895 -2.806076 42.152138 0.549015 105130116419.000000
0.153809 -0.954590 -0.311035 -2.623071 41.969133 -0.305008 105130119326.000000
0.166992 -0.948975 -0.299805 -2.684072 41.115110 -1.281035 105130122254.000000
0.175537 -0.943848 -0.270996 -2.745074 40.322089 -2.074056 105130125168.000000
0.185547 -0.946533 -0.273193 -3.050082 39.712072 -3.294089 105130128077.000000
0.202148 -0.948486 -0.256104 -3.599097 39.102056 -3.721100 105130131014.000000
0.218750 -0.951416 -0.259277 -4.941133 38.675044 -4.697127 105130133991.000000
0.242920 -0.959961 -0.269531 -5.612152 39.102056 -5.551150 105130136907.000000
0.255371 -0.964111 -0.258789 -6.588178 39.407064 -6.283170 105130139823.000000
0.273193 -0.971680 -0.262207 -7.381199 39.651071 -7.137193 105130142734.000000
0.281494 -0.972168 -0.268555 -8.235222 40.078082 -7.930214 105130145647.000000
0.293945 -0.972900 -0.258789 -8.357226 39.834076 -8.662234 105130148556.000000
0.294922 -0.978027 -0.267578 -8.967242 40.200085 -9.638260 105130151468.000000
0.298340 -0.979492 -0.265869 -8.906240 40.078082 -9.760264 105130154392.000000
0.299072 -0.981445 -0.265869 -8.845239 40.566095 -10.187275 105130157302.000000
0.290771 -0.978760 -0.270508 -8.662234 40.688099 -10.370280 105130160216.000000
0.278076 -0.982910 -0.271729 -7.991216 40.688099 -10.614287 105130163125.000000
0.262451 -0.986084 -0.267334 -6.954188 40.444092 -10.431282 105130166050.000000
0.240234 -0.977539 -0.271240 -5.917160 40.932105 -9.699262 105130168958.000000
0.209229 -0.970947 -0.280518 -4.270115 40.688099 -8.845239 105130171931.000000
0.184326 -0.961182 -0.285645 -3.233087 40.688099 -7.869212 105130174853.000000
0.148926 -0.942139 -0.273193 -1.342036 39.590069 -6.832184 105130177768.000000
0.121338 -0.930420 -0.273926 0.183005 38.553041 -5.795156 105130180690.000000
0.079834 -0.922119 -0.261230 2.257061 37.516013 -3.965107 105130183606.000000
0.045410 -0.917969 -0.267334 3.294089 35.990972 -2.623071 105130186520.000000
0.033447 -0.919434 -0.264893 4.819130 33.977917 -1.281035 105130189435.000000
0.012939 -0.917725 -0.275635 5.551150 32.574880 -0.183005 105130192362.000000
-0.006348 -0.906494 -0.272705 6.588178 30.622827 0.976026 105130195280.000000
-0.012695 -0.908447 -0.272217 6.832184 28.121759 1.159031 105130198202.000000
-0.010498 -0.897461 -0.276611 7.503203 25.376685 1.281035 105130201119.000000
0.002197 -0.901367 -0.274170 7.869212 22.204600 1.342036 105130204057.000000
0.005371 -0.901855 -0.279785 7.808211 19.215519 0.793021 105130206987.000000
0.017822 -0.897949 -0.285400 7.808211 16.958458 0.549015 105130209911.000000
0.035156 -0.895996 -0.292480 7.991216 14.152382 0.183005 105130212828.000000
0.050293 -0.892822 -0.293701 7.320198 12.078326 0.000000 105130215737.000000
0.064453 -0.892578 -0.291016 6.771183 10.065272 -0.366010 105130218644.000000
0.085205 -0.888428 -0.293457 5.978161 8.723236 -0.549015 105130221561.000000
0.107666 -0.887207 -0.292969 5.612152 7.564204 -0.671018 105130224482.000000
0.125244 -0.886475 -0.292236 4.819130 6.649180 -0.854023 105130227405.000000
0.152100 -0.886719 -0.295166 4.209114 6.100165 -0.793021 105130230324.000000
0.179199 -0.887207 -0.300049 3.538096 5.307143 -1.342036 105130233355.000000
0.200439 -0.885986 -0.296387 3.233087 5.307143 -1.708046 105130235784.000000
0.218262 -0.891846 -0.291748 2.989081 5.124138 -1.769048 105130237585.000000
0.225098 -0.885010 -0.293945 2.440066 5.063137 -2.196059 105130239383.000000
0.228516 -0.885986 -0.297852 2.440066 5.124138 -2.379064 105130241184.000000
0.235840 -0.888916 -0.296387 2.074056 5.368145 -2.379064 105130242991.000000
0.241943 -0.887451 -0.289795 1.708046 5.734155 -2.806076 105130244805.000000
0.246826 -0.884521 -0.291016 1.403038 5.612152 -2.928079 105130246610.000000
0.244873 -0.881592 -0.291260 1.220033 5.978161 -3.111084 105130248416.000000
0.245117 -0.886230 -0.291748 1.098030 6.527176 -3.294089 105130250257.000000
0.245605 -0.884521 -0.293457 0.671018 6.649180 -3.355091 105130252216.000000
0.239258 -0.887451 -0.291016 0.305008 7.259196 -3.599097 105130254183.000000
0.236572 -0.886719 -0.293945 0.061002 7.442201 -3.599097 105130256082.000000
0.229004 -0.887939 -0.291016 -0.061002 7.930214 -3.538096 105130257911.000000
0.225098 -0.885742 -0.296631 -0.549015 8.235222 -3.904105 105130259714.000000
0.228271 -0.889893 -0.292725 -1.037028 8.479229 -3.782102 105130261517.000000
0.226074 -0.888916 -0.299561 -1.037028 9.028244 -3.965107 105130263318.000000
0.216553 -0.884277 -0.301270 -1.586043 9.150247 -4.270115 105130265119.000000
0.216309 -0.884033 -0.295898 -2.196059 9.272250 -4.270115 105130266935.000000
0.216309 -0.882080 -0.294189 -2.379064 9.455255 -4.575124 105130268738.000000
0.211426 -0.884521 -0.297363 -2.562069 9.882267 -4.758128 105130270540.000000
0.208984 -0.879883 -0.289795 -3.050082 10.004270 -5.307143 105130272342.000000
0.206055 -0.881836 -0.285889 -3.355091 9.638260 -5.307143 105130274143.000000
0.199219 -0.887939 -0.285889 -3.782102 9.638260 -5.917160 105130275943.000000
0.193848 -0.893555 -0.279297 -4.392119 9.882267 -5.917160 105130277744.000000
0.187988 -0.901123 -0.279053 -4.697127 9.577259 -6.344171 105130279544.000000
0.188965 -0.911621 -0.287109 -4.941133 9.577259 -6.527176 105130281346.000000
0.190186 -0.916748 -0.285645 -5.185140 9.760264 -6.710181 105130283147.000000
0.188721 -0.930908 -0.282227 -5.429147 9.882267 -6.832184 105130284949.000000
0.187988 -0.937744 -0.285889 -5.246142 10.126273 -7.015189 105130286753.000000
0.189697 -0.941895 -0.285889 -5.124138 10.370280 -6.954188 105130288553.000000
0.188965 -0.956543 -0.281494 -5.246142 10.675288 -7.198194 105130290354.000000
0.191406 -0.957031 -0.284180 -5.551150 11.041298 -7.137193 105130292159.000000
0.195557 -0.965576 -0.282959 -5.002135 11.346306 -7.015189 105130293960.000000
0.199219 -0.969238 -0.292480 -4.941133 11.834320 -6.710181 105130295760.000000
0.197754 -0.969971 -0.286621 -4.819130 12.383334 -6.649180 105130297561.000000
0.203369 -0.970459 -0.285400 -4.697127 12.932349 -6.405173 105130299363.000000
0.206055 -0.966309 -0.285645 -4.453120 13.908376 -5.978161 105130301165.000000
0.211914 -0.959717 -0.286133 -4.148112 14.457390 -6.100165 105130302966.000000
0.207764 -0.956787 -0.286865 -3.416092 15.128408 -6.100165 105130304766.000000
0.201660 -0.950195 -0.284424 -3.538096 16.043433 -5.612152 105130306567.000000
0.193604 -0.947266 -0.277344 -3.355091 16.348441 -5.246142 105130308369.000000
0.191895 -0.950195 -0.280273 -2.684072 17.019460 -5.063137 105130310174.000000
0.190918 -0.948242 -0.281982 -2.806076 17.751479 -4.880132 105130311977.000000
0.182861 -0.947754 -0.276855 -2.623071 17.995486 -4.636125 105130313778.000000
0.176514 -0.948975 -0.278076 -2.379064 18.361496 -4.331117 105130315582.000000
0.170898 -0.947266 -0.275879 -2.257061 18.788507 -4.026109 105130317383.000000
0.170166 -0.946045 -0.275146 -2.318063 18.910511 -3.477094 105130319183.000000
0.164307 -0.940186 -0.283447 -2.440066 18.971512 -3.294089 105130320984.000000
0.161377 -0.939209 -0.274658 -2.745074 19.032514 -3.538096 105130322784.000000
0.155518 -0.938477 -0.282959 -3.050082 19.093516 -3.050082 105130324585.000000
0.148438 -0.929688 -0.276855 -3.416092 18.849509 -3.111084 105130326389.000000
0.147949 -0.928955 -0.274170 -3.782102 18.544501 -3.233087 105130328190.000000
0.139404 -0.921631 -0.274170 -3.660099 18.178491 -3.416092 105130329991.000000
0.130615 -0.921631 -0.270020 -4.026109 17.324468 -3.599097 105130331792.000000
0.118164 -0.916992 -0.274170 -4.331117 16.897456 -3.721100 105130333593.000000
0.109863 -0.916504 -0.272461 -4.148112 16.348441 -3.599097 105130335393.000000
0.103027 -0.916504 -0.272949 -4.392119 15.006405 -3.843104 105130337193.000000
0.097168 -0.915527 -0.279297 -4.331117 14.640395 -3.782102 105130338993.000000
0.090332 -0.910645 -0.283936 -4.270115 13.664369 -3.599097 105130340796.000000
0.083984 -0.906494 -0.278076 -3.965107 12.932349 -3.721100 105130342597.000000
0.083984 -0.909912 -0.280518 -3.843104 11.712316 -3.233087 105130344398.000000
0.083008 -0.908936 -0.283447 -3.782102 10.675288 -3.172086 105130346198.000000
0.083740 -0.907715 -0.295654 -3.538096 10.126273 -3.355091 105130347999.000000
0.083252 -0.904297 -0.294189 -3.599097 9.333252 -3.050082 105130349800.000000
0.094482 -0.901855 -0.289795 -3.477094 8.723236 -2.806076 105130351602.000000
0.101563 -0.905273 -0.295654 -3.355091 7.869212 -3.172086 105130353406.000000
0.102295 -0.903809 -0.295166 -3.355091 7.076191 -3.111084 105130355207.000000
0.110596 -0.897461 -0.299561 -2.867077 6.466175 -3.538096 105130357008.000000
0.115234 -0.899902 -0.297607 -2.562069 5.673153 -3.599097 105130358808.000000
0.122314 -0.901611 -0.300537 -2.745074 5.307143 -3.538096 105130360612.000000
0.135986 -0.903320 -0.300781 -2.257061 4.392119 -3.599097 105130362415.000000
0.139404 -0.903076 -0.305176 -2.196059 3.843104 -3.599097 105130364217.000000
0.147949 -0.898926 -0.304443 -1.952053 3.416092 -3.904105 105130366017.000000
0.157715 -0.894043 -0.314209 -2.013054 3.111084 -4.087110 105130367821.000000
0.161865 -0.896484 -0.304688 -1.830049 3.050082 -4.453120 105130369625.000000
0.169189 -0.894531 -0.308350 -1.830049 2.257061 -4.270115 105130371435.000000
0.173584 -0.891357 -0.314697 -1.525041 1.891051 -4.331117 105130373240.000000
0.182861 -0.893799 -0.306885 -1.464040 2.013054 -4.697127 105130375041.000000
0.192139 -0.893066 -0.312500 -1.586043 1.220033 -5.002135 105130376842.000000
0.199951 -0.893799 -0.308105 -1.586043 0.732020 -5.124138 105130378642.000000
0.204590 -0.890869 -0.312256 -1.708046 0.793021 -5.368145 105130380447.000000
0.213379 -0.890625 -0.307129 -1.281035 0.427012 -5.673153 105130382246.000000
0.213867 -0.891113 -0.309326 -1.708046 -0.061002 -5.734155 105130384047.000000
0.218018 -0.901611 -0.307373 -1.464040 -0.122003 -6.161166 105130385847.000000
