0.140869 -0.990234 0.200928 -9.089245 5.368145 -9.577259 103459278173.000000
0.138428 -0.992432 0.198242 -9.028244 5.490148 -8.967242 103459279978.000000
0.139404 -0.997314 0.206543 -8.906240 5.612152 -8.967242 103459281782.000000
0.139404 -0.995850 0.206787 -9.150247 5.124138 -9.150247 103459283589.000000
0.141846 -0.993408 0.201660 -8.906240 5.490148 -9.089245 103459285395.000000
0.144043 -0.998291 0.214844 -9.150247 5.551150 -9.211249 103459287199.000000
0.144287 -0.996094 0.212891 -8.784237 5.795156 -9.394254 103459289003.000000
0.143555 -0.995117 0.210205 -8.784237 5.795156 -9.577259 103459290805.000000
0.146240 -0.993652 0.214111 -9.394254 6.222168 -9.150247 103459292609.000000
0.147949 -1.002197 0.222900 -9.211249 6.222168 -9.333252 103459294411.000000
0.149170 -0.999756 0.217041 -8.784237 6.527176 -9.089245 103459296213.000000
0.145264 -1.001953 0.216553 -8.601232 6.527176 -9.577259 103459298015.000000
0.143799 -1.000732 0.214600 -8.662234 6.649180 -9.150247 103459299814.000000
0.145020 -1.002930 0.213135 -8.418227 6.771183 -9.272250 103459301613.000000
0.145996 -1.000488 0.209717 -8.540231 6.710181 -9.516257 103459303411.000000
0.145264 -1.001953 0.208740 -7.991216 6.832184 -9.272250 103459305211.000000
0.145020 -1.000244 0.212158 -8.113219 6.588178 -9.516257 103459307049.000000
0.143311 -1.001709 0.209229 -8.174221 6.588178 -9.699262 103459308852.000000
0.144775 -1.000244 0.210205 -7.991216 6.649180 -9.272250 103459310655.000000
0.141113 -0.999268 0.209961 -8.235222 6.710181 -9.333252 103459312458.000000
0.147705 -1.004883 0.208984 -7.808211 6.710181 -9.638260 103459314261.000000
0.144775 -1.002686 0.205078 -7.747209 6.710181 -9.272250 103459316064.000000
0.145020 -0.999268 0.210449 -7.686208 6.710181 -9.577259 103459317862.000000
0.142334 -1.004150 0.212402 -7.625206 6.832184 -9.882267 103459319662.000000
0.136963 -1.001221 0.219727 -7.381199 6.893186 -9.577259 103459321464.000000
0.135254 -1.000977 0.211670 -7.015189 7.259196 -9.760264 103459323263.000000
0.134277 -1.003662 0.218262 -7.198194 7.198194 -9.455255 103459325061.000000
0.137451 -1.005859 0.221191 -7.015189 7.137193 -9.882267 103459326866.000000
0.141846 -1.003906 0.211182 -6.710181 7.503203 -9.760264 103459328671.000000
0.136963 -1.002686 0.212402 -6.771183 7.442201 -9.882267 103459330475.000000
0.131348 -1.002441 0.216309 -6.710181 7.320198 -9.455255 103459332277.000000
0.136963 -1.000977 0.224121 -6.466175 7.686208 -9.760264 103459334080.000000
0.137451 -1.002930 0.224854 -6.161166 7.686208 -9.882267 103459335887.000000
0.137939 -1.000244 0.223145 -6.588178 7.625206 -9.577259 103459337687.000000
0.135742 -1.001709 0.225342 -6.039163 7.869212 -9.577259 103459339490.000000
0.137207 -0.992432 0.227295 -5.612152 7.564204 -9.821265 103459341293.000000
0.141113 -0.991211 0.221191 -5.734155 7.686208 -9.638260 103459343095.000000
0.136963 -0.991943 0.221924 -5.551150 7.869212 -9.882267 103459344902.000000
0.134766 -0.995361 0.222168 -5.307143 7.991216 -10.126273 103459346712.000000
0.141602 -0.992188 0.230225 -5.246142 7.991216 -9.699262 103459348515.000000
0.144775 -0.989746 0.223389 -5.307143 8.174221 -9.943268 103459350319.000000
0.145508 -0.989990 0.221924 -5.002135 8.235222 -9.882267 103459352123.000000
0.141357 -0.987549 0.222412 -4.880132 8.418227 -9.943268 103459353926.000000
0.148682 -0.984619 0.225342 -4.941133 8.601232 -10.004270 103459355732.000000
0.145264 -0.983154 0.224854 -4.941133 8.540231 -10.065272 103459357537.000000
0.145508 -0.976563 0.232422 -4.880132 9.150247 -9.760264 103459359339.000000
0.145752 -0.980713 0.230225 -4.758128 9.333252 -10.004270 103459361141.000000
0.145264 -0.984131 0.222168 -4.636125 9.211249 -10.309278 103459362945.000000
0.143799 -0.982910 0.226807 -4.819130 9.577259 -10.309278 103459364747.000000
0.150391 -0.979004 0.222168 -4.514122 9.333252 -10.187275 103459366556.000000
0.146240 -0.981201 0.216309 -4.270115 10.065272 -10.187275 103459368361.000000
0.150391 -0.979980 0.215820 -4.453120 10.431282 -10.248277 103459370164.000000
0.150879 -0.976074 0.215088 -4.392119 10.004270 -10.431282 103459371967.000000
0.149170 -0.973389 0.210205 -4.392119 10.248277 -10.614287 103459373769.000000
0.154297 -0.975586 0.212646 -4.087110 10.370280 -10.309278 103459375577.000000
0.155273 -0.969727 0.206543 -4.087110 9.760264 -10.553285 103459377379.000000
0.150391 -0.970459 0.214844 -4.148112 9.516257 -10.187275 103459379183.000000
0.150391 -0.965576 0.207764 -4.209114 9.943268 -10.553285 103459380986.000000
0.147705 -0.961670 0.209473 -4.392119 10.065272 -10.553285 103459382790.000000
0.145752 -0.962158 0.211426 -4.392119 10.309278 -10.553285 103459384593.000000
0.145508 -0.963623 0.204102 -4.575124 10.065272 -10.309278 103459386396.000000
0.143066 -0.963379 0.206787 -4.819130 10.492283 -10.187275 103459388199.000000
0.144531 -0.959473 0.205566 -4.514122 10.248277 -10.187275 103459390003.000000
0.143555 -0.961914 0.208008 -4.636125 10.553285 -10.614287 103459391806.000000
0.140137 -0.955078 0.212646 -4.575124 10.980296 -10.614287 103459393608.000000
0.144531 -0.950439 0.205078 -4.636125 10.919295 -10.553285 103459395413.000000
0.144287 -0.951416 0.207520 -4.941133 10.736290 -10.614287 103459397212.000000
0.137695 -0.949463 0.197510 -5.063137 10.614287 -10.370280 103459399010.000000
0.140381 -0.949219 0.197266 -4.941133 10.736290 -10.614287 103459400817.000000
0.141602 -0.948975 0.206055 -4.819130 10.675288 -10.553285 103459402615.000000
0.139893 -0.950195 0.204346 -4.880132 10.187275 -10.614287 103459404414.000000
0.139893 -0.948486 0.204590 -4.758128 10.248277 -10.614287 103459406220.000000
0.139893 -0.947510 0.203613 -5.063137 10.370280 -10.736290 103459408028.000000
0.136719 -0.948242 0.206055 -5.063137 10.248277 -10.614287 103459409831.000000
0.131836 -0.949707 0.205566 -5.429147 10.309278 -10.797292 103459411633.000000
0.133057 -0.947266 0.201172 -4.819130 10.553285 -10.675288 103459413437.000000
0.132568 -0.946045 0.205811 -4.819130 10.309278 -11.224303 103459415241.000000
0.131348 -0.945068 0.205811 -5.185140 10.187275 -11.041298 103459417041.000000
0.126221 -0.943359 0.207031 -5.246142 10.187275 -10.797292 103459418840.000000
0.127930 -0.947021 0.206543 -5.063137 10.553285 -10.675288 103459420639.000000
0.125488 -0.945801 0.203125 -5.063137 10.309278 -11.163301 103459422438.000000
0.128174 -0.943359 0.201172 -4.697127 10.614287 -11.102300 103459424237.000000
0.127441 -0.946533 0.200684 -4.941133 10.431282 -10.980296 103459426039.000000
0.126953 -0.946289 0.202148 -4.941133 10.553285 -11.285305 103459427842.000000
0.125488 -0.941650 0.201416 -5.063137 10.187275 -11.163301 103459429645.000000
0.130615 -0.942139 0.203613 -5.002135 9.882267 -11.041298 103459431448.000000
0.132324 -0.943359 0.203613 -5.002135 10.309278 -10.675288 103459433252.000000
0.135742 -0.937988 0.202881 -5.002135 9.760264 -11.224303 103459435055.000000
0.132568 -0.941162 0.205811 -5.246142 9.638260 -11.102300 103459436859.000000
0.128662 -0.937988 0.202393 -5.246142 9.760264 -11.346306 103459438661.000000
0.131836 -0.942383 0.205322 -5.063137 9.272250 -11.102300 103459440465.000000
0.135010 -0.947998 0.210205 -4.514122 9.394254 -11.041298 103459442268.000000
0.136475 -0.944092 0.215332 -4.575124 9.455255 -11.285305 103459444070.000000
0.135742 -0.942871 0.219238 -4.636125 8.967242 -11.224303 103459445877.000000
0.138428 -0.942383 0.214600 -4.819130 9.211249 -11.529311 103459447683.000000
0.139648 -0.945313 0.213623 -4.514122 9.150247 -11.224303 103459449490.000000
0.142822 -0.948486 0.205322 -4.392119 9.089245 -11.346306 103459451293.000000
0.141602 -0.946777 0.210693 -4.575124 9.028244 -11.224303 103459453096.000000
0.141113 -0.947510 0.208008 -4.209114 9.272250 -11.529311 103459454898.000000
0.145508 -0.951416 0.213623 -4.087110 8.845239 -11.346306 103459456705.000000
0.150879 -0.952881 0.212158 -4.148112 8.967242 -11.834320 103459458508.000000
0.145508 -0.954346 0.219482 -4.087110 8.784237 -11.529311 103459460312.000000
0.151855 -0.957031 0.213135 -3.843104 8.906240 -11.651315 103459462115.000000
0.152344 -0.956787 0.210938 -3.660099 8.906240 -12.017324 103459463925.000000
0.154541 -0.959229 0.209473 -3.843104 8.967242 -11.895321 103459465733.000000
0.157471 -0.963135 0.213135 -3.782102 9.211249 -11.773318 103459467542.000000
0.157471 -0.974365 0.211426 -3.843104 8.967242 -12.322333 103459469345.000000
0.158936 -0.969238 0.206543 -3.599097 9.089245 -12.383334 103459471152.000000
0.158936 -0.972412 0.208740 -3.294089 9.150247 -12.200329 103459472963.000000
0.157959 -0.971924 0.201904 -3.599097 8.967242 -12.627341 103459474766.000000
0.155273 -0.974121 0.197021 -3.599097 8.723236 -12.322333 103459476576.000000
0.154785 -0.978516 0.206299 -3.416092 8.296224 -12.444336 103459478380.000000
0.160889 -0.974854 0.202881 -3.355091 8.113219 -12.627341 103459480184.000000
0.156006 -0.974854 0.208496 -3.599097 7.991216 -12.627341 103459481990.000000
0.153564 -0.974609 0.209961 -3.721100 7.625206 -12.200329 103459483795.000000
0.150146 -0.968506 0.208008 -3.477094 7.381199 -12.322333 103459485599.000000
0.151855 -0.976074 0.218262 -3.416092 7.076191 -12.322333 103459487403.000000
0.152832 -0.972900 0.216797 -3.172086 7.259196 -12.566339 103459489208.000000
0.148926 -0.969238 0.221924 -3.721100 6.649180 -12.505338 103459491011.000000
0.149170 -0.969971 0.225342 -3.355091 6.344171 -12.566339 103459492814.000000
0.152588 -0.967041 0.232422 -3.294089 6.039163 -12.261331 103459494617.000000
0.153076 -0.969482 0.233398 -3.233087 6.161166 -12.383334 103459496420.000000
0.158203 -0.969482 0.229980 -2.989081 5.978161 -12.200329 103459498219.000000
0.150879 -0.966553 0.230469 -3.233087 5.307143 -12.444336 103459500018.000000
0.155518 -0.969238 0.232666 -2.928079 5.673153 -12.505338 103459501817.000000
0.151123 -0.963867 0.230225 -3.050082 5.124138 -12.383334 103459503617.000000
0.150391 -0.964600 0.225830 -2.440066 4.514122 -12.444336 103459505418.000000
0.154785 -0.966553 0.224365 -2.257061 4.148112 -12.200329 103459507222.000000
0.159668 -0.968750 0.225098 -2.135058 4.087110 -12.261331 103459509027.000000
0.159912 -0.969971 0.225830 -2.135058 3.599097 -12.627341 103459511465.000000
0.155762 -0.966064 0.222412 -2.318063 3.172086 -12.749344 103459513288.000000
0.155273 -0.964600 0.213135 -2.196059 3.233087 -12.749344 103459515094.000000
0.154541 -0.962891 0.211670 -2.135058 3.172086 -12.566339 103459516898.000000
0.156738 -0.962891 0.207520 -2.196059 3.050082 -12.810346 103459518698.000000
0.157715 -0.964844 0.204102 -2.745074 2.501068 -13.054352 103459520498.000000
0.161377 -0.959473 0.201416 -2.562069 2.074056 -12.749344 103459522297.000000
0.164551 -0.965820 0.208252 -2.867077 1.525041 -13.115354 103459524095.000000
0.160400 -0.967041 0.205566 -3.111084 1.220033 -12.871348 103459525897.000000
0.164063 -0.961670 0.196533 -3.294089 1.220033 -12.627341 103459527702.000000
0.167969 -0.957520 0.196289 -3.721100 0.732020 -13.359361 103459529505.000000
0.171631 -0.960205 0.183350 -3.782102 0.854023 -12.932349 103459531309.000000
0.179932 -0.962158 0.186768 -4.026109 0.793021 -13.237357 103459533113.000000
0.177979 -0.961670 0.181152 -4.331117 0.122003 -13.237357 103459534926.000000
0.177246 -0.960693 0.166992 -4.331117 -0.305008 -12.932349 103459536736.000000
0.172852 -0.957764 0.166016 -4.514122 -0.610016 -13.054352 103459538539.000000
0.167480 -0.958984 0.170898 -4.209114 -1.037028 -12.871348 103459540342.000000
0.170654 -0.953125 0.175537 -4.453120 -1.098030 -12.932349 103459542144.000000
0.169678 -0.955322 0.177734 -4.636125 -1.159031 -13.359361 103459543947.000000
0.167236 -0.955811 0.185547 -4.941133 -0.793021 -13.237357 103459545755.000000
0.165039 -0.953613 0.191650 -4.636125 -0.305008 -12.993351 103459547556.000000
0.163086 -0.954346 0.196777 -4.575124 0.488013 -13.115354 103459549360.000000
0.160400 -0.960449 0.210205 -4.514122 0.915025 -13.359361 103459551169.000000
0.160156 -0.958984 0.217041 -4.453120 1.952053 -13.115354 103459552972.000000
0.154541 -0.959961 0.225098 -4.514122 3.050082 -13.359361 103459554775.000000
0.151855 -0.964844 0.226563 -4.514122 3.843104 -13.298359 103459556584.000000
0.150879 -0.967041 0.222412 -4.697127 4.392119 -12.993351 103459558387.000000
0.154785 -0.966553 0.221924 -4.880132 5.734155 -12.932349 103459560193.000000
0.162842 -0.972168 0.218506 -4.880132 6.344171 -12.688343 103459561997.000000
0.165283 -0.968262 0.217529 -5.185140 7.137193 -12.383334 103459563800.000000
0.179443 -0.968018 0.210205 -4.941133 7.869212 -12.261331 103459565607.000000
0.193115 -0.969238 0.202881 -4.819130 8.174221 -12.078326 103459567407.000000
0.201172 -0.968262 0.188965 -4.514122 8.723236 -11.895321 103459569211.000000
0.200439 -0.967773 0.175049 -4.270115 9.394254 -11.773318 103459571014.000000
0.203613 -0.968262 0.175293 -4.026109 9.577259 -11.468310 103459572817.000000
0.200195 -0.969971 0.164795 -3.538096 9.699262 -11.529311 103459574619.000000
0.202637 -0.962891 0.173828 -3.538096 9.882267 -11.407308 103459576430.000000
0.202881 -0.964600 0.178467 -3.538096 10.126273 -11.224303 103459578233.000000
0.197266 -0.961914 0.192139 -3.416092 10.553285 -11.285305 103459580036.000000
0.195801 -0.963623 0.197021 -3.477094 11.224303 -11.346306 103459581846.000000
0.188965 -0.966553 0.198730 -4.026109 11.468310 -11.468310 103459583649.000000
0.191162 -0.966064 0.202148 -4.209114 11.895321 -11.163301 103459585453.000000
0.188232 -0.966553 0.207520 -4.331117 12.627341 -11.346306 103459587257.000000
0.189209 -0.968018 0.207764 -4.697127 12.810346 -11.346306 103459589059.000000
0.187012 -0.968750 0.207764 -4.636125 12.688343 -11.163301 103459590861.000000
0.189697 -0.968262 0.198486 -4.575124 12.749344 -11.346306 103459592665.000000
0.188965 -0.970947 0.197998 -4.880132 12.200329 -11.407308 103459594469.000000
0.196777 -0.971924 0.194824 -5.063137 12.078326 -11.712316 103459596399.000000
0.194824 -0.970215 0.193604 -4.880132 11.285305 -11.651315 103459599307.000000
0.188721 -0.969482 0.200439 -4.636125 11.224303 -11.712316 103459602215.000000
0.191650 -0.968994 0.206299 -4.636125 10.553285 -11.956323 103459605123.000000
0.186768 -0.968262 0.210449 -4.819130 10.614287 -11.651315 103459608040.000000
0.181885 -0.971680 0.211182 -4.758128 10.797292 -11.956323 103459610959.000000
0.172852 -0.970215 0.209717 -4.453120 10.797292 -11.834320 103459613874.000000
0.166992 -0.979980 0.211914 -4.697127 10.370280 -11.956323 103459616789.000000
0.160645 -0.974609 0.217041 -4.453120 9.699262 -11.956323 103459619696.000000
0.157471 -0.975342 0.219971 -4.453120 9.516257 -11.712316 103459622603.000000
0.160156 -0.978271 0.219971 -4.148112 8.967242 -11.651315 103459625517.000000
0.156494 -0.982910 0.226807 -3.721100 8.540231 -11.529311 103459628435.000000
0.155518 -0.984863 0.229980 -3.294089 8.357226 -11.285305 103459631352.000000
0.157715 -0.986572 0.229980 -2.684072 8.357226 -11.041298 103459634268.000000
0.157471 -0.987793 0.227783 -1.403038 8.662234 -11.224303 103459637195.000000
0.161377 -0.991455 0.226074 -0.854023 8.540231 -10.675288 103459640110.000000
0.162842 -0.993652 0.220703 -0.366010 8.906240 -10.248277 103459643025.000000
0.162109 -0.988770 0.219971 0.366010 9.089245 -10.004270 103459645947.000000
0.161133 -0.987061 0.218018 0.610016 9.333252 -9.638260 103459648868.000000
0.158691 -0.983398 0.220215 0.854023 10.004270 -10.004270 103459651784.000000
0.156738 -0.982422 0.212891 0.732020 10.248277 -8.784237 103459654698.000000
0.153564 -0.982422 0.213867 1.159031 10.553285 -8.662234 103459657624.000000
0.157227 -0.978027 0.218262 0.976026 10.797292 -8.296224 103459660538.000000
0.153076 -0.974609 0.211670 0.671018 11.346306 -8.113219 103459663454.000000
0.156250 -0.971680 0.211182 0.610016 11.956323 -7.869212 103459666389.000000
0.155762 -0.970459 0.216797 0.305008 12.200329 -7.503203 103459669308.000000
0.150635 -0.971680 0.211426 0.061002 12.566339 -7.442201 103459672225.000000
0.157715 -0.969238 0.204102 0.122003 12.383334 -7.320198 103459675142.000000
0.150146 -0.966553 0.207764 -0.244007 12.444336 -7.320198 103459678096.000000
0.151367 -0.962891 0.208496 -0.488013 12.139328 -7.259196 103459681013.000000
0.147705 -0.959229 0.205566 -0.366010 11.712316 -6.954188 103459683929.000000
0.150146 -0.959473 0.215576 -0.488013 12.200329 -7.076191 103459686844.000000
0.149902 -0.955078 0.210693 -0.488013 11.956323 -6.588178 103459689761.000000
0.156494 -0.953613 0.207275 -0.671018 11.834320 -6.649180 103459692676.000000
0.165039 -0.945557 0.206543 -0.366010 11.773318 -6.405173 103459695597.000000
0.164551 -0.947998 0.212402 -0.549015 11.468310 -6.161166 103459698505.000000
0.169678 -0.947021 0.203857 -0.549015 11.834320 -6.344171 103459701412.000000
0.171387 -0.948730 0.200684 -0.488013 11.651315 -6.222168 103459704319.000000
0.170898 -0.946777 0.194336 -0.549015 11.651315 -6.161166 103459707235.000000
0.175781 -0.947266 0.197510 -0.549015 11.163301 -6.100165 103459710153.000000
0.184326 -0.950439 0.198486 -0.915025 10.370280 -6.100165 103459713069.000000
0.183105 -0.954590 0.190430 -0.854023 9.821265 -6.100165 103459715986.000000
0.188477 -0.950684 0.191895 -1.037028 9.211249 -6.283170 103459718894.000000
0.197021 -0.953125 0.194336 -0.915025 8.845239 -6.100165 103459721802.000000
0.202393 -0.956299 0.198975 -0.976026 8.052217 -6.405173 103459724708.000000
0.210693 -0.957031 0.201660 -0.854023 8.235222 -6.649180 103459727624.000000
0.206787 -0.964844 0.195557 -0.732020 8.174221 -6.588178 103459730541.000000
0.213623 -0.967773 0.200928 -1.098030 7.625206 -6.466175 103459733455.000000
0.211914 -0.967529 0.204346 -0.671018 7.564204 -6.100165 103459736371.000000
0.216064 -0.965332 0.203613 -0.610016 7.564204 -6.100165 103459739290.000000
0.221191 -0.965820 0.203857 -0.671018 7.381199 -6.222168 103459742213.000000
0.222412 -0.966553 0.211914 -0.488013 7.259196 -6.161166 103459745129.000000
0.225342 -0.964844 0.218262 -0.610016 7.869212 -5.917160 103459748080.000000
0.228516 -0.969971 0.214600 -0.549015 7.686208 -5.734155 103459750996.000000
0.236084 -0.970215 0.220947 -0.366010 7.747209 -5.734155 103459753926.000000
0.230957 -0.968506 0.223633 -0.427012 8.418227 -5.795156 103459756852.000000
0.238770 -0.966064 0.231445 -0.244007 8.723236 -5.551150 103459759768.000000
0.239258 -0.969727 0.230469 -0.244007 10.126273 -5.490148 103459762687.000000
0.238770 -0.968018 0.230225 0.183005 10.370280 -5.734155 103459765610.000000
0.235352 -0.969238 0.223145 0.122003 11.468310 -5.063137 103459768530.000000
0.234131 -0.971924 0.219727 0.183005 12.322333 -5.307143 103459771446.000000
0.235352 -0.973633 0.231934 0.366010 12.993351 -4.941133 103459774360.000000
0.232422 -0.974365 0.224609 0.915025 13.481364 -4.636125 103459777287.000000
0.234619 -0.975830 0.224365 0.915025 13.481364 -4.209114 103459780202.000000
0.235352 -0.972656 0.226318 1.464040 14.396389 -4.453120 103459783118.000000
0.241211 -0.979492 0.231445 1.891051 14.701397 -4.026109 103459786050.000000
0.231445 -0.987549 0.237793 3.599097 15.555420 -3.111084 103459793706.000000
0.228760 -0.992432 0.229248 4.636125 16.470445 -2.745074 103459796868.000000
0.226074 -0.994629 0.227783 5.246142 15.921430 -2.013054 103459799819.000000
0.225342 -0.994629 0.235840 5.673153 15.494418 -2.013054 103459802738.000000
0.227539 -0.992676 0.235107 5.307143 15.189410 -1.220033 103459805769.000000
0.240479 -0.988281 0.234375 4.697127 14.884402 -1.037028 103459808768.000000
0.231201 -0.982910 0.226318 5.002135 14.945404 -0.610016 103459811693.000000
0.227783 -0.985107 0.218262 4.514122 14.274385 0.000000 103459814604.000000
0.225586 -0.982666 0.219238 5.429147 13.481364 0.610016 103459817515.000000
0.226807 -0.983643 0.222900 5.063137 12.810346 1.586043 103459820436.000000
0.226563 -0.975342 0.218018 5.124138 12.505338 1.891051 103459823348.000000
0.220947 -0.967285 0.225586 4.575124 12.322333 2.013054 103459826280.000000
0.217285 -0.959473 0.224365 4.697127 11.956323 3.050082 103459829199.000000
0.208008 -0.954590 0.228516 3.904105 12.139328 3.538096 103459832109.000000
0.207031 -0.956055 0.230957 4.270115 12.017324 3.660099 103459835027.000000
0.200439 -0.950439 0.229248 3.965107 12.078326 4.331117 103459837954.000000
0.194336 -0.946777 0.229980 3.965107 11.834320 4.331117 103459840883.000000
0.195801 -0.948730 0.230225 3.965107 11.590313 5.429147 103459843794.000000
0.190918 -0.945068 0.237305 4.453120 11.041298 6.100165 103459846730.000000
0.191162 -0.941162 0.233398 4.453120 10.858293 6.161166 103459849644.000000
0.194824 -0.937500 0.233643 5.002135 10.065272 6.771183 103459852562.000000
0.194580 -0.938965 0.218750 5.429147 9.638260 7.076191 103459855474.000000
0.195313 -0.936279 0.220703 5.734155 8.662234 7.991216 103459858430.000000
0.190918 -0.943359 0.219238 5.917160 8.418227 8.052217 103459861343.000000
0.177246 -0.938721 0.222656 5.856158 8.357226 8.540231 103459864252.000000
0.177246 -0.937256 0.224365 6.039163 8.296224 8.540231 103459867164.000000
0.176758 -0.936523 0.229004 5.246142 7.869212 9.394254 103459870075.000000
0.177002 -0.935791 0.238037 5.002135 7.869212 9.821265 103459872992.000000
0.180176 -0.938232 0.237305 4.697127 7.869212 10.675288 103459875902.000000
0.180664 -0.934814 0.243896 4.331117 8.113219 10.553285 103459878812.000000
0.177246 -0.936768 0.240967 4.392119 7.869212 11.163301 103459881732.000000
0.172119 -0.947021 0.249512 4.453120 7.503203 11.773318 103459884648.000000
0.173096 -0.946777 0.254395 4.392119 7.076191 12.200329 103459887560.000000
0.163086 -0.949219 0.259277 4.575124 6.527176 12.749344 103459890480.000000
0.158936 -0.950684 0.248291 4.758128 6.100165 13.359361 103459893389.000000
0.157959 -0.953857 0.259277 4.819130 6.100165 14.030379 103459896392.000000
0.161621 -0.961182 0.252930 5.002135 5.734155 13.969377 103459898872.000000
0.157959 -0.963379 0.250977 5.124138 5.002135 14.518392 103459900683.000000
0.158691 -0.967041 0.244629 5.185140 4.880132 14.518392 103459902492.000000
0.155029 -0.972656 0.234863 5.429147 5.063137 15.189410 103459904305.000000
0.150391 -0.973145 0.229736 5.429147 4.697127 15.128408 103459906130.000000
0.151611 -0.973389 0.226807 5.002135 4.697127 15.067407 103459907932.000000
0.148193 -0.978271 0.232910 5.002135 4.758128 15.494418 103459909734.000000
0.141846 -0.978760 0.224365 4.880132 4.575124 15.677423 103459911540.000000
0.140381 -0.981201 0.212891 4.819130 4.087110 16.104435 103459913340.000000
0.136963 -0.986572 0.214600 4.941133 3.599097 16.897456 103459915140.000000
0.132324 -0.988037 0.214600 4.575124 3.355091 17.263466 103459916946.000000
0.132324 -0.984619 0.215088 4.575124 2.806076 17.690478 103459918756.000000
0.124756 -0.985107 0.205811 4.697127 1.891051 17.995486 103459920562.000000
0.131104 -0.982178 0.200928 4.514122 1.342036 18.361496 103459922370.000000
0.127197 -0.981445 0.206299 4.819130 0.366010 18.910511 103459924178.000000
0.122314 -0.980713 0.208252 4.026109 -1.037028 19.459525 103459925983.000000
0.116455 -0.984375 0.207031 4.636125 -1.830049 19.886537 103459927791.000000
0.115479 -0.981689 0.212402 4.331117 -2.623071 20.435552 103459929593.000000
0.106201 -0.984619 0.208740 4.453120 -3.965107 20.740560 103459931428.000000
0.108643 -0.984131 0.215820 4.087110 -5.002135 21.106570 103459933375.000000
0.102295 -0.989014 0.219727 3.843104 -6.161166 21.594583 103459935507.000000
0.102051 -0.988037 0.226807 4.209114 -7.198194 21.838590 103459937417.000000
0.100830 -0.994141 0.220459 4.148112 -8.235222 22.753614 103459939233.000000
0.103271 -0.997559 0.223633 3.843104 -8.967242 22.875618 103459941034.000000
0.104004 -1.000000 0.221924 4.087110 -9.516257 23.180626 103459942836.000000
0.103760 -0.995605 0.226563 4.270115 -10.126273 23.363631 103459944644.000000
0.107666 -1.001465 0.230713 4.453120 -10.614287 23.912646 103459946444.000000
0.106689 -1.002930 0.226318 4.392119 -11.834320 24.156652 103459948244.000000
0.109863 -1.006592 0.233643 4.331117 -12.078326 24.217654 103459950043.000000
0.110840 -1.006592 0.231934 4.331117 -12.383334 24.400659 103459951847.000000
0.111084 -1.009033 0.227783 4.636125 -12.810346 24.644665 103459953650.000000
0.115967 -1.010010 0.235596 4.331117 -12.810346 24.888672 103459955450.000000
0.114990 -1.010254 0.230713 4.209114 -12.505338 25.071677 103459957250.000000
0.116211 -1.016602 0.236816 4.331117 -12.566339 25.132679 103459959051.000000
0.111572 -1.015381 0.237549 4.453120 -11.956323 25.681693 103459960848.000000
0.109863 -1.015869 0.239014 4.270115 -11.895321 25.498688 103459962647.000000
0.103271 -1.019043 0.236816 4.331117 -12.078326 25.376685 103459964446.000000
0.099365 -1.022705 0.247803 4.575124 -11.956323 25.864698 103459966246.000000
0.101074 -1.023193 0.249512 4.209114 -12.200329 25.986702 103459968050.000000
0.098877 -1.024170 0.253174 4.636125 -12.383334 26.474715 103459969849.000000
0.105469 -1.027588 0.244873 4.880132 -12.749344 26.657720 103459971649.000000
0.109131 -1.031006 0.249023 4.758128 -12.627341 27.084731 103459973448.000000
0.114502 -1.035645 0.250732 5.124138 -12.566339 27.328738 103459975265.000000
0.120117 -1.036133 0.259766 5.673153 -12.749344 27.206735 103459977068.000000
0.120605 -1.040771 0.259766 5.612152 -12.993351 27.755749 103459978867.000000
0.128174 -1.043457 0.260742 5.673153 -12.810346 27.938754 103459980669.000000
0.130371 -1.045410 0.258057 6.344171 -12.749344 28.121759 103459982551.000000
0.136230 -1.047363 0.264404 6.405173 -12.810346 28.365766 103459984353.000000
0.133545 -1.056641 0.261719 6.527176 -13.054352 28.304764 103459986155.000000
0.137451 -1.058838 0.265869 6.954188 -13.115354 28.731776 103459987955.000000
0.136963 -1.059082 0.257324 7.259196 -13.420362 28.914781 103459989760.000000
0.139893 -1.058105 0.268066 7.442201 -13.725371 29.158787 103459991560.000000
0.144287 -1.058594 0.268799 7.930214 -13.908376 29.341792 103459993359.000000
0.150879 -1.059326 0.271973 8.174221 -13.725371 29.524797 103459995159.000000
0.149658 -1.055664 0.266846 8.418227 -13.542366 29.707802 103459996959.000000
0.154297 -1.060303 0.268555 8.662234 -13.359361 30.134814 103459998763.000000
0.153076 -1.058105 0.273438 8.845239 -12.810346 30.439822 103500000567.000000
0.156250 -1.056396 0.278076 8.662234 -12.688343 30.561825 103500002369.000000
0.156250 -1.049805 0.275879 9.211249 -12.383334 30.988837 103500004168.000000
0.160156 -1.044922 0.276855 9.882267 -11.895321 31.232843 103500005972.000000
0.163818 -1.045410 0.278076 10.065272 -11.224303 31.171842 103500007773.000000
0.165039 -1.041992 0.268311 10.126273 -10.675288 31.354847 103500009575.000000
0.163086 -1.039795 0.269775 10.370280 -10.248277 31.659855 103500011374.000000
0.164551 -1.034912 0.267578 10.858293 -10.126273 32.025865 103500013174.000000
0.164795 -1.032959 0.266846 10.980296 -10.004270 31.903861 103500014977.000000
0.156006 -1.027588 0.263916 11.102300 -9.943268 32.147868 103500016777.000000
0.160156 -1.021973 0.257080 11.468310 -10.492283 32.147868 103500018577.000000
0.153809 -1.013916 0.256104 11.590313 -10.797292 31.964863 103500020382.000000
0.156982 -1.007080 0.248291 11.651315 -10.797292 31.903861 103500022180.000000
0.155762 -1.005859 0.249756 12.322333 -11.041298 32.208870 103500023981.000000
0.150146 -1.000000 0.255371 12.749344 -11.163301 31.842860 103500025781.000000
0.151123 -0.996826 0.247070 12.505338 -11.041298 31.659855 103500027581.000000
0.153564 -0.990234 0.255127 12.749344 -10.919295 32.269871 103500029383.000000
0.157471 -0.984863 0.243896 12.810346 -11.041298 31.964863 103500031183.000000
0.156250 -0.982666 0.251953 13.237357 -11.346306 32.330873 103500032983.000000
0.152344 -0.982178 0.255127 13.298359 -11.224303 32.147868 103500034782.000000
0.151855 -0.983887 0.249023 13.420362 -11.407308 31.903861 103500036587.000000
0.135010 -0.976074 0.250000 13.481364 -11.651315 32.208870 103500038391.000000
0.139648 -0.979736 0.234131 13.603367 -11.468310 32.147868 103500040200.000000
0.140381 -0.981201 0.245117 14.335387 -12.078326 32.330873 103500042005.000000
0.139404 -0.979736 0.244141 14.274385 -12.322333 31.964863 103500043811.000000
0.138672 -0.975098 0.248047 14.579394 -12.749344 31.659855 103500045619.000000
0.136719 -0.974854 0.251221 15.372415 -13.176356 32.269871 103500047427.000000
0.135010 -0.978516 0.251953 15.738425 -13.664369 32.086866 103500049231.000000
0.136963 -0.971680 0.255615 16.348441 -14.030379 31.842860 103500051034.000000
0.132813 -0.971924 0.257813 16.531446 -14.518392 31.903861 103500052837.000000
0.131104 -0.972412 0.268066 17.324468 -14.701397 31.903861 103500054641.000000
0.130859 -0.974609 0.274170 17.568474 -15.067407 31.781858 103500056451.000000
0.128174 -0.970215 0.277832 18.117489 -14.945404 31.659855 103500058257.000000
0.135986 -0.965088 0.278564 18.361496 -14.823400 31.720856 103500060064.000000
0.139404 -0.963623 0.280273 18.666504 -14.823400 31.354847 103500061867.000000
0.142090 -0.962891 0.269775 19.398524 -14.762399 31.659855 103500063671.000000
0.139404 -0.958984 0.274414 19.886537 -14.457390 31.537852 103500065483.000000
0.144775 -0.960449 0.276123 20.008540 -14.640395 31.354847 103500067289.000000
0.153320 -0.959717 0.270508 20.191545 -14.030379 31.354847 103500069093.000000
0.151123 -0.959961 0.266602 20.557555 -13.603367 31.293845 103500070897.000000
0.163086 -0.951172 0.272949 20.679558 -13.298359 30.866833 103500072703.000000
0.166504 -0.950439 0.266602 20.679558 -12.200329 30.805832 103500074507.000000
0.176514 -0.949463 0.259766 20.923565 -11.407308 30.622827 103500076316.000000
0.184082 -0.951904 0.261230 20.374550 -10.492283 30.256817 103500078119.000000
0.185303 -0.946533 0.257568 20.313548 -9.455255 30.378820 103500079927.000000
0.186279 -0.937500 0.248291 20.252547 -8.174221 30.073812 103500081733.000000
0.191406 -0.932373 0.246094 20.130544 -6.893186 29.646800 103500083637.000000
0.192627 -0.930664 0.246582 19.520527 -5.795156 29.768804 103500085440.000000
0.192871 -0.921631 0.237549 19.215519 -4.453120 30.073812 103500087241.000000
0.194580 -0.919434 0.233887 19.154517 -2.806076 30.134814 103500089041.000000
0.196533 -0.919922 0.233887 18.605502 -2.196059 30.317819 103500090840.000000
0.197266 -0.912842 0.228760 18.117489 -1.220033 30.134814 103500092644.000000
0.200439 -0.909912 0.235107 17.751479 0.000000 30.195815 103500094443.000000
0.197266 -0.905518 0.240723 17.507473 0.610016 30.622827 103500096243.000000
0.208740 -0.904053 0.231934 17.141463 1.281035 30.561825 103500098043.000000
0.215088 -0.901123 0.227539 16.348441 2.562069 30.378820 103500099843.000000
0.217285 -0.904053 0.227295 15.860428 3.660099 30.744830 103500101642.000000
0.222412 -0.899170 0.219971 15.616422 4.392119 30.561825 103500103441.000000
0.220459 -0.895020 0.217285 15.128408 5.063137 30.256817 103500105268.000000
0.221191 -0.891602 0.216064 14.701397 5.856158 30.256817 103500107070.000000
0.222656 -0.891846 0.217773 14.579394 6.222168 30.256817 103500108869.000000
0.218994 -0.893066 0.223633 14.579394 7.015189 30.378820 103500110668.000000
0.218262 -0.889404 0.218262 14.457390 7.137193 30.134814 103500112468.000000
0.219238 -0.890869 0.217773 13.969377 7.869212 29.890807 103500114270.000000
0.215820 -0.888428 0.221436 13.420362 7.930214 29.402794 103500116070.000000
0.214844 -0.889893 0.226074 13.542366 8.540231 29.280791 103500117870.000000
0.205078 -0.897461 0.225098 13.176356 8.540231 29.036784 103500119670.000000
0.203369 -0.897217 0.229248 12.993351 8.479229 29.463796 103500121470.000000
0.193604 -0.894531 0.228516 12.932349 8.540231 29.097786 103500123269.000000
0.188721 -0.897705 0.234619 12.810346 8.784237 28.731776 103500125069.000000
0.188721 -0.895508 0.235840 12.749344 9.150247 28.365766 103500126873.000000
0.184326 -0.906006 0.234863 12.932349 9.333252 28.304764 103500128681.000000
0.175049 -0.906738 0.242188 12.749344 9.516257 28.060758 103500130484.000000
0.166260 -0.905518 0.246094 12.810346 9.638260 28.426768 103500132289.000000
0.159668 -0.906738 0.250732 12.688343 9.882267 27.938754 103500134091.000000
0.160889 -0.911133 0.250977 12.810346 9.882267 27.694748 103500135906.000000
0.149658 -0.913330 0.257568 12.810346 10.309278 27.816751 103500137712.000000
0.143555 -0.919434 0.253174 12.444336 10.309278 27.938754 103500139517.000000
0.132080 -0.916504 0.257324 12.688343 10.675288 27.511743 103500141320.000000
0.130615 -0.920410 0.258057 12.627341 10.736290 27.511743 103500143123.000000
0.123291 -0.924561 0.264404 12.688343 10.919295 27.450741 103500144934.000000
0.117676 -0.926025 0.263184 12.932349 10.858293 27.511743 103500146744.000000
0.110107 -0.932129 0.270020 12.810346 11.102300 27.023730 103500148547.000000
0.106689 -0.937744 0.272949 12.749344 11.163301 26.962728 103500150350.000000
0.101563 -0.939209 0.269531 12.932349 11.285305 27.145733 103500152154.000000
0.101807 -0.938477 0.272949 12.932349 11.407308 27.084731 103500153958.000000
0.098877 -0.938721 0.275879 13.298359 11.712316 27.023730 103500155764.000000
0.090332 -0.939697 0.284912 13.176356 11.834320 27.145733 103500157571.000000
0.091309 -0.941895 0.283447 13.298359 12.078326 27.023730 103500159374.000000
0.088379 -0.945313 0.280029 13.298359 12.444336 27.145733 103500161177.000000
0.087402 -0.945801 0.284180 13.481364 12.932349 26.840725 103500162980.000000
0.080078 -0.955078 0.282471 13.664369 13.115354 26.962728 103500164786.000000
0.086670 -0.955811 0.282959 13.603367 13.359361 26.840725 103500166598.000000
0.088379 -0.960205 0.276123 13.481364 14.152382 26.535716 103500168406.000000
0.094971 -0.963379 0.285400 13.664369 14.823400 26.840725 103500170209.000000
0.091064 -0.965576 0.277588 13.420362 15.067407 26.474715 103500172012.000000
0.093018 -0.965820 0.280273 13.420362 15.433417 26.352712 103500173815.000000
0.097168 -0.972412 0.275879 12.993351 15.616422 26.108705 103500175622.000000
0.095215 -0.979980 0.281494 13.176356 16.226438 25.925700 103500177423.000000
0.092285 -0.985840 0.286133 13.054352 16.409443 25.193680 103500179228.000000
0.099609 -0.993652 0.283936 12.566339 17.324468 25.315684 103500181030.000000
0.102295 -0.993164 0.290283 12.505338 17.995486 25.193680 103500182918.000000
0.105713 -0.994629 0.298096 12.444336 18.117489 25.254682 103500184722.000000
0.107422 -0.998779 0.299805 12.261331 19.459525 24.827670 103500186523.000000
0.109375 -1.003418 0.296631 12.444336 20.191545 25.010675 103500188323.000000
0.106689 -1.004639 0.293701 12.444336 21.228573 24.705667 103500190125.000000
0.109619 -1.006836 0.292725 12.505338 21.777588 25.132679 103500191926.000000
0.104492 -1.009521 0.295898 12.383334 22.448606 24.644665 103500193725.000000
0.103271 -1.009033 0.289795 12.505338 23.119624 24.644665 103500195526.000000
0.098389 -1.007568 0.283203 12.322333 23.363631 24.827670 103500197326.000000
0.094971 -1.007324 0.277344 12.139328 24.034649 24.705667 103500199125.000000
0.095947 -1.004639 0.281982 12.078326 24.034649 24.583664 103500200934.000000
0.090088 -1.006104 0.273193 12.200329 24.339657 24.522662 103500202734.000000
0.086914 -0.999512 0.272217 12.505338 24.217654 24.888672 103500204533.000000
0.085693 -0.991943 0.274414 12.200329 24.339657 24.766669 103500206333.000000
0.083252 -0.982178 0.267334 12.078326 24.522662 24.583664 103500208136.000000
0.082031 -0.979980 0.272217 12.017324 24.583664 24.400659 103500209938.000000
0.075928 -0.978027 0.272461 11.956323 24.705667 23.912646 103500211738.000000
0.078369 -0.964600 0.264160 11.590313 24.400659 24.095651 103500213537.000000
0.077881 -0.956787 0.258789 11.285305 24.705667 23.729641 103500215337.000000
0.069824 -0.943359 0.251221 10.675288 24.583664 23.546636 103500217138.000000
0.064209 -0.939209 0.249512 10.370280 24.400659 23.668639 103500218938.000000
0.055176 -0.932617 0.250244 10.004270 24.400659 23.241628 103500220737.000000
0.041260 -0.923096 0.238037 10.248277 24.278656 23.058623 103500222539.000000
0.037842 -0.917236 0.232178 10.065272 24.217654 22.753614 103500224340.000000
0.028320 -0.909424 0.236084 9.516257 24.400659 22.448606 103500226145.000000
0.025391 -0.904541 0.237549 9.089245 24.522662 21.899591 103500227949.000000
0.025391 -0.897461 0.238525 8.540231 24.827670 21.350576 103500229752.000000
0.020020 -0.892090 0.243164 7.991216 25.132679 21.045568 103500231556.000000
0.013428 -0.887939 0.251221 7.442201 25.376685 20.984567 103500233360.000000
0.015137 -0.883545 0.253662 6.832184 25.376685 20.252547 103500235164.000000
0.008789 -0.885254 0.251465 6.100165 25.681693 19.581529 103500236969.000000
0.003418 -0.882568 0.258057 5.429147 25.437687 19.093516 103500238772.000000
-0.002441 -0.886475 0.266602 5.490148 25.376685 18.544501 103500240576.000000
-0.005615 -0.890381 0.280762 4.880132 24.888672 18.361496 103500242379.000000
-0.005615 -0.896240 0.287598 4.331117 24.949674 17.873483 103500244182.000000
-0.008301 -0.901123 0.286377 4.392119 24.339657 17.202464 103500245989.000000
-0.008301 -0.907227 0.293213 4.209114 24.461660 17.385469 103500247795.000000
-0.009277 -0.919189 0.296631 4.026109 24.400659 17.080461 103500249603.000000
-0.000732 -0.923828 0.284180 3.660099 23.973647 16.897456 103500251406.000000
0.004639 -0.924805 0.266113 3.233087 23.363631 16.409443 103500253210.000000
0.013672 -0.930176 0.264893 3.294089 22.997621 16.348441 103500255016.000000
0.011719 -0.931641 0.265625 2.745074 22.265601 16.287440 103500256833.000000
0.015381 -0.931885 0.246826 3.111084 21.594583 15.921430 103500258637.000000
0.014893 -0.932861 0.248047 2.806076 21.167572 15.738425 103500260440.000000
0.015625 -0.932861 0.251221 2.623071 20.252547 15.372415 103500262245.000000
0.016846 -0.936279 0.255615 2.257061 20.069542 15.921430 103500264053.000000
0.020508 -0.936768 0.249756 1.830049 20.435552 15.433417 103500265860.000000
0.017578 -0.937744 0.253418 1.098030 20.496553 15.311413 103500267667.000000
0.017822 -0.931396 0.265869 0.305008 20.862563 15.616422 103500269471.000000
0.012207 -0.931641 0.264648 -0.610016 21.045568 15.982432 103500271274.000000
0.008545 -0.927490 0.263428 -0.976026 21.594583 16.043433 103500273078.000000
0.009521 -0.927002 0.260254 -1.830049 21.777588 16.043433 103500274882.000000
0.011963 -0.922607 0.251953 -2.257061 21.838590 16.287440 103500276685.000000
0.013184 -0.919922 0.249023 -2.928079 21.350576 16.531446 103500278487.000000
0.016357 -0.921875 0.250000 -3.416092 20.923565 16.287440 103500280290.000000
0.023438 -0.921387 0.245850 -3.843104 20.679558 16.348441 103500282096.000000
0.025635 -0.919922 0.251221 -4.087110 20.069542 16.470445 103500283996.000000
0.026123 -0.917969 0.245117 -4.514122 19.886537 15.921430 103500285799.000000
0.029053 -0.912598 0.250732 -4.941133 19.886537 15.921430 103500287600.000000
0.026367 -0.916260 0.247314 -5.429147 19.642530 15.982432 103500289400.000000
0.021240 -0.917969 0.244141 -5.917160 19.642530 15.799427 103500291199.000000
0.012939 -0.919922 0.250977 -6.344171 19.093516 15.494418 103500292998.000000
0.011475 -0.921631 0.255859 -6.710181 18.910511 15.128408 103500294798.000000
0.007324 -0.923096 0.255127 -6.893186 18.483499 15.189410 103500296598.000000
0.008789 -0.924805 0.264893 -7.137193 18.239492 15.067407 103500298398.000000
0.014404 -0.924316 0.259521 -7.076191 17.629476 14.335387 103500300197.000000
0.012939 -0.928711 0.264648 -7.381199 17.202464 14.335387 103500301997.000000
0.010010 -0.930176 0.269531 -7.503203 16.836455 14.213384 103500303796.000000
0.002197 -0.939941 0.274414 -7.320198 16.836455 14.030379 103500305597.000000
-0.005127 -0.937744 0.268555 -7.503203 16.409443 13.603367 103500307397.000000
-0.006836 -0.950195 0.275879 -7.564204 15.555420 13.359361 103500309197.000000
-0.010498 -0.956055 0.282227 -7.564204 14.945404 13.115354 103500310996.000000
-0.013184 -0.959473 0.286133 -7.320198 14.457390 12.688343 103500312805.000000
-0.015137 -0.962891 0.294922 -7.076191 13.603367 12.444336 103500314604.000000
-0.015869 -0.968994 0.295654 -6.893186 12.566339 12.444336 103500316405.000000
-0.017090 -0.973877 0.302490 -6.405173 11.956323 12.322333 103500318213.000000
-0.011963 -0.978027 0.309082 -5.917160 11.346306 12.322333 103500320013.000000
-0.013184 -0.980225 0.311523 -5.368145 10.431282 12.200329 103500321813.000000
-0.014893 -0.981201 0.320068 -5.124138 9.638260 11.773318 103500323612.000000
-0.007813 -0.988281 0.316650 -4.331117 8.723236 11.651315 103500325414.000000
-0.011963 -0.988770 0.323486 -3.904105 8.113219 11.895321 103500327217.000000
-0.011230 -0.989990 0.317383 -3.416092 8.113219 11.895321 103500329021.000000
-0.012207 -0.995605 0.312988 -2.867077 7.747209 12.017324 103500330824.000000
-0.014648 -0.995605 0.311279 -2.379064 7.381199 12.139328 103500332627.000000
-0.019287 -0.995361 0.310059 -1.891051 7.381199 11.773318 103500334430.000000
-0.016113 -0.992432 0.310791 -1.220033 6.954188 12.261331 103500336241.000000
-0.017822 -0.995850 0.304443 -0.976026 6.588178 12.993351 103500338045.000000
-0.018555 -0.993408 0.307861 -0.671018 6.222168 12.810346 103500339849.000000
-0.013672 -0.987549 0.303711 -0.061002 5.673153 12.871348 103500341651.000000
-0.012939 -0.984863 0.297119 0.549015 5.063137 13.054352 103500343453.000000
-0.010254 -0.984863 0.295410 0.732020 5.307143 13.481364 103500345260.000000
-0.012451 -0.982666 0.295410 0.671018 4.941133 13.542366 103500347069.000000
-0.011230 -0.982666 0.291504 0.488013 4.819130 13.603367 103500348873.000000
-0.010498 -0.968994 0.286377 0.610016 4.636125 13.969377 103500350676.000000
-0.010254 -0.967529 0.289307 0.610016 4.270115 13.664369 103500352480.000000
-0.004639 -0.966797 0.292236 0.122003 4.209114 14.152382 103500354283.000000
-0.008789 -0.964355 0.286377 -0.183005 4.331117 14.396389 103500356090.000000
-0.007324 -0.965088 0.288818 -0.061002 3.904105 14.518392 103500357895.000000
-0.007568 -0.963379 0.284912 -0.244007 3.965107 14.884402 103500359702.000000
-0.014404 -0.960449 0.280029 -0.122003 4.026109 15.067407 103500361506.000000
-0.018799 -0.960205 0.275146 -0.244007 3.477094 14.884402 103500363312.000000
-0.017578 -0.962402 0.281006 -0.305008 2.867077 15.372415 103500365118.000000
-0.020020 -0.959473 0.276855 -0.244007 2.318063 15.433417 103500366927.000000
-0.022705 -0.953857 0.272705 -0.061002 1.830049 16.104435 103500368730.000000
-0.026123 -0.947510 0.283447 -0.122003 1.342036 16.043433 103500370533.000000
-0.037109 -0.947754 0.283447 -0.366010 1.220033 16.043433 103500372336.000000
-0.037109 -0.949463 0.285400 -0.305008 0.793021 16.287440 103500374139.000000
-0.038818 -0.949219 0.287354 -0.366010 0.427012 16.409443 103500375946.000000
-0.043213 -0.946045 0.297852 -0.244007 0.061002 16.104435 103500377748.000000
-0.048584 -0.949219 0.300049 -0.427012 -0.732020 16.226438 103500379550.000000
-0.050781 -0.950684 0.302002 -0.488013 -1.220033 16.592448 103500381352.000000
-0.052490 -0.955078 0.306396 -0.366010 -1.342036 16.714451 103500383162.000000
-0.056885 -0.955078 0.305420 -0.610016 -2.257061 16.470445 103500384965.000000
-0.054932 -0.957764 0.309326 -0.610016 -2.623071 16.653450 103500386766.000000
-0.062012 -0.966309 0.305420 -0.610016 -2.806076 16.531446 103500388566.000000
-0.062744 -0.969238 0.300537 -0.732020 -2.928079 16.348441 103500390367.000000
-0.060547 -0.975342 0.293213 -0.549015 -3.477094 16.775453 103500392167.000000
-0.057373 -0.977295 0.287598 -0.854023 -3.965107 16.531446 103500393967.000000
-0.059814 -0.982666 0.286133 -0.732020 -4.636125 16.287440 103500395768.000000
-0.055664 -0.982666 0.286133 -1.098030 -4.941133 16.043433 103500397567.000000
-0.058105 -0.988525 0.284180 -1.403038 -5.185140 16.104435 103500399367.000000
-0.062500 -0.990234 0.271240 -1.647044 -5.551150 15.799427 103500401166.000000
-0.063477 -0.988525 0.273682 -1.769048 -5.856158 15.921430 103500402966.000000
-0.059082 -0.984863 0.268311 -2.257061 -5.978161 16.226438 103500404764.000000
-0.059814 -0.988281 0.267822 -2.501068 -6.039163 16.226438 103500406563.000000
-0.057129 -0.981934 0.265381 -2.806076 -6.283170 16.043433 103500408365.000000
-0.060547 -0.980469 0.259521 -3.172086 -6.344171 16.043433 103500410164.000000
-0.058838 -0.977539 0.259033 -3.477094 -6.710181 16.287440 103500411963.000000
-0.056396 -0.974121 0.268066 -4.148112 -6.649180 16.348441 103500413762.000000
-0.050049 -0.966309 0.268799 -4.148112 -6.283170 16.531446 103500415564.000000
-0.055908 -0.964600 0.267334 -4.636125 -6.466175 16.348441 103500417365.000000
-0.054199 -0.962646 0.271240 -4.941133 -6.405173 16.470445 103500419164.000000
-0.054443 -0.963867 0.272461 -4.941133 -6.283170 16.287440 103500420964.000000
-0.051025 -0.953857 0.271973 -5.368145 -5.795156 16.104435 103500422767.000000
-0.054688 -0.951904 0.274170 -5.795156 -5.490148 16.348441 103500424567.000000
-0.054932 -0.961182 0.263184 -6.283170 -5.368145 16.165436 103500426371.000000
-0.048340 -0.953369 0.267822 -6.283170 -5.246142 16.165436 103500428176.000000
-0.050537 -0.955078 0.259033 -6.649180 -4.697127 16.104435 103500429979.000000
-0.049561 -0.958252 0.265381 -6.710181 -4.453120 15.677423 103500431783.000000
-0.049561 -0.961426 0.259766 -6.771183 -4.514122 15.494418 103500433587.000000
-0.055420 -0.966553 0.258789 -7.442201 -4.819130 15.921430 103500435394.000000
-0.050293 -0.966309 0.266357 -7.808211 -4.575124 15.494418 103500437196.000000
-0.053467 -0.970947 0.272949 -7.869212 -4.941133 15.250412 103500438999.000000
-0.058594 -0.968750 0.267334 -7.930214 -5.307143 14.823400 103500440810.000000
-0.059570 -0.967529 0.267578 -7.747209 -5.490148 14.579394 103500442615.000000
-0.063721 -0.972168 0.280273 -8.052217 -5.795156 14.335387 103500444419.000000
-0.062744 -0.976563 0.278809 -7.991216 -6.405173 14.030379 103500446228.000000
-0.061035 -0.980957 0.284912 -7.869212 -7.137193 14.457390 103500448039.000000
-0.061768 -0.981445 0.290283 -7.625206 -7.991216 14.091380 103500449841.000000
-0.060303 -0.982178 0.293945 -7.137193 -8.540231 14.030379 103500451644.000000
-0.065430 -0.979980 0.305176 -6.893186 -8.906240 14.091380 103500453447.000000
-0.062012 -0.986084 0.308838 -6.710181 -9.333252 13.969377 103500455254.000000
-0.064941 -0.987549 0.319336 -6.283170 -9.821265 13.664369 103500457054.000000
-0.062012 -0.986328 0.324463 -6.039163 -10.126273 13.420362 103500458858.000000
-0.070801 -0.992432 0.322754 -5.490148 -10.614287 13.847374 103500460661.000000
-0.064209 -0.998291 0.317383 -5.368145 -10.858293 13.420362 103500462464.000000
-0.061523 -1.006348 0.323242 -5.063137 -11.285305 13.176356 103500464268.000000
-0.061279 -1.009033 0.328369 -4.880132 -11.468310 13.115354 103500466075.000000
-0.058838 -1.010010 0.329102 -4.331117 -11.407308 12.932349 103500467882.000000
-0.053711 -1.017822 0.323486 -4.026109 -11.224303 12.444336 103500469689.000000
-0.046875 -1.020752 0.322510 -3.843104 -11.224303 12.810346 103500471493.000000
-0.041504 -1.034180 0.316650 -3.477094 -11.102300 12.627341 103500473296.000000
-0.040527 -1.038818 0.320557 -3.294089 -11.102300 12.261331 103500475099.000000
-0.038574 -1.042725 0.320068 -3.233087 -10.858293 12.444336 103500476909.000000
-0.036377 -1.040039 0.308838 -3.111084 -10.736290 12.261331 103500478712.000000
-0.025635 -1.044678 0.316406 -2.928079 -10.919295 12.017324 103500480515.000000
-0.021484 -1.046387 0.312012 -2.623071 -10.492283 12.383334 103500482317.000000
-0.020752 -1.052002 0.304443 -2.562069 -9.760264 11.956323 103500484124.000000
-0.023926 -1.044434 0.300537 -2.196059 -9.394254 11.895321 103500485928.000000
-0.018066 -1.045654 0.303467 -1.769048 -9.455255 11.834320 103500487729.000000
-0.019775 -1.045410 0.308838 -1.525041 -9.089245 11.651315 103500489534.000000
-0.006104 -1.040771 0.318604 -1.525041 -8.967242 12.200329 103500491335.000000
-0.005859 -1.033203 0.323975 -1.891051 -8.052217 12.078326 103500493135.000000
-0.002197 -1.026855 0.322998 -1.769048 -7.564204 11.834320 103500494936.000000
-0.002197 -1.021973 0.327148 -1.830049 -6.100165 11.529311 103500496736.000000
0.006104 -1.010498 0.317139 -2.318063 -5.246142 11.041298 103500498537.000000
0.010010 -1.001221 0.309814 -1.952053 -4.575124 11.163301 103500500337.000000
0.011475 -0.997070 0.302979 -2.135058 -4.575124 10.797292 103500502136.000000
0.016357 -0.992920 0.299561 -2.318063 -4.392119 10.858293 103500503937.000000
0.024902 -0.994141 0.298828 -2.562069 -4.636125 10.553285 103500505738.000000
0.025391 -0.981689 0.301025 -2.440066 -4.941133 10.370280 103500507538.000000
0.029297 -0.981445 0.298096 -2.379064 -4.697127 10.187275 103500509337.000000
0.028320 -0.976318 0.293457 -2.562069 -4.453120 9.760264 103500511141.000000
0.021973 -0.974121 0.298096 -2.501068 -4.209114 9.455255 103500512947.000000
0.011963 -0.968994 0.296387 -2.928079 -4.148112 9.394254 103500514746.000000
0.008057 -0.965820 0.282715 -2.806076 -4.087110 8.723236 103500516546.000000
-0.003906 -0.964844 0.290039 -2.928079 -4.331117 8.418227 103500518347.000000
-0.010742 -0.969727 0.290527 -3.050082 -5.124138 8.052217 103500520149.000000
-0.010742 -0.970215 0.292236 -3.233087 -5.551150 7.747209 103500521949.000000
-0.015625 -0.968750 0.298584 -3.538096 -6.039163 7.808211 103500523749.000000
-0.024170 -0.968018 0.301025 -3.294089 -6.588178 7.686208 103500525551.000000
-0.030273 -0.972656 0.302979 -3.233087 -7.259196 7.381199 103500527356.000000
-0.039307 -0.976563 0.312744 -3.233087 -7.686208 7.564204 103500529161.000000
-0.041016 -0.974854 0.318359 -3.050082 -8.113219 7.320198 103500530965.000000
-0.047607 -0.976318 0.319824 -3.233087 -8.784237 7.564204 103500533421.000000
-0.056885 -0.977051 0.323486 -2.806076 -9.638260 7.442201 103500535256.000000
-0.060059 -0.983643 0.320068 -2.501068 -10.187275 7.320198 103500537066.000000
-0.066650 -0.984131 0.324219 -2.379064 -11.102300 7.564204 103500538870.000000
-0.070313 -0.981445 0.322754 -2.074056 -11.590313 7.381199 103500540674.000000
-0.066650 -0.983643 0.316406 -1.647044 -12.627341 7.442201 103500542477.000000
-0.072998 -0.984375 0.320801 -1.342036 -13.115354 7.198194 103500544280.000000
-0.074707 -0.980957 0.317627 -1.220033 -13.359361 7.381199 103500546090.000000
-0.072754 -0.984375 0.314697 -1.159031 -13.908376 7.198194 103500547898.000000
-0.077148 -0.981689 0.309814 -1.220033 -14.396389 6.832184 103500549700.000000
-0.075928 -0.978760 0.304688 -0.854023 -14.457390 6.893186 103500551504.000000
-0.069580 -0.978027 0.306152 -0.854023 -14.396389 6.588178 103500553307.000000
-0.072021 -0.979004 0.299316 -1.159031 -14.579394 6.344171 103500555111.000000
-0.064941 -0.979980 0.299805 -0.854023 -14.701397 6.405173 103500556920.000000
-0.057861 -0.977295 0.291504 -1.098030 -14.823400 5.856158 103500558725.000000
-0.050049 -0.979492 0.284180 -1.342036 -15.128408 5.795156 103500560529.000000
-0.043945 -0.980713 0.291504 -1.647044 -15.250412 5.185140 103500562332.000000
-0.038330 -0.984863 0.282959 -1.647044 -15.006405 5.246142 103500564134.000000
-0.034912 -0.988770 0.280273 -2.196059 -14.701397 4.758128 103500565950.000000
-0.033203 -0.983154 0.279785 -2.379064 -14.335387 4.148112 103500567757.000000
-0.023438 -0.988281 0.281494 -2.867077 -14.152382 4.392119 103500569561.000000
-0.017578 -0.985596 0.270020 -3.233087 -13.786372 4.087110 103500571365.000000
-0.014893 -0.983398 0.257813 -3.599097 -13.603367 4.026109 103500573169.000000
-0.010254 -0.982422 0.256592 -3.782102 -13.176356 3.843104 103500574973.000000
-0.005371 -0.988770 0.253418 -4.087110 -12.688343 3.843104 103500576783.000000
-0.000244 -0.987061 0.255371 -4.758128 -12.383334 3.477094 103500578586.000000
0.000732 -0.989746 0.252441 -4.758128 -11.956323 3.294089 103500580389.000000
0.011230 -0.984619 0.247559 -5.063137 -11.285305 3.172086 103500582191.000000
0.013916 -0.987793 0.243408 -5.124138 -11.163301 2.623071 103500583995.000000
0.016357 -0.987793 0.250732 -5.673153 -11.224303 2.928079 103500585800.000000
0.016602 -0.987061 0.253174 -5.673153 -10.797292 2.379064 103500587603.000000
0.018555 -0.982178 0.253906 -5.673153 -10.675288 1.952053 103500589404.000000
0.017334 -0.985840 0.249023 -6.039163 -10.492283 2.013054 103500591205.000000
0.020020 -0.982910 0.259766 -6.222168 -10.309278 1.769048 103500593004.000000
0.019531 -0.982422 0.254639 -6.283170 -10.370280 1.220033 103500594803.000000
0.018555 -0.979004 0.249512 -6.588178 -10.370280 1.159031 103500596603.000000
0.018799 -0.985840 0.249512 -6.710181 -10.187275 0.854023 103500598405.000000
0.015625 -0.983887 0.255127 -6.771183 -10.553285 0.793021 103500600210.000000
0.012451 -0.986572 0.248047 -6.649180 -10.370280 0.305008 103500602010.000000
0.009277 -0.990234 0.249023 -6.771183 -10.614287 0.305008 103500603920.000000
0.002930 -0.990967 0.254150 -6.954188 -11.529311 0.000000 103500606836.000000
-0.001465 -0.998047 0.254639 -6.893186 -12.139328 -0.610016 103500609747.000000
-0.014404 -0.996338 0.258301 -6.832184 -12.749344 -0.488013 103500612655.000000
-0.018799 -0.996826 0.267334 -6.588178 -13.359361 -0.732020 103500615564.000000
-0.020508 -0.992432 0.270508 -6.466175 -14.335387 -0.793021 103500618473.000000
-0.025879 -0.990234 0.279053 -6.588178 -14.579394 -0.793021 103500621380.000000
-0.024902 -0.989746 0.281250 -6.039163 -15.372415 -1.037028 103500624296.000000
-0.023926 -0.986084 0.285889 -5.856158 -15.250412 -0.915025 103500627214.000000
-0.022949 -0.979248 0.284912 -5.490148 -15.433417 -0.610016 103500630129.000000
-0.017822 -0.980225 0.290771 -4.636125 -15.372415 -0.793021 103500633045.000000
-0.012207 -0.976807 0.294434 -4.270115 -15.067407 -0.671018 103500635968.000000
-0.008789 -0.967041 0.294189 -3.477094 -14.640395 -0.488013 103500638886.000000
-0.001709 -0.963623 0.289795 -3.111084 -14.396389 -0.427012 103500641803.000000
0.004395 -0.961426 0.299072 -2.501068 -13.908376 -0.366010 103500644717.000000
0.012939 -0.958496 0.302246 -2.196059 -13.359361 -0.671018 103500647645.000000
0.027100 -0.953369 0.302979 -1.769048 -12.444336 -0.976026 103500650561.000000
0.037842 -0.956055 0.302246 -1.586043 -11.224303 -0.854023 103500653475.000000
0.044189 -0.960205 0.293945 -1.037028 -10.675288 -1.281035 103500656396.000000
0.053467 -0.960938 0.295410 -0.305008 -8.906240 -1.159031 103500659313.000000
0.057617 -0.951416 0.291260 -0.244007 -8.601232 -1.586043 103500662227.000000
0.062012 -0.952637 0.281982 0.183005 -7.869212 -1.769048 103500665140.000000
0.067627 -0.949219 0.284912 0.671018 -7.747209 -1.891051 103500668099.000000
0.066895 -0.943604 0.284424 0.793021 -7.930214 -1.891051 103500671015.000000
0.069336 -0.940186 0.288330 1.037028 -8.479229 -2.074056 103500673944.000000
0.053711 -0.934082 0.293945 1.098030 -8.479229 -2.562069 103500676868.000000
0.042725 -0.926025 0.292969 1.159031 -8.906240 -2.501068 103500679781.000000
0.028564 -0.922119 0.298340 1.159031 -9.272250 -2.623071 103500682696.000000
0.015869 -0.920898 0.300049 2.013054 -10.858293 -2.867077 103500685608.000000
0.000000 -0.908203 0.304199 2.318063 -12.078326 -2.989081 103500688524.000000
-0.017578 -0.897217 0.305908 3.172086 -14.030379 -2.928079 103500691434.000000
-0.028564 -0.884521 0.318359 3.477094 -15.433417 -3.355091 103500694344.000000
-0.030762 -0.871094 0.324951 4.148112 -16.653450 -2.928079 103500697253.000000
-0.038574 -0.855713 0.326416 4.514122 -16.531446 -3.294089 103500700162.000000
-0.043457 -0.844971 0.319824 5.002135 -16.165436 -2.806076 103500703096.000000
-0.046387 -0.842773 0.324951 4.941133 -14.823400 -2.623071 103500706020.000000
-0.053467 -0.838623 0.312744 5.124138 -14.274385 -2.013054 103500708928.000000
-0.060791 -0.841309 0.314453 5.063137 -14.396389 -2.135058 103500711837.000000
-0.071289 -0.850830 0.315674 5.429147 -14.518392 -1.586043 103500714743.000000
-0.072266 -0.856201 0.309326 5.917160 -15.128408 -1.647044 103500717653.000000
-0.072266 -0.864990 0.318359 6.405173 -16.348441 -1.464040 103500720573.000000
-0.063721 -0.875244 0.317383 6.649180 -17.263466 -1.586043 103500723480.000000
-0.056885 -0.871826 0.322998 7.320198 -18.117489 -1.647044 103500726393.000000
-0.049316 -0.886475 0.333496 7.503203 -19.032514 -1.586043 103500729310.000000
-0.036865 -0.889404 0.335693 7.991216 -19.276520 -1.220033 103500732224.000000
-0.036377 -0.895508 0.341064 8.601232 -19.398524 -0.671018 103500735138.000000
-0.033203 -0.897705 0.340088 8.906240 -19.703532 -0.244007 103500738100.000000
-0.032715 -0.898682 0.338623 9.272250 -19.398524 0.061002 103500741016.000000
-0.024170 -0.901855 0.330811 9.577259 -19.032514 0.427012 103500743931.000000
-0.017090 -0.894775 0.322998 9.394254 -18.361496 1.159031 103500746858.000000
-0.010254 -0.898438 0.317871 9.211249 -17.446471 1.281035 103500749772.000000
-0.005615 -0.897949 0.309570 8.784237 -16.287440 1.769048 103500752688.000000
-0.002441 -0.899902 0.300049 8.418227 -15.921430 1.647044 103500755609.000000
0.002686 -0.896240 0.293701 7.930214 -15.189410 1.952053 103500758526.000000
0.005615 -0.896484 0.285645 7.625206 -15.067407 2.074056 103500761442.000000
-0.000977 -0.895508 0.276855 7.198194 -14.518392 1.952053 103500764356.000000
-0.006836 -0.889893 0.273438 6.344171 -14.396389 2.684072 103500767281.000000
-0.010010 -0.885498 0.266357 5.612152 -14.335387 2.257061 103500770196.000000
-0.012939 -0.876709 0.262939 4.941133 -14.030379 2.501068 103500773111.000000
-0.018555 -0.866943 0.261719 4.575124 -14.213384 2.684072 103500776031.000000
-0.020752 -0.852783 0.264893 4.087110 -14.945404 2.684072 103500778948.000000
-0.021973 -0.841064 0.257080 3.782102 -15.006405 2.928079 103500781861.000000
-0.027344 -0.822266 0.267822 2.867077 -15.555420 3.355091 103500784772.000000
-0.033447 -0.807373 0.264893 2.379064 -16.104435 3.233087 103500787685.000000
-0.044189 -0.791748 0.278320 1.830049 -16.043433 3.416092 103500790595.000000
-0.055420 -0.785156 0.291260 1.281035 -15.982432 3.660099 103500793503.000000
-0.066406 -0.784180 0.298828 1.098030 -15.555420 3.660099 103500796413.000000
-0.084229 -0.797607 0.304443 0.854023 -14.823400 3.599097 103500799323.000000
-0.098633 -0.815918 0.308350 1.037028 -13.969377 3.416092 103500802230.000000
-0.104492 -0.842529 0.315430 1.464040 -13.908376 2.928079 103500805165.000000
-0.107910 -0.883057 0.313232 2.196059 -13.786372 2.318063 103500808145.000000
-0.110596 -0.929199 0.306396 3.233087 -14.396389 2.013054 103500811055.000000
-0.114258 -0.957275 0.304932 3.843104 -14.945404 1.464040 103500813972.000000
-0.112305 -1.001221 0.294189 5.551150 -15.982432 0.976026 103500816883.000000
-0.125488 -1.098877 0.310059 7.381199 -17.873483 1.586043 103500824339.000000
-0.136230 -1.132568 0.330811 7.808211 -17.324468 1.891051 103500827492.000000
-0.140625 -1.172119 0.351807 7.930214 -15.982432 2.745074 103500830428.000000
-0.136230 -1.202637 0.369385 8.845239 -14.762399 4.026109 103500833350.000000
-0.127930 -1.229492 0.360107 9.699262 -13.298359 4.880132 103500836367.000000
-0.107666 -1.250244 0.337158 10.614287 -12.505338 6.527176 103500839371.000000
-0.092529 -1.259033 0.322510 11.773318 -12.261331 7.076191 103500842293.000000
-0.077881 -1.257813 0.312256 12.627341 -12.017324 8.052217 103500845209.000000
-0.069824 -1.246338 0.309814 12.993351 -10.553285 8.723236 103500848182.000000
-0.069336 -1.222900 0.310547 13.603367 -8.296224 9.760264 103500851093.000000
-0.071289 -1.207275 0.322021 13.969377 -5.246142 10.797292 103500854002.000000
-0.074463 -1.174316 0.327881 13.176356 -1.342036 11.590313 103500856914.000000
-0.084961 -1.140869 0.312500 11.956323 1.830049 12.749344 103500859846.000000
-0.095947 -1.102051 0.292725 10.431282 4.148112 13.054352 103500862757.000000
-0.124023 -1.064697 0.289795 8.906240 6.588178 13.847374 103500865669.000000
-0.144531 -1.028076 0.293213 8.540231 8.967242 14.396389 103500868583.000000
-0.159912 -1.010010 0.281250 8.113219 10.614287 14.152382 103500871500.000000
-0.178955 -0.997314 0.260010 7.930214 11.895321 13.664369 103500874417.000000
-0.190186 -0.989502 0.234863 7.320198 12.261331 12.444336 103500877331.000000
-0.200195 -0.988281 0.226074 6.954188 11.285305 11.651315 103500880249.000000
-0.214844 -0.995605 0.235596 7.137193 9.516257 10.248277 103500883159.000000
-0.226074 -1.006592 0.247559 7.015189 8.418227 8.418227 103500886076.000000
-0.239014 -1.022217 0.265625 6.832184 8.113219 7.503203 103500889002.000000
-0.244385 -1.048828 0.275391 6.771183 7.564204 6.527176 103500891912.000000
-0.250488 -1.068359 0.286621 6.954188 7.137193 6.100165 103500894819.000000
-0.255127 -1.086182 0.301025 7.015189 6.527176 5.917160 103500897729.000000
-0.251221 -1.103516 0.313477 7.381199 5.917160 5.978161 103500900643.000000
-0.239990 -1.108887 0.327881 7.991216 4.575124 6.588178 103500903559.000000
-0.220459 -1.104004 0.354980 9.211249 3.721100 6.832184 103500906560.000000
-0.202393 -1.094482 0.374756 9.882267 3.416092 7.259196 103500908491.000000
-0.191162 -1.083984 0.389404 10.187275 3.599097 7.808211 103500910297.000000
-0.172119 -1.067383 0.399902 10.614287 3.477094 7.869212 103500912097.000000
-0.163086 -1.058838 0.394531 11.102300 3.477094 7.686208 103500913898.000000
-0.149902 -1.045654 0.397217 11.529311 3.416092 7.564204 103500915699.000000
-0.131836 -1.029297 0.393555 11.651315 3.660099 7.686208 103500917508.000000
-0.116699 -1.010254 0.397705 11.590313 3.416092 7.015189 103500919310.000000
-0.101563 -0.995117 0.394531 11.468310 3.294089 6.832184 103500921110.000000
-0.096924 -0.984375 0.391602 11.773318 3.111084 6.466175 103500922909.000000
-0.081787 -0.964844 0.379150 11.651315 2.745074 5.795156 103500924715.000000
-0.068359 -0.950195 0.377441 11.285305 2.501068 5.185140 103500926517.000000
-0.055176 -0.933838 0.367188 10.980296 2.318063 4.819130 103500928324.000000
-0.046387 -0.919678 0.359375 10.553285 2.440066 4.148112 103500930126.000000
-0.038330 -0.913574 0.353760 9.943268 2.623071 3.172086 103500931927.000000
-0.024658 -0.900391 0.340820 9.333252 2.379064 2.440066 103500933727.000000
-0.014893 -0.889893 0.331543 8.784237 2.684072 1.464040 103500935534.000000
-0.001709 -0.873291 0.320068 8.052217 2.806076 0.854023 103500937341.000000
0.001953 -0.869873 0.308350 7.198194 3.233087 0.122003 103500939151.000000
0.008789 -0.867676 0.302734 6.466175 2.989081 -1.281035 103500940955.000000
0.014404 -0.860352 0.297119 5.917160 2.806076 -1.830049 103500942759.000000
0.020264 -0.856445 0.282715 5.124138 2.928079 -1.769048 103500944564.000000
0.022949 -0.850098 0.278564 4.697127 3.111084 -2.806076 103500946371.000000
0.014893 -0.849365 0.267822 4.209114 3.111084 -3.477094 103500948176.000000
0.014648 -0.845459 0.262939 3.843104 3.050082 -3.721100 103500949990.000000
0.011475 -0.844238 0.254883 3.172086 2.989081 -3.965107 103500951893.000000
0.002686 -0.845215 0.254639 2.562069 3.111084 -4.270115 103500953849.000000
-0.016357 -0.853516 0.236084 1.769048 3.233087 -4.941133 103500955762.000000
-0.032227 -0.854980 0.247803 1.464040 3.477094 -4.575124 103500957634.000000
-0.041992 -0.861084 0.243652 0.854023 3.843104 -4.941133 103500959445.000000
-0.065674 -0.872803 0.246094 0.244007 3.721100 -5.063137 103500961259.000000
-0.074707 -0.886475 0.247314 -0.244007 3.965107 -4.880132 103500963066.000000
-0.087891 -0.891602 0.251709 -0.793021 4.026109 -5.368145 103500964870.000000
-0.107422 -0.906982 0.253906 -1.281035 4.270115 -5.429147 103500966674.000000
-0.123291 -0.919434 0.257568 -1.586043 4.514122 -5.063137 103500968477.000000
-0.144043 -0.934814 0.263184 -2.196059 4.209114 -5.429147 103500970281.000000
-0.159180 -0.955811 0.255615 -2.318063 4.697127 -5.795156 103500972084.000000
-0.167236 -0.963623 0.261719 -2.562069 4.026109 -5.917160 103500973888.000000
-0.178711 -0.983887 0.267334 -2.745074 3.599097 -5.612152 103500975692.000000
-0.187988 -0.993652 0.269287 -2.928079 3.294089 -5.917160 103500977495.000000
-0.196045 -1.009033 0.282227 -3.172086 2.928079 -5.856158 103500979298.000000
-0.206299 -1.018311 0.267334 -3.416092 1.891051 -5.795156 103500981101.000000
-0.209961 -1.022949 0.270752 -3.477094 1.281035 -5.917160 103500982904.000000
-0.214844 -1.035400 0.279053 -4.087110 1.037028 -5.917160 103500984708.000000
-0.214844 -1.037842 0.281982 -4.148112 0.488013 -5.917160 103500986512.000000
-0.222412 -1.043457 0.283203 -4.392119 0.183005 -5.551150 103500988318.000000
-0.225098 -1.041992 0.284424 -5.124138 -0.427012 -5.490148 103500990120.000000
-0.227295 -1.042725 0.280273 -5.551150 -0.671018 -5.490148 103500991923.000000
-0.223145 -1.042969 0.294922 -6.222168 -0.976026 -5.673153 103500993731.000000
-0.221191 -1.040039 0.291504 -6.283170 -0.976026 -5.002135 103500995538.000000
-0.220215 -1.034668 0.302246 -6.649180 -1.159031 -4.941133 103500997341.000000
-0.212402 -1.024902 0.305420 -6.893186 -1.281035 -4.819130 103500999143.000000
-0.207520 -1.028564 0.302246 -6.832184 -1.708046 -4.514122 103501000955.000000
-0.203369 -1.018311 0.311035 -7.198194 -1.769048 -4.514122 103501002759.000000
-0.196045 -1.018311 0.314453 -7.198194 -1.891051 -4.209114 103501004568.000000
-0.186768 -1.007813 0.320313 -7.442201 -1.952053 -4.392119 103501006372.000000
-0.181885 -0.999756 0.322998 -7.198194 -2.257061 -4.697127 103501008182.000000
-0.177734 -1.002197 0.319336 -7.015189 -2.379064 -4.575124 103501009985.000000
-0.171875 -0.993408 0.326904 -7.015189 -2.867077 -4.636125 103501011792.000000
-0.167969 -0.986328 0.319092 -7.198194 -2.745074 -4.697127 103501013597.000000
-0.161865 -0.982178 0.325684 -7.015189 -2.867077 -4.880132 103501015403.000000
-0.160889 -0.972168 0.320557 -6.771183 -2.928079 -5.551150 103501017207.000000
-0.158691 -0.970703 0.319336 -6.649180 -3.477094 -5.612152 103501019010.000000
-0.156250 -0.968018 0.316895 -6.527176 -3.477094 -5.856158 103501020812.000000
-0.152100 -0.964600 0.314453 -6.466175 -3.843104 -5.856158 103501022615.000000
-0.149658 -0.962402 0.311523 -6.588178 -4.331117 -6.771183 103501024418.000000
-0.141357 -0.957275 0.312256 -6.405173 -4.453120 -6.954188 103501026222.000000
-0.146484 -0.958008 0.306152 -6.161166 -5.307143 -7.259196 103501028025.000000
-0.145020 -0.953857 0.300049 -6.222168 -5.734155 -7.503203 103501029828.000000
-0.139893 -0.952393 0.301758 -6.100165 -5.490148 -7.686208 103501031631.000000
-0.139160 -0.950439 0.299316 -6.283170 -6.588178 -7.930214 103501033434.000000
-0.144287 -0.950439 0.293457 -6.161166 -7.442201 -8.174221 103501035238.000000
-0.136719 -0.952148 0.291748 -6.039163 -7.259196 -8.113219 103501037044.000000
-0.138428 -0.950195 0.291748 -6.283170 -7.869212 -8.540231 103501038846.000000
-0.138184 -0.947754 0.284668 -6.405173 -8.174221 -8.296224 103501040651.000000
-0.143311 -0.945313 0.284180 -6.222168 -8.296224 -8.357226 103501042454.000000
-0.141602 -0.945068 0.283936 -6.588178 -9.150247 -8.418227 103501044257.000000
-0.139404 -0.942871 0.281250 -6.588178 -9.272250 -8.723236 103501046064.000000
-0.142090 -0.938477 0.277100 -6.771183 -9.394254 -8.418227 103501047870.000000
-0.141357 -0.943848 0.282471 -6.710181 -9.882267 -8.113219 103501049677.000000
-0.140137 -0.938965 0.278076 -6.710181 -10.126273 -7.991216 103501051480.000000
-0.134521 -0.932373 0.277832 -6.832184 -10.492283 -8.052217 103501053282.000000
-0.136719 -0.933105 0.275635 -7.076191 -10.797292 -7.808211 103501055086.000000
-0.135742 -0.933838 0.279053 -6.771183 -10.614287 -7.625206 103501056891.000000
-0.136230 -0.929688 0.273438 -6.954188 -11.041298 -7.625206 103501058695.000000
-0.140381 -0.929443 0.276611 -7.137193 -11.285305 -7.442201 103501060500.000000
-0.136719 -0.927734 0.272461 -6.954188 -11.407308 -7.442201 103501062302.000000
-0.135986 -0.929443 0.270996 -7.564204 -11.651315 -7.564204 103501064106.000000
-0.135498 -0.928711 0.265869 -7.808211 -11.529311 -7.320198 103501065913.000000
-0.139160 -0.931152 0.269531 -7.930214 -11.895321 -7.564204 103501067719.000000
-0.137451 -0.924561 0.264893 -7.930214 -12.139328 -7.259196 103501069522.000000
-0.138916 -0.925293 0.269043 -8.235222 -12.444336 -6.954188 103501071327.000000
-0.141357 -0.921143 0.262695 -8.235222 -12.566339 -7.320198 103501073130.000000
-0.139893 -0.924072 0.261475 -8.479229 -12.749344 -7.320198 103501074933.000000
-0.132813 -0.927246 0.264893 -8.723236 -13.298359 -7.259196 103501076743.000000
-0.127930 -0.927002 0.258789 -8.906240 -13.603367 -7.564204 103501078545.000000
-0.130615 -0.935059 0.258301 -9.028244 -13.664369 -7.381199 103501080348.000000
-0.134766 -0.935303 0.261230 -9.333252 -14.091380 -7.930214 103501082151.000000
-0.134033 -0.937256 0.266113 -9.943268 -14.274385 -7.747209 103501083954.000000
-0.130615 -0.936035 0.260742 -10.126273 -14.640395 -7.930214 103501085758.000000
-0.127197 -0.937256 0.259766 -10.492283 -14.701397 -7.869212 103501087562.000000
-0.129150 -0.941162 0.253662 -10.431282 -14.823400 -8.174221 103501089368.000000
-0.123291 -0.939453 0.263672 -10.736290 -15.006405 -8.418227 103501091172.000000
-0.123291 -0.943604 0.266357 -11.224303 -14.701397 -8.235222 103501092977.000000
-0.120361 -0.947998 0.263184 -10.980296 -15.372415 -8.601232 103501094780.000000
-0.126221 -0.954834 0.268555 -11.041298 -15.189410 -9.028244 103501096587.000000
-0.123047 -0.950928 0.267822 -10.919295 -15.555420 -8.479229 103501098391.000000
-0.118652 -0.954590 0.265625 -10.858293 -15.494418 -8.662234 103501100194.000000
-0.122314 -0.954590 0.276611 -10.858293 -15.494418 -8.723236 103501102000.000000
-0.119629 -0.957764 0.268555 -10.492283 -15.250412 -8.906240 103501103803.000000
-0.118164 -0.959473 0.270020 -10.370280 -15.067407 -8.784237 103501105607.000000
-0.121338 -0.963379 0.270264 -10.187275 -14.823400 -8.967242 103501107409.000000
-0.126465 -0.965820 0.274170 -9.699262 -14.823400 -8.784237 103501109211.000000
-0.124756 -0.967773 0.282227 -9.028244 -14.945404 -8.418227 103501111013.000000
-0.121338 -0.969482 0.281738 -9.028244 -15.433417 -8.540231 103501112823.000000
-0.120361 -0.971191 0.306396 -8.967242 -15.555420 -8.601232 103501114627.000000
-0.111084 -0.972168 0.305664 -9.028244 -15.738425 -8.723236 103501116431.000000
-0.113037 -0.979492 0.306152 -9.089245 -15.433417 -9.028244 103501118235.000000
-0.109131 -0.978760 0.296875 -8.723236 -15.433417 -9.028244 103501120043.000000
-0.110107 -0.978760 0.288330 -8.723236 -15.067407 -9.211249 103501121855.000000
-0.112549 -0.981201 0.283691 -8.662234 -15.006405 -9.150247 103501123658.000000
-0.111572 -0.985596 0.282471 -8.662234 -15.433417 -9.150247 103501125461.000000
-0.110352 -0.989746 0.279297 -8.418227 -15.860428 -9.089245 103501127264.000000
-0.112549 -0.992188 0.276855 -8.235222 -16.104435 -9.150247 103501129068.000000
-0.107666 -0.992432 0.274658 -7.747209 -17.141463 -8.906240 103501130870.000000
-0.105225 -0.998779 0.280762 -7.381199 -17.141463 -8.967242 103501132673.000000
-0.103271 -0.999512 0.287109 -7.015189 -17.202464 -8.967242 103501134475.000000
-0.102783 -0.998291 0.283691 -6.649180 -17.751479 -8.845239 103501136284.000000
-0.094482 -1.001953 0.278320 -6.344171 -17.690478 -9.028244 103501138088.000000
-0.095947 -1.000977 0.281006 -6.161166 -17.690478 -9.028244 103501139890.000000
-0.104492 -1.001465 0.280762 -6.039163 -17.751479 -8.723236 103501141692.000000
-0.102295 -0.999023 0.280029 -5.917160 -18.117489 -8.601232 103501143495.000000
-0.106201 -1.002197 0.286865 -5.673153 -17.751479 -8.784237 103501145299.000000
-0.110596 -1.004150 0.289551 -5.246142 -17.629476 -8.662234 103501147105.000000
-0.109619 -1.007080 0.298584 -5.612152 -17.812481 -8.784237 103501148907.000000
-0.107666 -1.004150 0.298584 -5.307143 -17.324468 -8.479229 103501150710.000000
-0.107666 -1.008789 0.303467 -5.185140 -16.714451 -8.174221 103501152513.000000
-0.106201 -1.012939 0.303467 -4.819130 -16.348441 -8.296224 103501154316.000000
-0.103271 -1.016113 0.300049 -4.758128 -16.165436 -8.235222 103501156129.000000
-0.102295 -1.014648 0.301758 -4.148112 -15.555420 -7.869212 103501157935.000000
-0.097900 -1.012207 0.299072 -3.965107 -15.494418 -7.930214 103501159738.000000
-0.093750 -1.011475 0.305176 -3.294089 -15.494418 -7.686208 103501161545.000000
-0.092773 -1.011475 0.298828 -2.928079 -15.738425 -7.808211 103501163354.000000
-0.076416 -1.011475 0.297363 -2.562069 -15.921430 -7.930214 103501165157.000000
-0.074951 -1.015381 0.292480 -1.891051 -15.982432 -7.442201 103501166966.000000
-0.074219 -1.016357 0.288818 -1.159031 -16.226438 -7.137193 103501168770.000000
-0.067871 -1.015869 0.284912 -1.220033 -16.409443 -7.625206 103501170573.000000
-0.065674 -1.011719 0.280273 -1.159031 -16.653450 -7.564204 103501172376.000000
-0.064697 -1.008545 0.280762 -0.610016 -16.714451 -7.320198 103501174178.000000
-0.065918 -1.006836 0.279053 -0.549015 -16.775453 -7.442201 103501175984.000000
-0.058594 -1.003174 0.282959 -0.366010 -16.653450 -7.259196 103501177785.000000
-0.058838 -1.001709 0.281494 -0.488013 -16.592448 -7.320198 103501179587.000000
-0.061279 -0.999756 0.270752 -0.305008 -16.409443 -7.198194 103501181389.000000
-0.056396 -0.995361 0.271484 -0.549015 -16.287440 -7.076191 103501183195.000000
-0.056396 -0.991455 0.271240 -0.671018 -16.165436 -7.381199 103501184999.000000
-0.057129 -0.994141 0.275146 -0.732020 -16.104435 -7.076191 103501186803.000000
-0.053955 -0.987305 0.272461 -1.098030 -15.738425 -6.771183 103501188610.000000
-0.052002 -0.981934 0.271973 -1.159031 -15.616422 -6.954188 103501190411.000000
-0.051758 -0.981445 0.279297 -1.159031 -15.250412 -7.015189 103501192214.000000
-0.052734 -0.977051 0.279785 -1.464040 -15.006405 -7.015189 103501194017.000000
-0.049805 -0.977295 0.284180 -1.220033 -14.640395 -7.076191 103501195829.000000
-0.048584 -0.975098 0.282715 -1.464040 -14.030379 -7.076191 103501197634.000000
-0.046143 -0.971680 0.288574 -1.403038 -13.786372 -7.198194 103501199438.000000
-0.050537 -0.974365 0.296143 -1.342036 -13.603367 -7.442201 103501201240.000000
-0.046631 -0.966797 0.294922 -1.464040 -13.054352 -6.893186 103501203043.000000
-0.047119 -0.963623 0.293457 -1.464040 -13.054352 -6.771183 103501204846.000000
-0.050537 -0.965332 0.297119 -1.464040 -12.505338 -6.283170 103501206649.000000
-0.047363 -0.959473 0.301270 -1.342036 -12.139328 -7.076191 103501208452.000000
-0.049316 -0.962646 0.304932 -1.342036 -11.651315 -6.832184 103501210255.000000
-0.045898 -0.959229 0.301270 -1.342036 -11.224303 -6.222168 103501212058.000000
-0.045654 -0.956299 0.306641 -1.220033 -10.980296 -6.039163 103501213861.000000
-0.052490 -0.953857 0.297119 -1.098030 -10.553285 -6.283170 103501215666.000000
-0.049561 -0.958008 0.299072 -1.098030 -10.126273 -6.283170 103501217469.000000
-0.049316 -0.961670 0.304443 -0.854023 -10.004270 -5.978161 103501219271.000000
-0.051514 -0.964844 0.304688 -0.671018 -9.638260 -6.039163 103501221073.000000
-0.054932 -0.960449 0.302002 -0.915025 -9.394254 -5.917160 103501222876.000000
-0.052734 -0.966797 0.303467 -0.427012 -9.150247 -5.490148 103501224679.000000
-0.057861 -0.966309 0.301758 -0.244007 -8.784237 -5.551150 103501226483.000000
-0.054932 -0.972412 0.306396 -0.305008 -8.967242 -5.734155 103501228286.000000
-0.057129 -0.971191 0.304688 0.122003 -8.723236 -5.307143 103501230088.000000
