0.131836 -0.983643 0.384277 -10.370280 -16.653450 -2.989081 144628007191.000000
0.135254 -0.980713 0.383545 -10.614287 -16.470445 -2.867077 144628008995.000000
0.135254 -0.985352 0.380127 -10.675288 -16.287440 -2.623071 144628010797.000000
0.125732 -0.984131 0.384521 -10.858293 -16.165436 -2.623071 144628012599.000000
0.131348 -0.982910 0.383545 -10.919295 -16.348441 -2.318063 144628014403.000000
0.131836 -0.987305 0.384521 -10.675288 -16.226438 -2.074056 144628016210.000000
0.130371 -0.991211 0.383789 -10.797292 -16.226438 -1.952053 144628018012.000000
0.128418 -0.987061 0.380371 -10.797292 -16.287440 -1.769048 144628019815.000000
0.123535 -0.985596 0.385986 -10.919295 -16.226438 -1.403038 144628021617.000000
0.120850 -0.982666 0.387451 -10.858293 -16.287440 -1.159031 144628023417.000000
0.122803 -0.982666 0.387695 -11.102300 -16.287440 -0.793021 144628025220.000000
0.120850 -0.982910 0.380371 -11.407308 -16.409443 -0.793021 144628027021.000000
0.125732 -0.975098 0.375977 -11.346306 -16.531446 -0.488013 144628028823.000000
0.125732 -0.981201 0.365479 -11.712316 -16.592448 -0.183005 144628030649.000000
0.127441 -0.973389 0.361328 -11.956323 -16.287440 0.061002 144628032451.000000
0.126465 -0.971680 0.360352 -12.017324 -16.043433 0.122003 144628034254.000000
0.130127 -0.968750 0.363281 -12.383334 -16.104435 0.610016 144628036062.000000
0.129150 -0.964844 0.361572 -12.871348 -16.165436 0.793021 144628037863.000000
0.129639 -0.962646 0.363525 -13.237357 -15.921430 0.915025 144628039668.000000
0.128662 -0.958252 0.359619 -13.542366 -16.104435 0.854023 144628041473.000000
0.126709 -0.957520 0.356201 -13.664369 -16.226438 0.976026 144628043275.000000
0.131104 -0.958984 0.354248 -13.847374 -16.226438 1.220033 144628045077.000000
0.129883 -0.956787 0.358887 -14.152382 -16.287440 1.281035 144628046878.000000
0.128662 -0.954102 0.347900 -14.396389 -16.287440 1.098030 144628048683.000000
0.131592 -0.952881 0.350586 -14.701397 -16.409443 1.037028 144628050487.000000
0.131348 -0.952881 0.360352 -14.945404 -16.348441 1.098030 144628052288.000000
0.128418 -0.949219 0.353271 -15.189410 -16.714451 0.976026 144628054090.000000
0.128418 -0.951660 0.351318 -15.372415 -16.409443 0.976026 144628055895.000000
0.135254 -0.948730 0.352295 -15.677423 -16.531446 1.220033 144628057703.000000
0.138672 -0.950195 0.360352 -15.860428 -16.775453 1.098030 144628059510.000000
0.136963 -0.949951 0.356934 -16.348441 -16.470445 1.098030 144628061308.000000
0.135254 -0.945557 0.352539 -16.470445 -16.653450 1.220033 144628063110.000000
0.136475 -0.946289 0.353027 -17.263466 -16.470445 1.403038 144628064912.000000
0.141846 -0.949463 0.351563 -17.263466 -16.104435 1.281035 144628066719.000000
0.137939 -0.948242 0.345947 -17.507473 -15.982432 1.525041 144628068521.000000
0.139160 -0.949463 0.350830 -17.751479 -15.555420 1.830049 144628070331.000000
0.141846 -0.948975 0.358887 -18.239492 -15.494418 1.586043 144628072133.000000
0.144287 -0.949951 0.356201 -18.788507 -15.616422 1.769048 144628073935.000000
0.147949 -0.949463 0.357422 -18.849509 -15.250412 1.830049 144628075738.000000
0.148926 -0.948730 0.354492 -19.154517 -14.640395 1.891051 144628077540.000000
0.146240 -0.947754 0.354004 -19.398524 -14.335387 1.769048 144628079345.000000
0.146973 -0.949463 0.351563 -19.703532 -13.969377 2.318063 144628081150.000000
0.144043 -0.953369 0.347656 -20.191545 -13.420362 2.379064 144628082952.000000
0.148682 -0.950195 0.356689 -20.435552 -12.749344 2.257061 144628084755.000000
0.144531 -0.949951 0.354248 -20.618557 -12.383334 2.623071 144628086557.000000
0.143555 -0.948242 0.358887 -21.167572 -12.078326 2.867077 144628088364.000000
0.149414 -0.950439 0.358398 -21.167572 -11.407308 2.867077 144628090167.000000
0.148926 -0.949463 0.356201 -21.411578 -10.858293 3.355091 144628091970.000000
0.153564 -0.950439 0.354004 -22.021595 -9.943268 3.599097 144628093771.000000
0.154297 -0.947998 0.364258 -22.265601 -9.333252 3.782102 144628095572.000000
0.154053 -0.947754 0.351318 -22.143598 -8.296224 4.209114 144628097374.000000
0.154297 -0.947998 0.351074 -22.814616 -7.869212 4.331117 144628099178.000000
0.153320 -0.953125 0.365234 -22.753614 -7.076191 4.331117 144628100979.000000
0.159668 -0.947510 0.360596 -23.180626 -6.222168 4.514122 144628102780.000000
0.158691 -0.952393 0.365479 -23.363631 -5.368145 4.758128 144628104582.000000
0.154785 -0.951172 0.363281 -23.729641 -4.697127 5.063137 144628106384.000000
0.154053 -0.952148 0.361328 -23.851644 -3.965107 5.429147 144628108185.000000
0.161865 -0.954102 0.367920 -24.095651 -3.233087 5.612152 144628109994.000000
0.159424 -0.952393 0.363525 -23.851644 -2.379064 5.612152 144628111797.000000
0.161377 -0.957031 0.367676 -24.034649 -1.769048 6.039163 144628113606.000000
0.159668 -0.957031 0.372314 -24.400659 -1.220033 6.161166 144628115408.000000
0.160156 -0.958740 0.375977 -24.644665 -0.671018 6.527176 144628117209.000000
0.163574 -0.954346 0.375488 -24.766669 0.610016 6.649180 144628119012.000000
0.163574 -0.955811 0.370361 -25.071677 0.915025 6.954188 144628120814.000000
0.165039 -0.960449 0.370605 -24.827670 1.647044 7.198194 144628122615.000000
0.165771 -0.959473 0.375244 -25.010675 2.196059 7.320198 144628124416.000000
0.164551 -0.959717 0.373535 -25.132679 2.806076 7.625206 144628126216.000000
0.166504 -0.960449 0.378174 -25.193680 3.782102 7.625206 144628128058.000000
0.167969 -0.965088 0.370605 -25.193680 4.270115 8.235222 144628129868.000000
0.167480 -0.966797 0.379883 -25.498688 4.941133 8.052217 144628131677.000000
0.165527 -0.967529 0.372070 -25.193680 5.429147 8.784237 144628133480.000000
0.164795 -0.970215 0.370850 -25.071677 6.527176 8.540231 144628135282.000000
0.166504 -0.973389 0.370117 -25.376685 6.893186 9.272250 144628137086.000000
0.166748 -0.974609 0.369629 -25.315684 7.686208 9.394254 144628138891.000000
0.166016 -0.982666 0.374023 -25.254682 8.296224 9.638260 144628140696.000000
0.166748 -0.977295 0.366211 -25.071677 8.906240 9.760264 144628142500.000000
0.169189 -0.978027 0.364258 -24.949674 9.516257 10.065272 144628144302.000000
0.165039 -0.988770 0.360596 -25.254682 10.431282 10.309278 144628146104.000000
0.169678 -0.987061 0.363281 -25.315684 11.041298 10.431282 144628147905.000000
0.167480 -0.984131 0.360596 -25.071677 11.285305 10.797292 144628149711.000000
0.175293 -0.997314 0.355713 -25.132679 12.444336 10.980296 144628151510.000000
0.175781 -0.999756 0.349121 -24.827670 13.115354 11.407308 144628153312.000000
0.171631 -1.003418 0.346191 -24.827670 13.481364 11.590313 144628155113.000000
0.173340 -1.012695 0.345947 -25.071677 14.274385 11.895321 144628156914.000000
0.173828 -1.013428 0.344971 -25.132679 14.945404 12.200329 144628158715.000000
0.173340 -1.017090 0.343506 -24.766669 15.372415 12.566339 144628160518.000000
0.170898 -1.018311 0.344482 -24.888672 16.104435 12.566339 144628162321.000000
0.174561 -1.022705 0.338623 -24.766669 16.653450 12.993351 144628164126.000000
0.174072 -1.028809 0.334961 -24.583664 17.324468 13.115354 144628165931.000000
0.175049 -1.031006 0.328369 -24.400659 17.995486 13.237357 144628167732.000000
0.175781 -1.031982 0.327637 -24.522662 18.666504 13.359361 144628169541.000000
0.175537 -1.035889 0.321289 -24.400659 19.215519 13.359361 144628171340.000000
0.173096 -1.034424 0.324707 -24.217654 19.520527 13.969377 144628173141.000000
0.169678 -1.038574 0.318359 -23.973647 20.374550 13.786372 144628174943.000000
0.168457 -1.041504 0.317139 -24.034649 21.045568 14.030379 144628176745.000000
0.166260 -1.042725 0.315186 -24.156652 21.228573 14.030379 144628178547.000000
0.170410 -1.043945 0.316895 -23.790642 21.838590 14.213384 144628180354.000000
0.170898 -1.042725 0.315674 -23.912646 22.387604 14.213384 144628182155.000000
0.166992 -1.034668 0.312988 -23.424632 22.875618 14.640395 144628183962.000000
0.168213 -1.040771 0.313477 -23.790642 23.180626 14.579394 144628185764.000000
0.160400 -1.039307 0.305420 -23.485634 22.936619 14.457390 144628187568.000000
0.163818 -1.036377 0.304932 -23.180626 23.485634 14.884402 144628189374.000000
0.161865 -1.034668 0.311035 -23.424632 23.607637 14.701397 144628191176.000000
0.156006 -1.032471 0.320313 -23.485634 23.973647 14.823400 144628192978.000000
0.157227 -1.026367 0.319092 -23.058623 24.339657 15.006405 144628194779.000000
0.155518 -1.023193 0.312988 -23.058623 24.400659 15.128408 144628196581.000000
0.148682 -1.022705 0.317383 -23.180626 24.278656 15.067407 144628198382.000000
0.150391 -1.017334 0.320068 -22.997621 24.766669 14.823400 144628200184.000000
0.149170 -1.017334 0.319824 -23.058623 24.705667 14.762399 144628201986.000000
0.146484 -1.012939 0.316650 -22.875618 24.522662 14.884402 144628203788.000000
0.148438 -1.010498 0.317383 -22.509608 24.766669 14.945404 144628205590.000000
0.149414 -1.005371 0.317383 -22.631611 24.766669 14.640395 144628207395.000000
0.145508 -1.004639 0.319336 -22.448606 24.400659 14.701397 144628209198.000000
0.144043 -1.002686 0.320801 -22.387604 24.461660 14.335387 144628211000.000000
0.146973 -0.995605 0.323730 -22.387604 24.339657 14.457390 144628212801.000000
0.144531 -0.989258 0.328857 -22.082596 24.522662 14.213384 144628214604.000000
0.140625 -0.992920 0.325928 -21.838590 24.095651 13.786372 144628216405.000000
0.144287 -0.988525 0.327148 -21.960593 23.973647 13.908376 144628218209.000000
0.145508 -0.990234 0.326416 -21.716586 23.790642 13.359361 144628220012.000000
0.146240 -0.989502 0.324463 -21.472580 23.607637 13.420362 144628221813.000000
0.146240 -0.988037 0.325195 -21.655585 23.180626 13.359361 144628223614.000000
0.145996 -0.987549 0.326416 -21.350576 23.363631 12.871348 144628225415.000000
0.146240 -0.991699 0.324219 -21.289575 23.058623 12.566339 144628227217.000000
0.145264 -0.989990 0.327148 -21.289575 22.753614 12.261331 144628229019.000000
0.147461 -0.989746 0.326172 -20.740560 22.387604 11.895321 144628230824.000000
0.145508 -0.992676 0.326660 -20.801562 22.204600 11.834320 144628232626.000000
0.144287 -0.997803 0.319336 -20.618557 21.899591 11.468310 144628234428.000000
0.142334 -0.997070 0.324707 -20.252547 21.533581 11.163301 144628236229.000000
0.144775 -0.999512 0.323975 -20.252547 21.289575 10.919295 144628238029.000000
0.141602 -1.005615 0.336182 -20.130544 21.045568 10.614287 144628239839.000000
0.142822 -1.009521 0.329346 -19.886537 20.313548 10.309278 144628241639.000000
0.144043 -1.014893 0.324463 -19.703532 19.825535 10.309278 144628243440.000000
0.142822 -1.017822 0.327637 -19.398524 19.276520 10.004270 144628245242.000000
0.142822 -1.019287 0.325928 -19.520527 19.276520 9.699262 144628247043.000000
0.136475 -1.015869 0.323975 -19.093516 18.666504 9.333252 144628248845.000000
0.141113 -1.025635 0.327393 -18.910511 18.178491 9.150247 144628250683.000000
0.143066 -1.031250 0.325928 -18.605502 17.934484 8.967242 144628252484.000000
0.139648 -1.028320 0.324707 -18.544501 17.141463 8.784237 144628254286.000000
0.137207 -1.032715 0.323242 -18.117489 16.836455 9.028244 144628256088.000000
0.138428 -1.030518 0.323730 -17.934484 16.409443 8.784237 144628257889.000000
0.138916 -1.033203 0.319336 -17.629476 15.799427 8.357226 144628259695.000000
0.140869 -1.033691 0.322021 -17.507473 15.128408 8.357226 144628261499.000000
0.141113 -1.032959 0.325195 -17.141463 14.701397 8.296224 144628263301.000000
0.140625 -1.035400 0.325928 -16.958458 14.335387 8.174221 144628265102.000000
0.140869 -1.034180 0.324707 -16.897456 13.664369 7.930214 144628266905.000000
0.141113 -1.036621 0.318604 -16.531446 13.237357 7.747209 144628268706.000000
0.144775 -1.036133 0.319092 -16.348441 13.115354 7.625206 144628270513.000000
0.144531 -1.040283 0.316406 -16.226438 12.383334 7.625206 144628272577.000000
0.141357 -1.041992 0.322266 -15.921430 12.139328 7.381199 144628274401.000000
0.145020 -1.039307 0.320557 -15.555420 11.651315 7.076191 144628276204.000000
0.146240 -1.037842 0.321777 -15.433417 11.407308 6.893186 144628278003.000000
0.147949 -1.037109 0.317139 -15.006405 10.919295 6.710181 144628279801.000000
0.151611 -1.039795 0.317871 -14.579394 11.041298 6.588178 144628281612.000000
0.150879 -1.042969 0.312988 -14.274385 10.797292 6.283170 144628283411.000000
0.153320 -1.042236 0.314209 -14.213384 10.492283 6.283170 144628285208.000000
0.153076 -1.041992 0.313721 -13.847374 10.431282 5.856158 144628287006.000000
0.157715 -1.037354 0.312744 -13.725371 10.431282 5.490148 144628288806.000000
0.158203 -1.039551 0.321533 -13.420362 10.065272 5.124138 144628290627.000000
0.159180 -1.038330 0.319092 -13.054352 10.187275 4.941133 144628292435.000000
0.160400 -1.038086 0.322021 -12.810346 10.065272 4.819130 144628294233.000000
0.163818 -1.039551 0.315674 -12.505338 10.309278 4.514122 144628296032.000000
0.163086 -1.037598 0.317871 -12.078326 10.248277 4.209114 144628297830.000000
0.163086 -1.036133 0.315430 -11.712316 10.248277 4.026109 144628299628.000000
0.161865 -1.034180 0.317139 -11.468310 10.553285 3.904105 144628301428.000000
0.160645 -1.036377 0.319824 -11.224303 10.492283 3.599097 144628303226.000000
0.162598 -1.033691 0.317627 -10.919295 10.797292 3.294089 144628305024.000000
0.162598 -1.029785 0.319824 -10.675288 11.041298 3.233087 144628306822.000000
0.165283 -1.032959 0.307861 -10.248277 11.041298 2.867077 144628308620.000000
0.163818 -1.035400 0.322510 -9.943268 11.102300 2.623071 144628310418.000000
0.162354 -1.030273 0.322998 -9.394254 11.712316 2.379064 144628312218.000000
0.163818 -1.032715 0.319336 -9.211249 11.590313 2.196059 144628314016.000000
0.161133 -1.030518 0.321289 -8.845239 12.017324 1.769048 144628315815.000000
0.167236 -1.028076 0.319580 -8.479229 12.078326 1.647044 144628317616.000000
0.165283 -1.026855 0.322266 -7.808211 12.261331 1.220033 144628319419.000000
0.166260 -1.030029 0.320557 -7.808211 12.566339 1.159031 144628321221.000000
0.162354 -1.026611 0.330811 -7.381199 12.932349 1.037028 144628323023.000000
0.167725 -1.025391 0.322266 -7.259196 12.871348 0.732020 144628324824.000000
0.168945 -1.028564 0.321289 -6.649180 13.115354 0.427012 144628326625.000000
0.164795 -1.034180 0.315674 -6.283170 13.237357 0.183005 144628328426.000000
0.168213 -1.034668 0.319092 -5.978161 13.725371 -0.061002 144628330229.000000
0.166260 -1.031982 0.325195 -5.551150 13.969377 -0.244007 144628332030.000000
0.164795 -1.036133 0.311035 -5.185140 14.030379 -0.244007 144628333838.000000
0.168457 -1.039795 0.315430 -4.636125 14.396389 -0.854023 144628335639.000000
0.165039 -1.042480 0.316650 -4.514122 14.396389 -1.281035 144628337441.000000
0.166992 -1.043701 0.313232 -4.148112 14.640395 -1.220033 144628339243.000000
0.164795 -1.047119 0.315674 -3.538096 14.640395 -1.342036 144628341044.000000
0.166260 -1.051270 0.314941 -3.233087 14.945404 -1.464040 144628342845.000000
0.169678 -1.056885 0.310059 -2.928079 15.433417 -1.769048 144628344648.000000
0.165039 -1.057373 0.311768 -2.745074 15.311413 -2.013054 144628346449.000000
0.165283 -1.062256 0.306641 -2.379064 15.311413 -2.318063 144628348250.000000
0.162842 -1.066650 0.302002 -1.830049 15.555420 -2.379064 144628350053.000000
0.167480 -1.066895 0.304688 -1.708046 15.860428 -2.501068 144628351858.000000
0.164307 -1.070068 0.300781 -1.098030 15.860428 -2.501068 144628353659.000000
0.167236 -1.071777 0.300781 -0.793021 15.860428 -2.806076 144628355460.000000
0.167236 -1.080566 0.300781 -0.671018 15.860428 -3.050082 144628357262.000000
0.165283 -1.081787 0.300537 -0.244007 15.982432 -2.928079 144628359071.000000
0.164551 -1.090332 0.298828 0.122003 16.043433 -2.867077 144628360871.000000
0.164551 -1.096191 0.297119 0.488013 16.043433 -2.989081 144628362672.000000
0.164063 -1.097656 0.301025 0.854023 16.226438 -3.355091 144628364473.000000
0.159424 -1.100342 0.297119 0.854023 15.982432 -3.050082 144628366274.000000
0.161865 -1.102051 0.296875 1.525041 15.982432 -3.416092 144628368075.000000
0.157959 -1.110107 0.299561 1.586043 15.860428 -3.294089 144628369888.000000
0.157471 -1.113281 0.297363 1.708046 16.104435 -3.721100 144628371690.000000
0.159912 -1.117188 0.294189 2.196059 15.799427 -3.416092 144628373492.000000
0.157227 -1.119385 0.294922 2.257061 15.616422 -3.477094 144628375292.000000
0.161133 -1.119629 0.295898 3.050082 15.677423 -3.599097 144628377095.000000
0.156006 -1.122803 0.293701 3.111084 15.311413 -3.416092 144628378900.000000
0.156006 -1.124268 0.297363 3.050082 15.250412 -3.538096 144628380699.000000
0.158447 -1.124756 0.300537 3.294089 15.128408 -3.294089 144628382503.000000
0.153564 -1.120850 0.295654 3.904105 15.128408 -3.294089 144628384305.000000
0.153320 -1.119629 0.296387 4.087110 14.762399 -2.989081 144628386108.000000
0.153076 -1.117432 0.299805 4.331117 14.396389 -3.111084 144628387909.000000
0.153809 -1.112549 0.292725 4.453120 14.579394 -2.989081 144628389713.000000
0.151123 -1.115723 0.295898 5.063137 14.213384 -3.172086 144628391514.000000
0.151855 -1.106934 0.293213 5.124138 14.091380 -2.928079 144628393316.000000
0.151123 -1.105957 0.295654 5.246142 13.969377 -2.928079 144628395118.000000
0.149170 -1.102539 0.293945 5.429147 14.030379 -3.050082 144628396920.000000
0.156006 -1.099121 0.288818 5.490148 13.725371 -2.928079 144628398720.000000
0.154053 -1.094238 0.292236 5.429147 13.420362 -3.050082 144628400524.000000
0.154297 -1.086670 0.298584 5.673153 13.359361 -3.050082 144628402326.000000
0.155762 -1.083740 0.297119 5.795156 13.115354 -2.928079 144628404127.000000
0.158447 -1.080811 0.293701 5.917160 12.871348 -3.233087 144628405928.000000
0.153320 -1.076172 0.295654 5.612152 12.871348 -3.355091 144628407729.000000
0.158447 -1.072266 0.296631 6.039163 12.627341 -3.477094 144628409531.000000
0.158936 -1.068604 0.290283 5.856158 12.383334 -3.721100 144628411333.000000
0.159668 -1.067871 0.288330 5.856158 12.383334 -3.904105 144628413138.000000
0.156738 -1.064697 0.296631 5.429147 11.834320 -4.026109 144628414938.000000
0.157471 -1.062256 0.295898 5.917160 11.956323 -4.392119 144628416740.000000
0.157959 -1.055176 0.288330 5.734155 12.139328 -4.514122 144628418542.000000
0.158691 -1.052734 0.291504 5.673153 12.200329 -4.697127 144628420344.000000
0.163574 -1.053467 0.292480 5.673153 11.956323 -4.880132 144628422147.000000
0.157471 -1.057129 0.285645 5.368145 11.712316 -5.002135 144628423953.000000
0.155762 -1.052246 0.291992 5.673153 12.017324 -5.185140 144628425754.000000
0.154297 -1.048340 0.295166 5.307143 12.078326 -5.063137 144628427556.000000
0.152588 -1.049072 0.293701 5.429147 12.139328 -5.490148 144628429358.000000
0.153809 -1.043701 0.295654 5.551150 12.200329 -5.612152 144628431162.000000
0.155029 -1.043457 0.291260 5.185140 12.505338 -5.490148 144628432964.000000
0.157715 -1.037109 0.293701 5.124138 12.810346 -5.612152 144628434765.000000
0.155762 -1.035889 0.298096 5.246142 12.688343 -5.795156 144628436566.000000
0.159912 -1.031006 0.302246 5.246142 12.627341 -5.795156 144628438367.000000
0.160156 -1.031738 0.300537 5.307143 13.237357 -5.795156 144628440170.000000
0.161621 -1.023193 0.299072 5.490148 13.481364 -6.039163 144628441972.000000
0.156738 -1.018555 0.302734 5.490148 13.664369 -5.734155 144628443773.000000
0.156982 -1.013428 0.304688 5.185140 14.335387 -5.734155 144628445574.000000
0.157227 -1.004883 0.299561 5.063137 14.884402 -5.856158 144628447376.000000
0.161621 -1.001465 0.298584 5.124138 15.128408 -6.039163 144628449182.000000
0.160889 -0.998047 0.300537 5.307143 15.433417 -6.283170 144628450980.000000
0.163574 -0.989014 0.300293 5.246142 16.226438 -6.161166 144628452785.000000
0.162598 -0.987061 0.301758 5.551150 16.714451 -6.222168 144628454587.000000
0.161865 -0.977539 0.304688 5.246142 17.080461 -6.466175 144628456388.000000
0.163086 -0.975342 0.311523 5.490148 17.751479 -6.893186 144628458190.000000
0.163574 -0.971191 0.307129 5.490148 18.239492 -6.893186 144628459993.000000
0.162598 -0.963867 0.304932 5.246142 18.849509 -7.137193 144628461794.000000
0.165283 -0.958740 0.304932 5.368145 19.398524 -7.137193 144628463595.000000
0.161621 -0.956787 0.297119 5.368145 19.886537 -7.503203 144628465396.000000
0.163818 -0.956543 0.296631 5.429147 21.106570 -7.564204 144628467198.000000
0.166260 -0.953613 0.301025 5.734155 21.594583 -7.991216 144628469006.000000
0.167969 -0.948975 0.300049 5.734155 22.265601 -7.869212 144628470811.000000
0.172119 -0.944580 0.304932 5.856158 23.180626 -8.113219 144628472614.000000
0.171631 -0.943848 0.299561 6.100165 23.729641 -8.540231 144628474418.000000
0.168213 -0.941650 0.298584 5.734155 24.705667 -8.296224 144628476219.000000
0.170410 -0.940918 0.297363 6.100165 25.376685 -8.601232 144628478020.000000
0.171631 -0.935791 0.299072 6.283170 26.047703 -9.089245 144628479833.000000
0.171631 -0.934570 0.294922 6.222168 26.779723 -8.784237 144628481635.000000
0.170654 -0.935303 0.295166 6.527176 27.633746 -8.784237 144628483436.000000
0.169678 -0.934082 0.295410 6.893186 28.487769 -8.906240 144628485236.000000
0.171143 -0.936035 0.294678 6.649180 29.097786 -8.845239 144628487038.000000
0.170410 -0.930176 0.291748 7.076191 30.500824 -8.540231 144628488844.000000
0.173340 -0.932617 0.295898 7.381199 31.110840 -8.662234 144628490666.000000
0.177246 -0.933350 0.300293 7.503203 32.086866 -8.662234 144628492468.000000
0.171387 -0.929932 0.290771 7.564204 32.574880 -8.662234 144628494272.000000
0.171143 -0.929932 0.286377 7.686208 33.489904 -8.601232 144628496074.000000
0.171631 -0.932373 0.289063 8.052217 34.465931 -8.540231 144628497877.000000
0.174072 -0.927979 0.286621 8.174221 35.319954 -8.479229 144628499681.000000
0.175293 -0.925293 0.283936 8.357226 35.624962 -8.418227 144628501482.000000
0.171631 -0.920654 0.280029 8.784237 36.966998 -8.174221 144628503283.000000
0.174561 -0.924561 0.279297 8.967242 38.004026 -7.991216 144628505084.000000
0.174561 -0.920898 0.283447 8.845239 38.614043 -8.113219 144628506885.000000
0.176025 -0.918945 0.274414 9.333252 39.529067 -7.747209 144628508686.000000
0.172607 -0.920898 0.272217 9.455255 40.322089 -7.747209 144628510491.000000
0.171875 -0.919678 0.272217 9.516257 40.871104 -7.625206 144628512293.000000
0.172607 -0.918945 0.274902 9.760264 41.603123 -7.625206 144628514094.000000
0.174072 -0.920654 0.266602 9.821265 42.152138 -7.320198 144628515896.000000
0.172607 -0.925049 0.266846 10.553285 42.945160 -7.381199 144628517697.000000
0.172119 -0.922852 0.263184 10.431282 43.616178 -7.198194 144628519499.000000
0.170654 -0.924805 0.262939 10.431282 43.921186 -7.076191 144628521299.000000
0.169434 -0.924072 0.265625 10.919295 44.592204 -7.076191 144628523104.000000
0.166748 -0.926758 0.265869 10.675288 45.141219 -6.771183 144628524906.000000
0.163818 -0.925049 0.268555 10.980296 45.263222 -7.198194 144628526708.000000
0.163086 -0.930176 0.264404 11.407308 45.507229 -6.771183 144628528509.000000
0.162354 -0.934570 0.262207 11.224303 45.690234 -6.527176 144628530313.000000
0.160156 -0.933594 0.264893 11.224303 45.934240 -6.466175 144628532114.000000
0.152588 -0.933350 0.256592 11.468310 45.873239 -6.161166 144628533917.000000
0.155273 -0.939941 0.261230 11.468310 45.995242 -5.917160 144628535718.000000
0.152344 -0.941406 0.257080 11.712316 45.934240 -5.734155 144628538128.000000
0.144043 -0.940674 0.252441 12.078326 45.995242 -5.429147 144628539966.000000
0.144531 -0.939453 0.262695 11.773318 45.507229 -5.185140 144628541772.000000
0.142578 -0.943359 0.264404 11.895321 45.141219 -4.880132 144628543573.000000
0.140869 -0.943359 0.260498 12.200329 45.019216 -4.453120 144628545375.000000
0.139648 -0.944092 0.266357 12.261331 44.775209 -4.453120 144628547176.000000
0.139160 -0.944092 0.261475 12.322333 44.470201 -4.087110 144628548981.000000
0.133301 -0.944824 0.265381 12.444336 43.677179 -3.477094 144628550784.000000
0.132324 -0.943359 0.264893 12.383334 42.884158 -3.294089 144628552588.000000
0.130859 -0.945068 0.262451 12.810346 42.640151 -3.050082 144628554389.000000
0.131104 -0.944092 0.265381 12.505338 42.152138 -2.806076 144628556195.000000
0.129883 -0.947021 0.266602 12.627341 41.054108 -2.379064 144628557995.000000
0.126953 -0.954102 0.266602 12.871348 40.261087 -2.440066 144628559803.000000
0.128906 -0.949219 0.260010 12.932349 40.017080 -2.074056 144628561612.000000
0.125732 -0.948730 0.260498 12.627341 39.102056 -1.769048 144628563413.000000
0.127197 -0.954102 0.264404 12.749344 38.004026 -1.464040 144628565214.000000
0.128906 -0.955811 0.270020 12.993351 37.272006 -1.281035 144628567015.000000
0.128662 -0.953857 0.268555 12.627341 35.990972 -1.159031 144628568822.000000
0.126709 -0.960205 0.262695 12.566339 35.075947 -1.159031 144628570655.000000
0.125000 -0.962402 0.268799 12.688343 34.038919 -0.976026 144628572457.000000
0.124512 -0.968262 0.260742 12.993351 33.123894 -1.098030 144628574258.000000
0.120605 -0.970215 0.260986 12.749344 31.903861 -0.976026 144628576059.000000
0.119141 -0.969238 0.263916 12.871348 30.988837 -0.854023 144628577861.000000
0.118652 -0.976074 0.270508 12.566339 29.707802 -0.732020 144628579666.000000
0.120117 -0.980225 0.261475 12.505338 28.853779 -0.671018 144628581464.000000
0.120605 -0.981934 0.263916 12.627341 27.267736 -0.610016 144628583265.000000
0.120605 -0.982910 0.266113 12.627341 26.230708 -0.610016 144628585067.000000
0.120361 -0.985840 0.269043 12.627341 25.132679 -0.549015 144628586869.000000
0.124268 -0.989014 0.254883 12.444336 23.790642 -0.427012 144628588672.000000
0.122803 -0.997559 0.263184 12.261331 22.814616 -0.183005 144628590474.000000
0.120850 -0.991699 0.257813 12.505338 21.533581 -0.366010 144628592327.000000
0.122803 -0.997070 0.258545 12.383334 20.374550 -0.061002 144628594796.000000
0.119629 -0.999268 0.263916 12.322333 18.605502 0.183005 144628597722.000000
0.118896 -1.000488 0.256836 12.383334 17.446471 0.366010 144628600640.000000
0.122559 -1.007080 0.260010 12.139328 15.799427 0.244007 144628603557.000000
0.125000 -1.009277 0.255127 12.322333 14.457390 0.549015 144628606472.000000
0.124756 -1.005371 0.261230 12.383334 13.115354 0.549015 144628609399.000000
0.125488 -1.014893 0.257080 12.566339 11.651315 0.671018 144628612314.000000
0.133301 -1.008545 0.252686 12.688343 10.370280 0.732020 144628615228.000000
0.128662 -1.005615 0.251465 12.627341 9.577259 0.488013 144628618143.000000
0.132813 -1.005127 0.258057 12.871348 8.723236 0.122003 144628621062.000000
0.132080 -1.003418 0.249512 13.237357 7.320198 0.000000 144628623984.000000
0.135986 -0.995117 0.250244 13.176356 6.832184 -0.183005 144628626900.000000
0.132813 -0.987793 0.253906 13.237357 6.100165 -0.793021 144628629816.000000
0.140137 -0.979248 0.250244 13.237357 5.185140 -1.281035 144628632730.000000
0.138184 -0.971924 0.244141 13.359361 4.331117 -1.830049 144628635651.000000
0.142578 -0.960938 0.247559 13.603367 3.965107 -2.257061 144628638566.000000
0.142090 -0.953369 0.241211 13.603367 3.355091 -2.989081 144628641484.000000
0.144043 -0.945557 0.244385 13.969377 3.172086 -3.477094 144628644400.000000
0.143311 -0.933350 0.241943 13.908376 2.379064 -4.514122 144628647315.000000
0.144775 -0.925293 0.242920 14.152382 2.623071 -5.307143 144628650237.000000
0.146973 -0.920410 0.239746 14.030379 2.196059 -6.527176 144628653155.000000
0.148926 -0.912109 0.236328 14.396389 2.379064 -7.320198 144628656070.000000
0.146973 -0.900635 0.237061 14.335387 2.562069 -8.113219 144628658985.000000
0.147949 -0.893799 0.235352 14.457390 2.562069 -9.028244 144628661899.000000
0.144287 -0.889404 0.234863 14.457390 3.111084 -9.882267 144628664812.000000
0.143799 -0.877930 0.231689 14.396389 3.111084 -10.736290 144628667736.000000
0.145752 -0.869629 0.232910 14.396389 3.660099 -11.773318 144628670662.000000
0.140381 -0.867432 0.234131 14.152382 4.087110 -12.627341 144628673578.000000
0.139648 -0.860352 0.232666 14.152382 4.392119 -13.420362 144628676493.000000
0.141602 -0.863525 0.236084 14.152382 4.514122 -13.969377 144628679416.000000
0.141113 -0.861084 0.228027 14.030379 4.819130 -14.823400 144628682335.000000
0.138672 -0.861572 0.233643 13.908376 4.636125 -15.433417 144628685251.000000
0.138428 -0.858154 0.231445 13.847374 5.002135 -16.165436 144628688167.000000
0.138184 -0.861816 0.234131 13.786372 5.063137 -16.714451 144628691087.000000
0.137939 -0.864990 0.238281 13.725371 4.819130 -17.263466 144628694032.000000
0.141113 -0.869141 0.232666 13.420362 4.575124 -17.690478 144628696947.000000
0.135254 -0.871094 0.232666 13.298359 4.758128 -18.300494 144628699864.000000
0.136719 -0.877930 0.234375 13.359361 4.087110 -18.605502 144628702779.000000
0.139404 -0.880371 0.238281 13.054352 4.453120 -19.337522 144628705693.000000
0.140625 -0.882813 0.232666 13.054352 4.087110 -19.276520 144628708608.000000
0.141846 -0.884766 0.233887 12.749344 3.782102 -19.703532 144628711527.000000
0.137939 -0.891357 0.230957 12.566339 3.538096 -20.130544 144628714442.000000
0.136963 -0.894287 0.236328 12.566339 3.416092 -20.130544 144628717356.000000
0.134521 -0.900146 0.234131 12.444336 3.172086 -20.130544 144628720309.000000
0.139404 -0.902100 0.232178 11.895321 3.050082 -19.764534 144628723225.000000
0.137939 -0.904053 0.238281 12.017324 2.745074 -19.825535 144628726139.000000
0.135010 -0.907959 0.231201 11.956323 2.501068 -19.581529 144628729057.000000
0.136719 -0.908691 0.234863 11.651315 2.074056 -19.520527 144628731970.000000
0.135986 -0.910400 0.235107 11.590313 2.135058 -19.032514 144628734885.000000
0.133789 -0.912598 0.239990 11.468310 1.769048 -18.666504 144628737800.000000
0.135986 -0.908936 0.229980 11.041298 1.403038 -18.239492 144628740725.000000
0.140137 -0.910156 0.236328 11.102300 1.281035 -17.995486 144628743640.000000
0.129883 -0.910400 0.238281 11.041298 0.915025 -17.934484 144628746555.000000
0.137695 -0.906494 0.231445 10.919295 0.549015 -17.385469 144628749477.000000
0.135742 -0.911377 0.233643 10.431282 0.549015 -16.836455 144628752395.000000
0.140137 -0.906738 0.238770 10.675288 -0.244007 -16.592448 144628755309.000000
0.135010 -0.902344 0.229736 10.431282 -0.671018 -16.592448 144628758225.000000
0.138672 -0.901855 0.240479 10.004270 -0.915025 -16.226438 144628761150.000000
0.139648 -0.902344 0.235352 9.760264 -1.281035 -15.921430 144628764064.000000
0.138916 -0.902344 0.231689 9.699262 -1.281035 -15.372415 144628766977.000000
0.140625 -0.906006 0.238770 9.394254 -2.074056 -15.311413 144628769901.000000
0.145508 -0.905029 0.236572 9.028244 -2.013054 -15.006405 144628772819.000000
0.145752 -0.905273 0.227539 8.784237 -2.501068 -14.640395 144628775733.000000
0.143799 -0.905762 0.229736 8.296224 -3.050082 -14.335387 144628778662.000000
0.145508 -0.904785 0.230469 8.113219 -3.050082 -14.091380 144628781591.000000
0.145264 -0.910400 0.231689 7.991216 -3.233087 -13.603367 144628784505.000000
0.141846 -0.915527 0.230469 7.625206 -3.782102 -12.993351 144628787419.000000
0.141602 -0.914795 0.227783 7.442201 -4.026109 -12.566339 144628790337.000000
0.144531 -0.916016 0.230469 6.771183 -4.514122 -12.383334 144628793289.000000
0.143066 -0.924316 0.227051 6.649180 -4.636125 -11.773318 144628796204.000000
0.144531 -0.929443 0.236572 6.039163 -5.063137 -11.041298 144628799121.000000
0.145020 -0.930176 0.234375 6.039163 -5.307143 -10.370280 144628802038.000000
0.146973 -0.936279 0.236328 5.612152 -5.856158 -9.760264 144628804951.000000
0.144043 -0.942871 0.230225 4.819130 -5.978161 -9.089245 144628807867.000000
0.150146 -0.949463 0.229736 4.941133 -6.283170 -8.784237 144628810798.000000
0.149170 -0.951904 0.239258 4.575124 -6.649180 -7.686208 144628813713.000000
0.148438 -0.962402 0.240967 3.965107 -7.076191 -7.076191 144628816629.000000
0.151611 -0.961914 0.242188 3.660099 -7.381199 -6.222168 144628819546.000000
0.149902 -0.972412 0.238525 3.294089 -7.808211 -5.368145 144628822461.000000
0.153320 -0.977783 0.245117 3.111084 -8.357226 -4.575124 144628825387.000000
0.152100 -0.980225 0.240967 2.562069 -8.784237 -3.599097 144628828301.000000
0.153076 -0.988037 0.242188 2.440066 -8.906240 -2.806076 144628831218.000000
0.159180 -0.993896 0.256592 1.952053 -10.126273 -0.610016 144628838747.000000
0.160156 -0.998047 0.248535 1.708046 -10.370280 0.549015 144628841996.000000
0.161865 -1.000488 0.251221 1.403038 -10.858293 1.403038 144628844941.000000
0.163574 -1.006836 0.258789 0.976026 -11.163301 2.440066 144628847863.000000
0.171143 -1.005615 0.249512 0.976026 -11.285305 3.233087 144628850879.000000
0.164551 -1.006104 0.254639 0.732020 -11.163301 4.148112 144628853871.000000
0.173340 -1.006592 0.252930 0.610016 -11.468310 4.880132 144628856808.000000
0.172852 -1.010742 0.257813 0.610016 -11.285305 5.856158 144628859733.000000
0.175537 -1.009521 0.257080 0.549015 -11.712316 6.222168 144628862674.000000
0.176270 -1.008057 0.267334 0.427012 -11.346306 7.198194 144628865589.000000
0.177246 -1.010010 0.263916 0.610016 -11.407308 7.808211 144628868502.000000
0.177246 -1.008545 0.264648 0.488013 -11.407308 8.662234 144628871427.000000
0.177979 -1.006836 0.264404 0.732020 -11.224303 9.394254 144628874360.000000
0.183594 -1.007324 0.263916 0.610016 -10.980296 9.882267 144628877280.000000
0.181152 -1.009521 0.268311 0.732020 -10.553285 10.553285 144628880192.000000
0.185303 -1.008301 0.264648 0.976026 -10.797292 11.346306 144628883108.000000
0.184326 -1.007080 0.262695 0.854023 -9.943268 11.529311 144628886027.000000
0.188721 -1.010742 0.261230 1.159031 -9.882267 12.322333 144628888941.000000
0.190430 -1.012695 0.268555 1.281035 -9.089245 12.749344 144628891866.000000
0.192871 -1.013672 0.260742 1.220033 -8.723236 12.932349 144628894878.000000
0.196045 -1.012207 0.258545 1.220033 -8.479229 13.420362 144628896777.000000
0.194580 -1.014648 0.260010 1.220033 -8.296224 13.420362 144628898578.000000
0.194824 -1.015137 0.262451 1.647044 -7.930214 13.603367 144628900379.000000
0.195801 -1.012939 0.257324 1.403038 -7.564204 14.091380 144628902179.000000
0.194824 -1.010010 0.254639 1.281035 -7.503203 14.274385 144628903979.000000
0.195068 -1.011963 0.262939 1.342036 -7.259196 14.091380 144628905780.000000
0.193115 -1.011719 0.248535 1.281035 -6.649180 14.213384 144628907579.000000
0.194092 -1.014404 0.260742 1.159031 -6.344171 14.884402 144628909380.000000
0.194092 -1.012451 0.253174 1.708046 -6.527176 14.762399 144628911183.000000
0.192627 -1.016113 0.252441 1.281035 -6.344171 14.823400 144628912984.000000
0.191406 -1.016357 0.248047 1.037028 -5.795156 14.884402 144628914786.000000
0.194580 -1.015137 0.249756 1.159031 -5.673153 15.006405 144628916590.000000
0.192627 -1.016846 0.254150 1.037028 -5.368145 15.128408 144628918389.000000
0.187256 -1.015137 0.254150 0.915025 -5.307143 15.189410 144628920195.000000
0.188477 -1.016357 0.251709 0.732020 -5.063137 15.189410 144628922004.000000
0.188721 -1.014893 0.255859 0.671018 -4.636125 15.372415 144628923810.000000
0.189453 -1.015625 0.255127 0.610016 -5.124138 15.494418 144628925612.000000
0.188477 -1.014893 0.254150 0.305008 -4.941133 15.494418 144628927414.000000
0.185547 -1.012207 0.259277 0.061002 -4.941133 15.250412 144628929224.000000
0.181396 -1.015869 0.258545 0.000000 -5.002135 15.067407 144628931033.000000
0.181396 -1.013184 0.258789 -0.488013 -5.002135 15.250412 144628932837.000000
0.177246 -1.011230 0.259766 -0.671018 -4.819130 15.311413 144628934642.000000
0.178711 -1.013184 0.257813 -1.037028 -5.185140 15.006405 144628936446.000000
0.180176 -1.013916 0.264893 -1.220033 -5.307143 15.067407 144628938259.000000
0.180176 -1.005615 0.265869 -1.403038 -5.429147 15.006405 144628940067.000000
0.180664 -1.008301 0.265625 -2.013054 -5.551150 14.762399 144628941876.000000
0.177979 -1.011719 0.269775 -2.074056 -5.612152 14.701397 144628943681.000000
0.177979 -1.016113 0.272461 -2.745074 -5.673153 14.457390 144628945484.000000
0.177246 -1.013184 0.267578 -3.111084 -5.978161 14.396389 144628947287.000000
0.178711 -1.011475 0.274658 -3.599097 -6.100165 14.213384 144628949095.000000
0.177734 -1.014893 0.276855 -3.782102 -6.283170 14.213384 144628950953.000000
0.178223 -1.025635 0.268066 -4.209114 -6.527176 14.396389 144628952921.000000
0.179443 -1.022705 0.276123 -4.514122 -6.405173 13.786372 144628954856.000000
0.173828 -1.029541 0.278076 -5.063137 -6.771183 14.030379 144628956729.000000
0.173340 -1.031738 0.277344 -5.612152 -6.588178 13.603367 144628958535.000000
0.181152 -1.034180 0.281006 -5.612152 -6.954188 13.481364 144628960340.000000
0.180908 -1.036621 0.279053 -6.161166 -7.381199 13.298359 144628962143.000000
0.181396 -1.038330 0.285645 -6.527176 -7.381199 13.603367 144628963945.000000
0.181885 -1.046143 0.281738 -7.137193 -7.381199 13.237357 144628965746.000000
0.185059 -1.048340 0.283936 -7.198194 -7.442201 13.054352 144628967554.000000
0.189209 -1.054688 0.282471 -7.686208 -7.686208 13.054352 144628969357.000000
0.187012 -1.063232 0.286377 -7.869212 -7.564204 12.993351 144628971159.000000
0.187744 -1.066406 0.287109 -7.991216 -7.381199 12.688343 144628972960.000000
0.188477 -1.072754 0.283691 -8.601232 -7.259196 12.810346 144628974761.000000
0.188477 -1.074951 0.286621 -8.784237 -7.381199 12.322333 144628976562.000000
0.185303 -1.082275 0.280762 -9.333252 -7.076191 12.505338 144628978364.000000
0.188721 -1.086182 0.280518 -9.699262 -7.259196 12.749344 144628980166.000000
0.191895 -1.086670 0.283203 -9.943268 -6.588178 12.688343 144628981970.000000
0.191650 -1.091064 0.281250 -10.309278 -6.527176 12.627341 144628983772.000000
0.192871 -1.092529 0.283203 -10.858293 -6.161166 12.444336 144628985581.000000
0.194092 -1.098633 0.288574 -10.980296 -5.917160 12.383334 144628987382.000000
0.194580 -1.101563 0.282715 -11.346306 -5.734155 12.566339 144628989184.000000
0.195557 -1.103027 0.287354 -11.712316 -5.063137 12.627341 144628990987.000000
0.197021 -1.101563 0.286865 -12.017324 -4.575124 12.749344 144628992790.000000
0.202148 -1.101074 0.284180 -12.566339 -4.148112 12.444336 144628994603.000000
0.202637 -1.093506 0.286865 -12.566339 -3.233087 12.505338 144628996408.000000
0.199951 -1.091553 0.285645 -13.237357 -2.989081 12.749344 144628998210.000000
0.206543 -1.089111 0.300293 -13.359361 -1.708046 12.688343 144629000012.000000
0.206787 -1.092285 0.298828 -13.725371 -1.098030 12.566339 144629001815.000000
0.200928 -1.083984 0.293457 -14.335387 -0.305008 12.566339 144629003617.000000
0.204590 -1.082031 0.293701 -14.701397 0.610016 12.444336 144629005420.000000
0.205322 -1.070557 0.305908 -14.762399 1.098030 12.322333 144629007223.000000
0.201904 -1.068604 0.297363 -15.189410 2.013054 12.383334 144629009026.000000
0.202393 -1.064697 0.299316 -15.433417 3.355091 12.261331 144629010828.000000
0.205566 -1.056396 0.303223 -15.738425 4.148112 12.322333 144629012629.000000
0.206543 -1.048584 0.304199 -15.982432 4.880132 12.139328 144629014430.000000
0.204590 -1.040527 0.311035 -16.226438 6.161166 12.139328 144629016232.000000
0.207764 -1.030273 0.304932 -16.531446 7.320198 11.712316 144629018033.000000
0.208984 -1.027100 0.307617 -16.714451 8.479229 11.590313 144629019838.000000
0.207031 -1.018066 0.307861 -16.958458 9.516257 11.407308 144629021639.000000
0.206299 -1.014404 0.312988 -16.775453 10.736290 11.285305 144629023441.000000
0.209229 -1.004395 0.311279 -17.141463 11.834320 10.797292 144629025242.000000
0.205811 -1.000488 0.318359 -17.690478 13.115354 10.736290 144629027044.000000
0.207031 -0.994385 0.323730 -17.629476 14.457390 10.187275 144629028846.000000
0.208252 -0.988770 0.325684 -17.934484 15.555420 9.638260 144629030672.000000
0.208740 -0.984375 0.325684 -17.751479 17.385469 9.455255 144629032473.000000
0.205078 -0.977783 0.334473 -18.056488 18.483499 9.211249 144629034275.000000
0.205566 -0.967773 0.334717 -17.873483 19.947539 8.967242 144629036082.000000
0.208252 -0.966553 0.338867 -18.361496 21.411578 8.479229 144629037885.000000
0.213623 -0.963135 0.346680 -17.934484 22.570609 8.235222 144629039688.000000
0.212402 -0.956299 0.345215 -17.812481 24.156652 7.381199 144629041494.000000
0.207275 -0.952881 0.347656 -17.873483 25.620692 7.503203 144629043296.000000
0.206299 -0.949463 0.350830 -17.507473 26.901726 7.320198 144629045098.000000
0.209473 -0.947266 0.354980 -17.446471 28.731776 6.893186 144629046899.000000
0.206299 -0.949951 0.358643 -17.141463 30.134814 6.405173 144629048707.000000
0.208008 -0.943359 0.360596 -16.714451 31.659855 6.283170 144629050516.000000
0.210205 -0.936768 0.360352 -16.531446 33.306899 5.856158 144629052321.000000
0.214355 -0.940430 0.367920 -15.921430 34.709937 5.490148 144629054123.000000
0.212402 -0.939941 0.367188 -15.494418 36.173977 5.185140 144629055925.000000
0.209961 -0.940186 0.358887 -15.311413 37.577015 4.697127 144629057734.000000
0.210205 -0.941650 0.363281 -14.518392 39.102056 4.392119 144629059539.000000
0.211426 -0.941162 0.371094 -14.335387 40.749100 4.575124 144629061339.000000
0.210693 -0.941162 0.372803 -13.420362 41.908132 3.965107 144629063141.000000
0.206543 -0.940674 0.375000 -12.993351 43.372171 3.599097 144629064946.000000
0.214355 -0.944336 0.366943 -12.444336 44.775209 3.477094 144629066749.000000
0.211426 -0.947754 0.370850 -11.651315 46.239248 2.989081 144629068551.000000
0.208496 -0.944824 0.373779 -11.163301 47.337278 2.623071 144629070358.000000
0.208496 -0.950928 0.381104 -10.431282 48.801318 2.318063 144629072161.000000
0.206055 -0.948975 0.377686 -9.821265 49.777344 2.318063 144629073963.000000
0.204346 -0.952393 0.375732 -9.272250 50.997377 2.135058 144629075765.000000
0.203125 -0.955566 0.369629 -8.296224 52.217410 1.525041 144629077567.000000
0.203613 -0.955322 0.375732 -7.564204 52.949430 1.464040 144629079373.000000
0.201904 -0.958984 0.369629 -6.832184 53.742451 1.342036 144629081173.000000
0.196777 -0.958496 0.370361 -5.978161 54.535472 1.037028 144629082978.000000
0.196289 -0.956299 0.372314 -5.063137 55.389496 0.976026 144629084780.000000
0.193115 -0.959961 0.369873 -4.331117 55.999512 0.732020 144629086581.000000
0.190918 -0.962158 0.362793 -3.843104 56.548527 0.366010 144629088384.000000
0.183838 -0.963135 0.364502 -3.294089 56.853535 0.183005 144629090188.000000
0.190430 -0.959229 0.362305 -2.196059 57.219545 0.244007 144629091991.000000
0.184570 -0.958252 0.356934 -1.708046 57.341548 -0.183005 144629093793.000000
0.177979 -0.963135 0.362793 -1.281035 57.646556 -0.183005 144629095594.000000
0.176514 -0.965332 0.357910 -0.305008 57.829561 -0.366010 144629097397.000000
0.170166 -0.963623 0.353760 0.183005 57.707558 -0.549015 144629099200.000000
0.166260 -0.965576 0.347168 0.976026 57.219545 -0.915025 144629101002.000000
0.164551 -0.964844 0.346436 1.586043 56.975538 -0.854023 144629102804.000000
0.159424 -0.967285 0.358154 2.135058 56.731532 -1.464040 144629104606.000000
0.156494 -0.965820 0.352539 2.440066 56.060514 -1.830049 144629106409.000000
0.148926 -0.962402 0.345947 3.477094 54.962484 -1.647044 144629108210.000000
0.143066 -0.963867 0.350098 3.965107 54.230464 -1.952053 144629110013.000000
0.137939 -0.964600 0.347168 4.453120 53.376441 -2.135058 144629111820.000000
0.135986 -0.961426 0.345215 4.819130 52.400415 -2.501068 144629113622.000000
0.131104 -0.967529 0.343994 5.551150 51.180382 -2.623071 144629115423.000000
0.127197 -0.960938 0.347900 6.100165 49.777344 -2.684072 144629117224.000000
0.123291 -0.958984 0.341797 6.405173 48.435308 -3.050082 144629119027.000000
0.118896 -0.958740 0.342529 6.832184 47.154273 -3.111084 144629120834.000000
0.114990 -0.958008 0.345459 7.259196 45.690234 -3.172086 144629122636.000000
0.113525 -0.950684 0.336426 7.625206 44.104191 -3.477094 144629124437.000000
0.106689 -0.945068 0.336670 8.174221 42.091136 -3.660099 144629126242.000000
0.102051 -0.948486 0.344238 8.296224 40.688099 -3.782102 144629128043.000000
0.100586 -0.945801 0.342773 8.479229 38.919051 -3.904105 144629129851.000000
0.100342 -0.939941 0.343750 9.272250 36.722992 -3.904105 144629131659.000000
0.093506 -0.942627 0.343018 9.516257 35.014945 -3.965107 144629133460.000000
0.093018 -0.935791 0.343750 9.699262 33.184896 -4.270115 144629135263.000000
0.089355 -0.933105 0.343262 10.065272 30.927835 -4.148112 144629137070.000000
0.088867 -0.933594 0.341797 10.126273 28.731776 -4.026109 144629138875.000000
0.084717 -0.936035 0.346680 10.370280 26.230708 -4.209114 144629140680.000000
0.079102 -0.931641 0.343506 10.553285 24.034649 -4.331117 144629142481.000000
0.077881 -0.933105 0.350586 10.919295 21.899591 -4.331117 144629144283.000000
0.079102 -0.936035 0.352539 11.346306 19.337522 -4.148112 144629146084.000000
0.079834 -0.936279 0.354736 11.468310 17.324468 -4.575124 144629147887.000000
0.080811 -0.933594 0.360352 11.956323 14.823400 -4.331117 144629149692.000000
0.073975 -0.938965 0.353027 12.261331 12.322333 -4.514122 144629151491.000000
0.078613 -0.944092 0.360107 12.444336 9.882267 -4.819130 144629153293.000000
0.078613 -0.946289 0.359863 12.871348 7.625206 -4.636125 144629155095.000000
0.075684 -0.945801 0.359863 13.359361 5.368145 -4.575124 144629156896.000000
0.079346 -0.947754 0.364746 13.603367 2.989081 -4.514122 144629158697.000000
0.083252 -0.954834 0.362549 13.969377 0.549015 -4.575124 144629160499.000000
0.084473 -0.961426 0.368164 14.213384 -2.074056 -4.392119 144629162301.000000
0.080322 -0.965332 0.366943 14.579394 -4.270115 -4.392119 144629164102.000000
0.083984 -0.968994 0.369385 15.250412 -6.588178 -4.087110 144629165903.000000
0.090332 -0.978516 0.372070 15.738425 -8.723236 -4.087110 144629167703.000000
0.087158 -0.978516 0.373535 16.104435 -11.041298 -3.965107 144629169509.000000
0.092041 -0.985840 0.374756 16.592448 -13.176356 -4.026109 144629171308.000000
0.096680 -0.993652 0.372803 17.080461 -15.128408 -3.660099 144629173110.000000
0.104004 -1.002197 0.377441 17.385469 -17.263466 -3.355091 144629174913.000000
0.104736 -1.007324 0.379639 18.056488 -19.398524 -3.050082 144629176716.000000
0.110107 -1.010010 0.370850 18.666504 -21.106570 -2.623071 144629178518.000000
0.111572 -1.015625 0.367188 19.337522 -22.936619 -2.623071 144629180327.000000
0.109619 -1.018066 0.375732 19.642530 -24.644665 -2.257061 144629182129.000000
0.111328 -1.030518 0.368896 20.130544 -26.962728 -1.586043 144629183930.000000
0.114990 -1.030029 0.366455 20.862563 -28.304764 -1.220033 144629185737.000000
0.120605 -1.027832 0.368896 21.411578 -30.073812 -0.915025 144629187542.000000
0.118896 -1.036377 0.366699 21.777588 -31.659855 -0.488013 144629189345.000000
0.127197 -1.039307 0.357666 22.509608 -33.001891 -0.244007 144629191149.000000
0.124512 -1.044678 0.355469 22.997621 -34.526932 0.122003 144629192953.000000
0.126953 -1.046387 0.350342 23.363631 -35.868968 1.037028 144629194755.000000
0.125977 -1.042725 0.350342 23.912646 -37.150003 1.525041 144629196557.000000
0.131592 -1.046143 0.344727 24.156652 -38.492039 1.891051 144629198358.000000
0.130371 -1.043701 0.333984 24.583664 -40.017080 2.257061 144629200161.000000
0.133301 -1.037354 0.339111 25.010675 -40.993107 2.806076 144629201963.000000
0.133301 -1.032959 0.336426 25.498688 -42.152138 2.745074 144629203763.000000
0.137207 -1.034180 0.334473 25.803697 -43.555176 3.172086 144629205564.000000
0.135742 -1.028076 0.331543 26.108705 -44.836211 3.599097 144629207365.000000
0.135986 -1.019043 0.316406 26.474715 -45.934240 3.660099 144629209168.000000
0.138184 -1.011719 0.321777 26.474715 -47.032270 4.148112 144629210969.000000
0.135986 -1.008057 0.321045 26.474715 -48.191301 4.514122 144629212769.000000
0.140381 -1.002197 0.316162 26.535716 -49.228329 4.453120 144629214570.000000
0.140137 -0.995605 0.307617 26.596718 -50.387360 4.392119 144629216372.000000
0.139893 -0.987061 0.313232 26.474715 -51.180382 4.758128 144629218173.000000
0.145752 -0.985107 0.309082 26.413713 -52.461416 4.941133 144629219976.000000
0.143799 -0.981934 0.299561 25.925700 -53.071433 4.453120 144629221777.000000
0.146973 -0.979004 0.303223 25.376685 -53.925456 4.636125 144629223578.000000
0.145996 -0.973633 0.302734 25.498688 -55.084487 4.453120 144629225381.000000
0.147705 -0.973145 0.306885 24.888672 -55.694504 4.392119 144629227182.000000
0.150146 -0.975098 0.302246 24.827670 -56.487525 4.392119 144629228984.000000
0.148682 -0.975586 0.303711 24.156652 -57.219545 3.904105 144629230786.000000
0.151611 -0.975586 0.300293 24.034649 -58.073568 3.904105 144629232588.000000
0.156250 -0.973633 0.303711 23.485634 -58.622583 3.782102 144629234393.000000
0.156250 -0.977539 0.308594 23.241628 -59.171598 3.782102 144629236195.000000
0.156982 -0.986816 0.310547 22.814616 -59.415604 3.721100 144629237996.000000
0.156738 -0.986572 0.313477 22.326603 -60.086622 3.294089 144629239803.000000
0.160889 -0.991211 0.310791 22.082596 -60.208626 3.477094 144629241612.000000
0.157715 -0.992920 0.312500 21.655585 -60.635637 3.416092 144629243414.000000
0.161865 -1.001221 0.313721 21.350576 -60.696639 3.538096 144629245214.000000
0.164551 -1.004395 0.318115 21.350576 -60.513634 3.538096 144629247018.000000
0.163818 -1.007568 0.320313 21.106570 -60.696639 3.355091 144629248825.000000
0.167725 -1.009521 0.325684 20.740560 -60.757640 3.599097 144629250655.000000
0.164795 -1.017090 0.325439 20.679558 -60.635637 3.660099 144629252458.000000
0.170898 -1.018066 0.336914 20.618557 -60.452632 3.843104 144629254259.000000
0.173096 -1.023926 0.335938 20.435552 -59.903617 3.843104 144629256061.000000
0.175537 -1.025635 0.341309 19.886537 -59.171598 4.209114 144629257862.000000
0.176758 -1.028076 0.343994 20.069542 -58.744586 4.331117 144629259675.000000
0.181396 -1.036133 0.343506 20.130544 -57.951565 4.331117 144629261481.000000
0.181152 -1.036377 0.349854 19.947539 -57.280547 4.453120 144629263283.000000
0.186279 -1.039551 0.353027 19.825535 -56.182517 4.941133 144629265086.000000
0.188721 -1.043701 0.350830 19.764534 -55.511499 5.002135 144629266888.000000
0.195313 -1.045410 0.349854 19.703532 -54.596474 5.185140 144629268694.000000
0.197998 -1.049561 0.350098 19.642530 -53.315440 5.246142 144629270505.000000
0.199707 -1.056152 0.355713 19.886537 -52.217410 5.429147 144629272308.000000
0.201416 -1.055908 0.356445 19.947539 -50.997377 5.856158 144629274110.000000
0.204590 -1.057861 0.352051 19.947539 -49.899347 5.673153 144629275912.000000
0.207520 -1.056641 0.354736 19.947539 -48.862319 5.978161 144629277715.000000
0.206299 -1.057129 0.353760 20.008540 -47.276276 5.978161 144629279521.000000
0.209961 -1.058350 0.359619 20.191545 -45.446227 5.917160 144629281326.000000
0.212891 -1.058350 0.357178 20.374550 -43.738181 6.161166 144629283127.000000
0.220459 -1.059082 0.353760 20.435552 -42.579150 6.344171 144629284929.000000
0.220459 -1.055420 0.354004 20.252547 -40.749100 6.405173 144629286730.000000
0.220947 -1.055420 0.359619 20.557555 -39.163057 6.527176 144629288533.000000
0.224121 -1.050781 0.358154 20.679558 -37.577015 6.344171 144629290337.000000
0.226074 -1.045898 0.348633 20.557555 -35.624962 6.466175 144629292138.000000
0.226563 -1.045654 0.352295 20.435552 -33.611908 6.344171 144629293939.000000
0.227051 -1.041748 0.353027 20.557555 -31.537852 6.222168 144629295739.000000
0.226318 -1.034912 0.351074 20.679558 -29.829805 6.466175 144629297541.000000
0.230713 -1.028320 0.348145 20.740560 -27.877753 6.344171 144629299343.000000
0.226563 -1.018555 0.345703 20.618557 -25.620692 6.283170 144629301143.000000
0.222656 -1.015137 0.343506 20.435552 -24.034649 6.466175 144629302945.000000
0.220215 -1.007568 0.342529 20.252547 -21.655585 6.161166 144629304746.000000
0.221924 -1.003662 0.345703 20.557555 -19.459525 5.978161 144629306548.000000
0.220459 -0.988281 0.343506 20.679558 -17.934484 5.978161 144629308353.000000
0.221924 -0.981445 0.342285 20.374550 -15.738425 5.734155 144629310156.000000
0.220215 -0.976807 0.335205 20.130544 -13.542366 5.490148 144629311960.000000
0.217529 -0.971680 0.333984 19.886537 -11.407308 5.246142 144629313759.000000
0.215576 -0.958984 0.333496 19.764534 -9.577259 5.063137 144629315561.000000
0.214600 -0.948242 0.335205 19.642530 -7.991216 4.941133 144629317363.000000
0.207275 -0.940430 0.335449 19.215519 -6.100165 4.575124 144629319165.000000
0.202393 -0.931396 0.339844 19.398524 -4.514122 4.087110 144629320966.000000
0.205322 -0.931152 0.336670 19.154517 -2.562069 3.599097 144629322768.000000
0.197510 -0.921875 0.330078 18.727506 -0.793021 3.294089 144629324569.000000
0.194092 -0.914795 0.333252 18.605502 1.037028 3.050082 144629326369.000000
0.199707 -0.907227 0.339844 18.178491 2.257061 2.501068 144629328171.000000
0.191406 -0.902832 0.341553 18.056488 3.965107 2.074056 144629329976.000000
0.188721 -0.896729 0.335205 17.568474 5.307143 1.769048 144629331778.000000
0.186768 -0.893799 0.342773 17.446471 6.283170 1.159031 144629333580.000000
0.179199 -0.884521 0.339111 17.507473 7.625206 0.793021 144629335381.000000
0.176025 -0.879150 0.348633 16.958458 8.906240 0.244007 144629337181.000000
0.174316 -0.877197 0.353027 16.836455 10.309278 -0.549015 144629338986.000000
0.174316 -0.874512 0.353027 16.714451 10.980296 -0.793021 144629340789.000000
0.167969 -0.870361 0.345459 16.287440 11.956323 -1.342036 144629342590.000000
0.162598 -0.867188 0.356934 15.982432 12.688343 -1.769048 144629344395.000000
0.161865 -0.861572 0.355225 15.799427 13.420362 -2.196059 144629346196.000000
0.157715 -0.860840 0.350586 15.494418 14.213384 -2.745074 144629347997.000000
0.157959 -0.863037 0.356934 15.250412 15.006405 -3.172086 144629349805.000000
0.157715 -0.861328 0.363281 15.006405 15.555420 -3.843104 144629351606.000000
0.152100 -0.857422 0.363525 14.762399 16.287440 -4.087110 144629353407.000000
0.151367 -0.862061 0.354248 14.579394 16.836455 -4.514122 144629355210.000000
0.149658 -0.859619 0.364258 14.396389 17.202464 -5.002135 144629357012.000000
0.146240 -0.861084 0.363281 14.396389 17.568474 -5.551150 144629358820.000000
0.148682 -0.868164 0.370850 13.786372 18.239492 -5.734155 144629360645.000000
0.145996 -0.871582 0.367676 13.542366 18.361496 -6.161166 144629362450.000000
0.144775 -0.872070 0.366943 13.298359 18.544501 -6.283170 144629364252.000000
0.142334 -0.877686 0.370850 13.176356 18.971512 -6.771183 144629366053.000000
0.146240 -0.882568 0.371094 13.054352 19.093516 -7.076191 144629367855.000000
0.144775 -0.882080 0.368164 12.932349 19.337522 -7.320198 144629369664.000000
0.132324 -0.891357 0.371582 12.871348 19.459525 -7.747209 144629371464.000000
0.141357 -0.892822 0.374268 12.688343 19.215519 -7.930214 144629373265.000000
0.136719 -0.901611 0.375488 12.505338 19.825535 -7.869212 144629375066.000000
0.136719 -0.908447 0.376953 12.383334 19.459525 -8.174221 144629376867.000000
0.139648 -0.909912 0.381592 12.200329 19.825535 -8.479229 144629378669.000000
0.132324 -0.916748 0.382813 12.444336 19.642530 -8.479229 144629380473.000000
0.135254 -0.919434 0.383057 12.200329 20.069542 -8.418227 144629382274.000000
0.134277 -0.925049 0.382568 11.834320 20.008540 -8.662234 144629384075.000000
0.131836 -0.923096 0.378418 11.895321 19.825535 -8.845239 144629385880.000000
0.134033 -0.925537 0.383301 11.834320 19.642530 -8.723236 144629387681.000000
0.130615 -0.935303 0.379639 11.956323 19.520527 -8.540231 144629389483.000000
0.133789 -0.938232 0.380127 11.773318 19.703532 -8.357226 144629391285.000000
0.131836 -0.941650 0.385742 12.139328 19.276520 -8.662234 144629393086.000000
0.127441 -0.948486 0.390137 11.712316 18.971512 -8.540231 144629394887.000000
0.128662 -0.950439 0.386963 11.529311 19.093516 -8.418227 144629396688.000000
0.130859 -0.953125 0.387207 11.773318 19.093516 -8.296224 144629398490.000000
0.130615 -0.958496 0.385010 11.651315 18.605502 -8.418227 144629400293.000000
0.132324 -0.958008 0.392334 11.651315 18.483499 -8.235222 144629402095.000000
0.129150 -0.958008 0.386719 11.651315 18.239492 -8.235222 144629403897.000000
0.127686 -0.960693 0.383789 11.346306 17.751479 -7.991216 144629405698.000000
0.125977 -0.967285 0.391846 11.102300 17.629476 -7.686208 144629407500.000000
0.127441 -0.969238 0.383301 11.651315 17.263466 -7.686208 144629409302.000000
0.131348 -0.970947 0.383057 11.590313 16.897456 -7.259196 144629411104.000000
0.127441 -0.969971 0.389160 11.468310 16.531446 -7.320198 144629412905.000000
0.128662 -0.974609 0.386475 11.407308 16.104435 -7.198194 144629414707.000000
0.132568 -0.978271 0.381592 11.468310 15.860428 -7.015189 144629416508.000000
0.131836 -0.981445 0.383301 11.346306 15.128408 -7.198194 144629418310.000000
0.126221 -0.985840 0.380371 11.163301 14.945404 -6.771183 144629420112.000000
0.126465 -0.988770 0.380127 10.980296 14.213384 -6.832184 144629421913.000000
0.125977 -0.990967 0.374512 10.980296 13.725371 -6.283170 144629423718.000000
0.132080 -0.993408 0.377197 10.919295 12.993351 -6.466175 144629425520.000000
0.134521 -0.998047 0.377441 10.553285 12.627341 -6.039163 144629427321.000000
0.126709 -0.998535 0.386963 10.736290 12.017324 -5.734155 144629429130.000000
0.132324 -1.008057 0.373291 10.614287 11.651315 -5.551150 144629430931.000000
0.129639 -1.010010 0.378662 10.309278 10.797292 -5.307143 144629432733.000000
0.125977 -1.013428 0.375000 9.943268 10.004270 -4.880132 144629434535.000000
0.117432 -1.010254 0.376953 9.760264 9.272250 -4.636125 144629436336.000000
0.123047 -1.013184 0.373291 10.004270 8.418227 -4.148112 144629438136.000000
0.119141 -1.014893 0.377197 9.943268 7.869212 -3.782102 144629439951.000000
0.116455 -1.014404 0.375977 9.333252 6.832184 -3.599097 144629441753.000000
0.116455 -1.014648 0.379395 9.333252 6.161166 -2.806076 144629443555.000000
0.115234 -1.017090 0.373047 9.150247 5.063137 -2.623071 144629445356.000000
0.118164 -1.008057 0.380859 8.906240 4.392119 -2.440066 144629447157.000000
0.117676 -1.011719 0.376221 8.906240 3.843104 -1.891051 144629448962.000000
0.114990 -1.012695 0.378174 8.845239 2.867077 -1.403038 144629450762.000000
0.118164 -1.009033 0.375000 8.418227 1.647044 -1.342036 144629452563.000000
0.115479 -1.004883 0.381592 8.052217 0.915025 -0.793021 144629454364.000000
0.111816 -0.999512 0.375488 8.052217 0.061002 -0.488013 144629456165.000000
0.117432 -0.991211 0.379639 7.564204 -1.098030 -0.305008 144629457969.000000
0.114258 -0.989258 0.383545 7.442201 -1.647044 0.061002 144629459776.000000
0.112061 -0.988037 0.386719 7.137193 -2.684072 0.366010 144629461577.000000
0.116211 -0.982910 0.392578 7.320198 -3.599097 0.549015 144629463378.000000
0.115479 -0.980225 0.388672 6.893186 -4.697127 0.732020 144629465180.000000
0.113037 -0.971191 0.387939 6.466175 -5.429147 0.610016 144629466982.000000
0.112305 -0.971924 0.389648 6.344171 -6.283170 0.915025 144629468784.000000
0.118408 -0.965820 0.389160 6.283170 -6.893186 0.976026 144629470591.000000
0.119141 -0.958252 0.396484 5.795156 -7.991216 1.037028 144629472393.000000
0.119141 -0.953857 0.393311 5.734155 -8.662234 1.098030 144629474194.000000
0.122559 -0.943359 0.397461 5.490148 -9.211249 0.793021 144629475995.000000
0.118652 -0.942871 0.397705 5.246142 -10.004270 1.098030 144629477795.000000
0.119629 -0.939697 0.399658 4.880132 -10.431282 0.854023 144629479600.000000
0.126465 -0.936523 0.400146 4.758128 -10.797292 0.854023 144629481404.000000
0.123779 -0.932373 0.399902 4.514122 -11.468310 0.793021 144629483205.000000
0.126709 -0.928467 0.398682 4.392119 -12.017324 0.427012 144629485008.000000
0.126709 -0.923584 0.396729 4.270115 -12.322333 0.488013 144629486809.000000
0.127441 -0.925293 0.398926 3.843104 -12.505338 0.488013 144629488611.000000
0.127197 -0.919189 0.404053 3.843104 -12.993351 0.305008 144629490418.000000
0.131836 -0.920166 0.399414 3.782102 -13.359361 0.061002 144629492220.000000
0.131836 -0.915283 0.401611 3.538096 -13.542366 -0.366010 144629494022.000000
0.133545 -0.918457 0.400635 3.538096 -13.664369 -0.244007 144629495832.000000
0.131836 -0.917969 0.400635 3.660099 -13.542366 -0.732020 144629497634.000000
0.133789 -0.914551 0.407959 3.355091 -13.786372 -1.159031 144629499438.000000
0.135498 -0.912354 0.407715 3.355091 -13.908376 -1.159031 144629501239.000000
0.135986 -0.911377 0.408203 3.050082 -13.664369 -1.525041 144629503040.000000
0.135986 -0.909912 0.398926 3.050082 -13.664369 -1.952053 144629504843.000000
0.136719 -0.911377 0.406006 2.928079 -13.725371 -2.257061 144629506644.000000
0.139160 -0.910889 0.402588 2.684072 -13.359361 -2.379064 144629508445.000000
0.138916 -0.913086 0.409668 2.867077 -13.298359 -2.440066 144629510248.000000
0.137939 -0.910889 0.408447 2.562069 -13.237357 -2.989081 144629512049.000000
0.138916 -0.919678 0.403564 2.440066 -13.298359 -2.867077 144629513852.000000
0.138428 -0.920410 0.403564 2.684072 -13.237357 -3.355091 144629515653.000000
0.139893 -0.919434 0.401611 2.440066 -12.871348 -3.538096 144629517454.000000
0.144287 -0.922119 0.395264 2.379064 -12.322333 -3.538096 144629519256.000000
0.144043 -0.927734 0.404785 2.440066 -12.261331 -3.721100 144629521057.000000
0.143066 -0.925537 0.406494 2.440066 -12.505338 -4.209114 144629522859.000000
0.137695 -0.925781 0.401855 2.440066 -12.078326 -4.209114 144629524659.000000
0.136963 -0.931885 0.397949 2.318063 -11.651315 -4.392119 144629526460.000000
0.142334 -0.939209 0.400146 2.074056 -11.590313 -4.636125 144629528262.000000
0.142090 -0.937744 0.398193 2.196059 -11.651315 -5.002135 144629530065.000000
0.143066 -0.940186 0.397949 1.952053 -11.529311 -5.063137 144629531868.000000
0.142578 -0.939453 0.396240 2.196059 -11.346306 -5.002135 144629533669.000000
0.138672 -0.945801 0.396240 2.196059 -11.041298 -5.246142 144629535471.000000
0.144043 -0.953125 0.393311 1.952053 -11.041298 -5.246142 144629537272.000000
0.142334 -0.951660 0.393799 1.952053 -10.858293 -5.429147 144629539081.000000
0.139160 -0.956787 0.395264 2.013054 -10.980296 -5.490148 144629540881.000000
0.141602 -0.958252 0.393311 1.647044 -10.736290 -5.795156 144629542682.000000
0.139404 -0.963867 0.396240 1.769048 -10.736290 -5.917160 144629544483.000000
0.140625 -0.965820 0.392822 1.586043 -10.858293 -5.856158 144629546285.000000
0.134521 -0.965088 0.383789 1.403038 -10.980296 -6.100165 144629548085.000000
0.136963 -0.969238 0.392578 1.342036 -10.858293 -6.100165 144629549892.000000
0.138916 -0.969482 0.391113 1.281035 -10.797292 -6.161166 144629551697.000000
0.141602 -0.972900 0.391602 0.915025 -10.370280 -6.161166 144629553499.000000
0.141846 -0.974365 0.390381 0.610016 -10.370280 -6.588178 144629555301.000000
0.138428 -0.978027 0.388672 0.732020 -10.492283 -6.649180 144629557104.000000
0.141357 -0.980469 0.386719 0.305008 -10.614287 -6.405173 144629559494.000000
0.144531 -0.985107 0.385742 0.427012 -10.370280 -6.588178 144629561317.000000
0.142090 -0.990723 0.381836 -0.122003 -10.370280 -6.710181 144629563123.000000
0.141602 -0.987305 0.383057 -0.305008 -10.187275 -6.588178 144629564924.000000
0.144043 -0.988281 0.387207 -0.366010 -10.309278 -6.527176 144629566724.000000
0.142578 -0.992188 0.382568 -0.732020 -10.309278 -6.771183 144629568526.000000
0.140381 -1.000244 0.384033 -0.915025 -10.187275 -6.771183 144629570336.000000
0.138428 -0.998291 0.382813 -1.159031 -10.065272 -6.649180 144629572137.000000
0.141846 -0.998291 0.383057 -1.464040 -9.943268 -6.527176 144629573938.000000
0.144531 -1.003662 0.381592 -1.586043 -10.004270 -6.588178 144629575739.000000
0.142822 -1.006836 0.385254 -1.830049 -9.699262 -6.344171 144629577540.000000
0.139648 -1.010010 0.382813 -2.196059 -9.943268 -6.710181 144629579346.000000
0.138672 -1.013916 0.383301 -2.623071 -9.943268 -6.405173 144629581145.000000
0.140625 -1.013672 0.388916 -3.172086 -9.699262 -6.283170 144629582947.000000
0.138428 -1.020020 0.391113 -3.233087 -9.577259 -6.405173 144629584749.000000
0.140381 -1.022217 0.385742 -3.721100 -9.516257 -6.283170 144629586551.000000
0.142334 -1.023926 0.389160 -3.843104 -9.455255 -6.283170 144629588352.000000
0.138916 -1.026123 0.393555 -4.209114 -9.394254 -6.100165 144629590156.000000
0.142334 -1.025391 0.395752 -4.819130 -9.455255 -5.856158 144629591959.000000
0.140869 -1.030762 0.394287 -4.758128 -9.394254 -5.856158 144629593761.000000
0.140381 -1.032227 0.394043 -5.307143 -8.906240 -5.795156 144629595562.000000
0.141357 -1.032959 0.393555 -5.673153 -9.089245 -5.551150 144629597364.000000
0.142822 -1.032715 0.398926 -5.978161 -8.479229 -5.246142 144629599166.000000
0.146973 -1.032715 0.392090 -6.283170 -8.540231 -5.429147 144629601776.000000
0.141113 -1.029541 0.397461 -6.771183 -8.113219 -4.941133 144629604693.000000
0.143555 -1.035400 0.396240 -7.503203 -7.442201 -4.514122 144629607608.000000
0.148682 -1.028809 0.399170 -8.174221 -7.076191 -4.453120 144629610525.000000
0.147217 -1.024658 0.410645 -8.784237 -6.039163 -4.209114 144629613439.000000
0.150146 -1.029541 0.412598 -9.577259 -5.551150 -3.843104 144629616366.000000
0.149414 -1.025146 0.407959 -9.638260 -3.965107 -3.599097 144629619286.000000
0.151367 -1.026123 0.413330 -10.431282 -2.928079 -3.294089 144629622201.000000
0.148193 -1.017090 0.417236 -10.919295 -1.403038 -3.294089 144629625123.000000
0.145264 -1.020264 0.418701 -11.590313 0.000000 -2.806076 144629628038.000000
0.149170 -1.012207 0.420898 -12.078326 1.220033 -2.745074 144629630956.000000
0.149170 -1.011475 0.416260 -12.749344 3.355091 -2.318063 144629633874.000000
0.148193 -1.004639 0.420166 -12.932349 4.941133 -2.074056 144629636789.000000
0.147461 -1.002686 0.419922 -13.786372 6.832184 -2.074056 144629639706.000000
0.152100 -0.996582 0.417236 -14.091380 9.455255 -1.647044 144629642623.000000
0.149902 -0.995850 0.414795 -14.701397 11.285305 -1.525041 144629645539.000000
0.153809 -0.990967 0.415283 -15.128408 13.786372 -1.647044 144629648454.000000
0.159668 -0.983643 0.411865 -15.494418 16.531446 -1.403038 144629651381.000000
0.164063 -0.982910 0.419922 -15.982432 19.276520 -1.281035 144629654296.000000
0.162598 -0.981934 0.423584 -16.165436 22.265601 -1.159031 144629657211.000000
0.162109 -0.985840 0.426514 -16.531446 26.840725 -1.403038 144629660128.000000
0.155762 -0.984375 0.436768 -16.165436 31.171842 -1.342036 144629663042.000000
0.153564 -0.988770 0.444580 -16.043433 35.502959 -1.037028 144629665958.000000
0.145996 -0.989746 0.463623 -15.372415 40.993107 -0.671018 144629668881.000000
0.136475 -0.997314 0.482910 -15.006405 45.751235 -0.183005 144629671795.000000
0.128418 -0.995361 0.487793 -13.725371 51.241384 0.305008 144629674723.000000
0.115967 -0.996338 0.500244 -12.810346 56.609528 1.037028 144629677645.000000
0.099854 -0.999756 0.518799 -11.590313 61.550662 2.196059 144629680575.000000
0.093262 -1.001953 0.535889 -10.126273 66.186787 3.233087 144629683489.000000
0.079102 -1.002441 0.549561 -9.028244 70.334899 4.026109 144629686406.000000
0.063232 -1.006836 0.562744 -7.503203 73.628988 5.063137 144629689323.000000
0.049561 -1.004639 0.572266 -6.100165 76.618069 5.856158 144629692239.000000
0.038330 -1.003662 0.589600 -4.880132 78.814128 6.405173 144629695153.000000
0.031006 -1.000732 0.607422 -3.843104 79.851156 7.198194 144629698067.000000
0.011475 -0.998047 0.622314 -2.135058 80.644177 6.893186 144629700984.000000
-0.003418 -0.995850 0.638672 -1.098030 80.522174 6.954188 144629703897.000000
-0.020752 -0.986572 0.651367 0.061002 79.668151 6.466175 144629706827.000000
-0.029785 -0.985352 0.653809 0.915025 78.265113 6.161166 144629709745.000000
-0.045166 -0.984619 0.667480 2.074056 76.313060 5.856158 144629712660.000000
-0.062500 -0.976563 0.672852 2.745074 73.994998 5.185140 144629715576.000000
-0.076904 -0.978027 0.684570 3.538096 70.944916 5.063137 144629718490.000000
-0.098877 -0.968506 0.684570 4.331117 67.711828 4.880132 144629721408.000000
-0.110596 -0.969971 0.695068 4.941133 64.051729 4.758128 144629724328.000000
-0.127197 -0.968018 0.688721 5.673153 59.232599 5.307143 144629727243.000000
-0.140625 -0.970215 0.690430 5.612152 54.718477 5.490148 144629730161.000000
-0.147705 -0.970703 0.684814 6.100165 50.021351 5.673153 144629733078.000000
-0.162598 -0.975342 0.685303 6.466175 44.470201 5.856158 144629735993.000000
-0.173584 -0.975830 0.688477 6.588178 38.980052 6.283170 144629738910.000000
-0.185059 -0.981201 0.687500 6.710181 33.428903 6.588178 144629741824.000000
-0.195068 -0.984131 0.681641 7.015189 27.816751 7.137193 144629744740.000000
-0.204590 -0.982910 0.684326 7.259196 22.204600 7.198194 144629747655.000000
-0.198486 -0.980713 0.671875 7.259196 16.592448 7.869212 144629750579.000000
-0.202393 -0.984619 0.665527 7.198194 11.468310 7.747209 144629753496.000000
-0.201172 -0.985596 0.656006 7.442201 6.161166 8.296224 144629756412.000000
-0.196777 -0.985107 0.642090 7.320198 1.464040 8.662234 144629759327.000000
-0.190186 -0.980225 0.628662 7.259196 -3.477094 8.967242 144629762242.000000
-0.179688 -0.984375 0.609863 7.137193 -7.869212 9.272250 144629765156.000000
-0.166748 -0.981934 0.598389 7.015189 -11.590313 9.455255 144629768071.000000
-0.145020 -0.987061 0.582275 7.076191 -14.823400 9.943268 144629770998.000000
-0.132080 -0.989502 0.575439 6.832184 -17.934484 10.004270 144629773912.000000
-0.112793 -0.988281 0.561035 6.771183 -20.496553 10.004270 144629776827.000000
-0.093994 -0.990967 0.553711 6.893186 -22.448606 10.370280 144629779752.000000
-0.081543 -0.997314 0.543945 6.710181 -24.339657 10.248277 144629782670.000000
-0.062744 -0.999023 0.528564 7.503203 -25.010675 10.309278 144629785585.000000
-0.045898 -0.998047 0.518311 7.503203 -25.498688 10.309278 144629788500.000000
-0.034180 -1.002441 0.510254 7.686208 -25.498688 10.370280 144629791417.000000
-0.018799 -1.002686 0.494629 8.357226 -25.437687 10.187275 144629794334.000000
-0.006104 -1.002197 0.487061 8.662234 -24.644665 10.187275 144629797257.000000
0.004150 -1.012451 0.478271 9.211249 -24.095651 9.882267 144629800175.000000
0.015137 -1.012695 0.473877 9.516257 -23.058623 9.943268 144629803099.000000
0.022949 -1.013428 0.474365 10.065272 -22.326603 9.638260 144629806014.000000
0.034424 -1.016113 0.468262 10.370280 -20.984567 9.516257 144629808931.000000
0.041016 -1.016846 0.462158 10.736290 -20.252547 9.394254 144629811847.000000
0.047363 -1.013184 0.462891 11.468310 -19.337522 9.272250 144629814762.000000
0.052246 -1.016846 0.458740 11.651315 -18.422497 9.089245 144629817677.000000
0.054932 -1.013916 0.444580 12.078326 -17.080461 8.906240 144629820594.000000
0.056641 -1.008789 0.439209 12.383334 -16.226438 8.906240 144629823510.000000
0.066650 -1.005859 0.436768 12.505338 -15.372415 8.540231 144629826425.000000
0.066406 -1.002441 0.429199 12.566339 -14.213384 8.479229 144629829341.000000
0.073486 -0.996094 0.422119 12.566339 -13.298359 8.174221 144629832255.000000
0.073242 -0.995117 0.417969 12.566339 -12.444336 8.174221 144629835170.000000
0.077393 -0.990967 0.414063 12.627341 -11.346306 8.113219 144629838085.000000
0.084961 -0.990967 0.408691 12.505338 -10.797292 7.564204 144629841002.000000
0.088135 -0.987549 0.408203 12.322333 -9.882267 7.442201 144629843917.000000
0.087158 -0.983398 0.399902 12.139328 -8.723236 7.137193 144629846831.000000
0.090576 -0.983154 0.396729 12.078326 -8.174221 6.710181 144629849753.000000
0.094727 -0.980225 0.389404 11.773318 -7.503203 6.649180 144629852671.000000
0.096680 -0.979248 0.389160 11.468310 -6.954188 6.222168 144629855585.000000
0.099854 -0.979248 0.386719 11.285305 -6.405173 5.856158 144629858499.000000
0.102783 -0.976807 0.388428 10.980296 -5.795156 5.551150 144629861425.000000
0.108154 -0.970459 0.386230 10.309278 -4.514122 5.124138 144629869109.000000
0.108398 -0.969238 0.382080 10.065272 -3.721100 4.636125 144629872323.000000
0.113770 -0.967773 0.382813 9.882267 -3.050082 4.758128 144629875301.000000
0.110840 -0.966309 0.382324 9.638260 -2.745074 4.575124 144629878223.000000
0.117188 -0.961182 0.378662 9.333252 -1.891051 4.392119 144629881217.000000
0.115479 -0.960693 0.380371 9.150247 -1.159031 4.270115 144629884223.000000
0.116455 -0.955078 0.378906 8.906240 -0.610016 3.965107 144629887154.000000
0.120850 -0.954346 0.385010 8.784237 0.061002 4.148112 144629890071.000000
0.113281 -0.953613 0.384766 8.784237 0.549015 3.904105 144629892997.000000
0.114990 -0.953857 0.387695 8.479229 0.793021 3.599097 144629895914.000000
0.118896 -0.951660 0.387695 8.540231 1.098030 3.416092 144629898924.000000
0.118164 -0.948242 0.394287 8.479229 1.342036 3.172086 144629901894.000000
0.111328 -0.949951 0.384033 8.296224 1.586043 3.233087 144629904808.000000
0.112061 -0.948242 0.383057 8.174221 1.769048 3.111084 144629907725.000000
0.112061 -0.946533 0.389160 7.747209 1.525041 3.050082 144629910637.000000
0.113281 -0.945557 0.386719 7.869212 1.403038 2.684072 144629913572.000000
0.112549 -0.947266 0.384033 7.686208 1.342036 2.867077 144629916486.000000
0.110107 -0.942871 0.393066 7.381199 1.220033 2.501068 144629919407.000000
0.107910 -0.938477 0.387695 7.076191 0.732020 2.623071 144629922321.000000
0.109375 -0.939941 0.385986 6.710181 0.671018 2.562069 144629925239.000000
0.107178 -0.936768 0.391602 6.832184 0.061002 2.379064 144629928149.000000
0.107178 -0.937012 0.390381 6.100165 -0.427012 2.440066 144629931079.000000
0.103516 -0.935059 0.394043 6.222168 -0.610016 2.318063 144629933994.000000
0.107422 -0.934570 0.385010 5.673153 -1.159031 2.501068 144629936904.000000
0.108643 -0.933105 0.383545 5.673153 -1.220033 2.562069 144629939819.000000
0.108154 -0.930664 0.385254 5.368145 -1.891051 2.684072 144629942731.000000
0.102539 -0.929443 0.387451 5.002135 -2.501068 2.562069 144629945647.000000
0.105469 -0.927002 0.387695 4.697127 -2.806076 2.440066 144629948558.000000
0.106445 -0.925049 0.391602 4.514122 -3.111084 2.318063 144629951477.000000
0.110596 -0.922852 0.390381 4.026109 -3.416092 2.806076 144629954405.000000
0.106689 -0.917725 0.396240 3.782102 -3.843104 2.623071 144629957323.000000
0.109131 -0.913818 0.395020 3.538096 -3.965107 2.196059 144629960242.000000
0.106689 -0.914307 0.395020 3.294089 -4.209114 2.623071 144629963170.000000
0.109619 -0.910645 0.401123 3.233087 -4.514122 2.501068 144629966088.000000
0.110107 -0.912598 0.397705 2.867077 -4.514122 2.318063 144629969014.000000
0.113770 -0.909180 0.400146 2.501068 -4.758128 2.013054 144629971945.000000
0.114258 -0.906738 0.406494 2.318063 -4.880132 2.196059 144629974862.000000
0.116943 -0.910889 0.412109 2.074056 -4.392119 1.586043 144629977779.000000
0.118408 -0.909424 0.407471 2.074056 -4.575124 1.891051 144629980710.000000
0.112061 -0.906982 0.405029 1.769048 -4.575124 1.403038 144629983628.000000
0.117432 -0.914063 0.406006 1.525041 -4.270115 1.403038 144629986546.000000
0.118652 -0.912598 0.407715 1.525041 -4.148112 1.281035 144629989465.000000
0.118652 -0.912354 0.411621 1.525041 -3.904105 1.220033 144629992406.000000
0.116943 -0.920166 0.409668 1.403038 -3.721100 1.220033 144629995329.000000
0.125244 -0.920654 0.409912 1.220033 -3.111084 0.915025 144629998246.000000
0.124268 -0.916504 0.403320 0.976026 -2.684072 0.671018 144630001252.000000
0.126465 -0.921143 0.404541 0.976026 -1.952053 0.793021 144630003689.000000
0.121826 -0.918945 0.405273 1.037028 -1.464040 0.793021 144630005494.000000
0.126221 -0.926025 0.407471 1.037028 -1.159031 0.366010 144630007297.000000
0.124023 -0.924561 0.411133 1.220033 -1.037028 0.366010 144630009107.000000
0.124756 -0.923340 0.398682 1.098030 -0.427012 0.061002 144630010912.000000
0.123047 -0.931152 0.398926 0.793021 -0.366010 0.427012 144630012718.000000
0.124023 -0.933350 0.400146 0.671018 0.366010 0.244007 144630014521.000000
0.124023 -0.933350 0.393066 0.854023 0.793021 0.305008 144630016324.000000
0.124023 -0.934570 0.397705 0.671018 1.098030 -0.061002 144630018128.000000
0.121338 -0.936035 0.395264 0.488013 1.464040 -0.061002 144630019977.000000
0.125977 -0.938721 0.398193 0.793021 1.891051 0.122003 144630021981.000000
0.120361 -0.941895 0.395752 0.183005 2.379064 -0.244007 144630023889.000000
0.121094 -0.950439 0.400635 0.000000 2.867077 -0.183005 144630025767.000000
0.117920 -0.949219 0.392822 0.244007 3.233087 -0.122003 144630027573.000000
0.118652 -0.951172 0.395508 -0.244007 3.538096 -0.244007 144630029377.000000
0.119385 -0.954834 0.392090 -0.061002 3.843104 -0.244007 144630031189.000000
0.116699 -0.957520 0.393555 -0.305008 3.904105 -0.427012 144630032991.000000
0.118408 -0.965332 0.398926 -0.305008 4.026109 -0.305008 144630034799.000000
0.114502 -0.966309 0.399658 -0.732020 4.575124 -0.122003 144630036601.000000
0.113525 -0.970215 0.401123 -0.671018 4.514122 -0.366010 144630038402.000000
0.116699 -0.971924 0.398682 -1.098030 4.880132 -0.671018 144630040206.000000
0.114746 -0.977295 0.395996 -1.220033 5.246142 -0.488013 144630042008.000000
