-0.146240 -0.996582 0.118896 5.124138 -26.413713 11.468310 165256408928.000000
-0.140137 -0.992920 0.118164 4.880132 -26.657720 11.346306 165256411859.000000
-0.133789 -0.997070 0.109131 4.880132 -27.023730 11.285305 165256414776.000000
-0.132324 -0.990234 0.113525 5.063137 -27.328738 10.919295 165256417701.000000
-0.131104 -0.989258 0.118164 5.185140 -27.938754 10.675288 165256420622.000000
-0.130615 -0.987549 0.117188 4.514122 -28.304764 10.492283 165256423540.000000
-0.137451 -0.982178 0.127686 4.758128 -28.731776 10.736290 165256426454.000000
-0.126465 -0.983154 0.117676 4.941133 -29.280791 10.065272 165256429368.000000
-0.135498 -0.979736 0.115723 4.819130 -29.341792 10.126273 165256432295.000000
-0.124268 -0.980469 0.123535 4.819130 -30.012810 10.309278 165256435210.000000
-0.126221 -0.980225 0.122070 4.636125 -30.195815 10.126273 165256438127.000000
-0.102295 -0.979736 0.127686 5.002135 -29.890807 9.577259 165256441050.000000
-0.127686 -0.972656 0.131348 4.819130 -29.585799 9.943268 165256443970.000000
-0.112305 -0.973877 0.141846 5.429147 -29.707802 9.638260 165256446886.000000
-0.122314 -0.974121 0.121826 5.002135 -29.585799 9.638260 165256449805.000000
-0.127930 -0.972412 0.142334 5.002135 -29.341792 9.638260 165256452730.000000
-0.131592 -0.973145 0.142090 5.307143 -29.707802 9.699262 165256456831.000000
-0.131104 -0.970947 0.130615 4.941133 -29.036784 9.760264 165256459825.000000
-0.127441 -0.974854 0.137207 5.246142 -29.219789 9.211249 165256462752.000000
-0.131348 -0.971436 0.135986 5.124138 -30.012810 9.333252 165256465670.000000
-0.135742 -0.974121 0.135986 4.880132 -30.317819 9.028244 165256468585.000000
-0.136475 -0.972168 0.143311 5.246142 -30.866833 9.150247 165256471502.000000
-0.131348 -0.972412 0.143799 5.551150 -31.354847 8.662234 165256474419.000000
-0.136230 -0.975342 0.139893 5.490148 -31.659855 8.540231 165256477333.000000
-0.138184 -0.975342 0.141846 5.368145 -32.269871 8.113219 165256480249.000000
-0.146240 -0.968994 0.128418 5.002135 -32.208870 8.540231 165256483166.000000
-0.143066 -0.971680 0.148193 5.856158 -32.635881 8.296224 165256486082.000000
-0.150635 -0.970703 0.147949 5.795156 -33.001891 8.601232 165256488998.000000
-0.142578 -0.966309 0.137451 6.100165 -33.367901 8.662234 165256491920.000000
-0.146484 -0.970459 0.138184 5.490148 -33.184896 8.723236 165256494836.000000
-0.141846 -0.970459 0.138428 6.039163 -33.367901 8.540231 165256497751.000000
-0.138916 -0.961182 0.124756 5.917160 -32.879888 8.479229 165256500667.000000
-0.138184 -0.959229 0.122559 5.551150 -32.635881 8.601232 165256503582.000000
-0.131348 -0.959473 0.127441 5.856158 -32.330873 8.235222 165256506497.000000
-0.130127 -0.957520 0.126953 6.100165 -31.903861 8.235222 165256509413.000000
-0.135254 -0.956787 0.127686 6.039163 -31.659855 8.235222 165256512337.000000
-0.130127 -0.951172 0.120850 5.978161 -31.171842 8.418227 165256515253.000000
-0.117920 -0.953857 0.106689 5.856158 -29.890807 8.174221 165256518169.000000
-0.122070 -0.960938 0.115967 6.039163 -28.792777 8.113219 165256521086.000000
-0.115479 -0.957764 0.116943 6.100165 -28.487769 8.052217 165256524000.000000
-0.115234 -0.961182 0.109619 5.917160 -27.572744 8.174221 165256526914.000000
-0.122314 -0.958740 0.121582 6.344171 -26.291710 8.113219 165256529832.000000
-0.119873 -0.958252 0.113281 6.893186 -27.145733 7.503203 165256532757.000000
-0.168213 -0.947754 0.071045 4.209114 -23.607637 9.089245 165256535671.000000
-0.093994 -0.960205 0.175781 5.490148 -24.583664 7.991216 165256538586.000000
-0.104248 -0.963867 0.118896 8.174221 -23.058623 7.015189 165256541507.000000
-0.114746 -0.958740 0.127197 7.625206 -22.265601 7.076191 165256544454.000000
-0.113525 -0.946045 0.127686 4.880132 -21.533581 7.076191 165256547369.000000
-0.117432 -0.945313 0.091553 4.880132 -20.374550 7.320198 165256550290.000000
-0.106689 -0.946045 0.155518 7.381199 -20.130544 6.344171 165256553209.000000
-0.104980 -0.946289 0.130615 6.588178 -18.422497 6.649180 165256556127.000000
-0.113037 -0.946533 0.122803 5.551150 -17.568474 6.466175 165256559055.000000
-0.109619 -0.949707 0.143555 5.856158 -17.019460 6.588178 165256561973.000000
-0.111328 -0.950439 0.145508 7.076191 -15.982432 6.344171 165256564888.000000
-0.113281 -0.949951 0.156250 7.198194 -15.555420 6.283170 165256567802.000000
-0.121582 -0.952393 0.139404 6.405173 -15.006405 6.039163 165256570723.000000
-0.118652 -0.947266 0.163330 6.344171 -14.579394 6.344171 165256573648.000000
-0.123047 -0.950195 0.163330 7.198194 -14.274385 5.856158 165256576578.000000
-0.125244 -0.951172 0.166016 7.442201 -14.152382 5.734155 165256579493.000000
-0.130859 -0.943359 0.161377 6.954188 -13.969377 5.612152 165256582410.000000
-0.129639 -0.947510 0.171143 6.893186 -14.518392 5.429147 165256585325.000000
-0.137451 -0.946289 0.170898 7.381199 -14.518392 5.246142 165256588248.000000
-0.140381 -0.944580 0.180664 7.503203 -15.189410 4.941133 165256591175.000000
-0.140137 -0.936523 0.170166 7.198194 -15.860428 4.636125 165256594089.000000
-0.148682 -0.936768 0.176758 7.137193 -16.470445 4.636125 165256597003.000000
-0.150635 -0.936035 0.178955 7.015189 -17.507473 4.209114 165256599920.000000
-0.150391 -0.938721 0.172119 7.015189 -18.483499 4.026109 165256602837.000000
-0.156250 -0.935059 0.172119 7.015189 -19.459525 3.660099 165256605762.000000
-0.157715 -0.937012 0.165039 6.405173 -20.557555 3.416092 165256608679.000000
-0.161377 -0.938721 0.174316 6.527176 -21.533581 3.233087 165256611600.000000
-0.163818 -0.943604 0.162109 6.222168 -22.875618 2.928079 165256614516.000000
-0.159668 -0.946777 0.164063 6.100165 -23.973647 2.623071 165256617433.000000
-0.161621 -0.950684 0.166504 5.612152 -25.376685 1.891051 165256620350.000000
-0.157227 -0.951172 0.161377 5.490148 -26.596718 2.135058 165256623359.000000
-0.159668 -0.952637 0.160645 5.368145 -27.816751 1.586043 165256626275.000000
-0.156494 -0.951660 0.157715 5.185140 -29.280791 0.732020 165256629190.000000
-0.158936 -0.950684 0.153076 5.246142 -30.317819 0.854023 165256632116.000000
-0.155762 -0.947998 0.156250 4.697127 -31.415848 0.244007 165256635031.000000
-0.151123 -0.943604 0.151123 4.758128 -32.269871 0.244007 165256637946.000000
-0.147949 -0.943359 0.155518 4.209114 -33.306899 -0.549015 165256640868.000000
-0.146240 -0.941895 0.148193 4.453120 -33.916916 -0.793021 165256643788.000000
-0.139648 -0.936279 0.144775 4.209114 -34.770939 -0.976026 165256646702.000000
-0.141602 -0.936768 0.147217 3.782102 -35.441957 -1.342036 165256649620.000000
-0.138184 -0.932861 0.143799 3.660099 -36.295980 -1.647044 165256652546.000000
-0.134766 -0.931152 0.144531 3.416092 -36.844995 -2.196059 165256655463.000000
-0.134521 -0.928955 0.139160 3.477094 -37.089001 -2.440066 165256658378.000000
-0.132813 -0.924805 0.135986 2.867077 -37.455011 -2.806076 165256661322.000000
-0.125732 -0.924561 0.144287 2.867077 -37.882023 -2.806076 165256664239.000000
-0.127197 -0.919678 0.130859 2.501068 -38.309034 -3.477094 165256667156.000000
-0.120117 -0.914551 0.140381 2.135058 -38.736046 -3.782102 165256670071.000000
-0.123291 -0.914063 0.135986 2.013054 -38.797048 -4.026109 165256672988.000000
-0.120605 -0.909668 0.131592 1.830049 -38.797048 -4.209114 165256675902.000000
-0.121582 -0.904297 0.139648 1.464040 -38.919051 -4.514122 165256678816.000000
-0.114746 -0.904297 0.136475 1.586043 -39.163057 -4.819130 165256681732.000000
-0.115479 -0.903076 0.127930 1.281035 -39.224059 -5.063137 165256684646.000000
-0.118408 -0.906494 0.131104 1.037028 -39.407064 -5.429147 165256687574.000000
-0.114990 -0.906738 0.129639 0.854023 -39.407064 -5.429147 165256690494.000000
-0.116211 -0.906982 0.133545 0.427012 -39.468066 -5.917160 165256693409.000000
-0.113281 -0.905029 0.126221 0.000000 -39.407064 -5.734155 165256696324.000000
-0.112793 -0.908203 0.128418 -0.488013 -39.468066 -6.466175 165256699239.000000
-0.112793 -0.911621 0.128174 -0.732020 -39.224059 -6.588178 165256702157.000000
-0.109619 -0.906494 0.131836 -0.915025 -39.590069 -6.832184 165256705072.000000
-0.110352 -0.907959 0.126709 -1.342036 -39.346062 -6.954188 165256707986.000000
-0.114258 -0.907959 0.129639 -1.403038 -39.712072 -7.015189 165256710909.000000
-0.110352 -0.905518 0.130127 -1.464040 -39.773074 -7.320198 165256713828.000000
-0.114502 -0.901123 0.128906 -1.952053 -40.139084 -7.808211 165256716742.000000
-0.111572 -0.901123 0.132324 -2.318063 -40.078082 -7.869212 165256719657.000000
-0.110596 -0.897217 0.128662 -2.623071 -40.383090 -7.869212 165256722583.000000
-0.113037 -0.897949 0.121826 -2.684072 -40.322089 -8.113219 165256725499.000000
-0.110596 -0.892090 0.126465 -2.928079 -40.688099 -8.479229 165256728414.000000
-0.110596 -0.889404 0.124023 -3.477094 -40.871104 -8.479229 165256731337.000000
-0.104492 -0.887207 0.125977 -3.416092 -41.298115 -8.784237 165256734256.000000
-0.103271 -0.884033 0.122314 -4.270115 -41.054108 -8.967242 165256737172.000000
-0.106689 -0.884033 0.116455 -4.209114 -41.359117 -9.089245 165256740087.000000
-0.098877 -0.877197 0.123047 -4.514122 -41.420118 -9.150247 165256743011.000000
-0.098389 -0.882813 0.117676 -4.819130 -41.603123 -9.577259 165256745927.000000
-0.097168 -0.876221 0.124268 -5.246142 -41.481120 -9.272250 165256748840.000000
-0.095703 -0.877197 0.115723 -5.551150 -41.542122 -9.821265 165256751756.000000
-0.092773 -0.875000 0.115723 -5.734155 -41.298115 -9.516257 165256754671.000000
-0.089600 -0.876221 0.113770 -5.734155 -41.298115 -10.065272 165256757587.000000
-0.090088 -0.872803 0.114258 -6.161166 -41.481120 -9.821265 165256760519.000000
-0.089111 -0.870117 0.111816 -6.527176 -41.420118 -10.004270 165256763460.000000
-0.084961 -0.876953 0.111816 -6.405173 -41.420118 -10.065272 165256766377.000000
-0.089111 -0.871582 0.106689 -6.893186 -41.420118 -10.126273 165256769293.000000
-0.091309 -0.873779 0.113037 -6.771183 -41.481120 -9.943268 165256772210.000000
-0.084961 -0.876465 0.103516 -6.832184 -41.176112 -9.760264 165256775136.000000
-0.087891 -0.874023 0.103760 -7.076191 -41.420118 -10.004270 165256778050.000000
-0.086914 -0.880371 0.102051 -7.259196 -41.359117 -9.577259 165256780969.000000
-0.087402 -0.882813 0.091553 -7.564204 -41.298115 -9.333252 165256783886.000000
-0.088623 -0.894043 0.085449 -7.991216 -41.298115 -9.272250 165256791451.000000
-0.087891 -0.896484 0.076416 -8.601232 -41.420118 -9.455255 165256794591.000000
-0.083740 -0.902100 0.082764 -8.784237 -41.298115 -9.516257 165256797547.000000
-0.087402 -0.908691 0.078857 -8.906240 -41.420118 -9.394254 165256800509.000000
-0.085205 -0.908936 0.081055 -9.089245 -41.603123 -9.150247 165256803529.000000
-0.083740 -0.910400 0.071533 -9.516257 -41.420118 -9.211249 165256806543.000000
-0.084717 -0.913086 0.073975 -9.699262 -41.420118 -9.272250 165256809473.000000
-0.085205 -0.915771 0.073486 -9.882267 -41.969133 -9.089245 165256812406.000000
-0.075195 -0.919922 0.082275 -10.065272 -42.152138 -9.455255 165256815328.000000
-0.081299 -0.919189 0.078369 -10.065272 -42.213140 -9.150247 165256818247.000000
-0.080566 -0.920410 0.073975 -10.187275 -42.701153 -9.272250 165256821160.000000
-0.075928 -0.920898 0.073730 -10.248277 -43.128164 -8.906240 165256824083.000000
-0.073242 -0.924805 0.078369 -10.492283 -43.250168 -8.906240 165256827034.000000
-0.071045 -0.922363 0.076172 -10.492283 -43.494174 -8.540231 165256829956.000000
-0.065674 -0.917969 0.070313 -10.553285 -44.043189 -8.784237 165256832868.000000
-0.067871 -0.924072 0.063965 -10.675288 -44.165192 -8.296224 165256835781.000000
-0.054199 -0.923340 0.063965 -10.736290 -43.982188 -8.845239 165256838691.000000
-0.053223 -0.923096 0.074951 -10.736290 -44.714207 -8.296224 165256841607.000000
-0.051758 -0.922852 0.069580 -10.797292 -44.531202 -8.418227 165256844524.000000
-0.046631 -0.923340 0.067627 -10.736290 -44.470201 -8.174221 165256847449.000000
-0.048584 -0.920898 0.069336 -10.919295 -44.592204 -8.052217 165256850364.000000
-0.038574 -0.922852 0.070557 -10.919295 -44.531202 -7.930214 165256853363.000000
-0.040039 -0.926025 0.068848 -10.919295 -44.470201 -7.625206 165256856288.000000
-0.035400 -0.921387 0.073975 -11.041298 -44.714207 -7.503203 165256859201.000000
-0.031738 -0.920166 0.075195 -11.041298 -44.287196 -7.076191 165256862198.000000
-0.029785 -0.921387 0.073975 -11.163301 -44.531202 -7.076191 165256865120.000000
-0.029785 -0.921631 0.073486 -11.163301 -43.982188 -6.527176 165256868032.000000
-0.021973 -0.922119 0.072510 -11.712316 -44.043189 -6.649180 165256870946.000000
-0.020508 -0.918945 0.079834 -11.407308 -43.738181 -6.039163 165256873863.000000
-0.020264 -0.921875 0.069824 -11.590313 -43.433173 -5.978161 165256876772.000000
-0.017822 -0.919678 0.068359 -11.712316 -43.067163 -5.429147 165256879680.000000
-0.016602 -0.918945 0.067139 -12.261331 -42.884158 -5.246142 165256882599.000000
-0.008789 -0.919922 0.072754 -12.261331 -42.762155 -5.063137 165256885516.000000
-0.010498 -0.922119 0.068115 -11.956323 -42.213140 -4.880132 165256888443.000000
-0.013428 -0.924805 0.073486 -12.505338 -41.908132 -4.453120 165256891361.000000
-0.009766 -0.928467 0.064697 -12.383334 -41.664125 -4.331117 165256894275.000000
-0.008057 -0.933105 0.073242 -12.505338 -40.993107 -3.904105 165256897189.000000
-0.012695 -0.939941 0.060059 -12.810346 -40.322089 -3.538096 165256900098.000000
-0.013184 -0.943115 0.064453 -13.115354 -40.078082 -3.294089 165256903047.000000
-0.005859 -0.953613 0.051758 -13.420362 -39.346062 -3.172086 165256905972.000000
-0.008301 -0.960693 0.058594 -13.481364 -38.492039 -2.867077 165256908890.000000
-0.007568 -0.968994 0.055176 -13.908376 -38.248033 -2.440066 165256911839.000000
-0.005615 -0.978760 0.049561 -14.030379 -37.821021 -2.135058 165256914753.000000
-0.008057 -0.981201 0.058350 -14.091380 -37.150003 -2.074056 165256917665.000000
-0.006348 -0.988281 0.051025 -14.152382 -36.844995 -2.196059 165256920604.000000
-0.010010 -0.994141 0.050049 -14.274385 -36.234978 -1.708046 165256923528.000000
-0.003418 -0.996338 0.047363 -14.335387 -35.502959 -1.708046 165256926458.000000
-0.002930 -1.002441 0.042236 -14.396389 -35.319954 -1.586043 165256929374.000000
-0.002197 -1.001709 0.043457 -14.518392 -35.075947 -1.403038 165256932291.000000
0.000732 -1.000488 0.050293 -14.579394 -34.404929 -1.220033 165256935212.000000
0.003174 -1.000488 0.042236 -14.823400 -34.099921 -0.976026 165256938130.000000
0.012207 -1.000977 0.041260 -14.457390 -33.672909 -0.610016 165256941050.000000
0.008789 -0.998535 0.048584 -14.884402 -33.123894 -0.915025 165256943970.000000
0.015381 -0.995117 0.053711 -14.396389 -33.062893 -0.793021 165256946886.000000
0.019043 -0.994873 0.050293 -14.762399 -32.391875 -0.976026 165256949802.000000
0.022217 -0.990967 0.054688 -14.335387 -31.903861 -0.732020 165256952722.000000
0.024414 -0.988525 0.052246 -14.579394 -31.232843 -0.793021 165256955640.000000
0.031494 -0.983887 0.051025 -14.640395 -30.866833 -0.549015 165256958572.000000
0.031982 -0.976807 0.049561 -14.396389 -29.890807 -0.488013 165256961544.000000
0.040283 -0.975830 0.059570 -14.213384 -30.378820 -0.976026 165256964646.000000
0.015625 -0.971436 0.035645 -15.616422 -28.060758 0.244007 165256967728.000000
0.056641 -0.975830 0.073975 -15.677423 -28.182761 -0.366010 165256970755.000000
0.050781 -0.981201 0.067627 -13.908376 -26.718721 -0.610016 165256973704.000000
0.047852 -0.974609 0.060059 -14.213384 -26.352712 -0.366010 165256976633.000000
0.045410 -0.969727 0.051270 -15.433417 -25.132679 -0.061002 165256979543.000000
0.046875 -0.962402 0.041504 -15.494418 -23.668639 0.000000 165256982464.000000
0.045410 -0.969971 0.067871 -14.579394 -23.058623 -0.122003 165256985384.000000
0.048096 -0.967285 0.062988 -14.884402 -21.960593 -0.244007 165256988304.000000
0.046875 -0.967285 0.043945 -15.738425 -20.923565 0.305008 165256991223.000000
0.049072 -0.968262 0.050537 -15.860428 -19.825535 0.061002 165256994134.000000
0.042480 -0.972168 0.050537 -15.311413 -18.666504 0.061002 165256997042.000000
0.044922 -0.976074 0.056152 -15.738425 -17.385469 0.000000 165256999951.000000
0.045898 -0.978027 0.042725 -16.470445 -16.287440 0.610016 165257002886.000000
0.040771 -0.979736 0.046387 -16.897456 -15.494418 0.061002 165257005808.000000
0.035400 -0.988037 0.051758 -16.348441 -14.152382 0.366010 165257008733.000000
0.040771 -0.988525 0.046143 -16.592448 -13.298359 0.427012 165257011654.000000
0.031738 -0.988037 0.036621 -16.958458 -12.505338 0.244007 165257014563.000000
0.036865 -0.991211 0.045410 -17.385469 -11.773318 0.793021 165257017471.000000
0.028809 -0.996094 0.046631 -16.897456 -10.797292 0.427012 165257020379.000000
0.027344 -0.994141 0.042480 -16.592448 -10.187275 0.915025 165257023363.000000
0.026367 -0.996338 0.039063 -16.897456 -9.577259 0.671018 165257026284.000000
0.022217 -0.993896 0.040771 -17.141463 -8.784237 0.915025 165257029199.000000
0.022949 -0.996094 0.048340 -16.653450 -8.235222 1.159031 165257032127.000000
0.016602 -0.994873 0.045898 -16.714451 -7.808211 0.854023 165257035045.000000
0.014404 -0.996094 0.038330 -16.592448 -7.076191 1.159031 165257037961.000000
0.009766 -0.996338 0.042969 -16.592448 -6.771183 1.220033 165257040885.000000
0.003174 -0.996094 0.039795 -16.531446 -6.466175 1.342036 165257043802.000000
0.003418 -0.996582 0.035400 -16.470445 -5.856158 1.464040 165257046718.000000
-0.001465 -0.995361 0.035156 -16.653450 -5.368145 1.586043 165257049634.000000
-0.006836 -0.996094 0.032715 -16.714451 -4.941133 1.464040 165257052559.000000
-0.007080 -0.992432 0.038086 -16.592448 -4.941133 1.525041 165257055476.000000
-0.009766 -0.992432 0.033691 -16.348441 -4.392119 1.525041 165257058394.000000
-0.006104 -0.991455 0.037354 -16.653450 -4.392119 1.342036 165257061319.000000
-0.011475 -0.987061 0.037842 -16.470445 -4.148112 1.464040 165257064236.000000
-0.014160 -0.984131 0.039795 -16.714451 -4.392119 1.281035 165257067157.000000
-0.013916 -0.980713 0.032959 -16.409443 -4.148112 1.098030 165257070073.000000
-0.016357 -0.988037 0.039551 -16.531446 -4.453120 1.037028 165257072992.000000
-0.013428 -0.990723 0.039307 -16.531446 -4.392119 1.098030 165257075908.000000
-0.017090 -0.989502 0.036133 -16.531446 -4.514122 0.671018 165257078830.000000
-0.014404 -0.999023 0.031006 -16.653450 -4.453120 0.549015 165257081748.000000
-0.018799 -0.996338 0.027100 -16.653450 -4.636125 0.366010 165257084663.000000
-0.012451 -0.994873 0.028809 -16.531446 -4.575124 0.183005 165257087578.000000
-0.015869 -0.992188 0.026611 -16.226438 -4.636125 -0.061002 165257090497.000000
-0.017090 -0.996338 0.036865 -16.348441 -4.575124 -0.366010 165257093418.000000
-0.017578 -0.994629 0.027588 -16.043433 -4.758128 -0.244007 165257096334.000000
-0.018555 -0.993652 0.031006 -16.165436 -5.185140 -0.610016 165257099251.000000
-0.015625 -0.992432 0.027832 -16.165436 -4.880132 -0.610016 165257102171.000000
-0.013672 -0.992676 0.031494 -16.348441 -4.880132 -0.915025 165257105087.000000
-0.014160 -0.989746 0.024170 -15.982432 -5.246142 -1.098030 165257108001.000000
-0.013428 -0.986328 0.025879 -16.043433 -5.368145 -1.220033 165257110924.000000
-0.018799 -0.985352 0.030518 -16.104435 -5.063137 -1.525041 165257113842.000000
-0.010986 -0.984619 0.031494 -16.104435 -5.246142 -1.769048 165257116756.000000
-0.015137 -0.977783 0.025391 -15.860428 -5.246142 -1.708046 165257119671.000000
-0.012939 -0.977783 0.022949 -16.104435 -5.124138 -1.830049 165257122603.000000
-0.016602 -0.976807 0.026611 -16.104435 -5.063137 -1.708046 165257125519.000000
-0.015137 -0.971680 0.030273 -15.982432 -5.002135 -2.135058 165257128450.000000
-0.013184 -0.974609 0.022461 -16.104435 -4.941133 -2.135058 165257131373.000000
-0.010986 -0.974121 0.026855 -15.921430 -4.575124 -2.623071 165257134292.000000
-0.014404 -0.970947 0.026855 -16.165436 -4.941133 -2.684072 165257137208.000000
-0.014160 -0.966797 0.026611 -15.982432 -4.697127 -2.928079 165257140122.000000
-0.011475 -0.970459 0.023193 -16.226438 -4.392119 -2.989081 165257143058.000000
-0.011963 -0.963379 0.024414 -15.921430 -4.087110 -3.111084 165257145973.000000
-0.010986 -0.959473 0.033203 -16.287440 -3.843104 -3.477094 165257148888.000000
-0.011963 -0.958740 0.022217 -16.226438 -3.660099 -2.928079 165257151805.000000
-0.011475 -0.956787 0.027344 -16.104435 -3.538096 -3.538096 165257154721.000000
-0.008789 -0.958252 0.024170 -16.226438 -3.050082 -3.599097 165257157645.000000
-0.010254 -0.955566 0.023926 -16.287440 -2.928079 -3.782102 165257160577.000000
-0.007324 -0.954346 0.015137 -16.409443 -2.867077 -3.904105 165257163502.000000
-0.007324 -0.956055 0.028320 -16.531446 -2.745074 -3.843104 165257166417.000000
-0.007813 -0.952637 0.022705 -16.592448 -2.379064 -4.087110 165257169341.000000
-0.012695 -0.951904 0.027832 -16.043433 -2.257061 -4.087110 165257172258.000000
-0.010498 -0.955811 0.028076 -16.104435 -1.891051 -4.270115 165257175183.000000
-0.017822 -0.956055 0.021729 -16.470445 -2.257061 -4.270115 165257178098.000000
-0.016113 -0.961914 0.021484 -16.287440 -1.769048 -4.331117 165257181027.000000
-0.018555 -0.962402 0.017822 -16.165436 -1.769048 -4.453120 165257183943.000000
-0.019043 -0.964600 0.009033 -16.592448 -1.464040 -4.453120 165257186858.000000
-0.019775 -0.972656 0.011719 -16.531446 -1.647044 -4.636125 165257189777.000000
-0.021729 -0.975830 0.008057 -16.653450 -1.830049 -4.697127 165257192694.000000
-0.021973 -0.979492 0.004883 -16.653450 -1.891051 -4.575124 165257195609.000000
-0.026611 -0.984131 0.005371 -16.775453 -1.952053 -4.941133 165257198525.000000
-0.023193 -0.985596 0.006348 -16.592448 -2.318063 -5.185140 165257201443.000000
-0.023682 -0.986816 0.004883 -16.409443 -2.074056 -5.246142 165257204358.000000
-0.025146 -0.992676 0.003662 -16.409443 -2.501068 -5.246142 165257207273.000000
-0.024170 -0.995850 -0.003174 -16.592448 -2.623071 -5.551150 165257210189.000000
-0.026367 -0.994629 0.000000 -16.226438 -3.111084 -5.429147 165257213113.000000
-0.026367 -0.998535 -0.000244 -16.104435 -3.660099 -5.795156 165257216030.000000
-0.027588 -1.000977 -0.008789 -15.799427 -3.599097 -5.856158 165257218950.000000
-0.027588 -1.002441 -0.004150 -15.738425 -4.331117 -5.856158 165257221876.000000
-0.028809 -1.002686 -0.006836 -15.677423 -4.697127 -5.429147 165257224791.000000
-0.032715 -1.005371 -0.001221 -15.372415 -5.246142 -5.673153 165257227704.000000
-0.032227 -1.006592 -0.010010 -15.189410 -5.734155 -5.734155 165257230627.000000
-0.028076 -1.009277 -0.008301 -15.006405 -6.100165 -5.795156 165257233544.000000
-0.027344 -1.008301 -0.009521 -14.762399 -6.771183 -5.673153 165257236459.000000
-0.031494 -1.015381 -0.006348 -14.457390 -7.015189 -6.039163 165257239375.000000
-0.030029 -1.015137 -0.010254 -14.213384 -7.442201 -5.978161 165257242301.000000
-0.029541 -1.016846 -0.011719 -13.969377 -8.296224 -6.100165 165257245218.000000
-0.027588 -1.017334 -0.009521 -13.664369 -8.723236 -5.856158 165257248131.000000
-0.029785 -1.013672 -0.012451 -13.664369 -9.333252 -5.795156 165257251051.000000
-0.027344 -1.019043 -0.021484 -13.603367 -10.004270 -5.856158 165257253970.000000
-0.026611 -1.024658 -0.013916 -13.603367 -10.614287 -5.978161 165257256885.000000
-0.025391 -1.018066 -0.015381 -13.603367 -11.102300 -5.490148 165257259801.000000
-0.021729 -1.023438 -0.022705 -13.237357 -11.468310 -6.161166 165257262718.000000
-0.019775 -1.014893 -0.016357 -13.298359 -11.834320 -5.856158 165257265632.000000
-0.018799 -1.021729 -0.016113 -13.176356 -12.627341 -5.734155 165257268545.000000
-0.015869 -1.024902 -0.018799 -12.871348 -12.932349 -5.734155 165257271469.000000
-0.010010 -1.022705 -0.017578 -12.993351 -13.481364 -5.673153 165257274384.000000
-0.008057 -1.027344 -0.023926 -12.749344 -13.664369 -5.673153 165257277297.000000
-0.006592 -1.025635 -0.023193 -12.688343 -13.725371 -5.612152 165257280211.000000
-0.004395 -1.028320 -0.014648 -12.627341 -14.274385 -5.856158 165257283131.000000
0.001465 -1.036621 -0.017090 -12.383334 -14.457390 -5.612152 165257286046.000000
0.002686 -1.034912 -0.025635 -12.322333 -14.152382 -5.612152 165257288961.000000
0.008301 -1.038818 -0.018311 -12.261331 -14.701397 -5.551150 165257291876.000000
0.009766 -1.038330 -0.019531 -12.200329 -14.213384 -5.551150 165257294790.000000
0.007324 -1.041748 -0.024170 -11.956323 -14.884402 -5.368145 165257297706.000000
0.010498 -1.049316 -0.028320 -11.773318 -14.396389 -5.246142 165257300623.000000
0.015381 -1.049805 -0.023926 -11.712316 -14.640395 -5.490148 165257303539.000000
0.016113 -1.054932 -0.023926 -11.712316 -14.457390 -4.941133 165257306454.000000
0.019043 -1.065186 -0.027832 -11.651315 -14.396389 -4.880132 165257309367.000000
0.023193 -1.071045 -0.033691 -11.590313 -13.908376 -4.697127 165257312291.000000
0.025146 -1.073242 -0.042480 -11.773318 -13.664369 -4.880132 165257315206.000000
0.033203 -1.074463 -0.049805 -11.773318 -13.176356 -4.575124 165257318128.000000
0.040283 -1.077393 -0.067871 -12.078326 -12.200329 -4.697127 165257321049.000000
0.047363 -1.077393 -0.071533 -12.444336 -11.224303 -4.331117 165257323967.000000
0.060547 -1.083984 -0.074463 -12.688343 -9.943268 -4.636125 165257326881.000000
0.072754 -1.085938 -0.083740 -12.627341 -9.089245 -4.453120 165257329796.000000
0.064941 -1.080078 -0.109131 -13.176356 -6.832184 -3.660099 165257332722.000000
0.103027 -1.099121 -0.080811 -14.701397 -5.185140 -4.697127 165257335637.000000
0.095459 -1.094482 -0.065674 -12.078326 -3.599097 -4.819130 165257338557.000000
0.113770 -1.096924 -0.084961 -12.078326 -1.891051 -5.307143 165257341479.000000
0.118896 -1.089355 -0.081299 -11.956323 0.244007 -5.063137 165257344397.000000
0.124512 -1.091064 -0.088135 -12.505338 2.806076 -5.185140 165257347312.000000
0.128662 -1.093018 -0.067383 -11.224303 4.697127 -5.185140 165257350227.000000
0.122559 -1.084961 -0.074463 -9.882267 7.076191 -5.063137 165257353155.000000
0.127441 -1.083008 -0.075439 -10.248277 9.638260 -5.063137 165257356069.000000
0.129883 -1.079346 -0.071045 -9.821265 12.078326 -4.331117 165257358985.000000
0.131836 -1.079834 -0.061279 -8.601232 14.396389 -4.453120 165257361901.000000
0.132080 -1.074463 -0.065674 -8.052217 16.836455 -4.209114 165257364815.000000
0.129150 -1.075195 -0.069092 -7.930214 19.520527 -4.087110 165257367730.000000
0.123047 -1.070068 -0.073486 -8.174221 22.021595 -3.294089 165257370646.000000
0.119873 -1.074951 -0.065918 -7.320198 24.217654 -3.477094 165257373562.000000
0.118408 -1.072998 -0.061768 -6.893186 26.718721 -2.989081 165257376489.000000
0.109375 -1.074951 -0.068115 -7.076191 28.975782 -2.867077 165257379404.000000
0.109375 -1.072266 -0.065430 -7.320198 31.232843 -2.379064 165257382317.000000
0.103027 -1.075684 -0.062256 -7.076191 33.062893 -2.440066 165257385225.000000
0.102539 -1.076904 -0.059082 -6.710181 35.075947 -1.708046 165257388140.000000
0.097412 -1.077148 -0.056641 -6.649180 36.783993 -1.830049 165257391065.000000
0.086670 -1.077881 -0.056152 -6.344171 38.187031 -1.647044 165257393986.000000
0.079834 -1.079346 -0.046631 -6.100165 39.285061 -1.037028 165257396911.000000
0.074463 -1.081299 -0.050049 -5.551150 40.078082 -1.159031 165257399835.000000
0.068115 -1.084717 -0.052734 -5.429147 41.237113 -1.037028 165257402751.000000
0.061279 -1.081543 -0.041992 -5.246142 41.115110 -0.488013 165257405660.000000
0.051758 -1.084961 -0.038086 -4.819130 41.603123 -0.610016 165257408581.000000
0.044678 -1.086426 -0.031982 -4.270115 41.237113 -0.427012 165257411494.000000
0.031250 -1.089111 -0.029541 -4.087110 41.054108 -0.244007 165257414412.000000
0.022461 -1.092041 -0.031494 -3.599097 40.383090 0.183005 165257417339.000000
0.012451 -1.091309 -0.028076 -3.477094 39.224059 -0.244007 165257420257.000000
0.006836 -1.090332 -0.032227 -2.989081 37.943024 -0.244007 165257423180.000000
0.000000 -1.091797 -0.027832 -3.050082 36.722992 0.305008 165257426090.000000
-0.010010 -1.084717 -0.031250 -2.562069 35.258952 0.244007 165257428999.000000
-0.011719 -1.081299 -0.024414 -2.806076 33.672909 0.244007 165257431990.000000
-0.017822 -1.080322 -0.029785 -2.440066 32.086866 0.061002 165257434910.000000
-0.021240 -1.071777 -0.028809 -2.379064 30.073812 0.427012 165257437826.000000
-0.029541 -1.072510 -0.026855 -2.562069 28.243763 0.183005 165257440749.000000
-0.026855 -1.069580 -0.031250 -2.440066 26.169707 0.305008 165257443669.000000
-0.030029 -1.070801 -0.030762 -2.257061 24.156652 0.122003 165257446584.000000
-0.031982 -1.067627 -0.030518 -2.501068 22.387604 0.122003 165257449497.000000
-0.026855 -1.060303 -0.036621 -2.440066 20.374550 -0.122003 165257452424.000000
-0.025879 -1.063477 -0.032715 -2.379064 18.361496 -0.122003 165257455341.000000
-0.022461 -1.059570 -0.033203 -2.501068 16.897456 -0.244007 165257458257.000000
-0.023926 -1.059570 -0.033203 -2.440066 14.640395 -0.549015 165257461173.000000
-0.019775 -1.059082 -0.041016 -2.501068 13.176356 -0.549015 165257464090.000000
-0.021240 -1.052979 -0.032715 -2.013054 11.651315 -0.305008 165257467003.000000
-0.013916 -1.056641 -0.031494 -2.074056 10.065272 -0.610016 165257469918.000000
-0.015869 -1.052734 -0.032471 -2.074056 8.845239 -0.488013 165257472835.000000
-0.013672 -1.051758 -0.031738 -2.013054 7.381199 -0.671018 165257475746.000000
-0.012939 -1.051270 -0.029541 -1.952053 6.100165 -0.671018 165257478661.000000
-0.009033 -1.047119 -0.035889 -1.891051 5.124138 -0.488013 165257481577.000000
-0.010986 -1.049072 -0.028076 -1.891051 4.148112 -0.793021 165257484492.000000
-0.009521 -1.048096 -0.031982 -1.586043 2.989081 -0.793021 165257487407.000000
-0.006592 -1.047119 -0.034668 -1.769048 2.196059 -0.854023 165257490321.000000
-0.004639 -1.044678 -0.034424 -1.952053 1.525041 -0.793021 165257493274.000000
-0.001709 -1.049072 -0.029785 -2.074056 0.915025 -0.793021 165257496190.000000
-0.004150 -1.051025 -0.032715 -1.769048 0.061002 -0.793021 165257499105.000000
-0.006348 -1.049805 -0.038086 -2.135058 -0.244007 -0.854023 165257502023.000000
-0.009277 -1.047607 -0.036865 -2.074056 -1.220033 -1.098030 165257504937.000000
-0.005615 -1.048096 -0.030518 -2.013054 -2.074056 -1.159031 165257507851.000000
-0.005371 -1.053467 -0.027100 -2.318063 -2.623071 -1.159031 165257510776.000000
-0.005859 -1.050537 -0.031494 -2.074056 -3.416092 -1.159031 165257513705.000000
-0.005127 -1.048340 -0.032715 -1.891051 -4.209114 -0.976026 165257516628.000000
-0.007080 -1.048828 -0.043701 -2.013054 -5.124138 -1.098030 165257519543.000000
-0.008545 -1.049072 -0.033203 -2.196059 -6.039163 -1.098030 165257522460.000000
-0.008545 -1.050781 -0.029785 -1.830049 -6.771183 -1.037028 165257525374.000000
-0.009033 -1.047607 -0.031494 -1.769048 -7.930214 -1.281035 165257528289.000000
-0.011963 -1.048584 -0.033203 -1.891051 -8.845239 -1.098030 165257531210.000000
-0.009521 -1.045898 -0.044922 -1.586043 -9.211249 -0.976026 165257534130.000000
-0.004883 -1.043701 -0.039551 -1.830049 -10.370280 -1.037028 165257537046.000000
-0.011475 -1.043457 -0.041016 -1.098030 -11.590313 -1.159031 165257539961.000000
-0.008057 -1.041992 -0.037109 -1.281035 -12.505338 -1.098030 165257542887.000000
-0.011475 -1.042725 -0.035400 -0.976026 -12.993351 -1.342036 165257545806.000000
-0.014404 -1.037354 -0.043701 -1.220033 -14.335387 -1.281035 165257548721.000000
-0.011963 -1.037109 -0.041504 -0.732020 -15.128408 -0.976026 165257551644.000000
-0.012451 -1.038086 -0.041992 -0.854023 -15.738425 -1.037028 165257554563.000000
-0.016113 -1.037598 -0.045410 -0.671018 -16.958458 -1.159031 165257557483.000000
-0.010010 -1.040283 -0.041016 -0.488013 -17.507473 -0.854023 165257560400.000000
-0.018555 -1.030029 -0.046143 -0.366010 -18.544501 -1.159031 165257563410.000000
-0.020752 -1.033447 -0.046875 -0.488013 -19.032514 -0.671018 165257566328.000000
-0.017822 -1.034424 -0.047363 -0.488013 -19.703532 -0.610016 165257569315.000000
-0.020996 -1.036865 -0.048340 -0.122003 -20.008540 -0.488013 165257572235.000000
-0.015869 -1.033691 -0.051025 -0.122003 -20.862563 -0.244007 165257575161.000000
-0.017578 -1.037354 -0.061523 -0.732020 -20.740560 -0.183005 165257578079.000000
-0.012695 -1.031494 -0.061523 -0.183005 -21.228573 -0.183005 165257580996.000000
-0.009521 -1.028076 -0.064209 -0.366010 -21.594583 0.000000 165257583919.000000
-0.011230 -1.029541 -0.066406 -0.122003 -21.655585 0.000000 165257586837.000000
-0.008301 -1.032227 -0.065674 -0.122003 -21.777588 0.183005 165257589760.000000
-0.008057 -1.026367 -0.063232 -0.244007 -22.082596 0.183005 165257592677.000000
-0.005127 -1.023926 -0.063232 -0.244007 -21.838590 0.854023 165257595593.000000
-0.004395 -1.025391 -0.067383 -0.183005 -22.143598 0.610016 165257598507.000000
-0.001709 -1.026611 -0.073975 -0.244007 -21.716586 0.915025 165257601426.000000
0.002197 -1.024902 -0.069824 -0.183005 -22.021595 0.976026 165257604339.000000
0.001953 -1.029297 -0.073975 -0.244007 -21.716586 1.220033 165257607254.000000
0.009033 -1.028320 -0.076416 -0.244007 -21.716586 1.464040 165257610168.000000
0.006348 -1.028320 -0.071045 -0.549015 -21.411578 1.708046 165257613093.000000
0.009766 -1.027100 -0.074707 -0.183005 -21.045568 1.525041 165257616008.000000
0.012207 -1.028076 -0.078125 -0.122003 -21.167572 1.708046 165257618921.000000
0.012939 -1.025146 -0.074951 0.061002 -20.801562 1.830049 165257621842.000000
0.018066 -1.023682 -0.071045 0.061002 -20.435552 1.952053 165257624759.000000
0.021240 -1.027588 -0.074707 -0.122003 -19.947539 1.891051 165257627674.000000
0.020264 -1.022949 -0.077148 -0.244007 -19.642530 2.074056 165257630596.000000
0.024414 -1.022705 -0.082275 -0.061002 -19.520527 2.440066 165257633514.000000
0.030762 -1.021240 -0.078613 -0.061002 -18.971512 2.196059 165257636426.000000
0.033691 -1.027832 -0.079834 -0.305008 -18.483499 2.257061 165257639341.000000
0.035156 -1.026367 -0.079590 -0.061002 -17.995486 2.013054 165257642266.000000
0.038574 -1.029053 -0.084229 -0.366010 -17.568474 2.318063 165257645181.000000
0.040527 -1.028564 -0.082275 -0.122003 -17.446471 2.196059 165257648097.000000
0.045410 -1.031006 -0.078613 -0.061002 -16.714451 2.379064 165257651027.000000
0.049072 -1.032227 -0.082764 -0.122003 -16.165436 2.257061 165257653946.000000
0.045166 -1.037598 -0.075928 -0.061002 -15.616422 2.684072 165257656860.000000
0.051758 -1.036133 -0.084961 0.183005 -14.579394 2.562069 165257659777.000000
0.048340 -1.037354 -0.076904 0.244007 -14.274385 2.684072 165257662694.000000
0.046387 -1.036865 -0.078857 0.366010 -13.603367 2.867077 165257665612.000000
0.048584 -1.031738 -0.078125 0.122003 -12.627341 2.806076 165257668554.000000
0.048340 -1.033203 -0.081787 0.122003 -12.261331 3.233087 165257671472.000000
0.056885 -1.032227 -0.080078 0.488013 -11.285305 2.989081 165257674388.000000
0.050049 -1.028564 -0.078857 0.366010 -10.553285 3.233087 165257677301.000000
0.059814 -1.025879 -0.073486 0.305008 -9.516257 3.050082 165257680217.000000
0.056641 -1.025391 -0.082764 0.549015 -8.967242 2.867077 165257683134.000000
0.056152 -1.022217 -0.075439 0.488013 -8.113219 3.416092 165257686049.000000
0.057129 -1.016602 -0.075195 0.793021 -7.442201 3.294089 165257688964.000000
0.054199 -1.018311 -0.072266 0.732020 -6.466175 3.111084 165257691881.000000
0.050537 -1.016113 -0.073975 0.915025 -5.429147 3.599097 165257694797.000000
0.050049 -1.016846 -0.071777 0.488013 -4.636125 3.111084 165257697711.000000
0.051270 -1.019531 -0.072998 0.976026 -3.965107 3.294089 165257700627.000000
0.052490 -1.020264 -0.073730 0.427012 -3.111084 3.477094 165257703544.000000
0.050781 -1.017090 -0.070557 0.732020 -2.440066 3.355091 165257706458.000000
0.049561 -1.017334 -0.068848 0.549015 -1.464040 3.477094 165257709371.000000
0.041016 -1.015137 -0.081055 0.427012 -0.732020 3.538096 165257712297.000000
0.041748 -1.016357 -0.072266 0.732020 -0.122003 3.599097 165257715213.000000
0.044678 -1.008301 -0.064697 1.281035 0.427012 3.355091 165257718128.000000
0.043701 -1.007568 -0.068115 1.037028 0.915025 3.599097 165257721050.000000
0.041016 -1.005371 -0.072754 0.610016 1.525041 3.416092 165257723969.000000
0.033203 -1.002197 -0.074219 0.427012 1.952053 3.477094 165257726884.000000
0.032227 -1.000000 -0.066406 0.915025 2.623071 3.965107 165257729798.000000
0.031250 -0.996094 -0.070801 0.793021 2.745074 4.087110 165257732722.000000
0.027588 -0.997559 -0.070557 0.732020 3.111084 3.904105 165257735638.000000
0.025391 -0.993164 -0.065430 0.793021 3.233087 4.270115 165257738553.000000
0.024170 -0.992432 -0.069580 0.915025 3.294089 4.148112 165257741474.000000
0.023438 -0.990967 -0.063477 1.159031 3.477094 4.331117 165257744395.000000
0.019287 -0.988770 -0.064453 0.671018 3.538096 4.087110 165257747310.000000
0.013916 -0.985352 -0.068359 0.793021 3.416092 4.514122 165257750234.000000
0.014648 -0.987061 -0.065186 0.793021 3.904105 4.636125 165257753161.000000
0.012695 -0.985107 -0.072021 1.037028 3.477094 4.575124 165257756078.000000
0.010254 -0.984375 -0.067871 0.610016 3.477094 4.392119 165257758994.000000
0.007324 -0.981689 -0.062500 0.732020 3.904105 4.697127 165257761919.000000
0.006836 -0.985352 -0.069824 1.037028 3.416092 4.697127 165257764833.000000
0.003174 -0.985840 -0.064941 0.793021 3.355091 5.002135 165257767747.000000
-0.001221 -0.988525 -0.075195 0.915025 3.172086 4.880132 165257770691.000000
0.002686 -0.994629 -0.072510 0.793021 3.294089 4.758128 165257773618.000000
0.000488 -0.994385 -0.072021 1.037028 3.233087 5.063137 165257776533.000000
-0.001465 -0.995361 -0.072754 1.220033 3.111084 4.880132 165257779447.000000
-0.002930 -1.002686 -0.069580 0.976026 2.867077 4.758128 165257782367.000000
-0.010254 -1.001465 -0.071045 1.159031 2.501068 5.185140 165257785282.000000
-0.007813 -1.000244 -0.068848 0.976026 2.196059 5.063137 165257788197.000000
-0.009033 -1.005859 -0.075684 1.098030 1.891051 5.002135 165257791114.000000
-0.011475 -1.007324 -0.077637 1.403038 1.586043 4.636125 165257794029.000000
-0.016846 -1.008545 -0.074463 1.037028 1.281035 5.002135 165257796943.000000
-0.016357 -1.004883 -0.073242 1.525041 0.671018 4.697127 165257799857.000000
-0.014648 -1.006104 -0.065430 1.403038 0.488013 4.575124 165257802774.000000
-0.020996 -1.005615 -0.073486 1.586043 0.183005 4.819130 165257805691.000000
-0.016113 -1.002930 -0.069336 1.586043 -0.671018 4.636125 165257808617.000000
-0.013916 -1.001221 -0.072998 1.769048 -0.976026 4.575124 165257811538.000000
-0.015625 -0.997559 -0.064209 1.952053 -1.647044 4.392119 165257814455.000000
-0.012207 -0.992432 -0.066162 2.074056 -2.074056 4.392119 165257817369.000000
-0.013428 -0.993164 -0.064941 1.647044 -2.440066 4.392119 165257820283.000000
-0.015137 -0.989746 -0.064941 2.257061 -2.806076 4.026109 165257823203.000000
-0.015625 -0.982666 -0.064453 2.135058 -3.416092 4.148112 165257826118.000000
-0.011719 -0.985107 -0.069092 1.891051 -3.416092 4.026109 165257829041.000000
-0.011475 -0.984619 -0.059326 1.952053 -3.782102 4.514122 165257831966.000000
-0.012695 -0.979492 -0.063232 1.952053 -4.026109 3.843104 165257834881.000000
-0.004639 -0.978271 -0.066406 1.769048 -4.148112 3.965107 165257837794.000000
-0.006104 -0.984863 -0.061035 1.464040 -4.453120 3.965107 165257840716.000000
-0.003906 -0.979492 -0.055176 1.708046 -4.331117 4.087110 165257843632.000000
-0.002441 -0.981445 -0.056152 1.525041 -4.636125 3.782102 165257846546.000000
-0.005371 -0.982910 -0.054688 1.464040 -4.514122 3.660099 165257849462.000000
-0.001221 -0.984131 -0.059326 1.403038 -4.148112 3.965107 165257852393.000000
-0.004883 -0.984131 -0.059570 1.281035 -4.331117 3.721100 165257855308.000000
0.000977 -0.985107 -0.057861 1.647044 -4.026109 3.904105 165257858224.000000
0.000244 -0.987305 -0.064453 1.220033 -4.026109 4.087110 165257861142.000000
0.003174 -0.989014 -0.067139 0.915025 -3.965107 3.965107 165257864066.000000
0.002930 -0.994141 -0.056641 0.610016 -3.599097 3.843104 165257866980.000000
0.005615 -0.991211 -0.061279 0.427012 -3.660099 3.904105 165257869920.000000
0.005371 -0.989990 -0.063965 0.610016 -3.843104 3.782102 165257872840.000000
0.009033 -0.989746 -0.061768 0.671018 -3.355091 4.087110 165257875756.000000
0.007080 -0.989502 -0.067139 0.793021 -3.416092 3.660099 165257878671.000000
0.006104 -0.985596 -0.062988 0.549015 -3.294089 3.660099 165257881588.000000
0.007568 -0.983643 -0.063721 0.732020 -3.355091 3.599097 165257884501.000000
0.007080 -0.984131 -0.055908 0.610016 -3.050082 3.477094 165257887416.000000
0.006592 -0.982910 -0.069336 0.610016 -3.538096 3.904105 165257890330.000000
0.009766 -0.982666 -0.063721 0.610016 -3.294089 3.782102 165257893286.000000
0.002930 -0.983154 -0.061279 0.427012 -3.538096 3.599097 165257896202.000000
0.006104 -0.980469 -0.057617 0.610016 -3.294089 3.477094 165257899117.000000
0.006836 -0.978516 -0.064697 0.427012 -3.233087 3.416092 165257902036.000000
0.006104 -0.983398 -0.063477 0.610016 -3.477094 3.538096 165257904951.000000
0.000977 -0.985840 -0.059570 0.244007 -3.660099 3.233087 165257907864.000000
0.001953 -0.985840 -0.066406 0.366010 -3.416092 3.477094 165257910786.000000
0.002930 -0.986328 -0.064209 0.549015 -3.843104 2.989081 165257913705.000000
0.003174 -0.988037 -0.061523 0.427012 -3.660099 3.050082 165257916619.000000
0.003906 -0.985840 -0.066895 0.427012 -4.270115 2.928079 165257919535.000000
-0.000977 -0.981201 -0.066162 0.305008 -4.148112 2.928079 165257923591.000000
-0.003418 -0.990234 -0.062500 0.366010 -4.575124 2.562069 165257926540.000000
-0.001709 -0.986572 -0.073486 0.183005 -4.819130 2.928079 165257929462.000000
-0.000244 -0.988037 -0.069336 0.427012 -5.124138 2.562069 165257932391.000000
0.000244 -0.991211 -0.070557 0.061002 -5.307143 2.562069 165257935308.000000
-0.002197 -0.992432 -0.069336 0.427012 -5.734155 2.440066 165257938223.000000
-0.007080 -0.989502 -0.070557 0.305008 -6.100165 2.501068 165257941143.000000
-0.004395 -0.993164 -0.072510 0.427012 -6.405173 2.318063 165257944066.000000
-0.000488 -0.987793 -0.072021 0.488013 -6.771183 2.318063 165257946982.000000
0.001221 -0.988037 -0.074219 0.427012 -6.771183 1.830049 165257949899.000000
0.002686 -0.995361 -0.065186 0.549015 -7.381199 1.769048 165257952824.000000
0.000977 -0.986084 -0.067139 0.549015 -7.869212 1.830049 165257955740.000000
0.001221 -0.984619 -0.064697 0.732020 -7.991216 1.952053 165257958656.000000
0.004883 -0.989258 -0.058594 0.793021 -8.296224 1.769048 165257961575.000000
0.001709 -0.984863 -0.065674 1.037028 -8.723236 1.647044 165257964492.000000
0.003418 -0.985840 -0.065674 0.915025 -8.662234 1.769048 165257967408.000000
0.001709 -0.981934 -0.063477 0.915025 -8.906240 1.769048 165257970357.000000
-0.002441 -0.986572 -0.060791 1.037028 -9.150247 1.769048 165257973318.000000
-0.007324 -0.988525 -0.064941 0.976026 -8.967242 2.074056 165257976234.000000
-0.008545 -0.992432 -0.070801 1.098030 -9.333252 2.135058 165257979149.000000
-0.008545 -0.993164 -0.077393 1.037028 -8.967242 2.257061 165257982069.000000
-0.010010 -0.998779 -0.077393 0.793021 -9.089245 2.440066 165257984983.000000
-0.014893 -1.001465 -0.068604 0.976026 -9.089245 2.440066 165257987897.000000
-0.013916 -1.007324 -0.075928 0.793021 -8.845239 2.135058 165257990813.000000
-0.015869 -1.011475 -0.078369 0.610016 -9.089245 2.135058 165257993726.000000
-0.016602 -1.013184 -0.074951 0.915025 -8.906240 2.074056 165257996639.000000
-0.016113 -1.016357 -0.074707 0.610016 -9.150247 2.196059 165257999566.000000
-0.021240 -1.021729 -0.074707 0.793021 -9.089245 2.074056 165258002481.000000
-0.021240 -1.023193 -0.074219 0.610016 -9.089245 1.891051 165258005398.000000
-0.021973 -1.031982 -0.075928 0.854023 -9.272250 1.769048 165258008313.000000
-0.024170 -1.034668 -0.081299 0.549015 -9.699262 1.891051 165258011238.000000
-0.021973 -1.036865 -0.072998 0.793021 -9.699262 1.586043 165258014157.000000
-0.025635 -1.040283 -0.083252 0.610016 -10.004270 1.647044 165258017073.000000
-0.017822 -1.047119 -0.085205 1.098030 -10.187275 1.830049 165258019990.000000
-0.020508 -1.052246 -0.078125 1.281035 -10.248277 1.647044 165258022908.000000
-0.020996 -1.050537 -0.080811 1.098030 -10.492283 1.525041 165258025823.000000
-0.021484 -1.055908 -0.081543 1.464040 -10.858293 1.647044 165258028737.000000
-0.016113 -1.057617 -0.077148 1.586043 -10.858293 1.769048 165258031660.000000
-0.023926 -1.060059 -0.078857 1.464040 -11.102300 1.647044 165258034579.000000
-0.019287 -1.061279 -0.086670 1.769048 -11.346306 1.525041 165258037493.000000
-0.015869 -1.059570 -0.081299 1.769048 -11.468310 1.464040 165258040445.000000
-0.018066 -1.063232 -0.083252 1.830049 -11.651315 1.220033 165258043368.000000
-0.019287 -1.065674 -0.080566 2.135058 -11.468310 1.159031 165258046284.000000
-0.016846 -1.063232 -0.078613 1.952053 -11.834320 1.281035 165258049200.000000
-0.015869 -1.064697 -0.081787 2.074056 -12.017324 0.976026 165258052124.000000
-0.013916 -1.063721 -0.079590 1.891051 -12.200329 1.220033 165258055049.000000
-0.015381 -1.068604 -0.081055 2.135058 -12.383334 1.159031 165258057963.000000
-0.015625 -1.070068 -0.080078 1.891051 -12.505338 0.793021 165258060883.000000
-0.013428 -1.069824 -0.077148 1.830049 -12.810346 0.854023 165258063798.000000
-0.018799 -1.071533 -0.083740 1.952053 -12.810346 0.854023 165258066711.000000
-0.011963 -1.068604 -0.083984 1.891051 -12.810346 0.610016 165258069636.000000
-0.014648 -1.065186 -0.086182 1.952053 -12.871348 0.671018 165258072566.000000
-0.006592 -1.070557 -0.076172 1.952053 -13.054352 0.427012 165258075479.000000
-0.005371 -1.068848 -0.080566 2.135058 -13.298359 0.183005 165258078396.000000
-0.003418 -1.070801 -0.082520 2.257061 -13.237357 0.488013 165258081314.000000
-0.006836 -1.070801 -0.075684 2.379064 -13.359361 0.427012 165258084228.000000
-0.003906 -1.068604 -0.078613 2.440066 -13.237357 0.427012 165258087154.000000
0.001953 -1.067627 -0.077148 2.318063 -13.176356 0.549015 165258090069.000000
-0.000488 -1.072021 -0.083984 2.318063 -12.932349 0.671018 165258092986.000000
0.004150 -1.073486 -0.080811 2.440066 -12.932349 0.671018 165258095900.000000
0.005859 -1.072754 -0.077637 2.318063 -12.871348 0.732020 165258098817.000000
0.004883 -1.074707 -0.083252 2.562069 -12.627341 0.732020 165258101745.000000
0.007324 -1.078125 -0.075195 2.562069 -12.139328 0.671018 165258104660.000000
0.010742 -1.077148 -0.073730 2.745074 -11.956323 0.671018 165258107573.000000
0.012939 -1.077393 -0.076660 2.623071 -11.651315 0.793021 165258110551.000000
0.011719 -1.077881 -0.080078 2.745074 -11.712316 0.671018 165258113610.000000
0.015137 -1.081299 -0.076660 2.562069 -11.285305 1.037028 165258116524.000000
0.015869 -1.079590 -0.075684 2.867077 -10.919295 0.732020 165258119439.000000
0.012939 -1.086914 -0.078369 2.989081 -10.858293 0.793021 165258122365.000000
0.016357 -1.086914 -0.074219 2.989081 -10.614287 0.976026 165258125282.000000
0.018066 -1.088379 -0.081787 2.928079 -10.431282 1.037028 165258128196.000000
0.017822 -1.090820 -0.077637 2.867077 -9.821265 1.220033 165258131120.000000
0.020020 -1.095703 -0.080566 2.989081 -9.882267 1.403038 165258134038.000000
0.018311 -1.097656 -0.077637 2.989081 -9.638260 0.732020 165258136951.000000
0.023926 -1.097168 -0.075195 3.050082 -9.333252 1.403038 165258139864.000000
0.024902 -1.098633 -0.076660 3.233087 -9.089245 0.854023 165258142788.000000
0.021973 -1.101563 -0.072510 3.111084 -9.150247 1.037028 165258145704.000000
0.023193 -1.099854 -0.076172 3.294089 -8.906240 1.037028 165258148616.000000
0.026367 -1.098877 -0.076660 3.355091 -8.601232 0.976026 165258151539.000000
0.024414 -1.099854 -0.072266 3.294089 -8.601232 0.976026 165258154457.000000
0.027100 -1.098145 -0.073486 3.599097 -8.601232 1.098030 165258157371.000000
0.020264 -1.100098 -0.081543 3.111084 -7.747209 0.976026 165258160287.000000
0.029053 -1.103760 -0.074219 3.538096 -7.991216 0.854023 165258163204.000000
0.029053 -1.104248 -0.068604 4.392119 -7.686208 0.488013 165258166120.000000
0.030273 -1.099854 -0.062012 4.392119 -7.564204 0.976026 165258169037.000000
0.028320 -1.103271 -0.069336 4.087110 -7.381199 0.915025 165258171956.000000
0.025146 -1.101563 -0.073486 4.148112 -6.954188 0.610016 165258174872.000000
0.024658 -1.105713 -0.066895 4.880132 -6.893186 0.671018 165258177787.000000
0.022705 -1.106201 -0.078369 4.575124 -6.527176 0.671018 165258180703.000000
0.020264 -1.104492 -0.077637 4.453120 -6.344171 0.915025 165258183618.000000
0.024414 -1.108398 -0.071289 4.636125 -6.039163 0.366010 165258186533.000000
0.021973 -1.112793 -0.065918 4.819130 -5.856158 0.488013 165258189448.000000
0.016602 -1.113525 -0.069824 5.124138 -5.734155 0.305008 165258192367.000000
0.020996 -1.116455 -0.074951 4.697127 -5.612152 0.549015 165258195282.000000
0.018799 -1.122070 -0.068848 5.002135 -5.612152 0.549015 165258198197.000000
0.019043 -1.119141 -0.079590 5.063137 -5.307143 0.366010 165258201114.000000
0.016357 -1.121826 -0.070313 5.246142 -5.124138 0.427012 165258204027.000000
0.013428 -1.125488 -0.071777 5.185140 -5.490148 0.427012 165258206941.000000
0.011719 -1.125244 -0.070313 5.368145 -5.429147 0.061002 165258209858.000000
0.008789 -1.127441 -0.068848 5.429147 -5.307143 0.549015 165258212792.000000
0.012939 -1.125488 -0.071777 5.856158 -5.673153 -0.061002 165258215709.000000
0.013184 -1.126465 -0.069824 5.856158 -5.246142 0.305008 165258218622.000000
0.012695 -1.125732 -0.070801 5.856158 -5.612152 0.183005 165258221542.000000
0.012451 -1.125732 -0.065918 6.039163 -5.612152 0.183005 165258224475.000000
0.012451 -1.128906 -0.074707 6.283170 -5.734155 0.061002 165258227390.000000
0.012207 -1.127686 -0.069580 6.161166 -5.917160 -0.061002 165258230304.000000
0.012695 -1.131592 -0.061523 5.978161 -5.978161 0.061002 165258233258.000000
0.017578 -1.128662 -0.065430 6.588178 -6.161166 0.122003 165258236172.000000
0.010498 -1.132813 -0.074219 6.588178 -6.283170 -0.366010 165258239088.000000
0.012451 -1.134277 -0.064697 6.649180 -6.161166 0.000000 165258242014.000000
0.007813 -1.127441 -0.064209 6.893186 -6.588178 -0.305008 165258244927.000000
0.010742 -1.129150 -0.063721 6.954188 -6.466175 0.122003 165258247844.000000
0.015869 -1.132568 -0.063477 7.137193 -6.710181 -0.305008 165258250765.000000
0.018066 -1.131592 -0.061768 7.381199 -7.259196 -0.122003 165258258503.000000
0.016113 -1.136963 -0.063965 7.564204 -7.198194 -0.305008 165258261696.000000
0.017090 -1.134033 -0.068604 7.564204 -7.503203 -0.122003 165258264707.000000
0.019043 -1.138184 -0.065186 7.808211 -7.503203 0.000000 165258267630.000000
0.024902 -1.136719 -0.070801 7.869212 -7.076191 0.000000 165258270618.000000
0.023682 -1.135742 -0.073242 7.991216 -7.198194 0.183005 165258273644.000000
0.027588 -1.140381 -0.070557 8.174221 -7.015189 -0.244007 165258276573.000000
0.031250 -1.141846 -0.070313 8.174221 -6.649180 0.000000 165258279491.000000
0.035645 -1.140381 -0.078125 8.235222 -6.771183 0.000000 165258282409.000000
0.034180 -1.136719 -0.073730 8.601232 -6.527176 0.000000 165258285330.000000
0.037354 -1.141113 -0.074951 8.662234 -6.100165 -0.061002 165258288244.000000
0.037354 -1.141113 -0.077393 8.906240 -5.917160 -0.183005 165258291158.000000
0.044434 -1.135742 -0.070557 8.967242 -5.368145 0.061002 165258294078.000000
0.045654 -1.136230 -0.075439 9.089245 -5.063137 -0.061002 165258297025.000000
0.044922 -1.138672 -0.078125 9.394254 -4.392119 0.061002 165258299955.000000
0.047119 -1.138184 -0.066406 9.760264 -4.209114 0.122003 165258302903.000000
0.047852 -1.136719 -0.075928 10.004270 -3.599097 0.183005 165258305826.000000
0.052490 -1.138916 -0.075439 9.943268 -2.684072 0.366010 165258308736.000000
0.053467 -1.134521 -0.073975 10.065272 -2.562069 0.366010 165258311649.000000
0.053467 -1.137207 -0.076416 10.370280 -1.830049 0.305008 165258314573.000000
0.051270 -1.137695 -0.071289 10.248277 -1.342036 0.488013 165258317483.000000
0.052246 -1.135254 -0.070801 10.553285 -0.732020 0.549015 165258320392.000000
0.050293 -1.139648 -0.074219 10.553285 -0.061002 0.549015 165258323344.000000
0.056396 -1.136230 -0.067383 10.919295 0.488013 0.915025 165258326255.000000
0.054199 -1.135010 -0.071045 11.102300 1.098030 0.488013 165258329172.000000
0.050537 -1.137451 -0.070068 10.797292 1.647044 0.610016 165258332112.000000
0.052734 -1.136230 -0.069092 10.980296 2.074056 0.610016 165258335046.000000
0.052490 -1.137207 -0.073242 11.346306 2.623071 0.854023 165258337971.000000
0.050537 -1.136963 -0.061523 11.346306 2.867077 0.915025 165258340889.000000
0.047852 -1.137939 -0.068359 11.407308 3.477094 0.732020 165258343807.000000
0.048096 -1.137207 -0.067627 11.590313 3.721100 0.671018 165258346740.000000
0.048828 -1.138916 -0.063721 11.773318 4.148112 0.793021 165258349658.000000
0.050781 -1.135986 -0.067139 11.956323 4.087110 0.915025 165258352592.000000
0.048096 -1.133789 -0.068359 12.139328 4.575124 1.037028 165258355512.000000
0.048340 -1.131104 -0.062256 12.444336 4.514122 1.098030 165258358434.000000
0.043701 -1.125977 -0.057373 12.810346 4.819130 1.037028 165258361364.000000
0.044189 -1.126221 -0.055176 12.810346 4.941133 1.403038 165258364282.000000
0.046387 -1.125732 -0.059082 12.749344 5.185140 1.525041 165258367218.000000
0.045166 -1.113770 -0.058838 13.115354 5.185140 1.769048 165258370140.000000
0.041504 -1.114014 -0.059082 13.115354 5.429147 1.830049 165258373151.000000
0.041748 -1.112549 -0.056885 13.420362 5.429147 1.708046 165258376072.000000
0.040771 -1.114502 -0.057129 13.542366 5.429147 1.952053 165258379002.000000
0.038818 -1.104248 -0.063232 13.725371 5.307143 2.013054 165258381921.000000
0.039307 -1.103516 -0.051514 13.847374 5.246142 1.830049 165258384840.000000
0.039551 -1.100586 -0.052734 13.969377 5.368145 1.952053 165258387763.000000
0.043457 -1.101074 -0.057373 14.030379 5.368145 2.440066 165258390692.000000
0.041748 -1.097900 -0.054688 14.396389 4.880132 2.562069 165258393625.000000
0.037842 -1.095703 -0.057129 14.396389 5.063137 2.379064 165258396544.000000
0.039795 -1.093262 -0.051025 14.640395 4.697127 2.379064 165258399477.000000
0.040771 -1.086670 -0.053223 14.823400 4.636125 2.745074 165258402401.000000
0.041748 -1.084229 -0.054443 14.884402 4.636125 3.111084 165258405321.000000
0.040039 -1.080322 -0.057861 15.128408 4.636125 3.294089 165258408239.000000
0.041504 -1.077881 -0.055908 15.250412 4.270115 3.233087 165258411168.000000
0.042480 -1.068115 -0.058105 15.555420 4.331117 3.477094 165258414086.000000
0.043945 -1.066895 -0.050781 15.372415 4.392119 3.355091 165258417003.000000
0.040771 -1.063232 -0.053467 15.738425 4.148112 3.721100 165258419919.000000
0.049072 -1.061523 -0.048096 15.616422 4.148112 3.843104 165258422840.000000
0.046143 -1.054443 -0.048340 15.555420 4.026109 3.904105 165258425767.000000
0.049316 -1.052979 -0.056885 15.860428 4.026109 3.904105 165258428729.000000
0.050537 -1.049805 -0.053711 16.043433 3.965107 4.148112 165258431978.000000
0.049805 -1.044678 -0.047852 16.348441 3.904105 4.209114 165258435108.000000
0.050537 -1.036621 -0.052490 16.592448 4.087110 4.148112 165258438156.000000
0.056396 -1.032959 -0.046875 16.653450 4.148112 4.575124 165258441143.000000
0.053711 -1.038086 -0.042480 16.897456 4.026109 4.636125 165258444065.000000
0.057129 -1.032227 -0.041504 17.202464 4.392119 4.819130 165258446988.000000
0.051758 -1.029297 -0.050537 16.714451 4.819130 4.758128 165258449905.000000
0.052979 -1.026123 -0.043213 17.080461 4.514122 4.819130 165258452839.000000
0.049561 -1.025391 -0.044434 17.263466 4.575124 4.941133 165258455759.000000
0.048096 -1.025391 -0.043701 17.629476 4.819130 5.185140 165258458674.000000
0.052490 -1.019531 -0.045410 17.751479 4.880132 5.246142 165258461607.000000
0.046387 -1.022461 -0.043457 17.812481 4.880132 5.429147 165258464525.000000
0.054199 -1.015869 -0.046875 17.873483 5.246142 5.307143 165258467442.000000
0.052979 -1.016357 -0.037842 18.117489 5.307143 5.795156 165258470360.000000
0.052490 -1.012207 -0.039307 18.361496 5.795156 5.612152 165258473331.000000
0.052246 -1.014404 -0.041992 18.239492 5.673153 5.795156 165258476247.000000
0.051025 -1.011475 -0.042969 18.605502 6.161166 6.100165 165258479180.000000
0.058594 -1.006836 -0.044678 18.544501 6.771183 6.039163 165258482100.000000
0.055908 -1.001465 -0.049805 18.361496 6.832184 6.283170 165258485015.000000
0.057129 -0.996826 -0.046143 18.666504 7.137193 6.466175 165258487930.000000
0.056641 -0.998047 -0.036133 18.910511 7.625206 6.710181 165258490851.000000
0.062744 -0.994385 -0.037842 18.910511 7.991216 6.466175 165258493768.000000
0.061035 -0.985840 -0.031250 19.215519 8.418227 6.710181 165258496683.000000
0.061279 -0.986572 -0.036133 19.215519 8.967242 6.893186 165258499605.000000
0.061035 -0.985596 -0.041504 19.215519 9.272250 7.198194 165258502524.000000
0.060059 -0.982666 -0.031982 19.459525 9.943268 7.198194 165258505441.000000
0.061523 -0.980469 -0.034180 19.520527 10.553285 7.320198 165258508357.000000
0.057373 -0.980713 -0.032959 19.642530 11.224303 7.259196 165258511286.000000
0.059326 -0.977051 -0.031006 19.459525 12.200329 7.381199 165258514209.000000
0.062256 -0.976807 -0.029297 19.581529 12.627341 7.198194 165258517125.000000
0.061768 -0.973389 -0.025146 19.337522 13.786372 7.259196 165258520048.000000
0.062500 -0.975098 -0.028564 19.459525 14.579394 7.137193 165258522977.000000
0.060303 -0.971191 -0.028320 19.154517 15.555420 7.015189 165258525894.000000
0.056885 -0.973145 -0.026855 19.154517 16.226438 7.259196 165258528811.000000
0.059326 -0.970947 -0.028320 19.215519 17.385469 6.771183 165258531735.000000
0.062256 -0.970947 -0.029541 18.910511 18.239492 6.710181 165258534662.000000
0.058594 -0.966064 -0.022705 19.093516 19.276520 6.954188 165258537581.000000
0.056641 -0.965332 -0.020508 18.910511 20.496553 6.832184 165258540506.000000
0.055420 -0.963623 -0.018555 18.849509 21.533581 7.381199 165258543427.000000
0.057373 -0.964355 -0.022217 18.910511 22.204600 7.015189 165258546349.000000
0.055176 -0.964600 -0.019287 19.093516 23.058623 7.564204 165258549265.000000
0.056641 -0.958008 -0.014404 18.849509 24.278656 7.259196 165258552193.000000
0.049561 -0.955566 -0.019531 18.910511 25.071677 7.625206 165258555109.000000
0.054199 -0.955811 -0.018555 18.727506 25.986702 7.320198 165258558026.000000
0.052490 -0.950439 -0.014648 18.788507 27.145733 7.747209 165258560948.000000
0.047363 -0.947754 -0.016113 18.727506 27.999756 7.625206 165258563864.000000
0.048828 -0.941650 -0.012451 18.910511 28.914781 8.113219 165258566793.000000
0.048828 -0.942383 -0.012451 18.971512 29.890807 7.930214 165258569710.000000
0.046143 -0.939453 -0.013672 18.971512 30.988837 8.235222 165258572628.000000
0.043701 -0.930908 -0.008301 18.849509 31.537852 8.479229 165258575544.000000
0.040283 -0.931885 -0.000732 18.971512 32.208870 8.418227 165258578460.000000
0.039551 -0.929443 -0.004639 19.276520 33.062893 8.418227 165258581378.000000
0.033936 -0.924561 0.000732 19.215519 33.672909 8.723236 165258584303.000000
0.032227 -0.919189 -0.002441 19.154517 34.282926 8.479229 165258587219.000000
0.029297 -0.914551 0.001709 19.154517 35.380955 8.784237 165258590135.000000
0.027100 -0.917236 0.008301 18.971512 35.868968 8.784237 165258593054.000000
0.025879 -0.912354 0.000488 19.032514 36.234978 9.089245 165258595976.000000
0.024658 -0.909424 0.007324 19.154517 36.966998 8.967242 165258598899.000000
0.020264 -0.905762 -0.000488 18.971512 37.516013 9.028244 165258601911.000000
0.016846 -0.903320 0.000488 19.093516 38.187031 8.967242 165258604831.000000
0.015625 -0.902588 0.001465 19.032514 38.492039 8.906240 165258607748.000000
0.013916 -0.899658 0.007324 18.971512 38.736046 9.089245 165258610672.000000
0.009766 -0.902832 0.003662 19.215519 39.102056 8.906240 165258613609.000000
0.007813 -0.899414 0.010498 18.910511 39.285061 9.150247 165258616552.000000
0.007324 -0.899414 0.008545 19.093516 39.712072 8.784237 165258619469.000000
0.007568 -0.900146 0.005859 18.910511 40.017080 8.784237 165258622388.000000
0.004395 -0.895264 0.004395 19.032514 40.078082 9.089245 165258625309.000000
0.000488 -0.899414 0.007324 19.276520 40.139084 8.906240 165258628226.000000
0.002441 -0.894531 0.010742 19.093516 40.261087 9.455255 165258631163.000000
-0.002930 -0.891602 0.013428 19.398524 40.383090 9.455255 165258634083.000000
0.003418 -0.892578 0.013428 19.337522 40.078082 9.211249 165258636999.000000
-0.001221 -0.886963 0.010498 19.459525 40.444092 9.638260 165258639915.000000
-0.005615 -0.888428 0.008545 19.581529 39.956079 9.455255 165258642842.000000
-0.003906 -0.884033 0.012451 19.825535 40.017080 9.516257 165258645759.000000
-0.008057 -0.885498 0.020264 19.703532 39.956079 9.760264 165258648684.000000
-0.006104 -0.881348 0.015381 19.703532 39.956079 9.638260 165258651609.000000
-0.005859 -0.884521 0.020752 19.703532 39.834076 9.638260 165258654530.000000
-0.012939 -0.877197 0.018066 20.008540 39.895077 9.760264 165258657447.000000
-0.012451 -0.877441 0.027832 20.008540 39.407064 9.760264 165258660363.000000
-0.010498 -0.874512 0.024658 19.825535 39.773074 9.760264 165258663326.000000
-0.014404 -0.876465 0.019775 20.191545 39.407064 9.455255 165258666242.000000
-0.015137 -0.872803 0.030029 20.130544 39.529067 9.699262 165258669158.000000
-0.018799 -0.874512 0.032471 20.252547 39.285061 9.699262 165258672078.000000
-0.021729 -0.872070 0.034668 20.313548 39.224059 9.577259 165258674996.000000
-0.021729 -0.871094 0.035889 20.313548 39.224059 9.577259 165258677912.000000
-0.020020 -0.872803 0.031982 20.130544 39.346062 9.272250 165258680837.000000
-0.021729 -0.869873 0.031982 20.069542 39.163057 9.394254 165258683754.000000
-0.019287 -0.868652 0.033691 20.008540 39.651071 8.845239 165258686671.000000
-0.021240 -0.867188 0.037842 19.581529 39.651071 8.906240 165258689587.000000
-0.020508 -0.864014 0.031738 19.459525 40.444092 8.845239 165258692505.000000
-0.016602 -0.868652 0.029785 19.337522 41.054108 8.723236 165258695429.000000
-0.015381 -0.865234 0.027344 19.093516 41.847130 8.540231 165258698352.000000
-0.015137 -0.863281 0.022217 18.788507 42.579150 8.479229 165258701272.000000
-0.008545 -0.860840 0.031006 18.727506 43.677179 8.174221 165258704187.000000
-0.007080 -0.867920 0.031738 18.361496 44.714207 8.113219 165258707104.000000
-0.005127 -0.869141 0.028320 18.239492 46.056244 7.808211 165258710020.000000
-0.004150 -0.875244 0.030029 17.812481 47.215275 7.625206 165258712945.000000
-0.005371 -0.874756 0.037354 17.751479 48.679314 7.625206 165258715864.000000
-0.001221 -0.876465 0.028076 17.690478 49.960349 7.503203 165258718781.000000
-0.001221 -0.880371 0.038574 17.629476 51.546392 7.137193 165258721703.000000
0.000977 -0.882080 0.036621 17.629476 53.010431 7.320198 165258724622.000000
-0.000488 -0.886230 0.037598 17.690478 54.657476 7.076191 165258727539.000000
-0.002197 -0.885498 0.036621 17.751479 55.938510 7.320198 165258730462.000000
-0.006104 -0.881348 0.034668 17.568474 57.402550 6.893186 165258733382.000000
-0.007813 -0.884033 0.038330 17.568474 59.110596 6.771183 165258736299.000000
-0.009033 -0.884521 0.034424 17.568474 60.208626 6.832184 165258739216.000000
-0.009521 -0.884766 0.043213 17.568474 61.550662 6.893186 165258742145.000000
-0.017822 -0.880615 0.039063 17.324468 62.648692 6.893186 165258745061.000000
-0.015137 -0.878418 0.041992 17.324468 64.051729 6.283170 165258747976.000000
-0.024170 -0.884521 0.048340 17.263466 64.600744 6.405173 165258750900.000000
-0.029297 -0.884766 0.050293 17.141463 65.515769 6.161166 165258753819.000000
-0.031738 -0.882813 0.050293 17.324468 66.369792 6.344171 165258756734.000000
-0.034180 -0.883545 0.050781 17.019460 66.857805 5.978161 165258759651.000000
-0.039551 -0.884277 0.053467 17.324468 67.406820 5.917160 165258762570.000000
-0.039795 -0.890137 0.056641 17.263466 67.467822 5.368145 165258765486.000000
-0.048828 -0.891846 0.064941 17.324468 67.589825 4.941133 165258768410.000000
-0.053467 -0.893799 0.060791 17.141463 67.528823 4.819130 165258771330.000000
-0.051514 -0.887695 0.060547 17.080461 67.223815 4.453120 165258774246.000000
-0.053711 -0.886963 0.063721 17.507473 67.040810 3.599097 165258777164.000000
-0.059326 -0.887451 0.067871 17.873483 66.125785 3.660099 165258780080.000000
-0.056885 -0.888428 0.061279 16.958458 65.820777 3.294089 165258783011.000000
-0.062256 -0.890625 0.062012 16.836455 65.027756 3.111084 165258785930.000000
-0.060303 -0.892822 0.068848 16.653450 64.478741 3.050082 165258788847.000000
-0.065918 -0.896973 0.074219 17.385469 63.319710 2.440066 165258791773.000000
-0.057861 -0.896240 0.078613 17.324468 62.221680 2.013054 165258794695.000000
-0.061523 -0.899902 0.066162 16.897456 61.428659 2.074056 165258797622.000000
-0.057617 -0.901611 0.079590 17.019460 60.391631 1.464040 165258800553.000000
-0.060303 -0.902832 0.079590 17.446471 59.293601 1.281035 165258803475.000000
-0.061768 -0.909424 0.078613 17.080461 58.378576 1.037028 165258806399.000000
-0.064697 -0.909668 0.076416 16.775453 57.402550 0.549015 165258809317.000000
-0.066650 -0.916504 0.073486 16.958458 56.365522 0.732020 165258812244.000000
-0.065430 -0.920410 0.088867 16.714451 55.511499 0.427012 165258815170.000000
-0.068848 -0.926514 0.085938 16.714451 55.023486 0.061002 165258818086.000000
-0.071289 -0.927734 0.096680 16.714451 53.864454 0.000000 165258821012.000000
-0.073242 -0.928955 0.089600 16.531446 53.315440 -0.610016 165258823933.000000
-0.070801 -0.928223 0.092529 16.470445 52.583420 -0.915025 165258826849.000000
-0.077148 -0.933350 0.092529 16.287440 51.668395 -1.159031 165258829765.000000
-0.078613 -0.934814 0.082764 16.043433 51.119380 -1.464040 165258832685.000000
-0.079834 -0.934326 0.093262 15.677423 50.753370 -1.769048 165258835601.000000
-0.077881 -0.939209 0.093750 15.616422 50.082352 -2.074056 165258838517.000000
-0.082275 -0.938965 0.084961 15.433417 49.167328 -1.769048 165258841442.000000
-0.085938 -0.942627 0.085205 15.128408 48.679314 -2.074056 165258844361.000000
-0.082520 -0.941895 0.086182 14.945404 48.008296 -2.501068 165258847278.000000
-0.084229 -0.943604 0.091064 15.067407 47.276276 -2.196059 165258850193.000000
-0.086670 -0.941895 0.094971 14.884402 46.788263 -2.806076 165258853119.000000
-0.086914 -0.940674 0.090332 14.579394 45.873239 -2.623071 165258856044.000000
-0.085205 -0.938232 0.092529 14.396389 45.873239 -2.806076 165258858967.000000
-0.091309 -0.940674 0.086670 14.152382 44.775209 -3.172086 165258861887.000000
-0.088135 -0.937012 0.088135 14.396389 44.226194 -3.172086 165258864805.000000
-0.094971 -0.934814 0.084229 13.664369 43.921186 -3.416092 165258867720.000000
-0.089600 -0.936035 0.080566 13.786372 43.555176 -3.599097 165258870638.000000
-0.092773 -0.934082 0.083984 13.359361 42.762155 -3.538096 165258873555.000000
-0.091797 -0.935059 0.089355 13.237357 42.335143 -4.148112 165258876471.000000
-0.090576 -0.936523 0.077393 13.298359 41.786128 -4.209114 165258879389.000000
-0.092285 -0.933594 0.081787 13.115354 41.664125 -4.575124 165258882307.000000
-0.089355 -0.930664 0.080078 13.115354 41.176112 -4.880132 165258885221.000000
-0.092041 -0.934326 0.079590 13.420362 40.871104 -5.002135 165258888139.000000
-0.089600 -0.931396 0.076660 13.237357 40.322089 -5.612152 165258891063.000000
-0.090820 -0.928467 0.078857 12.932349 39.895077 -6.039163 165258893980.000000
-0.094482 -0.927246 0.081055 13.115354 39.651071 -6.039163 165258896897.000000
-0.093994 -0.928467 0.079102 12.871348 39.163057 -6.344171 165258899813.000000
-0.097412 -0.927490 0.083252 12.383334 38.614043 -6.710181 165258902732.000000
-0.097656 -0.928223 0.077393 12.505338 38.492039 -6.588178 165258905648.000000
-0.102295 -0.932373 0.075684 12.688343 38.065028 -6.893186 165258908570.000000
-0.103271 -0.936523 0.073730 12.322333 37.821021 -7.015189 165258911500.000000
-0.104004 -0.938232 0.080566 12.200329 37.577015 -7.320198 165258914420.000000
-0.107178 -0.938477 0.080322 11.834320 37.089001 -7.442201 165258917336.000000
-0.107910 -0.937256 0.076172 11.895321 37.150003 -7.686208 165258920257.000000
-0.105957 -0.940674 0.079102 11.651315 36.722992 -8.174221 165258923186.000000
-0.106934 -0.942871 0.069092 11.590313 36.295980 -7.991216 165258926105.000000
-0.113037 -0.944824 0.075928 11.163301 36.234978 -8.296224 165258929029.000000
-0.109863 -0.949463 0.079102 11.102300 35.746965 -8.357226 165258931958.000000
-0.116943 -0.945801 0.083496 11.468310 35.868968 -8.662234 165258934875.000000
-0.112793 -0.950684 0.084717 11.224303 35.380955 -8.174221 165258937792.000000
-0.116455 -0.952881 0.079346 11.285305 35.441957 -8.540231 165258940716.000000
-0.117432 -0.953857 0.079834 11.102300 35.258952 -8.662234 165258943637.000000
-0.115234 -0.949219 0.082031 11.102300 35.014945 -8.601232 165258946555.000000
-0.116699 -0.957031 0.078369 10.858293 34.526932 -8.601232 165258949470.000000
-0.120605 -0.955322 0.075439 11.102300 34.343927 -8.601232 165258952397.000000
-0.118408 -0.956299 0.080811 11.163301 34.221924 -8.540231 165258955313.000000
-0.121338 -0.957275 0.083740 11.102300 33.672909 -8.845239 165258958230.000000
-0.120850 -0.953613 0.083252 11.102300 33.184896 -9.028244 165258961149.000000
-0.125977 -0.958740 0.087402 11.102300 32.940889 -8.723236 165258964066.000000
-0.125000 -0.960205 0.082275 10.614287 32.635881 -8.906240 165258966983.000000
-0.125244 -0.955566 0.087402 11.346306 32.147868 -9.272250 165258969903.000000
-0.123779 -0.956299 0.086670 11.163301 31.903861 -9.150247 165258972820.000000
-0.125488 -0.960693 0.088867 10.980296 31.293845 -9.089245 165258975738.000000
-0.127686 -0.958252 0.083496 10.858293 31.049838 -9.089245 165258978653.000000
-0.124756 -0.954834 0.084473 10.797292 30.805832 -9.333252 165258981572.000000
-0.131348 -0.954102 0.087646 10.797292 30.012810 -9.028244 165258984493.000000
-0.127686 -0.955811 0.091553 10.614287 29.707802 -9.272250 165258987401.000000
-0.128418 -0.955811 0.092285 10.675288 29.341792 -8.906240 165258990310.000000
-0.132324 -0.954346 0.090332 10.797292 29.097786 -9.211249 165258993328.000000
-0.128174 -0.957031 0.088867 10.553285 28.609772 -9.028244 165258996245.000000
-0.125732 -0.957031 0.086670 10.431282 28.243763 -9.333252 165258999168.000000
-0.124023 -0.953613 0.087646 10.370280 27.938754 -9.516257 165259002085.000000
-0.126709 -0.955566 0.089844 10.187275 27.633746 -9.516257 165259005001.000000
-0.130859 -0.957275 0.093750 9.699262 27.328738 -9.760264 165259007916.000000
-0.125244 -0.957764 0.090332 9.577259 26.901726 -9.699262 165259010839.000000
-0.122314 -0.956299 0.098145 9.577259 26.413713 -10.065272 165259013761.000000
-0.122314 -0.960205 0.093262 9.577259 26.413713 -9.821265 165259016675.000000
-0.122070 -0.957764 0.093018 9.272250 25.925700 -9.882267 165259019590.000000
-0.121338 -0.960205 0.096191 9.089245 25.864698 -9.760264 165259022508.000000
-0.122559 -0.965576 0.093750 8.906240 26.047703 -10.065272 165259025423.000000
-0.117188 -0.965332 0.095947 8.662234 25.864698 -10.126273 165259028338.000000
-0.122803 -0.969482 0.095215 8.784237 25.742695 -10.126273 165259031261.000000
-0.121582 -0.973389 0.095215 8.479229 25.620692 -9.882267 165259034180.000000
-0.123047 -0.977539 0.097412 8.296224 25.620692 -9.821265 165259037105.000000
-0.118164 -0.979004 0.095215 8.052217 25.620692 -9.699262 165259040020.000000
-0.121094 -0.981201 0.098145 8.113219 25.376685 -9.516257 165259042947.000000
-0.118896 -0.982666 0.099609 7.808211 25.315684 -9.333252 165259045862.000000
-0.120605 -0.984619 0.097412 7.686208 25.315684 -9.089245 165259048778.000000
-0.119873 -0.983643 0.092529 7.564204 25.010675 -8.601232 165259051712.000000
-0.120361 -0.985840 0.098633 7.137193 24.888672 -8.601232 165259054631.000000
-0.119385 -0.982666 0.091309 7.259196 24.888672 -8.357226 165259057546.000000
-0.115234 -0.976563 0.096191 6.954188 24.217654 -8.479229 165259060465.000000
-0.114746 -0.977295 0.093994 6.771183 24.339657 -8.296224 165259063383.000000
-0.116455 -0.977539 0.094482 6.893186 24.156652 -7.808211 165259066297.000000
-0.118164 -0.972656 0.097656 6.710181 23.546636 -7.869212 165259069212.000000
-0.113525 -0.974609 0.104004 6.527176 23.058623 -7.442201 165259072131.000000
-0.112793 -0.975342 0.103271 6.405173 22.936619 -7.564204 165259075046.000000
-0.112305 -0.976074 0.093506 6.405173 22.082596 -6.954188 165259078035.000000
-0.110352 -0.974854 0.101318 6.283170 21.533581 -6.954188 165259080956.000000
-0.111816 -0.980469 0.105469 6.039163 20.984567 -6.832184 165259083873.000000
-0.108154 -0.979004 0.102783 5.917160 20.313548 -6.832184 165259086788.000000
-0.108398 -0.981445 0.103027 5.856158 19.764534 -6.771183 165259089702.000000
-0.108154 -0.981201 0.104248 5.795156 18.910511 -6.527176 165259092619.000000
-0.106934 -0.984619 0.105225 5.490148 18.178491 -6.771183 165259095535.000000
-0.104004 -0.985596 0.106201 5.490148 17.446471 -6.466175 165259098450.000000
-0.102295 -0.986572 0.105713 5.612152 16.653450 -6.588178 165259101366.000000
-0.099609 -0.986084 0.104248 5.307143 16.287440 -6.588178 165259104292.000000
-0.101807 -0.989746 0.106689 5.124138 15.494418 -6.344171 165259107206.000000
-0.098633 -0.990234 0.102539 5.246142 14.579394 -6.283170 165259110121.000000
-0.095215 -0.988281 0.101563 5.002135 13.664369 -6.283170 165259113053.000000
-0.093018 -0.994141 0.099121 4.758128 13.420362 -6.039163 165259115968.000000
-0.088867 -0.995361 0.100342 4.453120 12.383334 -6.405173 165259118885.000000
-0.089355 -0.991455 0.099365 4.636125 11.834320 -6.222168 165259121802.000000
-0.084229 -0.996094 0.103760 4.270115 11.041298 -6.100165 165259124718.000000
-0.078125 -0.992920 0.102051 4.453120 10.858293 -6.100165 165259127634.000000
-0.068604 -0.998291 0.102295 4.331117 10.065272 -6.222168 165259130556.000000
-0.071777 -0.990967 0.105225 4.331117 9.943268 -6.039163 165259133473.000000
-0.067383 -0.997070 0.102539 4.270115 9.516257 -5.978161 165259136388.000000
-0.062988 -0.997070 0.102295 4.331117 9.516257 -5.734155 165259139303.000000
-0.053955 -0.991211 0.104248 4.087110 9.028244 -5.612152 165259142228.000000
-0.055420 -0.996094 0.102295 4.148112 9.394254 -5.917160 165259145143.000000
-0.047607 -0.989990 0.110840 3.965107 9.455255 -5.673153 165259148056.000000
-0.049316 -0.988525 0.101318 3.965107 9.821265 -5.734155 165259150980.000000
-0.042236 -0.988281 0.107422 3.904105 10.248277 -5.368145 165259153899.000000
-0.039795 -0.984131 0.108887 4.148112 10.614287 -5.429147 165259156814.000000
-0.040771 -0.979248 0.110352 3.904105 11.407308 -5.368145 165259159731.000000
-0.039063 -0.981445 0.104492 3.721100 11.834320 -5.429147 165259162649.000000
-0.033447 -0.976074 0.116943 3.660099 13.054352 -5.307143 165259165563.000000
-0.033691 -0.978516 0.106201 3.355091 13.664369 -5.734155 165259168492.000000
-0.033447 -0.975586 0.110107 2.928079 14.579394 -5.490148 165259171409.000000
-0.036865 -0.979492 0.111816 3.050082 15.616422 -5.185140 165259174327.000000
-0.032227 -0.981445 0.110840 2.684072 16.592448 -5.368145 165259177241.000000
-0.037598 -0.975830 0.112061 2.379064 17.446471 -5.185140 165259180183.000000
-0.035889 -0.977783 0.114990 2.318063 17.934484 -5.063137 165259183102.000000
-0.041504 -0.985840 0.117188 2.196059 18.727506 -4.880132 165259186018.000000
-0.045898 -0.987793 0.110596 1.952053 19.642530 -4.880132 165259188932.000000
-0.043213 -0.984619 0.107910 1.403038 20.130544 -4.514122 165259191849.000000
-0.045654 -0.988037 0.116943 1.525041 20.801562 -4.453120 165259194765.000000
-0.048828 -0.990234 0.112793 1.403038 20.862563 -4.331117 165259197680.000000
-0.049805 -0.991455 0.106934 1.098030 21.228573 -4.392119 165259200609.000000
-0.050537 -0.987793 0.109375 1.159031 21.716586 -4.270115 165259203523.000000
-0.056152 -0.990723 0.109375 0.854023 21.350576 -3.904105 165259206439.000000
-0.060791 -0.992188 0.106934 0.976026 21.289575 -3.660099 165259209361.000000
-0.061035 -0.989258 0.104492 0.732020 21.167572 -3.782102 165259212286.000000
-0.060303 -0.985596 0.111816 0.793021 20.862563 -3.294089 165259215200.000000
-0.063477 -0.983643 0.108887 0.793021 20.557555 -3.355091 165259218118.000000
-0.064697 -0.981689 0.107910 0.854023 20.008540 -3.050082 165259221039.000000
-0.068359 -0.976074 0.101318 0.793021 19.764534 -2.806076 165259223959.000000
-0.070557 -0.977295 0.106934 0.793021 18.971512 -2.928079 165259226874.000000
-0.070313 -0.976318 0.101807 0.915025 18.727506 -2.867077 165259229790.000000
-0.073242 -0.974854 0.098389 0.793021 18.239492 -2.623071 165259232716.000000
-0.080811 -0.974121 0.093018 0.610016 17.751479 -2.928079 165259235633.000000
-0.077148 -0.973145 0.094482 0.549015 16.958458 -2.684072 165259238549.000000
-0.079834 -0.970459 0.095459 0.488013 16.409443 -2.318063 165259241472.000000
-0.079590 -0.969482 0.098877 0.549015 15.616422 -2.318063 165259244389.000000
-0.078857 -0.971191 0.104492 0.671018 15.067407 -2.135058 165259247304.000000
-0.084229 -0.965088 0.100098 0.427012 14.152382 -2.379064 165259250219.000000
-0.081299 -0.966064 0.097168 0.793021 13.664369 -2.318063 165259253145.000000
-0.076416 -0.966064 0.093994 0.671018 13.359361 -2.135058 165259256060.000000
-0.078613 -0.962158 0.094238 0.610016 12.444336 -2.013054 165259258974.000000
-0.078369 -0.970459 0.090332 0.427012 11.956323 -2.013054 165259261892.000000
-0.076904 -0.965820 0.091064 0.183005 11.651315 -2.196059 165259264807.000000
-0.078369 -0.967285 0.087402 0.305008 11.102300 -1.830049 165259267722.000000
-0.071045 -0.972412 0.098145 0.122003 11.102300 -1.769048 165259270638.000000
-0.072754 -0.975098 0.094971 0.061002 10.431282 -1.647044 165259273554.000000
-0.073486 -0.972168 0.092285 0.183005 10.431282 -1.403038 165259276471.000000
-0.075439 -0.974609 0.081543 -0.183005 10.370280 -1.403038 165259279412.000000
-0.074463 -0.975342 0.086182 0.122003 10.187275 -1.220033 165259282340.000000
-0.073975 -0.971191 0.088623 -0.305008 10.126273 -1.037028 165259285259.000000
-0.071045 -0.974121 0.088135 -0.305008 10.431282 -0.976026 165259288174.000000
-0.068848 -0.973389 0.093994 -0.427012 10.309278 -0.793021 165259291091.000000
-0.070801 -0.977783 0.089111 -0.549015 10.675288 -0.732020 165259294006.000000
-0.068848 -0.979004 0.087646 -0.549015 10.553285 -0.305008 165259296921.000000
-0.067383 -0.980957 0.089844 -0.854023 10.919295 -0.549015 165259299834.000000
-0.069580 -0.976074 0.093506 -0.488013 11.285305 -0.427012 165259302751.000000
-0.066406 -0.985352 0.092773 -0.793021 11.468310 -0.183005 165259305672.000000
-0.062988 -0.986572 0.096436 -0.732020 11.956323 0.000000 165259308588.000000
-0.071289 -0.991211 0.091309 -1.098030 12.261331 0.000000 165259311511.000000
-0.066895 -0.988770 0.094971 -1.098030 12.566339 0.305008 165259314433.000000
-0.067627 -0.997070 0.090332 -1.281035 12.993351 0.061002 165259317347.000000
-0.073486 -0.998047 0.089355 -0.915025 13.115354 0.244007 165259320263.000000
-0.071777 -0.999268 0.091309 -1.342036 13.725371 0.061002 165259323188.000000
-0.072266 -0.998047 0.091309 -1.159031 13.664369 0.183005 165259326102.000000
-0.069824 -0.998047 0.088379 -1.281035 14.762399 0.549015 165259329016.000000
-0.072510 -1.001709 0.083496 -1.403038 14.518392 0.366010 165259331942.000000
-0.072998 -0.997803 0.089844 -1.464040 14.945404 0.549015 165259334864.000000
-0.072510 -0.996826 0.086426 -1.525041 15.311413 0.549015 165259337780.000000
-0.071533 -0.995605 0.089111 -1.769048 15.250412 0.854023 165259340702.000000
-0.073242 -0.995361 0.085449 -1.586043 15.799427 1.342036 165259343621.000000
-0.067627 -0.997803 0.083984 -2.013054 15.555420 1.281035 165259346535.000000
-0.073242 -0.997314 0.088135 -1.708046 15.677423 1.281035 165259349455.000000
-0.068604 -0.994873 0.088379 -1.891051 15.555420 1.403038 165259352381.000000
-0.073486 -1.000977 0.093506 -1.952053 15.433417 2.013054 165259355301.000000
-0.075684 -0.999512 0.083984 -2.135058 15.128408 1.647044 165259358216.000000
-0.069824 -0.998291 0.087646 -2.074056 15.006405 1.891051 165259361134.000000
-0.073242 -0.996826 0.087646 -1.952053 14.762399 2.196059 165259364051.000000
-0.072998 -0.999023 0.084717 -2.379064 14.457390 2.257061 165259366966.000000
-0.071533 -0.997559 0.091797 -2.379064 13.908376 2.867077 165259369880.000000
-0.073242 -0.999512 0.085693 -2.440066 13.542366 2.867077 165259372796.000000
-0.070313 -0.998535 0.080322 -2.806076 12.810346 2.928079 165259375713.000000
-0.070801 -1.002441 0.082764 -2.684072 12.566339 2.684072 165259378629.000000
-0.070068 -1.001221 0.083984 -2.989081 11.773318 3.477094 165259381573.000000
-0.064453 -1.001221 0.084229 -2.928079 11.163301 2.928079 165259384501.000000
-0.066406 -0.997803 0.085938 -3.050082 10.675288 3.172086 165259387413.000000
-0.066895 -0.999023 0.085693 -3.050082 9.760264 3.416092 165259391543.000000
-0.063232 -0.991455 0.086670 -2.928079 8.967242 3.294089 165259394523.000000
-0.059326 -0.993652 0.086670 -2.989081 8.235222 3.599097 165259397442.000000
-0.057861 -0.988037 0.086426 -2.989081 7.747209 3.843104 165259400361.000000
-0.052490 -0.985596 0.088867 -3.233087 7.198194 3.416092 165259403318.000000
-0.048340 -0.981201 0.091064 -3.233087 6.649180 3.904105 165259406233.000000
-0.051025 -0.981445 0.087646 -3.172086 6.466175 3.904105 165259409149.000000
-0.046143 -0.977295 0.086182 -3.111084 6.283170 3.782102 165259412075.000000
-0.041992 -0.985107 0.091064 -2.989081 5.978161 3.599097 165259415003.000000
-0.038574 -0.984375 0.089111 -3.294089 5.978161 3.965107 165259417918.000000
-0.036621 -0.983643 0.095947 -3.477094 5.917160 3.965107 165259420841.000000
-0.032959 -0.979248 0.087646 -3.355091 6.039163 4.026109 165259423762.000000
-0.027832 -0.982178 0.087158 -3.477094 5.856158 3.904105 165259426676.000000
-0.033691 -0.984375 0.089355 -3.477094 6.405173 3.843104 165259429601.000000
-0.028564 -0.980469 0.094482 -3.477094 6.527176 4.148112 165259432526.000000
-0.025879 -0.979736 0.090332 -3.477094 6.649180 3.843104 165259435444.000000
-0.022705 -0.981689 0.094971 -3.599097 7.015189 4.209114 165259438359.000000
-0.029785 -0.978516 0.091064 -3.965107 7.259196 3.904105 165259441281.000000
-0.023682 -0.982178 0.090820 -3.660099 7.381199 3.782102 165259444200.000000
-0.023682 -0.977539 0.087158 -3.721100 7.808211 3.965107 165259447127.000000
-0.025391 -0.977051 0.088623 -3.782102 7.808211 3.904105 165259450042.000000
-0.027832 -0.979004 0.093018 -4.148112 8.418227 3.782102 165259452967.000000
-0.027100 -0.981201 0.087158 -3.965107 8.723236 3.782102 165259455882.000000
-0.028076 -0.984131 0.091797 -4.087110 8.845239 4.087110 165259458797.000000
-0.030518 -0.980469 0.086670 -4.087110 9.333252 3.843104 165259461724.000000
-0.033447 -0.986084 0.087891 -4.331117 9.394254 4.026109 165259464639.000000
-0.032471 -0.981689 0.092773 -4.392119 9.455255 3.782102 165259467553.000000
-0.035889 -0.980469 0.085693 -4.453120 10.004270 4.026109 165259470471.000000
-0.035156 -0.987305 0.087646 -4.392119 9.821265 4.026109 165259473388.000000
-0.041016 -0.988281 0.076172 -4.575124 10.126273 3.538096 165259476301.000000
-0.042236 -0.989746 0.088867 -4.514122 10.309278 3.904105 165259479216.000000
-0.042236 -0.992676 0.077148 -4.697127 10.126273 3.965107 165259482133.000000
-0.045166 -0.994629 0.087646 -4.575124 10.187275 3.660099 165259485049.000000
-0.047607 -0.992676 0.080322 -4.575124 10.248277 3.843104 165259487964.000000
-0.051514 -0.996338 0.086182 -4.697127 10.309278 3.782102 165259490882.000000
-0.052979 -0.999512 0.082275 -4.758128 9.882267 3.965107 165259493796.000000
-0.053711 -0.998779 0.082031 -4.880132 9.821265 3.721100 165259496711.000000
-0.054199 -0.998779 0.079590 -4.880132 9.699262 3.782102 165259499625.000000
-0.057373 -0.998779 0.077637 -5.124138 9.211249 3.660099 165259502543.000000
-0.061035 -1.000977 0.081543 -5.185140 9.089245 3.660099 165259505456.000000
-0.063721 -0.998779 0.079590 -4.880132 8.479229 3.782102 165259508369.000000
-0.061279 -1.003662 0.081543 -5.124138 8.174221 3.843104 165259511294.000000
-0.061035 -1.000977 0.075928 -5.368145 8.174221 3.721100 165259514215.000000
-0.065186 -1.001709 0.087646 -5.246142 7.625206 3.965107 165259517128.000000
-0.062988 -1.004150 0.077637 -5.551150 6.954188 3.599097 165259520058.000000
-0.069092 -1.003174 0.082031 -5.246142 6.649180 4.087110 165259522977.000000
-0.064453 -1.002197 0.085938 -5.612152 6.344171 3.660099 165259525892.000000
-0.064453 -1.002686 0.082520 -5.673153 6.161166 3.904105 165259528807.000000
-0.066406 -1.003906 0.085205 -5.795156 5.551150 3.965107 165259531727.000000
-0.070068 -1.001465 0.085938 -5.734155 5.063137 3.965107 165259534646.000000
-0.066650 -1.000488 0.086670 -5.917160 5.063137 3.904105 165259537560.000000
-0.068604 -1.002197 0.091797 -5.917160 4.331117 3.904105 165259540481.000000
-0.070313 -1.002441 0.090332 -5.856158 4.209114 4.209114 165259543399.000000
-0.072998 -1.001953 0.090332 -6.039163 3.538096 3.904105 165259546313.000000
-0.073975 -1.002930 0.089844 -6.161166 3.172086 4.148112 165259549226.000000
-0.071533 -1.005615 0.092773 -6.039163 2.928079 4.270115 165259552154.000000
-0.072266 -1.005859 0.094238 -6.405173 2.013054 4.453120 165259555068.000000
-0.072021 -1.011475 0.093262 -6.405173 1.647044 4.392119 165259557984.000000
-0.072998 -1.014893 0.095947 -6.466175 1.281035 4.209114 165259560903.000000
-0.077393 -1.015625 0.093994 -6.527176 0.671018 4.758128 165259563819.000000
-0.075928 -1.019775 0.098877 -6.771183 -0.122003 4.819130 165259566734.000000
-0.075684 -1.024170 0.096680 -6.527176 -0.671018 4.575124 165259569648.000000
-0.073486 -1.024902 0.099609 -6.649180 -1.342036 4.514122 165259572565.000000
-0.079346 -1.031982 0.097656 -7.015189 -1.952053 4.636125 165259575480.000000
-0.079102 -1.027832 0.096924 -7.198194 -2.684072 4.331117 165259578394.000000
-0.082031 -1.030029 0.094238 -7.198194 -3.355091 4.209114 165259581311.000000
-0.078369 -1.032471 0.101807 -7.259196 -4.331117 4.453120 165259584225.000000
-0.080566 -1.029541 0.105713 -7.320198 -5.185140 4.148112 165259587139.000000
-0.078613 -1.025879 0.097412 -7.381199 -5.795156 3.843104 165259590056.000000
-0.080566 -1.024902 0.098633 -7.381199 -6.466175 4.270115 165259592973.000000
-0.076904 -1.024658 0.097656 -7.503203 -7.320198 3.721100 165259595898.000000
-0.072754 -1.017090 0.091553 -7.747209 -7.991216 3.782102 165259598812.000000
-0.068359 -1.017334 0.090820 -7.808211 -8.601232 3.843104 165259601730.000000
-0.070313 -1.013672 0.095459 -7.686208 -9.577259 3.538096 165259604645.000000
-0.064209 -1.012695 0.096924 -7.869212 -10.309278 3.599097 165259607560.000000
-0.061768 -1.014648 0.085693 -7.808211 -10.797292 3.538096 165259610482.000000
-0.055908 -1.012939 0.087158 -7.869212 -11.407308 3.477094 165259613399.000000
-0.054932 -1.009521 0.089600 -7.564204 -11.834320 3.355091 165259616314.000000
-0.054932 -1.010498 0.093262 -7.564204 -12.627341 3.538096 165259619229.000000
-0.048096 -1.012939 0.092285 -8.113219 -12.993351 3.477094 165259622163.000000
-0.048828 -1.015381 0.092041 -7.259196 -13.420362 3.294089 165259625079.000000
-0.039307 -1.011475 0.091064 -7.381199 -13.908376 3.477094 165259627994.000000
