0.208496 -0.971436 -0.051025 -8.845239 0.915025 -17.507473 204618377115.000000
0.210693 -0.965820 -0.052734 -8.845239 1.952053 -17.751479 204618380038.000000
0.215820 -0.969482 -0.050293 -9.211249 2.989081 -17.751479 204618382961.000000
0.221680 -0.962402 -0.047119 -8.906240 3.477094 -17.934484 204618385882.000000
0.220459 -0.964111 -0.050049 -8.967242 4.392119 -18.239492 204618388806.000000
0.204834 -0.961182 -0.056396 -9.028244 4.697127 -18.544501 204618391733.000000
0.200195 -0.964355 -0.063721 -9.089245 4.941133 -18.605502 204618394655.000000
0.186279 -0.967529 -0.062012 -9.089245 5.185140 -18.971512 204618397578.000000
0.179688 -0.972900 -0.071045 -9.150247 5.490148 -19.032514 204618400532.000000
0.164795 -0.982910 -0.064209 -8.967242 5.612152 -19.215519 204618403456.000000
0.158691 -0.980469 -0.076660 -8.784237 5.551150 -19.459525 204618406377.000000
0.156982 -0.987793 -0.079346 -9.089245 5.002135 -19.886537 204618409300.000000
0.153809 -0.992432 -0.091797 -8.784237 4.758128 -20.191545 204618412225.000000
0.163330 -0.997803 -0.091553 -8.784237 4.331117 -20.069542 204618415144.000000
0.168945 -1.003418 -0.095459 -8.357226 4.392119 -20.252547 204618418070.000000
0.172119 -1.005127 -0.093750 -7.991216 3.843104 -20.557555 204618420991.000000
0.181152 -1.004639 -0.090088 -7.991216 3.782102 -20.496553 204618423914.000000
0.197510 -0.997314 -0.090820 -7.747209 4.148112 -20.496553 204618426836.000000
0.209961 -0.995361 -0.086182 -7.625206 4.880132 -20.374550 204618429759.000000
0.226318 -0.989746 -0.085449 -7.259196 5.185140 -20.557555 204618432680.000000
0.237061 -0.983643 -0.082764 -7.137193 5.612152 -20.313548 204618435602.000000
0.246582 -0.979248 -0.082031 -6.832184 6.405173 -20.008540 204618438536.000000
0.256592 -0.981934 -0.082764 -6.649180 7.259196 -19.825535 204618441458.000000
0.262207 -0.980469 -0.082520 -6.344171 8.113219 -19.337522 204618444381.000000
0.263916 -0.975342 -0.080322 -6.344171 9.211249 -19.154517 204618447304.000000
0.262451 -0.976074 -0.080078 -5.795156 9.943268 -18.910511 204618450229.000000
0.263428 -0.974121 -0.073242 -5.856158 10.797292 -18.666504 204618453150.000000
0.257813 -0.965088 -0.078857 -5.734155 11.346306 -18.178491 204618456073.000000
0.262451 -0.971924 -0.079590 -5.612152 11.590313 -17.812481 204618458997.000000
0.254150 -0.967773 -0.071289 -5.612152 11.651315 -17.446471 204618461917.000000
0.251953 -0.969727 -0.073730 -5.429147 11.285305 -17.202464 204618464849.000000
0.251465 -0.971191 -0.072998 -5.490148 10.858293 -16.958458 204618467773.000000
0.245117 -0.964600 -0.068848 -4.880132 10.004270 -16.653450 204618470688.000000
0.238770 -0.960205 -0.064941 -4.758128 9.394254 -17.141463 204618473602.000000
0.230957 -0.961426 -0.068604 -4.636125 8.418227 -16.409443 204618476516.000000
0.228271 -0.956299 -0.066650 -4.636125 7.442201 -17.324468 204618479440.000000
0.222656 -0.955078 -0.073730 -4.941133 6.100165 -16.836455 204618482362.000000
0.226074 -0.958496 -0.075928 -4.758128 5.185140 -16.897456 204618485283.000000
0.224854 -0.961670 -0.077637 -4.636125 3.599097 -16.714451 204618488208.000000
0.226318 -0.964600 -0.067139 -4.575124 2.806076 -16.714451 204618491128.000000
0.229492 -0.962646 -0.065918 -4.758128 1.891051 -16.470445 204618494052.000000
0.230957 -0.963379 -0.072021 -4.697127 1.525041 -16.836455 204618496974.000000
0.237061 -0.964355 -0.062012 -4.575124 1.037028 -16.897456 204618499898.000000
0.241211 -0.963867 -0.062256 -4.453120 0.549015 -16.897456 204618502820.000000
0.243408 -0.964600 -0.061768 -4.575124 0.366010 -16.775453 204618505741.000000
0.252930 -0.972900 -0.071289 -4.819130 0.854023 -16.897456 204618508665.000000
0.253418 -0.975830 -0.075195 -4.514122 1.342036 -16.348441 204618511587.000000
0.253418 -0.986572 -0.073486 -4.636125 1.830049 -16.226438 204618514507.000000
0.252686 -0.976807 -0.071289 -4.758128 2.440066 -16.165436 204618517429.000000
0.266357 -0.980469 -0.066895 -5.063137 3.050082 -15.738425 204618520354.000000
0.271484 -0.980713 -0.070801 -5.002135 3.599097 -15.311413 204618523275.000000
0.273438 -0.982666 -0.071045 -5.185140 4.270115 -14.884402 204618526198.000000
0.275879 -0.978271 -0.068604 -5.734155 5.246142 -14.823400 204618529122.000000
0.281738 -0.977295 -0.065430 -5.978161 5.856158 -14.274385 204618532043.000000
0.286133 -0.969727 -0.056396 -6.161166 7.076191 -13.908376 204618534963.000000
0.284912 -0.964355 -0.054443 -6.344171 8.296224 -13.847374 204618537887.000000
0.284668 -0.963379 -0.052979 -6.649180 8.906240 -13.359361 204618540809.000000
0.281982 -0.959961 -0.053955 -6.649180 9.943268 -12.688343 204618543731.000000
0.278076 -0.958496 -0.052490 -6.954188 10.553285 -12.383334 204618546655.000000
0.282715 -0.955566 -0.045166 -7.442201 10.919295 -12.261331 204618549580.000000
0.281738 -0.948975 -0.041748 -7.259196 11.529311 -12.078326 204618552501.000000
0.280518 -0.946533 -0.042725 -7.686208 11.895321 -12.078326 204618555499.000000
0.279053 -0.948486 -0.045410 -7.686208 11.895321 -11.895321 204618558425.000000
0.277100 -0.944580 -0.060303 -7.808211 12.139328 -11.956323 204618561351.000000
0.267578 -0.950439 -0.061279 -7.991216 12.078326 -11.651315 204618564273.000000
0.252686 -0.947266 -0.059082 -8.235222 11.895321 -12.017324 204618567202.000000
0.240234 -0.951904 -0.065186 -7.930214 11.468310 -11.895321 204618570125.000000
0.228271 -0.952881 -0.071533 -7.747209 10.614287 -12.444336 204618573046.000000
0.215576 -0.960449 -0.081787 -7.625206 9.394254 -12.322333 204618575969.000000
0.206543 -0.965576 -0.089844 -7.564204 7.625206 -12.566339 204618578893.000000
0.195801 -0.969482 -0.094727 -7.259196 5.917160 -12.749344 204618581834.000000
0.187988 -0.970215 -0.100586 -7.015189 4.026109 -13.420362 204618584759.000000
0.181641 -0.978271 -0.097656 -6.588178 2.074056 -13.725371 204618587684.000000
0.168701 -0.982422 -0.116943 -6.466175 0.793021 -14.396389 204618590608.000000
0.167969 -0.980957 -0.102051 -5.612152 -1.464040 -14.945404 204618593529.000000
0.169678 -0.984863 -0.115479 -5.612152 -3.050082 -15.250412 204618596453.000000
0.175049 -0.991455 -0.121338 -5.063137 -4.392119 -15.433417 204618599377.000000
0.187256 -0.993164 -0.125977 -4.453120 -6.100165 -15.799427 204618602299.000000
0.194580 -1.010254 -0.128174 -3.904105 -6.649180 -15.677423 204618605223.000000
0.204102 -1.007568 -0.127930 -3.965107 -7.076191 -16.104435 204618608147.000000
0.217773 -1.007324 -0.130371 -3.416092 -6.649180 -16.165436 204618611070.000000
0.227051 -1.012695 -0.124756 -3.050082 -6.405173 -16.348441 204618613989.000000
0.235840 -1.017090 -0.117676 -2.501068 -5.612152 -16.165436 204618616910.000000
0.240479 -1.018066 -0.114990 -2.318063 -4.758128 -15.677423 204618619836.000000
0.246338 -1.015625 -0.120850 -2.196059 -4.209114 -15.860428 204618622759.000000
0.258545 -1.005127 -0.112061 -1.769048 -3.538096 -15.006405 204618625681.000000
0.265869 -1.001953 -0.110107 -1.159031 -2.745074 -14.640395 204618628606.000000
0.274414 -0.992676 -0.107666 -1.098030 -2.135058 -14.091380 204618631527.000000
0.283691 -0.983643 -0.105957 -0.671018 -1.342036 -13.786372 204618634448.000000
0.291992 -0.972412 -0.100342 -0.793021 -1.037028 -13.481364 204618637373.000000
0.300049 -0.966553 -0.098145 0.183005 -0.854023 -12.932349 204618640296.000000
0.301758 -0.965088 -0.090576 0.000000 -0.793021 -12.444336 204618643219.000000
0.303955 -0.959717 -0.082275 0.427012 -0.915025 -12.505338 204618646139.000000
0.306641 -0.956299 -0.081299 0.549015 -0.732020 -12.078326 204618649068.000000
0.301025 -0.946777 -0.079834 0.854023 -0.976026 -11.712316 204618651991.000000
0.294922 -0.943115 -0.071289 1.525041 -1.281035 -11.651315 204618654914.000000
0.281982 -0.940674 -0.066895 2.318063 -2.318063 -11.346306 204618657868.000000
0.269531 -0.935547 -0.076416 2.379064 -3.904105 -10.797292 204618660792.000000
0.256348 -0.937256 -0.087158 2.257061 -5.734155 -11.041298 204618663713.000000
0.241943 -0.945313 -0.087646 2.562069 -7.869212 -10.492283 204618666636.000000
0.237305 -0.954102 -0.086670 2.989081 -10.614287 -10.492283 204618669562.000000
0.233398 -0.960205 -0.093018 3.172086 -13.298359 -10.187275 204618672484.000000
0.239502 -0.963135 -0.092041 3.111084 -16.470445 -9.821265 204618675407.000000
0.261475 -0.969971 -0.096680 2.867077 -19.032514 -9.272250 204618678332.000000
0.274170 -0.972656 -0.094971 2.623071 -21.716586 -8.784237 204618681253.000000
0.285400 -0.971680 -0.080322 3.050082 -23.912646 -7.686208 204618684175.000000
0.305420 -0.961914 -0.073242 3.172086 -25.315684 -7.503203 204618687098.000000
0.317627 -0.956543 -0.060303 2.257061 -25.986702 -7.564204 204618690022.000000
0.325684 -0.952148 -0.054443 2.196059 -26.352712 -6.527176 204618692946.000000
0.333740 -0.945557 -0.044434 2.013054 -26.230708 -5.856158 204618695867.000000
0.347412 -0.945557 -0.037842 1.342036 -26.108705 -5.246142 204618698793.000000
0.351074 -0.954834 -0.041260 0.549015 -25.315684 -3.965107 204618701713.000000
0.351074 -0.953125 -0.034180 0.305008 -24.339657 -3.294089 204618704633.000000
0.361084 -0.947266 -0.034668 -0.488013 -23.119624 -2.562069 204618707555.000000
0.360352 -0.940674 -0.024414 -1.220033 -21.899591 -1.830049 204618710510.000000
0.361328 -0.940186 -0.014404 -2.074056 -20.435552 -0.976026 204618713431.000000
0.362305 -0.932373 -0.017822 -2.745074 -18.422497 -0.427012 204618716353.000000
0.359375 -0.926514 -0.007080 -3.294089 -16.836455 -0.244007 204618719274.000000
0.353516 -0.935059 -0.001953 -4.331117 -15.128408 0.671018 204618722188.000000
0.346680 -0.929199 -0.004639 -5.002135 -13.115354 0.732020 204618725104.000000
0.336182 -0.934082 -0.022217 -5.612152 -11.163301 0.915025 204618728021.000000
0.337891 -0.936768 -0.026855 -6.649180 -9.821265 1.891051 204618730946.000000
0.334229 -0.936035 -0.028320 -7.198194 -8.723236 2.318063 204618733869.000000
0.323975 -0.941650 -0.029785 -8.296224 -7.930214 2.562069 204618736790.000000
0.317383 -0.941406 -0.027100 -9.150247 -6.954188 2.562069 204618739713.000000
0.313721 -0.946777 -0.025391 -10.126273 -5.917160 3.233087 204618742635.000000
0.314453 -0.941162 -0.029053 -10.980296 -5.063137 2.806076 204618745559.000000
0.312988 -0.939453 -0.024902 -11.407308 -4.331117 3.111084 204618748484.000000
0.317383 -0.942383 -0.031494 -11.956323 -3.294089 3.233087 204618751407.000000
0.314697 -0.943359 -0.043701 -12.139328 -2.379064 3.233087 204618754330.000000
0.299805 -0.944336 -0.053955 -12.688343 -1.525041 3.721100 204618757277.000000
0.287598 -0.949219 -0.058350 -12.871348 -0.854023 3.416092 204618760203.000000
0.273438 -0.944824 -0.063965 -13.115354 -0.976026 3.904105 204618763124.000000
0.268799 -0.950928 -0.072510 -13.359361 -1.403038 3.721100 204618766048.000000
0.264648 -0.946045 -0.073242 -14.091380 -2.074056 3.660099 204618768974.000000
0.267334 -0.944336 -0.066650 -14.457390 -3.050082 3.721100 204618771896.000000
0.272461 -0.947754 -0.066162 -14.823400 -3.782102 3.416092 204618774819.000000
0.280273 -0.939697 -0.068359 -15.189410 -4.026109 2.989081 204618777743.000000
0.288330 -0.937012 -0.068359 -15.128408 -3.538096 2.745074 204618780665.000000
0.291016 -0.930664 -0.065186 -15.311413 -3.111084 2.196059 204618783587.000000
0.290283 -0.935547 -0.074707 -15.250412 -2.196059 2.257061 204618786507.000000
0.287354 -0.940674 -0.082764 -15.006405 -1.098030 2.013054 204618789432.000000
0.281982 -0.945313 -0.085693 -15.006405 -0.305008 2.074056 204618792353.000000
0.279785 -0.956299 -0.100342 -15.250412 0.305008 2.318063 204618795275.000000
0.278076 -0.963379 -0.099121 -15.555420 1.037028 2.196059 204618798200.000000
0.274902 -0.963135 -0.100342 -15.311413 1.159031 2.318063 204618801123.000000
0.279053 -0.963135 -0.093994 -15.067407 1.586043 2.318063 204618804045.000000
0.288330 -0.959473 -0.088867 -15.006405 1.891051 2.257061 204618806967.000000
0.292725 -0.957764 -0.086182 -15.006405 2.684072 2.196059 204618809891.000000
0.302246 -0.947754 -0.085449 -15.128408 3.416092 1.891051 204618812824.000000
0.305908 -0.932861 -0.086426 -14.945404 4.331117 2.013054 204618815744.000000
0.312744 -0.935059 -0.087402 -14.945404 5.185140 2.013054 204618818668.000000
0.306396 -0.931396 -0.087891 -14.823400 5.978161 1.952053 204618821591.000000
0.305420 -0.925537 -0.088135 -14.701397 6.710181 1.708046 204618824514.000000
0.298584 -0.934082 -0.093994 -14.457390 7.686208 1.525041 204618827436.000000
0.291748 -0.939453 -0.092529 -14.213384 8.540231 1.586043 204618830359.000000
0.285889 -0.942139 -0.094971 -13.115354 8.845239 1.037028 204618833282.000000
0.282959 -0.941650 -0.106934 -13.115354 8.906240 1.098030 204618836205.000000
0.287598 -0.939453 -0.108643 -13.054352 8.662234 0.976026 204618839136.000000
0.287109 -0.936768 -0.110840 -12.932349 8.601232 0.976026 204618842056.000000
0.287842 -0.936523 -0.115234 -12.688343 8.662234 0.732020 204618844980.000000
0.290527 -0.936279 -0.116455 -11.773318 9.211249 0.366010 204618847905.000000
0.290283 -0.936768 -0.112549 -11.468310 10.187275 0.061002 204618850826.000000
0.289307 -0.927734 -0.118652 -10.858293 10.553285 -0.427012 204618853747.000000
0.292969 -0.928223 -0.111572 -10.309278 11.102300 -0.549015 204618856670.000000
0.287842 -0.925049 -0.109375 -10.126273 11.529311 -0.793021 204618859595.000000
0.289063 -0.922119 -0.111084 -9.699262 11.712316 -0.854023 204618862517.000000
0.283691 -0.932373 -0.096191 -9.272250 12.261331 -0.976026 204618865439.000000
0.260010 -0.929688 -0.101074 -9.272250 12.688343 -1.281035 204618868363.000000
0.240723 -0.939697 -0.079102 -9.333252 12.383334 -1.891051 204618871284.000000
0.236572 -0.962402 -0.096191 -9.150247 11.224303 -2.257061 204618874208.000000
0.200684 -1.000977 -0.140869 -9.333252 10.248277 -1.830049 204618878328.000000
0.184570 -1.026855 -0.154785 -7.442201 8.357226 -1.769048 204618881296.000000
0.163086 -1.042480 -0.177246 -7.930214 6.893186 -1.708046 204618884235.000000
0.160889 -1.055176 -0.165771 -6.893186 4.941133 -1.586043 204618887158.000000
0.164795 -1.056885 -0.174072 -6.710181 3.111084 -1.952053 204618890088.000000
0.174072 -1.047607 -0.163818 -5.856158 0.915025 -2.318063 204618893011.000000
0.192871 -1.029541 -0.154053 -6.344171 -0.427012 -2.501068 204618895933.000000
0.203369 -1.018066 -0.142822 -5.673153 -1.891051 -2.928079 204618898858.000000
0.224854 -0.997314 -0.139893 -5.185140 -2.379064 -3.294089 204618901780.000000
0.239990 -0.983154 -0.126465 -4.514122 -2.074056 -3.538096 204618904704.000000
0.256104 -0.979004 -0.119385 -3.843104 -1.464040 -4.026109 204618907649.000000
0.256592 -0.975586 -0.127197 -3.721100 -0.671018 -4.209114 204618910574.000000
0.255859 -0.976074 -0.133545 -3.233087 0.305008 -4.087110 204618913495.000000
0.248779 -0.974854 -0.135742 -2.989081 0.549015 -3.904105 204618916417.000000
0.238770 -0.977539 -0.129150 -2.440066 0.122003 -3.782102 204618919342.000000
0.239014 -0.975342 -0.139893 -2.318063 -0.732020 -3.477094 204618922263.000000
0.241943 -0.973633 -0.131348 -2.074056 -1.647044 -3.477094 204618925186.000000
0.252686 -0.966064 -0.129395 -1.891051 -3.355091 -3.355091 204618928109.000000
0.263184 -0.958984 -0.125488 -1.159031 -5.307143 -3.538096 204618931031.000000
0.272461 -0.955566 -0.124512 -1.037028 -6.344171 -3.538096 204618933954.000000
0.282227 -0.945313 -0.120117 -1.098030 -7.320198 -3.355091 204618936873.000000
0.286621 -0.941162 -0.114258 -0.793021 -8.479229 -3.355091 204618939797.000000
0.297852 -0.943115 -0.115967 -0.732020 -9.028244 -3.111084 204618942717.000000
0.300537 -0.938965 -0.117188 -0.671018 -9.516257 -3.050082 204618945641.000000
0.299072 -0.940918 -0.100586 -0.488013 -9.577259 -2.745074 204618948569.000000
0.304443 -0.941162 -0.116943 -0.305008 -10.065272 -2.501068 204618951491.000000
0.305420 -0.946289 -0.104980 -0.122003 -10.675288 -2.867077 204618954422.000000
0.305908 -0.946777 -0.102051 0.366010 -10.431282 -2.684072 204618957345.000000
0.304688 -0.952148 -0.108643 0.366010 -10.919295 -2.196059 204618960270.000000
0.304688 -0.955566 -0.104248 0.183005 -10.919295 -2.196059 204618963194.000000
0.302734 -0.949219 -0.103271 0.488013 -11.102300 -1.952053 204618966115.000000
0.300049 -0.948486 -0.105225 0.183005 -10.797292 -1.769048 204618969059.000000
0.303711 -0.943848 -0.106201 0.122003 -10.370280 -1.647044 204618971975.000000
0.301025 -0.942383 -0.101074 0.061002 -10.126273 -1.586043 204618974889.000000
0.300537 -0.943115 -0.098877 -0.183005 -9.150247 -1.647044 204618977807.000000
0.293701 -0.946777 -0.093262 -0.244007 -7.625206 -2.074056 204618980734.000000
0.279297 -0.949219 -0.087158 -0.549015 -6.222168 -1.952053 204618983656.000000
0.269043 -0.956787 -0.086914 -0.671018 -4.514122 -2.074056 204618986579.000000
0.258789 -0.970947 -0.093262 -0.854023 -2.745074 -1.891051 204618989497.000000
0.253418 -0.983887 -0.104004 -1.098030 -1.952053 -1.952053 204618992412.000000
0.250488 -0.987061 -0.110596 -1.037028 -0.976026 -1.464040 204618995327.000000
0.245117 -1.000488 -0.116211 -1.464040 -0.305008 -1.220033 204618998247.000000
0.250000 -1.000488 -0.118164 -1.769048 0.366010 -1.159031 204619001177.000000
0.255859 -1.000977 -0.122803 -1.952053 1.037028 -0.793021 204619004103.000000
0.251953 -0.998047 -0.121826 -1.708046 0.549015 -0.976026 204619007026.000000
0.250977 -0.991699 -0.116943 -2.074056 0.671018 -0.427012 204619009951.000000
0.253418 -0.984619 -0.116943 -2.135058 0.000000 -0.427012 204619012872.000000
0.259521 -0.982178 -0.116455 -2.074056 -0.366010 -0.244007 204619015796.000000
0.259521 -0.977783 -0.109131 -2.135058 -1.525041 0.061002 204619018720.000000
0.270508 -0.971436 -0.108643 -2.074056 -2.135058 0.061002 204619021653.000000
0.269531 -0.964111 -0.102295 -2.623071 -2.928079 -0.244007 204619024576.000000
0.268555 -0.956055 -0.102295 -2.867077 -3.599097 -0.122003 204619027500.000000
0.276611 -0.955566 -0.119873 -2.745074 -4.026109 -0.061002 204619030424.000000
0.275635 -0.960205 -0.113525 -2.440066 -4.819130 -0.244007 204619033348.000000
0.271973 -0.959229 -0.105469 -2.501068 -6.100165 0.000000 204619036269.000000
0.277344 -0.954102 -0.103516 -2.501068 -6.588178 0.183005 204619039196.000000
0.279297 -0.951660 -0.103760 -2.562069 -7.198194 0.427012 204619042119.000000
0.287842 -0.948486 -0.091309 -2.318063 -7.564204 0.427012 204619045042.000000
0.295410 -0.942627 -0.091309 -2.318063 -8.052217 0.610016 204619047986.000000
0.305908 -0.940918 -0.099365 -2.623071 -7.808211 0.854023 204619050931.000000
0.312012 -0.937988 -0.105469 -3.050082 -7.442201 0.793021 204619053861.000000
0.310791 -0.937012 -0.097168 -3.111084 -7.137193 1.342036 204619056783.000000
0.314941 -0.938721 -0.092529 -2.928079 -6.405173 1.647044 204619059720.000000
0.314941 -0.943848 -0.097168 -3.538096 -6.283170 1.708046 204619062645.000000
0.309082 -0.944580 -0.096191 -3.477094 -6.039163 1.952053 204619065569.000000
0.302734 -0.944092 -0.090820 -3.599097 -5.551150 1.830049 204619068495.000000
0.288574 -0.946777 -0.099365 -3.355091 -5.002135 2.623071 204619071416.000000
0.274902 -0.948730 -0.099609 -3.538096 -4.880132 2.135058 204619074336.000000
0.264648 -0.946777 -0.104980 -3.294089 -4.331117 2.318063 204619077258.000000
0.254883 -0.944336 -0.110596 -3.538096 -4.148112 2.318063 204619080183.000000
0.242432 -0.950684 -0.117920 -3.416092 -4.087110 1.891051 204619083104.000000
0.230713 -0.964355 -0.128906 -3.294089 -4.087110 2.257061 204619086028.000000
0.227539 -0.976563 -0.125244 -3.050082 -4.331117 2.074056 204619088953.000000
0.224854 -0.978760 -0.129639 -2.867077 -4.697127 1.647044 204619091873.000000
0.222168 -0.985840 -0.121582 -2.745074 -5.063137 1.769048 204619094797.000000
0.222900 -0.988525 -0.127686 -2.501068 -5.185140 1.281035 204619097727.000000
0.230469 -0.993896 -0.135010 -2.135058 -5.429147 1.159031 204619100651.000000
0.234375 -0.987061 -0.138184 -2.135058 -5.612152 1.281035 204619103574.000000
0.237793 -0.989014 -0.131836 -1.952053 -6.161166 1.159031 204619106496.000000
0.243896 -0.986816 -0.138184 -1.708046 -6.100165 1.220033 204619109422.000000
0.247803 -0.981445 -0.128662 -1.769048 -6.466175 1.098030 204619112347.000000
0.251953 -0.980225 -0.123779 -1.342036 -6.832184 1.037028 204619115266.000000
0.258301 -0.973633 -0.124756 -1.342036 -6.771183 1.159031 204619118191.000000
0.263916 -0.965332 -0.117188 -1.281035 -6.832184 1.281035 204619121112.000000
0.264160 -0.967285 -0.124512 -1.037028 -7.076191 1.098030 204619124034.000000
0.264648 -0.964600 -0.116943 -1.159031 -7.686208 0.793021 204619126958.000000
0.269775 -0.966797 -0.126221 -0.976026 -8.052217 1.098030 204619129883.000000
0.270752 -0.961914 -0.119385 -1.037028 -8.296224 1.220033 204619132805.000000
0.270264 -0.959473 -0.126221 -0.671018 -8.845239 1.708046 204619135726.000000
0.269531 -0.955078 -0.117188 -1.037028 -8.845239 1.464040 204619138649.000000
0.272705 -0.955078 -0.111572 -1.281035 -9.333252 1.830049 204619141577.000000
0.284668 -0.948975 -0.109131 -0.793021 -9.272250 1.586043 204619144498.000000
0.287598 -0.949219 -0.105713 -0.671018 -9.455255 1.464040 204619147422.000000
0.292969 -0.938232 -0.104980 -0.854023 -9.455255 1.708046 204619150346.000000
0.292480 -0.944824 -0.102051 -1.281035 -9.028244 1.830049 204619153269.000000
0.296143 -0.940674 -0.102539 -1.525041 -8.540231 2.135058 204619156190.000000
0.296387 -0.943359 -0.109863 -1.464040 -8.357226 2.196059 204619159147.000000
0.296387 -0.943848 -0.097900 -1.647044 -7.686208 2.379064 204619162079.000000
0.293457 -0.942871 -0.099121 -2.257061 -7.869212 2.501068 204619165002.000000
0.283447 -0.940430 -0.094727 -2.440066 -7.808211 2.318063 204619167926.000000
0.270020 -0.933838 -0.088623 -2.379064 -7.503203 2.318063 204619170848.000000
0.263672 -0.936768 -0.087158 -2.623071 -7.137193 1.525041 204619173768.000000
0.249756 -0.931641 -0.089600 -2.867077 -6.649180 1.037028 204619176691.000000
0.224121 -0.928711 -0.090820 -3.355091 -6.222168 0.671018 204619179614.000000
0.207764 -0.934082 -0.100586 -3.294089 -5.673153 0.122003 204619182534.000000
0.199463 -0.937256 -0.108643 -3.782102 -5.307143 0.183005 204619185456.000000
0.194824 -0.949951 -0.115234 -3.416092 -5.246142 -0.122003 204619188381.000000
0.203369 -0.965576 -0.120605 -4.270115 -4.819130 -0.366010 204619191302.000000
0.213379 -0.977539 -0.112793 -4.392119 -4.453120 -0.427012 204619194224.000000
0.225342 -0.991699 -0.109375 -4.148112 -4.453120 -0.488013 204619197146.000000
0.240967 -0.991943 -0.113037 -4.026109 -3.904105 -0.854023 204619200071.000000
0.259521 -0.989990 -0.114502 -4.270115 -3.233087 -0.915025 204619202993.000000
0.265869 -0.986572 -0.120361 -4.270115 -2.257061 -1.037028 204619205914.000000
0.275635 -0.978271 -0.119629 -4.270115 0.244007 -0.854023 204619213661.000000
0.278809 -0.970947 -0.127197 -4.453120 1.281035 -0.305008 204619216832.000000
0.279297 -0.970459 -0.131348 -4.026109 1.281035 0.061002 204619219814.000000
0.283447 -0.974121 -0.131348 -3.965107 1.647044 0.000000 204619222756.000000
0.274658 -0.967773 -0.124512 -4.026109 1.586043 0.244007 204619225832.000000
0.271729 -0.959473 -0.123291 -3.782102 1.281035 0.427012 204619228859.000000
0.273682 -0.956299 -0.126221 -3.538096 0.976026 0.061002 204619231800.000000
0.270752 -0.957520 -0.122559 -3.721100 0.793021 0.366010 204619234733.000000
0.275146 -0.950195 -0.117188 -3.660099 0.488013 0.549015 204619237674.000000
0.275635 -0.944580 -0.118408 -3.416092 0.427012 0.854023 204619240599.000000
0.279541 -0.940918 -0.120361 -3.660099 0.427012 0.854023 204619243518.000000
0.281738 -0.944336 -0.114746 -3.965107 0.366010 1.220033 204619246436.000000
0.287842 -0.938477 -0.116211 -3.965107 0.732020 1.220033 204619249379.000000
0.297852 -0.941650 -0.105225 -3.843104 1.098030 1.403038 204619252327.000000
0.300781 -0.945313 -0.098877 -3.965107 1.220033 1.464040 204619255268.000000
0.296143 -0.946045 -0.102539 -4.026109 1.769048 1.403038 204619258193.000000
0.286377 -0.945801 -0.102783 -4.148112 2.562069 1.403038 204619261154.000000
0.279541 -0.945801 -0.109131 -4.392119 2.501068 1.708046 204619264072.000000
0.272461 -0.944092 -0.116211 -4.209114 2.928079 1.769048 204619266988.000000
0.263428 -0.950439 -0.115234 -4.514122 3.355091 2.013054 204619269908.000000
0.260010 -0.951660 -0.111328 -4.697127 2.806076 2.013054 204619272828.000000
0.254883 -0.952148 -0.110352 -4.758128 2.989081 1.830049 204619275751.000000
0.256104 -0.953857 -0.113525 -4.575124 2.989081 1.586043 204619278667.000000
0.249512 -0.958252 -0.119141 -4.514122 2.806076 1.525041 204619281587.000000
0.243164 -0.961670 -0.113037 -5.002135 2.684072 1.037028 204619284506.000000
0.243408 -0.960693 -0.125488 -4.880132 2.562069 1.159031 204619287422.000000
0.232178 -0.968018 -0.116455 -4.636125 2.806076 0.366010 204619290343.000000
0.225342 -0.968018 -0.117920 -4.819130 2.928079 0.732020 204619293279.000000
0.220947 -0.968750 -0.116455 -4.758128 3.233087 0.366010 204619296197.000000
0.220215 -0.975586 -0.123779 -4.819130 3.111084 0.183005 204619299113.000000
0.222656 -0.974854 -0.125732 -4.758128 3.172086 0.061002 204619302032.000000
0.229004 -0.976318 -0.125977 -4.880132 3.416092 -0.061002 204619304950.000000
0.238281 -0.977295 -0.126709 -5.246142 3.233087 0.061002 204619307870.000000
0.241211 -0.975586 -0.127686 -5.063137 3.416092 -0.122003 204619310799.000000
0.247070 -0.973633 -0.129395 -5.185140 3.904105 -0.488013 204619313732.000000
0.249756 -0.976318 -0.120850 -4.819130 4.453120 -0.488013 204619316658.000000
0.250244 -0.967041 -0.115479 -4.941133 4.941133 -0.610016 204619319584.000000
0.250977 -0.961426 -0.122314 -4.941133 5.124138 -0.427012 204619322508.000000
0.249268 -0.960449 -0.121826 -4.880132 5.490148 -0.427012 204619325447.000000
0.255127 -0.958008 -0.127441 -4.941133 5.734155 -0.610016 204619328375.000000
0.255371 -0.961182 -0.131836 -4.880132 6.039163 -0.244007 204619331298.000000
0.256348 -0.964355 -0.130615 -4.636125 6.039163 -0.305008 204619334230.000000
0.256836 -0.965088 -0.132813 -4.453120 5.978161 -0.549015 204619337153.000000
0.260742 -0.963379 -0.128418 -4.209114 5.856158 -0.122003 204619340079.000000
0.260986 -0.960938 -0.137939 -4.209114 5.551150 -0.183005 204619343002.000000
0.263672 -0.956299 -0.132813 -4.087110 5.368145 -0.488013 204619345928.000000
0.267090 -0.955078 -0.131348 -3.843104 5.246142 -0.305008 204619348864.000000
0.269043 -0.954590 -0.126465 -3.904105 5.063137 -0.305008 204619351794.000000
0.269775 -0.947754 -0.127686 -3.538096 4.819130 -0.244007 204619354737.000000
0.274658 -0.947510 -0.122314 -3.660099 4.514122 0.305008 204619357702.000000
0.270264 -0.944336 -0.132568 -3.538096 4.697127 -0.244007 204619360707.000000
0.272217 -0.942871 -0.132324 -3.660099 5.368145 0.000000 204619363627.000000
0.272461 -0.941162 -0.127930 -3.538096 5.307143 0.305008 204619366544.000000
0.266113 -0.941895 -0.122803 -3.050082 5.307143 -0.061002 204619369458.000000
0.265381 -0.944336 -0.128906 -3.111084 5.063137 0.122003 204619372377.000000
0.262695 -0.954102 -0.126221 -2.684072 4.758128 -0.183005 204619375294.000000
0.252930 -0.959961 -0.127930 -2.562069 4.453120 -0.061002 204619378214.000000
0.246826 -0.968262 -0.134033 -1.830049 3.965107 -0.244007 204619381166.000000
0.241455 -0.973633 -0.139160 -1.586043 3.355091 -0.244007 204619384477.000000
0.233154 -0.976318 -0.136230 -1.830049 3.172086 -0.793021 204619387595.000000
0.230713 -0.987549 -0.138672 -1.464040 2.501068 -0.549015 204619391059.000000
0.229248 -0.986328 -0.136230 -1.220033 2.318063 -0.732020 204619394002.000000
0.226318 -0.994385 -0.134521 -1.525041 2.135058 -0.793021 204619396938.000000
0.237549 -0.991455 -0.135986 -1.281035 1.769048 -0.610016 204619399869.000000
0.237061 -0.987549 -0.138428 -1.281035 2.074056 -0.976026 204619402786.000000
0.246338 -0.985107 -0.134033 -1.098030 2.501068 -0.915025 204619405701.000000
0.248535 -0.980957 -0.129639 -1.220033 2.867077 -0.549015 204619408621.000000
0.249756 -0.976807 -0.122559 -1.220033 2.867077 -0.549015 204619411543.000000
0.264893 -0.967773 -0.115967 -1.281035 3.233087 -0.427012 204619414457.000000
0.270508 -0.964600 -0.120117 -1.159031 4.087110 -0.061002 204619417371.000000
0.278564 -0.965332 -0.112793 -1.220033 5.063137 -0.061002 204619420287.000000
0.293701 -0.957520 -0.117676 -1.037028 5.673153 0.488013 204619423207.000000
0.297363 -0.956543 -0.114258 -0.915025 6.222168 0.427012 204619426121.000000
0.308350 -0.951660 -0.109863 -1.098030 6.832184 0.793021 204619429070.000000
0.314697 -0.953369 -0.111572 -1.037028 7.503203 1.586043 204619431984.000000
0.320557 -0.947754 -0.119141 -0.976026 8.235222 1.769048 204619434897.000000
0.322021 -0.955566 -0.116455 -0.793021 8.967242 2.013054 204619437813.000000
0.323730 -0.954346 -0.114990 -0.732020 9.577259 2.684072 204619440725.000000
0.319580 -0.956787 -0.117920 -0.610016 9.882267 3.111084 204619443641.000000
0.320313 -0.951660 -0.117188 -0.488013 9.455255 3.294089 204619446553.000000
0.312012 -0.957520 -0.118408 -0.122003 9.638260 3.660099 204619449475.000000
0.302979 -0.959717 -0.118652 0.244007 9.333252 4.331117 204619452397.000000
0.297363 -0.962402 -0.128174 0.244007 8.601232 4.514122 204619455329.000000
0.288330 -0.963623 -0.130615 0.732020 8.540231 4.941133 204619458247.000000
0.273193 -0.964844 -0.129150 0.671018 8.113219 4.758128 204619461162.000000
0.271729 -0.964111 -0.123291 0.976026 7.381199 4.697127 204619464076.000000
0.260498 -0.966064 -0.128174 0.671018 6.710181 4.819130 204619466988.000000
0.252441 -0.963623 -0.119873 0.549015 6.588178 4.758128 204619469904.000000
0.242188 -0.965820 -0.122314 0.549015 5.856158 4.575124 204619472819.000000
0.233154 -0.968750 -0.124512 0.671018 5.795156 4.758128 204619475734.000000
0.228027 -0.970947 -0.120117 0.793021 5.246142 4.819130 204619478651.000000
0.230469 -0.973145 -0.117676 0.549015 4.575124 5.063137 204619481567.000000
0.234375 -0.971924 -0.111084 0.488013 4.026109 5.002135 204619484479.000000
0.243896 -0.970947 -0.102295 0.549015 3.111084 5.063137 204619487392.000000
0.251953 -0.971436 -0.104248 0.122003 2.623071 5.246142 204619490309.000000
0.258545 -0.965576 -0.103760 -0.305008 2.196059 5.185140 204619493223.000000
0.264893 -0.957520 -0.104492 -0.610016 2.318063 5.673153 204619496137.000000
0.275391 -0.952637 -0.100586 -0.610016 2.318063 5.734155 204619499072.000000
0.280273 -0.943604 -0.095947 -1.220033 2.257061 5.856158 204619501994.000000
0.286133 -0.937012 -0.094727 -1.403038 2.379064 5.795156 204619504909.000000
0.287842 -0.936035 -0.085938 -1.586043 2.318063 6.344171 204619507830.000000
0.285645 -0.934570 -0.091064 -1.769048 2.318063 6.527176 204619510753.000000
0.288818 -0.936279 -0.094727 -1.891051 2.318063 6.588178 204619513684.000000
0.283936 -0.938721 -0.101074 -2.013054 2.318063 6.710181 204619516615.000000
0.285889 -0.932373 -0.108887 -2.196059 2.196059 6.832184 204619519540.000000
0.279297 -0.938721 -0.106445 -2.257061 1.830049 7.198194 204619522465.000000
0.278320 -0.938965 -0.098389 -2.379064 1.159031 7.137193 204619525388.000000
0.278809 -0.943359 -0.101807 -2.806076 1.464040 7.259196 204619528314.000000
0.272461 -0.954834 -0.098633 -2.745074 1.586043 7.625206 204619531235.000000
0.271973 -0.956055 -0.105713 -2.928079 1.708046 8.052217 204619534168.000000
0.278809 -0.965576 -0.108643 -3.111084 2.318063 7.991216 204619537090.000000
0.275635 -0.967773 -0.103271 -3.477094 3.538096 8.174221 204619540016.000000
0.275146 -0.969727 -0.104980 -4.026109 4.148112 8.723236 204619542937.000000
0.287109 -0.972900 -0.100830 -4.270115 5.368145 8.784237 204619545855.000000
0.298096 -0.971191 -0.095459 -4.453120 6.588178 8.906240 204619548797.000000
0.301025 -0.973877 -0.086182 -4.636125 8.784237 8.662234 204619551726.000000
0.300537 -0.971924 -0.086182 -5.124138 10.736290 8.723236 204619554643.000000
0.294678 -0.970947 -0.087646 -5.368145 13.847374 8.723236 204619557559.000000
0.282959 -0.966309 -0.103516 -6.039163 16.775453 8.601232 204619560506.000000
0.252686 -0.970459 -0.100342 -6.161166 19.886537 8.113219 204619563422.000000
0.212402 -0.977539 -0.097168 -5.307143 21.716586 7.686208 204619566340.000000
0.169922 -0.983887 -0.124023 -5.185140 22.753614 7.320198 204619569253.000000
0.129639 -0.986328 -0.144775 -4.880132 22.509608 6.893186 204619572168.000000
0.090820 -1.000000 -0.161865 -4.087110 20.984567 6.283170 204619575084.000000
0.070557 -1.015625 -0.171143 -2.989081 17.934484 5.978161 204619577997.000000
0.064453 -1.016113 -0.178955 -1.891051 13.481364 5.917160 204619580931.000000
0.080322 -1.013672 -0.198730 -1.586043 8.296224 5.368145 204619583846.000000
0.112061 -1.007813 -0.191406 -1.952053 3.416092 4.819130 204619586760.000000
0.160645 -0.993408 -0.180664 -1.708046 -0.976026 4.514122 204619589686.000000
0.191650 -0.980713 -0.156738 -1.403038 -4.087110 3.965107 204619592606.000000
0.249268 -0.959961 -0.140137 -1.464040 -5.551150 3.599097 204619595529.000000
0.297363 -0.933838 -0.104980 -1.037028 -5.429147 3.782102 204619598455.000000
0.337402 -0.919434 -0.103516 -0.793021 -4.331117 3.538096 204619601382.000000
0.364746 -0.916504 -0.087646 -0.305008 -2.684072 4.087110 204619604305.000000
0.375488 -0.920410 -0.086914 0.183005 -0.427012 4.270115 204619607229.000000
0.361328 -0.925781 -0.094482 0.671018 1.159031 5.063137 204619610154.000000
0.345703 -0.933350 -0.098877 0.671018 2.745074 5.490148 204619613078.000000
0.322021 -0.944824 -0.111572 1.037028 2.928079 5.917160 204619616004.000000
0.289795 -0.951416 -0.112305 1.403038 2.928079 6.283170 204619618929.000000
0.272705 -0.960938 -0.121094 1.220033 1.891051 6.527176 204619621851.000000
0.250488 -0.963623 -0.120605 1.098030 0.610016 6.222168 204619624773.000000
0.238770 -0.965820 -0.115967 1.220033 -0.122003 6.222168 204619627700.000000
0.227051 -0.965332 -0.120605 0.976026 -0.610016 5.795156 204619630624.000000
0.229736 -0.969238 -0.112305 0.915025 -0.305008 5.612152 204619633551.000000
0.226318 -0.963379 -0.112549 0.671018 0.488013 5.734155 204619636475.000000
0.227539 -0.970703 -0.108887 0.732020 2.318063 5.429147 204619639442.000000
0.228760 -0.972412 -0.098389 0.488013 4.270115 5.429147 204619642366.000000
0.233154 -0.980225 -0.103027 0.122003 6.527176 5.368145 204619645288.000000
0.243652 -0.983643 -0.101563 -0.488013 9.577259 4.941133 204619648209.000000
0.225830 -0.993164 -0.099609 -0.061002 12.810346 4.697127 204619651146.000000
0.208984 -1.000488 -0.108154 0.183005 14.823400 4.636125 204619654064.000000
0.185059 -0.999268 -0.117188 0.122003 17.019460 4.331117 204619656978.000000
0.165771 -1.006348 -0.130615 0.732020 17.995486 4.209114 204619659892.000000
0.156006 -1.008057 -0.150635 0.915025 17.629476 4.148112 204619662809.000000
0.148193 -1.007080 -0.163086 1.281035 16.165436 4.331117 204619665721.000000
0.148193 -1.004883 -0.172607 2.196059 14.335387 3.965107 204619668638.000000
0.142334 -0.997070 -0.170410 2.379064 11.651315 4.026109 204619671551.000000
0.157227 -0.989502 -0.174805 3.050082 8.723236 3.599097 204619674468.000000
0.171875 -0.984375 -0.173584 3.843104 5.917160 3.660099 204619677382.000000
0.193115 -0.974121 -0.164307 4.514122 3.355091 3.233087 204619680297.000000
0.224121 -0.965576 -0.150391 5.246142 0.915025 3.660099 204619683214.000000
0.256104 -0.952637 -0.143311 5.551150 -1.037028 3.660099 204619686129.000000
0.290039 -0.949707 -0.135986 6.039163 -2.135058 4.331117 204619689074.000000
0.310791 -0.948242 -0.120361 6.710181 -2.318063 4.331117 204619691987.000000
0.325195 -0.940918 -0.114990 7.137193 -2.989081 4.819130 204619694901.000000
0.331543 -0.940430 -0.108887 7.625206 -3.233087 5.246142 204619697820.000000
0.326904 -0.935791 -0.106445 7.625206 -3.416092 5.612152 204619700761.000000
0.322266 -0.934082 -0.106445 8.113219 -3.782102 6.039163 204619703692.000000
0.310059 -0.938232 -0.102539 8.296224 -3.538096 6.283170 204619706615.000000
0.302246 -0.936523 -0.100342 8.418227 -3.843104 6.710181 204619709538.000000
0.286377 -0.944580 -0.093994 8.174221 -4.270115 7.137193 204619712459.000000
0.274902 -0.952881 -0.090332 8.418227 -4.697127 7.198194 204619715389.000000
0.264893 -0.958740 -0.095459 7.930214 -5.185140 7.686208 204619718315.000000
0.254639 -0.965088 -0.097168 7.869212 -5.490148 8.235222 204619721235.000000
0.245605 -0.970947 -0.083496 7.381199 -5.124138 8.296224 204619724158.000000
0.239258 -0.972656 -0.081055 6.588178 -5.063137 8.479229 204619727079.000000
0.237305 -0.975830 -0.069580 6.039163 -3.843104 8.784237 204619730001.000000
0.232666 -0.977051 -0.065186 5.429147 -2.440066 8.479229 204619732937.000000
0.237549 -0.974121 -0.060303 4.575124 -0.793021 8.662234 204619735856.000000
0.246338 -0.976074 -0.059326 3.782102 0.915025 9.333252 204619738786.000000
0.258057 -0.972412 -0.050537 2.928079 2.623071 9.516257 204619741707.000000
0.262939 -0.974365 -0.042236 1.647044 4.514122 9.882267 204619744628.000000
0.266357 -0.967529 -0.040771 0.549015 7.076191 10.065272 204619747550.000000
0.275391 -0.967529 -0.035400 -0.427012 9.455255 10.248277 204619750513.000000
0.283203 -0.965820 -0.035156 -1.037028 12.200329 10.614287 204619753434.000000
0.282715 -0.959717 -0.029785 -2.257061 14.823400 10.553285 204619756351.000000
0.283447 -0.951660 -0.040771 -3.355091 17.751479 11.102300 204619759266.000000
0.282959 -0.945068 -0.042236 -4.697127 20.252547 10.736290 204619762183.000000
0.275391 -0.946533 -0.042725 -5.124138 22.692613 10.980296 204619765097.000000
0.254883 -0.953369 -0.048584 -5.307143 25.132679 11.041298 204619768010.000000
0.230713 -0.956299 -0.057373 -5.490148 26.413713 10.797292 204619770928.000000
0.202637 -0.963867 -0.076660 -5.612152 27.206735 10.736290 204619773849.000000
0.179443 -0.971436 -0.099121 -5.307143 27.633746 11.224303 204619776763.000000
0.153320 -0.981201 -0.121094 -5.063137 26.474715 10.736290 204619779684.000000
0.145996 -0.985596 -0.131836 -4.941133 24.827670 10.797292 204619782598.000000
0.144287 -0.983154 -0.135742 -4.575124 22.143598 10.858293 204619785511.000000
0.147461 -0.985596 -0.142578 -4.392119 19.032514 10.553285 204619788429.000000
0.160889 -0.980713 -0.150391 -3.965107 16.043433 9.943268 204619791346.000000
0.177002 -0.973145 -0.136719 -3.538096 13.420362 9.577259 204619794262.000000
0.196777 -0.968018 -0.130371 -3.660099 11.285305 9.577259 204619797178.000000
0.214844 -0.962891 -0.120117 -3.172086 10.370280 9.028244 204619800103.000000
0.233887 -0.961426 -0.112305 -2.928079 9.150247 9.211249 204619803029.000000
0.239990 -0.955566 -0.106934 -2.867077 9.028244 9.333252 204619805952.000000
0.243652 -0.953857 -0.102783 -3.050082 9.089245 9.455255 204619808882.000000
0.248535 -0.958496 -0.091553 -2.623071 9.150247 9.699262 204619811805.000000
0.253662 -0.971924 -0.088379 -2.257061 9.211249 9.760264 204619814727.000000
0.255859 -0.980713 -0.083984 -2.196059 9.272250 9.699262 204619817655.000000
0.243652 -0.986572 -0.092773 -2.684072 9.577259 10.187275 204619820579.000000
0.239014 -0.983643 -0.092285 -3.050082 10.126273 10.675288 204619823500.000000
0.229736 -0.987061 -0.101074 -3.233087 10.248277 11.041298 204619826424.000000
0.219727 -0.981445 -0.093506 -3.355091 9.760264 11.773318 204619829350.000000
0.225098 -0.981689 -0.084473 -3.416092 9.333252 12.078326 204619832271.000000
0.234619 -0.976807 -0.082764 -3.843104 8.479229 12.383334 204619835195.000000
0.241455 -0.973389 -0.074707 -4.209114 8.418227 12.688343 204619838115.000000
0.245361 -0.973389 -0.081543 -4.209114 7.808211 12.627341 204619841038.000000
0.250977 -0.967041 -0.081787 -4.636125 8.357226 13.237357 204619843963.000000
0.254150 -0.965088 -0.077148 -5.063137 8.784237 13.542366 204619846895.000000
0.254639 -0.959229 -0.079590 -5.124138 8.845239 13.481364 204619849819.000000
0.246582 -0.960205 -0.065918 -4.941133 8.601232 13.847374 204619852738.000000
0.238037 -0.964600 -0.064209 -4.880132 8.479229 13.664369 204619855652.000000
0.225098 -0.963867 -0.073486 -4.941133 8.479229 13.481364 204619858570.000000
0.208496 -0.960938 -0.080322 -5.246142 8.845239 13.420362 204619861486.000000
0.186279 -0.968262 -0.080078 -5.490148 8.601232 13.420362 204619864400.000000
0.168701 -0.969727 -0.083984 -5.246142 7.991216 13.298359 204619867316.000000
0.161621 -0.973389 -0.093994 -5.368145 7.564204 13.237357 204619870231.000000
0.155029 -0.976563 -0.103027 -5.612152 6.405173 13.359361 204619873146.000000
0.157959 -0.981201 -0.108154 -6.161166 5.490148 13.542366 204619876061.000000
0.158203 -0.986084 -0.100830 -6.161166 4.575124 13.603367 204619878976.000000
0.166016 -0.990967 -0.104980 -6.100165 3.416092 13.664369 204619881890.000000
0.180664 -0.988281 -0.098389 -6.344171 2.623071 13.969377 204619884819.000000
0.196533 -0.990967 -0.097656 -6.344171 2.013054 14.274385 204619887733.000000
0.213135 -0.994873 -0.102539 -6.039163 1.708046 14.335387 204619890649.000000
0.222900 -0.991211 -0.092773 -5.795156 1.586043 14.640395 204619893571.000000
0.225098 -0.998779 -0.099854 -5.795156 1.708046 15.067407 204619896482.000000
0.238037 -0.993164 -0.100830 -6.283170 1.952053 15.860428 204619899409.000000
0.246582 -0.988037 -0.104980 -5.856158 1.830049 16.531446 204619902333.000000
0.252441 -0.986084 -0.100830 -6.039163 1.769048 17.507473 204619905255.000000
0.251221 -0.982422 -0.096191 -5.795156 1.891051 17.995486 204619908183.000000
0.255859 -0.976074 -0.093018 -5.795156 1.586043 18.239492 204619911103.000000
0.255615 -0.972900 -0.095459 -5.551150 1.403038 18.788507 204619914027.000000
0.247070 -0.966553 -0.089355 -5.429147 0.976026 18.910511 204619916963.000000
0.239014 -0.959473 -0.093750 -5.368145 0.671018 18.910511 204619919891.000000
0.228516 -0.955322 -0.094727 -5.002135 -0.183005 19.154517 204619922816.000000
0.214111 -0.953857 -0.097656 -4.697127 -0.793021 18.971512 204619925738.000000
0.203613 -0.949707 -0.097168 -4.270115 -1.769048 19.032514 204619928662.000000
0.191162 -0.953613 -0.102051 -4.270115 -2.684072 18.910511 204619931588.000000
0.181885 -0.958496 -0.106689 -4.148112 -3.721100 18.910511 204619934510.000000
0.176758 -0.960205 -0.114258 -3.477094 -4.575124 18.910511 204619937433.000000
0.181885 -0.961914 -0.114746 -3.599097 -5.734155 18.971512 204619940356.000000
0.177979 -0.977539 -0.116455 -3.355091 -6.405173 19.093516 204619943278.000000
0.185547 -0.981445 -0.117920 -2.989081 -7.381199 19.154517 204619946205.000000
0.186279 -0.983643 -0.123779 -2.928079 -7.869212 19.032514 204619949128.000000
0.196289 -0.985107 -0.122559 -2.867077 -8.052217 19.276520 204619952049.000000
0.199219 -0.988037 -0.109863 -2.379064 -8.540231 19.459525 204619954970.000000
0.205078 -0.988770 -0.115479 -2.013054 -8.296224 19.459525 204619957884.000000
0.213623 -0.985840 -0.112793 -2.013054 -8.235222 19.703532 204619960799.000000
0.218994 -0.987305 -0.116699 -1.586043 -7.930214 20.435552 204619963713.000000
0.219482 -0.982666 -0.118896 -1.464040 -7.137193 20.618557 204619966627.000000
0.226563 -0.984863 -0.113281 -1.220033 -6.893186 20.862563 204619969540.000000
0.225830 -0.979004 -0.104980 -1.037028 -6.771183 21.350576 204619972454.000000
0.228516 -0.980957 -0.105957 -0.488013 -6.649180 21.167572 204619975369.000000
0.229004 -0.982910 -0.098145 -0.366010 -5.978161 21.838590 204619978285.000000
0.228027 -0.984863 -0.092529 -0.305008 -5.673153 21.716586 204619981199.000000
0.230225 -0.983398 -0.094971 -0.183005 -5.246142 22.021595 204619984111.000000
0.229248 -0.977539 -0.089600 0.061002 -4.331117 21.777588 204619987025.000000
0.220215 -0.978760 -0.099121 0.183005 -3.965107 22.265601 204619989943.000000
0.212646 -0.975098 -0.096924 0.366010 -3.355091 22.204600 204619992859.000000
0.198242 -0.977783 -0.097168 0.427012 -3.111084 22.387604 204619995773.000000
0.188477 -0.975830 -0.103516 0.610016 -2.806076 22.692613 204619998695.000000
0.175781 -0.978760 -0.098877 0.610016 -3.111084 22.631611 204620001616.000000
0.161133 -0.980469 -0.102295 0.671018 -3.416092 22.387604 204620004540.000000
0.156006 -0.980713 -0.104492 0.854023 -4.026109 22.326603 204620007464.000000
0.149414 -0.981934 -0.100342 0.915025 -4.758128 22.448606 204620010389.000000
0.140625 -0.984863 -0.100342 1.037028 -5.368145 22.204600 204620013313.000000
0.136963 -0.984619 -0.101074 1.037028 -6.039163 21.777588 204620016232.000000
0.136230 -0.989258 -0.104736 1.220033 -7.137193 21.655585 204620019157.000000
0.129883 -0.993896 -0.104736 1.098030 -7.747209 21.228573 204620022088.000000
0.128174 -0.996338 -0.100098 0.854023 -8.418227 21.228573 204620025011.000000
0.126221 -0.994141 -0.101074 0.915025 -9.333252 21.106570 204620027938.000000
0.124268 -0.991211 -0.100586 0.610016 -9.760264 20.862563 204620030861.000000
0.126709 -0.991943 -0.105713 0.854023 -10.431282 20.679558 204620033784.000000
0.123047 -0.991455 -0.097412 0.366010 -10.370280 20.679558 204620036707.000000
0.123779 -0.991699 -0.097168 0.244007 -10.431282 20.069542 204620039632.000000
0.124512 -0.987061 -0.095947 0.122003 -10.675288 20.008540 204620042557.000000
0.123779 -0.985596 -0.099854 0.000000 -10.187275 19.764534 204620045483.000000
0.123047 -0.983154 -0.096436 -0.183005 -9.882267 19.581529 204620048407.000000
0.124268 -0.988281 -0.095703 -0.366010 -9.760264 19.642530 204620051326.000000
0.121094 -0.987061 -0.102295 -0.671018 -9.333252 19.520527 204620054247.000000
0.118652 -0.985840 -0.102783 -0.854023 -8.784237 19.581529 204620057163.000000
0.120117 -0.988281 -0.092773 -1.281035 -8.296224 19.398524 204620060077.000000
0.117188 -0.983887 -0.092529 -1.342036 -7.747209 19.398524 204620062992.000000
0.116699 -0.986328 -0.091309 -1.586043 -7.808211 19.337522 204620065986.000000
0.116943 -0.984131 -0.099365 -1.586043 -7.259196 19.215519 204620068916.000000
0.115234 -0.983643 -0.095703 -1.708046 -7.076191 19.337522 204620071834.000000
0.110840 -0.985840 -0.092285 -2.013054 -6.954188 19.032514 204620074753.000000
0.109863 -0.991455 -0.097900 -1.891051 -7.198194 19.093516 204620077698.000000
0.113281 -0.981689 -0.097900 -1.769048 -7.076191 18.910511 204620080624.000000
0.114990 -0.989014 -0.093994 -2.135058 -6.771183 18.544501 204620083545.000000
0.111572 -0.986572 -0.100342 -2.562069 -6.649180 18.544501 204620086461.000000
0.125244 -0.993652 -0.094971 -2.257061 -6.283170 18.422497 204620089381.000000
0.125977 -0.988037 -0.096191 -2.562069 -5.978161 18.544501 204620092304.000000
0.127930 -0.988770 -0.104004 -2.257061 -6.039163 18.361496 204620095221.000000
0.125488 -0.990234 -0.100098 -2.501068 -5.856158 18.178491 204620098141.000000
0.124023 -0.984131 -0.104492 -2.440066 -5.856158 18.422497 204620101067.000000
0.126709 -0.987061 -0.098389 -2.379064 -5.978161 18.239492 204620103987.000000
0.125732 -0.982422 -0.104248 -2.318063 -6.039163 18.117489 204620106909.000000
0.122803 -0.981689 -0.106934 -2.501068 -6.466175 18.178491 204620109833.000000
0.125977 -0.978027 -0.110352 -2.318063 -6.954188 18.178491 204620112756.000000
0.122803 -0.975586 -0.108887 -2.196059 -7.747209 17.995486 204620115679.000000
0.124268 -0.973389 -0.107910 -1.769048 -7.930214 18.178491 204620118604.000000
0.120850 -0.971191 -0.112305 -1.647044 -8.540231 17.751479 204620121526.000000
0.119385 -0.968262 -0.113037 -1.830049 -8.662234 17.751479 204620124448.000000
0.113281 -0.968018 -0.114014 -1.769048 -9.760264 17.385469 204620127366.000000
0.117188 -0.970215 -0.110596 -1.586043 -10.126273 17.507473 204620130291.000000
0.112549 -0.968506 -0.106445 -1.647044 -10.858293 17.019460 204620133212.000000
0.114014 -0.970459 -0.106445 -1.525041 -11.163301 17.141463 204620136135.000000
0.113281 -0.973633 -0.098389 -1.586043 -11.773318 17.080461 204620139065.000000
0.111572 -0.980469 -0.096436 -1.586043 -11.773318 17.019460 204620141990.000000
0.109619 -0.977783 -0.096191 -1.281035 -12.505338 16.653450 204620144911.000000
0.119141 -0.983887 -0.094482 -1.281035 -12.444336 16.531446 204620147834.000000
0.120117 -0.984863 -0.097168 -1.220033 -12.566339 16.653450 204620150756.000000
0.119141 -0.989990 -0.105713 -1.464040 -12.627341 16.531446 204620153677.000000
0.121826 -0.989258 -0.091064 -1.037028 -12.627341 16.165436 204620156596.000000
0.119385 -0.991699 -0.103516 -1.342036 -12.566339 16.165436 204620159510.000000
0.123291 -0.995605 -0.098877 -1.098030 -12.261331 16.043433 204620162426.000000
0.118408 -0.996826 -0.088135 -1.281035 -11.956323 15.921430 204620165341.000000
0.109863 -0.999756 -0.097900 -1.525041 -11.651315 15.433417 204620168284.000000
0.113037 -0.999756 -0.097656 -1.403038 -11.529311 15.494418 204620171201.000000
0.108154 -0.998047 -0.099854 -1.403038 -11.163301 15.250412 204620174115.000000
0.103271 -1.000732 -0.093018 -1.708046 -10.553285 15.189410 204620177029.000000
0.094971 -0.995605 -0.093750 -1.769048 -10.553285 15.189410 204620179944.000000
0.089355 -0.997803 -0.089355 -1.952053 -10.370280 14.823400 204620182856.000000
0.091064 -0.994629 -0.087891 -1.891051 -10.248277 14.701397 204620185777.000000
0.081543 -0.994141 -0.098145 -2.196059 -9.821265 14.152382 204620188699.000000
0.074707 -0.995117 -0.094727 -2.257061 -9.516257 13.908376 204620191612.000000
0.070557 -0.988770 -0.086426 -2.623071 -9.211249 13.481364 204620194528.000000
0.064209 -0.989746 -0.097656 -2.562069 -9.028244 13.542366 204620197443.000000
0.061035 -0.989258 -0.091064 -2.745074 -8.540231 13.176356 204620200363.000000
0.058594 -0.990234 -0.087891 -2.867077 -8.418227 12.749344 204620203288.000000
0.059082 -0.987793 -0.092041 -3.050082 -8.357226 12.505338 204620206212.000000
0.058594 -0.989990 -0.089600 -3.416092 -7.564204 12.322333 204620209136.000000
0.059814 -0.987793 -0.089111 -3.599097 -7.198194 12.322333 204620212061.000000
0.060059 -0.993408 -0.089600 -3.599097 -6.771183 11.956323 204620214982.000000
0.063232 -0.990967 -0.094727 -3.721100 -6.100165 11.712316 204620217906.000000
0.070313 -0.990723 -0.095947 -3.721100 -5.307143 11.834320 204620220842.000000
0.074463 -0.995117 -0.103516 -3.904105 -5.002135 11.468310 204620223764.000000
0.071045 -0.992920 -0.097412 -3.965107 -4.514122 11.285305 204620226690.000000
0.070313 -0.991699 -0.098145 -3.904105 -3.660099 11.346306 204620229614.000000
0.072021 -0.994141 -0.102539 -4.148112 -3.050082 11.224303 204620232537.000000
0.066406 -0.991699 -0.103516 -4.087110 -2.806076 10.614287 204620235459.000000
0.062988 -0.996826 -0.108154 -4.026109 -2.379064 10.919295 204620238383.000000
0.061279 -0.994629 -0.110596 -4.209114 -2.074056 10.553285 204620241311.000000
0.057617 -0.988037 -0.113281 -4.087110 -2.135058 10.370280 204620244231.000000
0.062012 -0.991943 -0.109375 -4.148112 -1.830049 10.492283 204620247160.000000
0.058105 -0.990479 -0.113281 -3.904105 -2.074056 10.492283 204620250094.000000
0.059326 -0.989014 -0.113770 -4.026109 -2.135058 10.126273 204620253013.000000
0.058594 -0.987305 -0.115967 -3.782102 -1.952053 10.187275 204620255929.000000
0.060303 -0.986084 -0.115479 -3.660099 -2.684072 9.821265 204620258846.000000
0.059814 -0.983154 -0.111084 -3.599097 -2.562069 9.882267 204620261762.000000
0.065430 -0.982666 -0.113770 -3.294089 -2.684072 9.638260 204620264677.000000
0.068115 -0.974854 -0.116455 -3.172086 -3.172086 9.516257 204620267655.000000
0.068359 -0.970459 -0.113037 -3.111084 -2.928079 9.211249 204620270572.000000
0.070313 -0.972656 -0.108887 -2.806076 -2.684072 8.784237 204620273484.000000
0.070068 -0.976074 -0.118652 -2.684072 -2.623071 8.967242 204620276397.000000
0.072510 -0.975830 -0.117188 -2.562069 -2.989081 8.845239 204620279312.000000
0.070801 -0.977783 -0.124512 -2.440066 -3.050082 8.845239 204620282224.000000
0.064697 -0.979980 -0.116943 -2.318063 -3.355091 8.723236 204620285139.000000
0.061768 -0.978271 -0.119629 -2.318063 -3.721100 8.601232 204620288052.000000
0.061035 -0.978516 -0.116455 -1.952053 -3.965107 8.601232 204620290971.000000
0.056885 -0.976807 -0.118164 -1.769048 -4.331117 8.357226 204620293886.000000
0.061768 -0.972412 -0.115234 -1.708046 -4.636125 8.174221 204620296799.000000
0.055176 -0.975830 -0.119629 -1.403038 -4.941133 8.235222 204620299713.000000
0.059814 -0.974609 -0.115723 -1.403038 -5.429147 7.991216 204620302628.000000
0.057617 -0.970459 -0.114746 -1.159031 -5.856158 7.869212 204620305541.000000
0.058594 -0.971924 -0.115723 -0.854023 -6.222168 7.686208 204620308460.000000
0.059326 -0.973633 -0.114502 -0.671018 -6.405173 7.747209 204620311375.000000
0.061035 -0.974854 -0.117676 -0.549015 -6.893186 7.259196 204620314289.000000
0.062744 -0.971924 -0.114990 -0.244007 -6.771183 7.198194 204620317203.000000
0.063477 -0.978516 -0.109863 -0.183005 -6.954188 6.893186 204620320123.000000
0.069336 -0.980469 -0.110352 -0.061002 -7.137193 6.710181 204620323048.000000
0.072266 -0.990479 -0.114014 0.183005 -6.893186 6.771183 204620325971.000000
0.070068 -0.984375 -0.111816 0.549015 -6.893186 6.344171 204620328895.000000
0.072266 -0.993652 -0.115723 0.732020 -6.771183 6.222168 204620331819.000000
0.063965 -0.990967 -0.114990 0.671018 -6.832184 6.161166 204620334738.000000
0.061768 -0.989258 -0.120117 0.793021 -6.649180 6.039163 204620337672.000000
0.054443 -0.995117 -0.116943 0.915025 -6.832184 5.978161 204620340602.000000
0.054932 -0.990967 -0.120117 1.098030 -6.832184 5.734155 204620343523.000000
0.053955 -0.990234 -0.107422 1.220033 -7.198194 5.368145 204620347609.000000
0.048096 -0.992188 -0.100830 1.525041 -7.076191 5.368145 204620350619.000000
0.050049 -0.993164 -0.110596 1.769048 -6.588178 4.697127 204620353551.000000
0.046875 -0.994629 -0.114502 2.074056 -6.527176 4.453120 204620356469.000000
0.049072 -0.991699 -0.110352 2.196059 -6.344171 4.575124 204620359383.000000
0.046387 -0.996094 -0.110840 2.318063 -5.307143 4.331117 204620362303.000000
0.045410 -1.000000 -0.113037 2.562069 -5.124138 4.270115 204620365220.000000
0.044922 -1.004150 -0.115234 2.928079 -4.575124 4.087110 204620368136.000000
0.042969 -1.006104 -0.117676 2.928079 -4.087110 3.904105 204620371052.000000
0.037842 -1.007568 -0.113037 3.233087 -3.721100 3.904105 204620373967.000000
0.037842 -1.008789 -0.109619 3.416092 -3.416092 3.904105 204620376881.000000
0.040771 -1.014648 -0.121582 3.538096 -3.538096 3.965107 204620379795.000000
0.038574 -1.017090 -0.119385 3.660099 -2.989081 3.721100 204620382712.000000
0.040283 -1.015869 -0.118652 4.026109 -3.172086 3.660099 204620385638.000000
0.043213 -1.018066 -0.120117 4.087110 -3.172086 3.599097 204620388558.000000
0.042236 -1.017822 -0.111816 4.453120 -3.111084 3.721100 204620391474.000000
0.045166 -1.019531 -0.110596 4.514122 -3.233087 3.233087 204620394395.000000
0.047852 -1.016602 -0.114258 4.636125 -2.989081 3.111084 204620397311.000000
0.052490 -1.009277 -0.107178 5.002135 -2.867077 3.172086 204620400229.000000
0.050781 -1.010742 -0.114746 4.941133 -3.111084 2.867077 204620403153.000000
0.057373 -1.003662 -0.102051 5.124138 -2.684072 2.867077 204620406076.000000
0.054688 -1.004883 -0.102783 5.063137 -2.867077 2.867077 204620409000.000000
0.058838 -1.001953 -0.106201 5.124138 -2.623071 3.111084 204620411922.000000
0.062500 -0.994873 -0.099121 5.246142 -2.806076 2.684072 204620414844.000000
0.061035 -0.993164 -0.092041 5.307143 -2.562069 2.684072 204620417767.000000
0.062256 -0.989746 -0.093018 5.368145 -2.745074 2.806076 204620420690.000000
0.064697 -0.986328 -0.092285 5.490148 -2.806076 2.806076 204620423609.000000
0.068848 -0.989014 -0.083496 5.368145 -2.745074 2.440066 204620426531.000000
0.070068 -0.990479 -0.088135 5.734155 -2.684072 2.440066 204620429454.000000
