-0.120850 -0.959961 0.352783 -3.904105 -0.366010 1.098030 204353007184.000000
-0.124023 -0.955566 0.369141 -3.782102 -0.244007 1.098030 204353010295.000000
-0.123047 -0.968018 0.352295 -2.318063 0.061002 1.220033 204353013387.000000
-0.119141 -0.967041 0.344238 -2.013054 0.305008 0.915025 204353016481.000000
-0.116699 -0.962891 0.349854 -2.135058 0.244007 1.098030 204353019590.000000
-0.115723 -0.962646 0.325684 -2.379064 0.488013 1.586043 204353022684.000000
-0.116699 -0.960693 0.327148 -2.440066 1.281035 1.037028 204353025780.000000
-0.114746 -0.958008 0.342285 -2.684072 1.281035 1.037028 204353028894.000000
-0.121094 -0.958008 0.334717 -3.172086 1.525041 1.342036 204353031986.000000
-0.126465 -0.962158 0.334717 -3.233087 1.952053 1.098030 204353035077.000000
-0.120605 -0.960205 0.336914 -3.111084 2.623071 1.220033 204353038171.000000
-0.121826 -0.963379 0.338867 -3.233087 2.623071 1.525041 204353041302.000000
-0.126953 -0.970459 0.342041 -3.355091 2.745074 1.403038 204353044390.000000
-0.124512 -0.963867 0.344727 -3.050082 3.050082 1.647044 204353047486.000000
-0.131348 -0.964111 0.341064 -2.989081 2.684072 1.464040 204353050641.000000
-0.118164 -0.965576 0.341309 -2.928079 2.928079 1.342036 204353053734.000000
-0.123291 -0.963623 0.336670 -2.867077 3.111084 1.647044 204353056814.000000
-0.120117 -0.967041 0.333984 -2.989081 3.172086 1.647044 204353059896.000000
-0.116455 -0.964111 0.338379 -3.050082 3.477094 1.403038 204353062977.000000
-0.118408 -0.965820 0.331787 -3.111084 3.660099 1.403038 204353066046.000000
-0.117676 -0.967285 0.339844 -3.172086 3.660099 0.671018 204353069208.000000
-0.122559 -0.970703 0.332275 -2.257061 3.660099 0.427012 204353072291.000000
-0.125732 -0.976074 0.358398 -2.074056 2.928079 0.427012 204353075370.000000
-0.121582 -0.978760 0.337891 -1.769048 3.599097 0.244007 204353078448.000000
-0.126221 -0.976318 0.343262 -2.562069 4.087110 -0.122003 204353081537.000000
-0.126953 -0.969727 0.344971 -2.867077 3.782102 -0.244007 204353084634.000000
-0.131592 -0.968018 0.335449 -3.050082 4.087110 -0.305008 204353087753.000000
-0.132324 -0.966797 0.343018 -3.111084 4.453120 -0.244007 204353090861.000000
-0.130859 -0.969238 0.343262 -2.745074 3.721100 -1.159031 204353093958.000000
-0.130615 -0.973389 0.349609 -2.684072 3.599097 -0.671018 204353097055.000000
-0.134277 -0.968506 0.337158 -2.684072 3.721100 -1.037028 204353100160.000000
-0.133545 -0.966309 0.342773 -3.050082 4.087110 -1.037028 204353103254.000000
-0.134033 -0.966797 0.334473 -2.867077 3.599097 -1.159031 204353106345.000000
-0.136230 -0.969482 0.342041 -2.867077 3.721100 -1.586043 204353109450.000000
-0.139648 -0.969482 0.337891 -2.074056 3.050082 -1.769048 204353112539.000000
-0.132568 -0.961670 0.338867 -2.196059 2.806076 -1.769048 204353115632.000000
-0.133057 -0.961670 0.334229 -2.135058 2.623071 -2.013054 204353118722.000000
-0.130859 -0.966309 0.337158 -1.830049 2.379064 -2.440066 204353121849.000000
-0.131592 -0.963379 0.331055 -1.952053 2.257061 -2.867077 204353124946.000000
-0.130859 -0.960938 0.337402 -1.952053 1.403038 -2.928079 204353128033.000000
-0.128174 -0.964844 0.331055 -1.952053 2.074056 -2.989081 204353131137.000000
-0.127686 -0.961670 0.331543 -2.135058 2.013054 -2.928079 204353134250.000000
-0.127197 -0.964355 0.342529 -2.318063 1.281035 -3.050082 204353137347.000000
-0.127686 -0.966064 0.331787 -2.135058 1.464040 -3.233087 204353140773.000000
-0.122803 -0.967773 0.328613 -2.013054 0.854023 -3.172086 204353143943.000000
-0.120605 -0.962402 0.322754 -2.257061 0.915025 -3.416092 204353147026.000000
-0.123535 -0.962646 0.336182 -2.196059 0.305008 -3.538096 204353150109.000000
-0.120117 -0.957764 0.328857 -2.318063 0.549015 -3.965107 204353153190.000000
-0.115967 -0.964111 0.326172 -2.135058 0.732020 -3.843104 204353156267.000000
-0.111084 -0.963867 0.330811 -2.196059 0.427012 -4.148112 204353167491.000000
-0.106445 -0.961426 0.326416 -2.196059 0.183005 -4.697127 204353171046.000000
-0.113525 -0.960449 0.328857 -2.013054 0.000000 -4.758128 204353174246.000000
-0.111084 -0.962158 0.326904 -2.318063 0.305008 -4.636125 204353177343.000000
-0.113037 -0.962158 0.327881 -2.379064 -0.061002 -4.941133 204353180437.000000
-0.113770 -0.961914 0.320801 -2.684072 -0.061002 -5.185140 204353183530.000000
-0.113037 -0.962402 0.326172 -2.562069 -0.061002 -5.246142 204353186608.000000
-0.114258 -0.963623 0.328369 -2.684072 -0.488013 -5.734155 204353189713.000000
-0.114502 -0.963135 0.332520 -2.745074 -0.183005 -5.551150 204353192986.000000
-0.116699 -0.962646 0.329590 -2.867077 -0.183005 -5.734155 204353196125.000000
-0.118408 -0.968750 0.328369 -3.111084 0.061002 -5.734155 204353199331.000000
-0.116699 -0.965088 0.327881 -2.867077 0.000000 -5.978161 204353202428.000000
-0.118408 -0.964355 0.332031 -2.623071 0.122003 -6.222168 204353205563.000000
-0.122314 -0.964600 0.333984 -2.623071 0.061002 -5.795156 204353208645.000000
-0.119629 -0.965820 0.331055 -2.928079 -0.122003 -6.161166 204353211726.000000
-0.124756 -0.964844 0.334961 -2.745074 -0.183005 -5.978161 204353214803.000000
-0.119385 -0.966797 0.329102 -2.623071 0.122003 -6.039163 204353217875.000000
-0.120117 -0.962891 0.328857 -2.867077 0.061002 -6.039163 204353220973.000000
-0.120361 -0.965088 0.341064 -2.257061 0.122003 -6.283170 204353224058.000000
-0.122070 -0.966309 0.337158 -2.379064 0.000000 -6.222168 204353227143.000000
-0.121826 -0.967285 0.335693 -1.769048 -0.061002 -6.283170 204353230249.000000
-0.120850 -0.971680 0.336182 -1.647044 -0.671018 -6.039163 204353233343.000000
-0.118408 -0.963867 0.335449 -1.525041 -0.671018 -6.039163 204353236422.000000
-0.116943 -0.968262 0.336670 -1.464040 -1.159031 -5.917160 204353239788.000000
-0.117432 -0.965576 0.333496 -1.708046 -1.098030 -6.222168 204353243031.000000
-0.121338 -0.967285 0.333252 -1.586043 -1.464040 -6.100165 204353246127.000000
-0.117676 -0.966309 0.337158 -1.464040 -1.586043 -6.283170 204353249241.000000
-0.118408 -0.962158 0.327637 -1.708046 -1.342036 -5.978161 204353252315.000000
-0.118652 -0.966553 0.333740 -1.281035 -1.586043 -6.039163 204353255381.000000
-0.119385 -0.966309 0.341309 -0.976026 -2.257061 -6.344171 204353258450.000000
-0.117432 -0.971436 0.336426 -0.915025 -2.318063 -5.917160 204353261517.000000
-0.118896 -0.968262 0.339355 -0.488013 -2.562069 -6.039163 204353264627.000000
-0.112793 -0.967285 0.338135 -0.854023 -2.867077 -6.100165 204353267693.000000
-0.116943 -0.968018 0.339111 -0.854023 -2.623071 -6.222168 204353270762.000000
-0.113037 -0.969482 0.333740 -0.732020 -3.111084 -6.161166 204353273841.000000
-0.110596 -0.969238 0.340088 -1.037028 -3.233087 -5.978161 204353276935.000000
-0.111572 -0.968018 0.339844 -0.488013 -3.599097 -6.283170 204353280034.000000
-0.114258 -0.965820 0.340820 -0.793021 -3.477094 -6.405173 204353283126.000000
-0.113770 -0.964600 0.335449 -0.854023 -3.599097 -6.588178 204353286258.000000
-0.116211 -0.974854 0.342041 -0.854023 -3.721100 -6.100165 204353289356.000000
-0.115479 -0.971436 0.336670 -0.366010 -3.904105 -6.100165 204353292447.000000
-0.116211 -0.969727 0.346924 -0.793021 -3.721100 -6.527176 204353295536.000000
-0.113037 -0.970703 0.342529 -0.671018 -4.270115 -6.344171 204353298624.000000
-0.112549 -0.970703 0.340332 -0.427012 -4.270115 -6.100165 204353301721.000000
-0.113281 -0.972412 0.340820 -0.732020 -4.697127 -6.100165 204353304808.000000
-0.107422 -0.970947 0.333496 -0.610016 -4.697127 -6.283170 204353307894.000000
-0.112305 -0.974365 0.339355 -0.671018 -5.185140 -6.161166 204353311031.000000
-0.110840 -0.974609 0.337646 -0.427012 -5.612152 -5.917160 204353314120.000000
-0.107178 -0.972168 0.343750 -0.061002 -5.856158 -6.222168 204353317222.000000
-0.104736 -0.972900 0.342041 -0.244007 -5.978161 -5.856158 204353320317.000000
-0.099121 -0.974365 0.330566 0.000000 -5.978161 -5.856158 204353323404.000000
-0.100830 -0.969971 0.338135 -0.244007 -5.856158 -5.673153 204353326507.000000
-0.094971 -0.974854 0.338379 0.183005 -6.039163 -5.612152 204353329597.000000
-0.098389 -0.974854 0.335693 0.427012 -6.649180 -5.307143 204353332684.000000
-0.091309 -0.978027 0.339844 0.671018 -6.710181 -5.490148 204353335821.000000
-0.090576 -0.977295 0.338867 0.610016 -6.588178 -5.612152 204353338927.000000
-0.085205 -0.977783 0.330811 0.366010 -6.771183 -4.819130 204353342167.000000
-0.083008 -0.974854 0.332520 0.427012 -6.893186 -5.185140 204353345256.000000
-0.078857 -0.976807 0.337402 0.427012 -7.198194 -5.002135 204353348332.000000
-0.079590 -0.978760 0.340088 0.305008 -7.320198 -4.758128 204353351425.000000
-0.076416 -0.980225 0.335693 0.061002 -7.259196 -4.636125 204353354505.000000
-0.078125 -0.971924 0.344482 0.183005 -7.747209 -5.002135 204353357577.000000
-0.079346 -0.970215 0.342285 0.183005 -7.686208 -4.514122 204353360707.000000
-0.078613 -0.973877 0.343262 -0.061002 -7.869212 -4.941133 204353363786.000000
-0.074707 -0.977295 0.335449 -0.122003 -7.686208 -4.819130 204353366860.000000
-0.076172 -0.970459 0.339844 -0.488013 -7.747209 -3.904105 204353369934.000000
-0.072998 -0.976318 0.343750 -0.366010 -7.991216 -4.697127 204353373016.000000
-0.058594 -0.994629 0.337158 -0.183005 -7.991216 -5.002135 204353376115.000000
-0.057129 -0.991211 0.347168 0.000000 -8.235222 -5.490148 204353379339.000000
-0.057129 -0.987061 0.345215 0.610016 -8.540231 -5.185140 204353382438.000000
-0.057617 -0.989502 0.346924 0.854023 -8.784237 -5.612152 204353385532.000000
-0.062988 -0.986084 0.343262 0.793021 -8.296224 -5.490148 204353388624.000000
-0.058838 -0.983643 0.338379 0.793021 -8.357226 -5.856158 204353391750.000000
-0.064697 -0.981445 0.343018 0.671018 -8.479229 -5.917160 204353394841.000000
-0.060059 -0.980957 0.342285 0.976026 -8.540231 -5.673153 204353397931.000000
-0.056641 -0.977539 0.326172 0.976026 -8.845239 -5.734155 204353401029.000000
-0.056641 -0.979248 0.332520 0.732020 -8.906240 -5.734155 204353404119.000000
-0.058350 -0.977295 0.337158 0.854023 -8.967242 -5.978161 204353407209.000000
-0.062012 -0.977783 0.339355 0.488013 -8.967242 -6.466175 204353410305.000000
-0.059082 -0.980713 0.336670 0.671018 -8.723236 -6.405173 204353413398.000000
-0.061768 -0.980225 0.329834 0.854023 -8.601232 -6.283170 204353416504.000000
-0.058105 -0.982666 0.343994 0.793021 -8.967242 -6.710181 204353419601.000000
-0.048096 -0.989746 0.347412 2.318063 -13.542366 -10.004270 204353422693.000000
-0.018066 -1.038574 0.394531 4.453120 -20.496553 -10.736290 204353425787.000000
-0.021240 -0.966553 0.337646 4.819130 -16.653450 -9.943268 204353428903.000000
-0.050781 -0.968750 0.321045 3.416092 -12.993351 -8.967242 204353432082.000000
-0.090332 -0.980469 0.331299 2.013054 -12.993351 -7.381199 204353435177.000000
-0.091309 -0.982422 0.321045 1.403038 -10.736290 -7.381199 204353438286.000000
-0.068604 -0.983887 0.337158 1.220033 -10.370280 -7.686208 204353441382.000000
-0.055664 -0.980713 0.338867 1.464040 -11.285305 -7.198194 204353444483.000000
-0.048828 -0.980225 0.332031 2.196059 -10.980296 -7.747209 204353447570.000000
-0.056152 -0.982666 0.338623 2.562069 -12.017324 -7.625206 204353450674.000000
-0.052979 -0.981445 0.341553 2.501068 -13.603367 -8.113219 204353453760.000000
-0.052246 -0.984619 0.334717 3.050082 -13.237357 -8.357226 204353456841.000000
-0.062744 -0.981201 0.333740 2.867077 -11.590313 -8.479229 204353459922.000000
-0.076416 -0.973877 0.331055 2.806076 -11.712316 -7.869212 204353463006.000000
-0.078369 -0.983643 0.335449 2.562069 -11.590313 -7.869212 204353466086.000000
-0.074707 -0.975830 0.327148 2.318063 -11.834320 -8.357226 204353469260.000000
-0.067871 -0.979004 0.344971 2.440066 -13.054352 -8.601232 204353472344.000000
-0.067627 -0.978271 0.336914 2.623071 -12.993351 -8.662234 204353475416.000000
-0.066895 -0.974609 0.337646 2.867077 -12.139328 -8.479229 204353478498.000000
-0.080811 -0.980957 0.340088 2.867077 -12.322333 -8.418227 204353481581.000000
-0.081055 -0.971680 0.337891 3.111084 -13.298359 -8.296224 204353484667.000000
-0.078369 -0.976318 0.335205 2.745074 -12.810346 -8.479229 204353487797.000000
-0.073730 -0.973145 0.338135 2.684072 -13.115354 -8.601232 204353490890.000000
-0.079590 -0.971191 0.342041 2.562069 -13.298359 -8.357226 204353493986.000000
-0.076172 -0.970947 0.340820 2.684072 -13.420362 -8.662234 204353497080.000000
-0.083252 -0.976318 0.335938 2.684072 -13.176356 -8.113219 204353500179.000000
-0.083008 -0.977783 0.346436 3.599097 -13.115354 -8.296224 204353503273.000000
-0.076904 -0.984619 0.350098 3.538096 -13.725371 -8.357226 204353506385.000000
0.241211 -1.064697 0.481201 1.403038 -56.975538 -28.548771 204353509602.000000
-0.104004 -1.065674 0.032471 -2.806076 -15.555420 -13.908376 204353514455.000000
-0.181885 -0.833740 0.435547 -2.501068 -11.529311 -10.980296 204353517732.000000
-0.121582 -0.939453 0.485352 2.318063 -17.141463 -7.442201 204353521032.000000
-0.072266 -1.007568 0.339600 3.416092 -16.287440 -8.662234 204353524184.000000
-0.072021 -1.009033 0.301758 1.830049 -15.555420 -9.455255 204353527268.000000
-0.081543 -0.994629 0.326416 0.854023 -15.616422 -10.004270 204353530352.000000
-0.090088 -0.966553 0.347168 1.037028 -16.287440 -10.004270 204353533434.000000
-0.084717 -0.952881 0.354492 1.586043 -17.690478 -10.126273 204353536532.000000
-0.077148 -0.958252 0.327148 1.830049 -18.361496 -9.821265 204353539882.000000
-0.062988 -0.954834 0.302979 2.806076 -17.812481 -9.821265 204353542990.000000
-0.076172 -0.952881 0.309082 3.050082 -17.263466 -9.760264 204353546063.000000
-0.081055 -0.948975 0.316162 2.379064 -17.873483 -9.699262 204353549203.000000
-0.092041 -0.943115 0.311035 1.220033 -17.141463 -9.089245 204353552280.000000
-0.088135 -0.944336 0.325684 0.122003 -15.860428 -9.150247 204353555350.000000
-0.089111 -0.946045 0.342285 -0.244007 -16.287440 -9.089245 204353558424.000000
-0.082764 -0.955078 0.354736 0.061002 -16.714451 -8.784237 204353561502.000000
-0.071777 -0.961914 0.349854 0.976026 -17.080461 -8.723236 204353564576.000000
-0.073975 -0.966553 0.343262 1.891051 -17.690478 -8.296224 204353567675.000000
-0.066895 -0.975830 0.352295 2.440066 -17.202464 -8.296224 204353570749.000000
-0.069336 -0.977051 0.352539 3.416092 -17.629476 -8.235222 204353573826.000000
-0.078125 -0.978271 0.361572 3.599097 -18.178491 -7.808211 204353576932.000000
-0.077637 -0.971924 0.369385 4.209114 -18.117489 -7.259196 204353580024.000000
-0.070068 -0.980469 0.365479 4.331117 -18.056488 -7.442201 204353583115.000000
-0.078613 -0.976563 0.352539 4.575124 -17.324468 -6.466175 204353586182.000000
-0.068604 -0.979004 0.356689 4.880132 -17.629476 -6.039163 204353589273.000000
-0.057861 -0.982422 0.354004 4.941133 -17.812481 -5.978161 204353592367.000000
-0.060059 -0.975342 0.333252 4.819130 -17.995486 -6.649180 204353595441.000000
-0.055908 -0.968506 0.328613 4.636125 -18.727506 -6.527176 204353598531.000000
-0.051270 -0.964600 0.331055 4.270115 -19.276520 -6.466175 204353601624.000000
-0.049316 -0.965332 0.328125 3.782102 -19.459525 -6.405173 204353604725.000000
-0.059570 -0.958496 0.333984 3.050082 -19.642530 -6.527176 204353607868.000000
-0.065186 -0.955566 0.337158 2.501068 -19.581529 -6.222168 204353610970.000000
-0.067627 -0.955811 0.341797 2.196059 -19.642530 -6.222168 204353614071.000000
-0.076172 -0.948975 0.335693 2.318063 -19.581529 -5.978161 204353617159.000000
-0.073242 -0.951416 0.343506 2.318063 -19.947539 -5.673153 204353620262.000000
-0.067383 -0.955078 0.342529 2.318063 -20.069542 -5.246142 204353623349.000000
-0.067139 -0.955322 0.344971 2.440066 -20.191545 -5.612152 204353626446.000000
-0.060303 -0.957520 0.344727 2.318063 -20.496553 -5.307143 204353629547.000000
-0.058105 -0.960205 0.352295 2.501068 -21.167572 -5.002135 204353632635.000000
-0.060303 -0.958252 0.357666 2.440066 -21.411578 -5.246142 204353635720.000000
-0.061523 -0.968994 0.348877 2.867077 -22.021595 -5.002135 204353638802.000000
-0.063477 -0.967041 0.366943 3.538096 -22.448606 -4.514122 204353641903.000000
-0.066895 -0.965576 0.352783 3.599097 -22.570609 -4.087110 204353644986.000000
-0.069336 -0.962158 0.355469 3.721100 -22.570609 -4.148112 204353648061.000000
-0.068604 -0.964355 0.350342 3.721100 -22.265601 -3.660099 204353651126.000000
-0.071289 -0.965576 0.347412 3.843104 -22.387604 -3.660099 204353654227.000000
-0.069336 -0.959717 0.343018 3.721100 -22.204600 -3.538096 204353657301.000000
-0.068115 -0.959473 0.341553 4.026109 -22.570609 -3.111084 204353660379.000000
-0.068848 -0.957275 0.350586 3.965107 -22.265601 -3.172086 204353663455.000000
-0.067139 -0.957764 0.350342 4.270115 -22.814616 -2.867077 204353666519.000000
-0.066650 -0.957520 0.355469 3.843104 -22.753614 -2.806076 204353669586.000000
-0.060547 -0.960449 0.361328 4.270115 -23.058623 -2.745074 204353672661.000000
-0.069336 -0.954590 0.350830 4.148112 -23.058623 -2.379064 204353675724.000000
-0.067383 -0.954834 0.346924 4.148112 -23.363631 -2.257061 204353678796.000000
-0.062500 -0.959961 0.343750 4.270115 -23.302629 -2.257061 204353681866.000000
-0.068115 -0.959229 0.345459 4.453120 -23.790642 -1.830049 204353684936.000000
-0.069092 -0.955078 0.340088 4.209114 -23.851644 -2.013054 204353688004.000000
-0.066650 -0.954834 0.336426 4.331117 -23.729641 -1.952053 204353691083.000000
-0.067627 -0.954102 0.333984 4.209114 -23.790642 -1.708046 204353694172.000000
-0.065430 -0.950439 0.332275 4.209114 -23.851644 -1.037028 204353697261.000000
-0.067139 -0.950195 0.339111 3.782102 -23.973647 -0.915025 204353700361.000000
-0.062500 -0.948730 0.336426 3.965107 -24.156652 -0.427012 204353703449.000000
-0.062012 -0.955566 0.336914 3.660099 -23.790642 -0.549015 204353706533.000000
-0.061279 -0.949463 0.331787 3.355091 -24.156652 0.061002 204353709628.000000
-0.055908 -0.949707 0.337646 2.989081 -24.095651 0.244007 204353712711.000000
-0.059082 -0.949463 0.335205 2.928079 -24.156652 0.000000 204353715794.000000
-0.060791 -0.945557 0.333740 2.867077 -24.095651 0.671018 204353718880.000000
-0.054932 -0.944824 0.336670 2.745074 -24.278656 0.549015 204353721968.000000
-0.056152 -0.947998 0.334473 2.562069 -24.827670 0.793021 204353725058.000000
-0.056885 -0.945557 0.342285 2.501068 -24.888672 1.037028 204353728144.000000
-0.054443 -0.948730 0.338867 2.318063 -25.010675 1.220033 204353731255.000000
-0.055908 -0.947266 0.340332 2.318063 -25.620692 1.464040 204353734364.000000
-0.057373 -0.950928 0.333740 1.952053 -25.315684 1.403038 204353737449.000000
-0.058594 -0.950195 0.336426 1.708046 -25.010675 1.769048 204353740635.000000
-0.061768 -0.949463 0.341309 1.647044 -25.376685 1.708046 204353743776.000000
-0.059326 -0.955078 0.349609 1.525041 -25.559690 2.318063 204353746854.000000
-0.065430 -0.950439 0.353760 1.464040 -25.437687 2.501068 204353749934.000000
-0.061768 -0.953369 0.355225 1.098030 -26.169707 2.501068 204353753011.000000
-0.063477 -0.961426 0.361816 1.037028 -26.108705 2.989081 204353756083.000000
-0.061279 -0.961182 0.349365 1.159031 -26.047703 3.111084 204353759212.000000
-0.065674 -0.963623 0.353760 0.366010 -26.291710 3.233087 204353762281.000000
-0.064697 -0.961182 0.357178 0.915025 -26.535716 3.599097 204353765354.000000
-0.061279 -0.964600 0.355713 0.671018 -26.718721 3.660099 204353768419.000000
-0.061035 -0.963867 0.362305 0.183005 -26.657720 3.965107 204353771494.000000
-0.064941 -0.966309 0.354736 0.366010 -27.145733 3.843104 204353774563.000000
-0.059326 -0.958984 0.358398 0.000000 -27.267736 4.392119 204353777632.000000
-0.058838 -0.964111 0.362305 0.061002 -27.816751 4.270115 204353780698.000000
-0.058350 -0.961426 0.354248 -0.122003 -27.755749 4.209114 204353783821.000000
-0.053223 -0.967529 0.361572 -0.122003 -28.182761 4.514122 204353786894.000000
-0.057373 -0.968262 0.362549 0.000000 -28.670774 4.880132 204353789969.000000
-0.057617 -0.968506 0.360596 -0.244007 -28.914781 5.124138 204353793056.000000
-0.055420 -0.965088 0.361816 0.000000 -29.219789 4.941133 204353796142.000000
-0.056885 -0.970459 0.360840 -0.061002 -29.524797 5.368145 204353799236.000000
-0.051514 -0.971191 0.358643 0.183005 -29.951809 5.368145 204353802331.000000
-0.054443 -0.978027 0.362305 1.037028 -30.439822 5.612152 204353805419.000000
-0.048828 -0.976074 0.360596 1.769048 -31.354847 5.673153 204353808506.000000
-0.050781 -0.974365 0.354492 1.586043 -31.049838 5.856158 204353811607.000000
-0.054199 -0.971436 0.361816 0.732020 -30.195815 5.795156 204353814695.000000
-0.062500 -0.972168 0.365967 0.061002 -29.585799 6.100165 204353817784.000000
-0.066895 -0.968018 0.370605 -0.061002 -29.829805 6.283170 204353820905.000000
-0.062256 -0.965088 0.374268 0.427012 -30.073812 6.588178 204353823994.000000
-0.066406 -0.968018 0.365479 1.098030 -29.890807 6.588178 204353827082.000000
-0.064697 -0.965332 0.352783 0.732020 -30.195815 6.954188 204353830183.000000
-0.061523 -0.955322 0.340332 0.244007 -29.097786 7.503203 204353833279.000000
-0.179688 -0.901367 0.322998 0.793021 -23.546636 10.187275 204353836367.000000
-0.086182 -0.991699 0.373291 -0.610016 -25.742695 11.712316 204353839473.000000
-0.002686 -0.982910 0.341797 -1.769048 -26.047703 9.516257 204353842559.000000
-0.028076 -0.963379 0.328613 -1.098030 -25.681693 8.784237 204353845646.000000
-0.043701 -0.946533 0.377930 0.122003 -29.646800 9.516257 204353848721.000000
-0.037842 -0.949951 0.369385 0.732020 -29.524797 9.211249 204353851798.000000
-0.050049 -0.950439 0.341797 0.183005 -28.182761 8.845239 204353854882.000000
-0.059814 -0.944580 0.344482 -0.427012 -29.097786 9.821265 204353857956.000000
-0.063721 -0.950439 0.338379 -1.037028 -28.060758 10.370280 204353861034.000000
-0.045654 -0.955566 0.362793 -1.098030 -28.365766 10.187275 204353864109.000000
-0.038330 -0.961426 0.372314 -0.366010 -29.768804 10.065272 204353867173.000000
-0.039063 -0.961670 0.374023 -0.549015 -31.293845 10.248277 204353870251.000000
-0.041016 -0.956055 0.364014 -0.427012 -31.232843 9.943268 204353873342.000000
-0.038818 -0.955811 0.369141 -0.854023 -31.293845 9.943268 204353876414.000000
-0.041504 -0.957031 0.369385 -1.098030 -31.903861 9.882267 204353879491.000000
-0.039063 -0.958252 0.368408 -1.098030 -32.269871 10.004270 204353882567.000000
-0.042480 -0.961182 0.365723 -1.281035 -32.208870 10.126273 204353885644.000000
-0.043945 -0.957520 0.370850 -1.403038 -32.330873 9.882267 204353888724.000000
-0.043213 -0.965088 0.369141 -1.525041 -32.025865 10.004270 204353891818.000000
-0.043701 -0.965332 0.370361 -1.891051 -31.537852 9.760264 204353894918.000000
-0.052734 -0.963135 0.370850 -1.769048 -30.683828 10.065272 204353898007.000000
-0.051270 -0.954834 0.373779 -1.281035 -30.744830 10.248277 204353901111.000000
-0.049316 -0.958252 0.373291 -1.037028 -30.805832 10.797292 204353904202.000000
-0.052002 -0.966064 0.375732 -0.732020 -30.195815 10.675288 204353907291.000000
-0.047852 -0.963623 0.368408 -0.976026 -30.439822 10.736290 204353910406.000000
-0.048584 -0.957275 0.360840 -1.281035 -30.439822 10.919295 204353913496.000000
-0.055908 -0.956299 0.360596 -1.464040 -30.012810 10.736290 204353916584.000000
-0.056885 -0.955566 0.352295 -1.464040 -29.768804 11.468310 204353919720.000000
-0.055420 -0.951904 0.356201 -2.013054 -29.646800 11.163301 204353922808.000000
-0.059082 -0.952393 0.361816 -2.013054 -28.914781 11.468310 204353925900.000000
-0.062500 -0.950928 0.355225 -1.952053 -28.853779 11.285305 204353928989.000000
-0.060303 -0.954834 0.368408 -2.196059 -28.731776 12.139328 204353932157.000000
-0.061035 -0.950928 0.359619 -2.013054 -28.731776 12.017324 204353935249.000000
-0.065430 -0.947021 0.357422 -2.257061 -28.182761 12.200329 204353938348.000000
-0.064453 -0.947754 0.350830 -2.623071 -27.267736 12.932349 204353941454.000000
-0.060791 -0.953613 0.366943 -2.318063 -26.474715 13.420362 204353944543.000000
-0.055908 -0.958740 0.357910 -2.684072 -26.169707 13.420362 204353947619.000000
-0.045410 -0.960205 0.354004 -2.379064 -25.864698 13.847374 204353950836.000000
-0.045654 -0.958496 0.359131 -2.684072 -25.132679 13.847374 204353953921.000000
-0.043457 -0.958740 0.365479 -2.318063 -24.705667 13.847374 204353956998.000000
-0.041016 -0.960693 0.361572 -2.501068 -24.400659 14.274385 204353960080.000000
-0.035156 -0.963867 0.355713 -2.135058 -23.790642 13.847374 204353963160.000000
-0.035645 -0.965820 0.355469 -2.318063 -23.302629 13.603367 204353966250.000000
-0.036865 -0.957275 0.353760 -1.830049 -22.448606 14.274385 204353969325.000000
-0.038086 -0.968506 0.360840 -2.257061 -22.143598 14.213384 204353972410.000000
-0.042969 -0.965332 0.353516 -2.074056 -21.228573 14.579394 204353975488.000000
-0.035400 -0.963135 0.359619 -1.952053 -20.740560 14.701397 204353978564.000000
-0.035156 -0.966309 0.357666 -2.440066 -19.886537 14.762399 204353981648.000000
-0.034668 -0.962891 0.346924 -2.562069 -18.849509 14.823400 204353984730.000000
-0.037842 -0.959229 0.349609 -2.318063 -17.690478 14.701397 204353987817.000000
-0.038574 -0.955811 0.354492 -2.257061 -18.056488 15.189410 204353990921.000000
-0.025635 -0.960693 0.356934 -2.196059 -18.117489 14.396389 204353994020.000000
-0.021240 -0.954834 0.359375 -2.074056 -18.605502 14.884402 204353997115.000000
-0.016602 -0.958252 0.359619 -2.257061 -19.459525 14.762399 204354000225.000000
-0.009033 -0.958496 0.370361 -2.806076 -20.435552 14.701397 204354003316.000000
-0.007568 -0.960938 0.385742 -2.745074 -21.350576 14.518392 204354006410.000000
-0.010010 -0.967773 0.382324 -3.721100 -22.570609 14.640395 204354009523.000000
-0.012207 -0.967773 0.391113 -3.660099 -23.424632 14.579394 204354012616.000000
-0.021729 -0.968018 0.392822 -3.965107 -23.973647 14.762399 204354015737.000000
-0.029053 -0.970215 0.415283 -3.294089 -24.644665 15.006405 204354018829.000000
-0.038574 -0.971436 0.406494 -2.806076 -25.376685 14.945404 204354021936.000000
-0.037354 -0.970459 0.416260 -3.416092 -26.352712 14.945404 204354025030.000000
-0.047607 -0.970459 0.403076 -3.538096 -26.779723 14.457390 204354028121.000000
-0.052002 -0.975098 0.404541 -3.477094 -26.901726 14.274385 204354031224.000000
-0.057861 -0.967041 0.393799 -3.721100 -26.291710 13.603367 204354034317.000000
-0.062744 -0.966064 0.392090 -3.050082 -25.254682 13.481364 204354037411.000000
-0.077881 -0.963135 0.386230 -2.501068 -24.278656 13.847374 204354040520.000000
-0.087646 -0.962158 0.379150 -2.135058 -23.119624 14.030379 204354043622.000000
-0.085449 -0.964844 0.375488 -2.379064 -22.326603 13.725371 204354046716.000000
-0.081787 -0.956543 0.359863 -2.501068 -21.533581 13.359361 204354049813.000000
-0.065918 -0.958984 0.360840 -2.989081 -20.496553 12.139328 204354052932.000000
-0.063232 -0.956543 0.358154 -3.416092 -20.374550 11.712316 204354056015.000000
-0.064941 -0.944580 0.358154 -3.050082 -19.398524 11.468310 204354059092.000000
-0.063477 -0.946289 0.360840 -3.477094 -19.032514 11.773318 204354062255.000000
-0.048584 -0.951416 0.372559 -3.782102 -19.459525 10.919295 204354065336.000000
-0.035156 -0.958496 0.372803 -4.026109 -19.276520 10.309278 204354068406.000000
-0.034668 -0.959473 0.382813 -4.270115 -19.642530 10.065272 204354071487.000000
-0.030273 -0.956543 0.384521 -4.575124 -20.008540 10.248277 204354074568.000000
-0.024414 -0.954590 0.392578 -5.002135 -21.350576 10.065272 204354077646.000000
-0.021484 -0.961670 0.404297 -5.063137 -22.204600 9.638260 204354080725.000000
-0.023193 -0.966797 0.412598 -4.636125 -24.156652 9.638260 204354083804.000000
-0.028809 -0.962402 0.425293 -4.941133 -26.230708 9.821265 204354086883.000000
-0.036133 -0.966064 0.427246 -5.246142 -26.779723 9.882267 204354089976.000000
-0.045654 -0.967529 0.412598 -5.673153 -27.206735 9.943268 204354093081.000000
-0.058105 -0.968506 0.413330 -5.551150 -27.694748 9.943268 204354096181.000000
-0.064941 -0.963135 0.416992 -5.551150 -28.060758 9.760264 204354099288.000000
-0.083740 -0.964844 0.409180 -5.551150 -27.755749 9.333252 204354102386.000000
-0.090576 -0.957275 0.400879 -4.880132 -27.389740 9.516257 204354105477.000000
-0.105957 -0.951660 0.384033 -4.758128 -25.986702 9.455255 204354108565.000000
-0.118164 -0.948242 0.380859 -4.270115 -24.156652 9.882267 204354111702.000000
-0.127686 -0.942627 0.368408 -3.477094 -22.387604 9.821265 204354114793.000000
-0.128906 -0.949463 0.364746 -3.660099 -20.374550 10.004270 204354117885.000000
-0.113525 -0.954590 0.358398 -3.477094 -19.642530 8.845239 204354120991.000000
-0.102295 -0.957031 0.362793 -4.392119 -19.520527 8.723236 204354124081.000000
-0.091797 -0.950928 0.359619 -4.758128 -19.703532 8.418227 204354127174.000000
-0.087646 -0.952393 0.362061 -5.246142 -20.374550 7.869212 204354130280.000000
-0.073975 -0.950439 0.364990 -5.429147 -20.984567 7.503203 204354133383.000000
-0.071777 -0.955566 0.373535 -5.673153 -21.045568 7.381199 204354136483.000000
-0.062744 -0.960693 0.372314 -5.917160 -21.533581 7.381199 204354139589.000000
-0.065918 -0.954590 0.390137 -6.405173 -22.326603 7.564204 204354142695.000000
-0.069336 -0.958496 0.388428 -6.100165 -22.753614 7.442201 204354145803.000000
-0.072266 -0.957764 0.383057 -5.673153 -22.753614 7.869212 204354148905.000000
-0.085205 -0.953613 0.390381 -5.429147 -23.119624 7.747209 204354152171.000000
-0.084473 -0.953613 0.378174 -5.551150 -23.424632 7.381199 204354155255.000000
-0.088135 -0.951660 0.373291 -5.246142 -23.058623 7.137193 204354158349.000000
-0.100098 -0.944580 0.377441 -5.185140 -22.326603 6.527176 204354161435.000000
-0.116211 -0.933105 0.376953 -5.856158 -21.838590 7.076191 204354164515.000000
-0.120850 -0.927490 0.364746 -6.466175 -21.228573 7.442201 204354167594.000000
-0.122559 -0.930420 0.367432 -7.137193 -19.825535 7.747209 204354170706.000000
-0.131836 -0.928223 0.367432 -6.954188 -19.398524 7.320198 204354173786.000000
-0.135254 -0.936035 0.364258 -6.710181 -18.544501 8.052217 204354176869.000000
-0.136719 -0.939209 0.362061 -6.405173 -17.019460 8.479229 204354179950.000000
-0.130371 -0.946777 0.358398 -6.954188 -16.226438 8.784237 204354183029.000000
-0.114258 -0.945801 0.354248 -7.198194 -15.982432 8.479229 204354186106.000000
-0.104004 -0.944336 0.358643 -7.808211 -15.799427 8.418227 204354189260.000000
-0.088623 -0.943604 0.364990 -8.113219 -17.263466 7.442201 204354192355.000000
-0.076416 -0.936035 0.382568 -8.540231 -18.605502 7.686208 204354195461.000000
-0.083984 -0.948486 0.382568 -9.089245 -18.971512 7.869212 204354198556.000000
-0.088867 -0.970703 0.386719 -10.004270 -19.032514 8.601232 204354201662.000000
-0.092773 -0.987061 0.383057 -10.126273 -19.093516 9.211249 204354204777.000000
-0.087402 -0.989746 0.393555 -9.821265 -19.642530 9.699262 204354207896.000000
-0.086914 -0.996582 0.411377 -8.601232 -20.374550 10.004270 204354211002.000000
-0.077881 -0.990479 0.428467 -7.442201 -22.692613 9.882267 204354214095.000000
-0.080566 -0.995117 0.435547 -6.832184 -23.790642 9.211249 204354217188.000000
-0.091553 -0.978271 0.427002 -6.100165 -25.376685 8.967242 204354220298.000000
-0.100098 -0.977295 0.426514 -6.283170 -26.718721 8.723236 204354223391.000000
-0.108643 -0.970947 0.411865 -6.039163 -26.779723 8.723236 204354226482.000000
-0.123779 -0.964355 0.400146 -6.588178 -26.901726 8.601232 204354229588.000000
-0.130127 -0.964111 0.395752 -7.015189 -26.535716 9.333252 204354232682.000000
-0.136475 -0.970215 0.391846 -7.320198 -25.925700 9.150247 204354235773.000000
-0.131836 -0.970215 0.397461 -7.564204 -26.169707 9.394254 204354238864.000000
-0.132324 -0.971191 0.406982 -6.283170 -26.413713 9.455255 204354241965.000000
-0.131592 -0.978271 0.403320 -5.551150 -27.206735 9.577259 204354245353.000000
-0.123535 -0.977783 0.391602 -5.307143 -27.389740 9.394254 204354248440.000000
-0.124268 -0.959473 0.385742 -5.246142 -26.901726 8.845239 204354251568.000000
-0.134766 -0.955566 0.389160 -4.758128 -27.145733 9.577259 204354254653.000000
-0.125000 -0.959229 0.396240 -5.368145 -28.060758 9.272250 204354257735.000000
-0.118896 -0.963135 0.382813 -4.758128 -27.450741 9.638260 204354260815.000000
-0.111084 -0.970947 0.386963 -4.758128 -27.816751 9.089245 204354263914.000000
-0.105713 -0.963135 0.376709 -4.880132 -28.304764 9.394254 204354266991.000000
-0.096680 -0.968262 0.380859 -4.453120 -28.365766 9.211249 204354270070.000000
-0.092041 -0.959717 0.374268 -4.270115 -28.670774 9.028244 204354273154.000000
-0.083252 -0.954346 0.370850 -3.904105 -29.097786 8.784237 204354276231.000000
-0.085449 -0.948486 0.373535 -3.233087 -29.341792 8.174221 204354279313.000000
-0.085205 -0.943848 0.379150 -2.989081 -29.890807 7.869212 204354282396.000000
-0.067871 -0.937744 0.383057 -3.233087 -31.842860 6.954188 204354285477.000000
-0.068359 -0.935059 0.380127 -3.965107 -32.147868 6.222168 204354288556.000000
-0.085693 -0.951660 0.368896 -5.551150 -31.354847 6.222168 204354291651.000000
-0.077881 -0.953613 0.354980 -7.564204 -30.378820 6.283170 204354294748.000000
-0.091797 -0.966064 0.349854 -8.845239 -28.792777 6.771183 204354297843.000000
-0.101807 -0.976807 0.363525 -9.333252 -26.291710 8.540231 204354300958.000000
-0.101318 -0.984863 0.376465 -9.211249 -24.339657 9.394254 204354304054.000000
-0.095703 -0.974854 0.372559 -7.686208 -24.583664 9.638260 204354307148.000000
-0.097656 -0.986084 0.379395 -5.612152 -24.949674 9.760264 204354310276.000000
-0.071777 -0.988525 0.370605 -3.782102 -25.742695 9.638260 204354313367.000000
-0.086182 -0.979492 0.348145 -1.586043 -25.437687 9.699262 204354316460.000000
-0.070801 -0.973633 0.353516 -1.403038 -27.938754 8.723236 204354319580.000000
-0.061768 -0.973145 0.327637 -2.257061 -28.182761 7.930214 204354322671.000000
-0.070068 -0.967773 0.325439 -4.087110 -28.304764 7.015189 204354325763.000000
-0.077637 -0.961182 0.341553 -6.100165 -28.731776 6.344171 204354328857.000000
-0.088379 -0.961914 0.360596 -7.747209 -29.463796 5.917160 204354331961.000000
-0.095947 -0.979736 0.380127 -8.235222 -30.012810 6.039163 204354335053.000000
-0.110840 -0.982666 0.400879 -7.625206 -30.439822 6.283170 204354338143.000000
-0.113281 -0.989990 0.407471 -6.710181 -30.378820 5.978161 204354341246.000000
-0.114990 -0.994629 0.417725 -5.429147 -30.256817 6.466175 204354344335.000000
-0.119385 -0.997559 0.430420 -4.941133 -31.293845 6.405173 204354347422.000000
-0.117432 -0.992432 0.428955 -3.904105 -32.452876 6.222168 204354350500.000000
-0.123779 -0.987549 0.421387 -3.294089 -32.452876 6.405173 204354353633.000000
-0.130127 -0.987549 0.407471 -3.172086 -32.391875 6.527176 204354356715.000000
-0.133789 -0.981201 0.401123 -3.233087 -31.415848 6.649180 204354359847.000000
-0.137451 -0.976074 0.383301 -3.599097 -30.256817 6.893186 204354362929.000000
-0.132324 -0.975342 0.368896 -3.355091 -29.768804 7.503203 204354366010.000000
-0.123291 -0.976807 0.367676 -3.843104 -30.256817 7.015189 204354371318.000000
-0.113770 -0.974365 0.359619 -3.721100 -30.012810 6.771183 204354374438.000000
-0.119385 -0.968262 0.353027 -3.904105 -29.219789 6.527176 204354377522.000000
-0.114258 -0.965820 0.354004 -4.392119 -28.853779 7.625206 204354380682.000000
-0.124756 -0.973877 0.346680 -4.697127 -29.097786 6.832184 204354383813.000000
-0.106689 -0.975342 0.366943 -5.246142 -29.585799 6.344171 204354386900.000000
-0.110107 -0.981201 0.354248 -5.185140 -30.073812 5.917160 204354389989.000000
-0.097900 -0.979004 0.344727 -5.429147 -30.622827 5.185140 204354393084.000000
-0.089355 -0.976807 0.338135 -5.856158 -30.805832 3.965107 204354396194.000000
-0.084229 -0.970215 0.335449 -5.673153 -31.293845 3.233087 204354399303.000000
-0.106934 -0.977051 0.330322 -5.490148 -30.317819 3.172086 204354402394.000000
-0.110352 -0.974121 0.339844 -5.246142 -29.829805 3.050082 204354405487.000000
-0.123291 -0.970947 0.341309 -4.819130 -29.036784 3.355091 204354408579.000000
-0.114990 -0.981689 0.344238 -4.819130 -28.914781 3.538096 204354411685.000000
-0.115723 -0.984375 0.349854 -4.392119 -29.951809 2.196059 204354414777.000000
-0.114014 -0.977539 0.349854 -4.941133 -31.476850 1.891051 204354417867.000000
-0.101563 -0.983887 0.339111 -5.307143 -30.927835 1.830049 204354420971.000000
-0.116943 -0.982910 0.355225 -5.307143 -29.951809 0.976026 204354424062.000000
-0.114502 -0.977539 0.357666 -4.209114 -30.256817 1.464040 204354427158.000000
-0.117432 -0.981689 0.366943 -4.331117 -30.744830 1.281035 204354430278.000000
-0.109619 -0.978271 0.366699 -3.355091 -31.354847 0.732020 204354433367.000000
-0.104736 -0.983643 0.373291 -2.989081 -32.513878 -0.610016 204354436460.000000
-0.123047 -0.984863 0.363525 -2.257061 -32.818886 -1.464040 204354439566.000000
-0.109863 -0.962646 0.379395 -0.549015 -35.563960 -3.477094 204354442653.000000
-0.105713 -0.931885 0.389160 2.318063 -37.394010 -6.527176 204354445744.000000
-0.106201 -0.922119 0.389648 2.623071 -38.614043 -7.991216 204354448837.000000
-0.114746 -0.924072 0.359375 1.464040 -35.624962 -9.638260 204354451921.000000
-0.131348 -0.937744 0.345703 -1.281035 -33.977917 -10.248277 204354455070.000000
-0.136719 -0.940674 0.353027 -4.392119 -32.635881 -9.394254 204354458151.000000
-0.139404 -0.971436 0.347412 -3.965107 -31.659855 -8.296224 204354461234.000000
-0.144043 -0.986328 0.376709 -4.148112 -31.171842 -8.174221 204354464314.000000
-0.128906 -1.007080 0.389160 -3.599097 -32.391875 -7.564204 204354467391.000000
-0.123047 -1.017578 0.402344 -2.806076 -33.123894 -6.771183 204354470473.000000
-0.117432 -1.018066 0.385742 -2.074056 -32.940889 -5.917160 204354473553.000000
-0.111084 -1.022705 0.381836 -1.708046 -32.330873 -5.795156 204354476630.000000
-0.107666 -1.021729 0.393555 -0.366010 -33.428903 -5.368145 204354479731.000000
-0.102783 -1.009766 0.378418 0.549015 -31.476850 -3.965107 204354482809.000000
-0.107910 -1.001953 0.383057 1.159031 -31.537852 -3.416092 204354485887.000000
-0.103760 -0.985107 0.378662 1.342036 -32.208870 -2.562069 204354488963.000000
-0.103271 -0.983154 0.362549 1.586043 -31.720856 -2.379064 204354492185.000000
-0.093750 -0.967285 0.354248 1.769048 -30.988837 -2.501068 204354495282.000000
-0.089600 -0.971191 0.365234 2.074056 -31.049838 -3.233087 204354498369.000000
-0.095947 -0.960205 0.364502 2.257061 -30.439822 -2.928079 204354501474.000000
-0.098389 -0.951172 0.360840 2.257061 -30.317819 -3.294089 204354504564.000000
-0.107666 -0.948730 0.365234 1.952053 -30.500824 -3.294089 204354507675.000000
-0.106445 -0.943604 0.361572 1.403038 -30.134814 -3.172086 204354510787.000000
-0.105225 -0.939941 0.362305 1.342036 -30.012810 -3.355091 204354513881.000000
-0.111328 -0.946045 0.359131 1.403038 -28.975782 -3.538096 204354516974.000000
-0.107178 -0.941162 0.365723 1.525041 -29.463796 -3.233087 204354520079.000000
-0.111816 -0.949219 0.371826 2.074056 -29.402794 -2.867077 204354523172.000000
-0.107422 -0.953369 0.369141 2.257061 -29.707802 -3.050082 204354526265.000000
-0.108887 -0.957520 0.371582 2.257061 -29.402794 -3.294089 204354529371.000000
-0.112305 -0.956543 0.360840 2.379064 -28.609772 -3.050082 204354532462.000000
-0.106201 -0.960449 0.373047 2.318063 -28.548771 -3.294089 204354535556.000000
-0.096924 -0.959229 0.370605 2.562069 -27.877753 -3.477094 204354538647.000000
-0.100098 -0.958496 0.374512 3.294089 -27.694748 -3.721100 204354541748.000000
-0.098633 -0.952881 0.382813 3.233087 -27.816751 -3.782102 204354545098.000000
-0.097656 -0.949707 0.366943 3.477094 -27.511743 -4.026109 204354548191.000000
-0.095459 -0.952148 0.374023 3.721100 -27.145733 -4.514122 204354551277.000000
-0.100342 -0.949707 0.381104 4.087110 -27.145733 -4.880132 204354554412.000000
-0.098389 -0.949463 0.367432 3.721100 -26.535716 -4.819130 204354557484.000000
-0.100342 -0.951904 0.372314 3.477094 -25.925700 -4.758128 204354560637.000000
-0.103271 -0.954346 0.372803 3.416092 -25.559690 -5.002135 204354563715.000000
-0.097168 -0.957031 0.382813 3.904105 -25.681693 -5.185140 204354566791.000000
-0.099854 -0.956299 0.387695 4.636125 -25.742695 -4.819130 204354569871.000000
-0.103271 -0.960938 0.374023 4.575124 -25.925700 -4.392119 204354572952.000000
-0.106934 -0.963379 0.377197 5.673153 -26.047703 -3.416092 204354576029.000000
-0.102051 -0.969727 0.376221 6.405173 -25.986702 -2.745074 204354579104.000000
-0.099854 -0.977539 0.373535 6.222168 -26.047703 -1.830049 204354582269.000000
-0.098145 -0.978027 0.374023 5.429147 -25.498688 -1.098030 204354585360.000000
-0.093750 -0.974854 0.382568 4.392119 -24.522662 -0.427012 204354588427.000000
-0.095947 -0.973145 0.393311 3.843104 -24.461660 0.122003 204354591521.000000
-0.093994 -0.973633 0.397949 3.843104 -24.827670 -0.061002 204354594622.000000
-0.092773 -0.970947 0.386719 4.514122 -24.400659 0.366010 204354597718.000000
-0.080566 -0.966064 0.388916 4.514122 -24.339657 0.305008 204354600823.000000
-0.081055 -0.972168 0.381104 5.368145 -23.973647 -0.061002 204354603915.000000
-0.083008 -0.958496 0.380859 5.185140 -23.546636 -0.305008 204354607005.000000
-0.081787 -0.960938 0.377930 5.429147 -23.607637 -0.122003 204354610110.000000
-0.082520 -0.953857 0.380371 5.307143 -23.058623 -0.549015 204354613200.000000
-0.081299 -0.956299 0.377197 5.002135 -22.326603 -0.061002 204354616292.000000
-0.075439 -0.963135 0.366455 4.453120 -21.167572 -0.305008 204354619411.000000
-0.078125 -0.964844 0.374512 4.270115 -20.435552 -0.610016 204354622508.000000
-0.081299 -0.970215 0.390625 4.636125 -20.557555 -0.671018 204354625601.000000
-0.084229 -0.969482 0.406982 5.246142 -20.923565 -0.732020 204354628693.000000
-0.084473 -0.974609 0.399902 5.124138 -20.984567 -0.915025 204354631848.000000
-0.086914 -0.973633 0.399170 5.429147 -20.984567 -0.549015 204354634942.000000
-0.084961 -0.971924 0.396729 5.368145 -20.862563 -0.183005 204354638033.000000
-0.083008 -0.963867 0.390381 5.490148 -19.825535 0.305008 204354641132.000000
-0.082520 -0.962402 0.389648 5.551150 -19.276520 0.549015 204354644226.000000
-0.084229 -0.955078 0.392334 5.551150 -18.605502 0.427012 204354647314.000000
-0.082031 -0.947754 0.394043 5.612152 -18.056488 0.976026 204354650405.000000
-0.080322 -0.952881 0.385254 6.039163 -16.775453 1.830049 204354653487.000000
-0.082764 -0.940186 0.377686 5.185140 -15.860428 1.586043 204354656618.000000
-0.080811 -0.963867 0.388184 5.246142 -15.921430 1.281035 204354659696.000000
-0.082275 -0.966797 0.397461 5.307143 -16.348441 0.976026 204354662776.000000
-0.075439 -0.967285 0.391113 4.758128 -16.165436 1.037028 204354665846.000000
-0.074463 -0.974854 0.375977 4.392119 -15.494418 1.464040 204354668931.000000
-0.077393 -0.971924 0.378418 4.209114 -15.372415 1.708046 204354672132.000000
-0.075684 -0.969971 0.388428 4.209114 -15.006405 1.830049 204354675218.000000
-0.070801 -0.969482 0.395020 4.636125 -15.311413 1.586043 204354678319.000000
-0.072266 -0.967285 0.393311 4.697127 -15.189410 1.952053 204354681400.000000
-0.070313 -0.960205 0.390381 4.880132 -14.701397 1.830049 204354684479.000000
-0.070313 -0.961670 0.389893 4.758128 -14.030379 1.708046 204354687559.000000
-0.065674 -0.951416 0.384033 4.758128 -13.420362 1.708046 204354690709.000000
-0.065430 -0.952393 0.378662 4.514122 -12.505338 1.708046 204354693806.000000
-0.069092 -0.947266 0.382568 4.636125 -12.261331 1.281035 204354696901.000000
-0.067871 -0.937256 0.366211 4.819130 -11.590313 1.464040 204354700006.000000
-0.066650 -0.932617 0.364502 5.246142 -11.163301 1.159031 204354703098.000000
-0.066650 -0.935059 0.359619 4.697127 -10.431282 1.464040 204354706188.000000
-0.065186 -0.931152 0.358154 4.758128 -10.065272 1.037028 204354709294.000000
-0.063965 -0.927734 0.355957 4.331117 -9.211249 1.159031 204354712386.000000
-0.061768 -0.927734 0.361084 3.721100 -8.967242 1.220033 204354715474.000000
-0.063721 -0.927734 0.359131 3.294089 -8.113219 0.915025 204354718568.000000
-0.053955 -0.941162 0.364502 2.501068 -6.161166 1.037028 204354729958.000000
-0.058105 -0.942139 0.365234 2.562069 -6.222168 1.464040 204354733537.000000
-0.058350 -0.943115 0.367920 2.318063 -5.978161 0.732020 204354736725.000000
-0.060791 -0.946289 0.370850 2.196059 -5.429147 0.732020 204354739823.000000
-0.057373 -0.951904 0.364014 2.379064 -5.368145 0.793021 204354742907.000000
-0.059326 -0.955322 0.366211 2.013054 -4.636125 0.671018 204354746005.000000
-0.056152 -0.960205 0.372559 1.891051 -4.270115 0.305008 204354749252.000000
-0.053467 -0.963867 0.368896 1.769048 -4.209114 0.183005 204354752357.000000
-0.047607 -0.961670 0.372314 2.440066 -3.904105 -0.793021 204354755665.000000
-0.043701 -0.965332 0.383789 2.562069 -3.660099 -1.281035 204354758918.000000
-0.049561 -0.964844 0.375000 2.562069 -3.050082 -1.586043 204354762186.000000
-0.043213 -0.965332 0.377686 2.684072 -2.989081 -2.135058 204354765314.000000
-0.040283 -0.964844 0.380127 2.379064 -2.196059 -2.745074 204354768396.000000
-0.042236 -0.973633 0.375244 1.708046 -1.403038 -2.135058 204354771500.000000
-0.041992 -0.970703 0.378662 1.403038 -1.037028 -2.318063 204354774598.000000
-0.040283 -0.979492 0.383057 1.403038 -0.305008 -1.647044 204354777699.000000
-0.043701 -0.983887 0.387451 1.464040 0.122003 -2.013054 204354780801.000000
-0.046875 -0.980225 0.387207 1.952053 0.305008 -1.647044 204354783917.000000
-0.046631 -0.977539 0.388184 2.318063 -0.061002 -1.586043 204354786994.000000
-0.044189 -0.970947 0.383545 2.989081 0.305008 -1.586043 204354790075.000000
-0.044678 -0.969238 0.380371 3.294089 0.671018 -1.403038 204354793154.000000
-0.053467 -0.966797 0.375977 2.989081 0.915025 -1.403038 204354796245.000000
-0.048828 -0.957520 0.368164 2.989081 1.830049 -1.342036 204354799326.000000
-0.048584 -0.957520 0.366943 2.989081 1.952053 -1.586043 204354802406.000000
-0.048828 -0.958740 0.368408 2.745074 2.623071 -1.220033 204354805516.000000
-0.049805 -0.958008 0.363281 2.623071 3.233087 -1.525041 204354808604.000000
-0.052246 -0.956543 0.367188 2.379064 3.538096 -1.464040 204354811700.000000
-0.048584 -0.962646 0.367920 2.318063 4.575124 -1.769048 204354814800.000000
-0.051758 -0.958740 0.363037 2.196059 4.941133 -1.830049 204354817892.000000
-0.052734 -0.958984 0.369873 2.562069 5.612152 -1.708046 204354821002.000000
-0.049316 -0.958740 0.369629 2.684072 5.856158 -1.891051 204354824095.000000
-0.043457 -0.964844 0.365723 2.684072 6.222168 -1.952053 204354827196.000000
-0.050293 -0.961182 0.372070 2.989081 6.771183 -2.196059 204354830293.000000
-0.050293 -0.962158 0.362305 2.623071 7.259196 -2.501068 204354833386.000000
-0.048828 -0.957764 0.366699 2.684072 7.686208 -2.196059 204354836488.000000
-0.049072 -0.951660 0.360352 2.684072 8.540231 -2.806076 204354839585.000000
-0.052734 -0.951416 0.359863 2.623071 8.723236 -2.562069 204354842675.000000
-0.050293 -0.950928 0.366699 2.623071 9.516257 -2.623071 204354845782.000000
-0.050049 -0.949951 0.360352 2.501068 9.821265 -2.318063 204354848911.000000
-0.049561 -0.954346 0.368652 2.074056 10.126273 -2.928079 204354852137.000000
-0.055176 -0.954590 0.368164 2.196059 10.614287 -2.379064 204354855225.000000
-0.053223 -0.952393 0.371338 1.952053 11.285305 -2.989081 204354858445.000000
-0.048584 -0.955078 0.370605 1.952053 11.346306 -2.989081 204354861537.000000
-0.048340 -0.950439 0.370605 1.830049 11.468310 -3.050082 204354864646.000000
-0.055908 -0.948975 0.372314 1.708046 12.017324 -2.928079 204354867737.000000
-0.060059 -0.943848 0.372070 1.647044 12.139328 -2.379064 204354870826.000000
-0.062256 -0.948975 0.379883 1.403038 12.383334 -2.989081 204354873909.000000
-0.062988 -0.942627 0.374268 1.342036 12.688343 -2.440066 204354876980.000000
-0.060303 -0.948730 0.374023 0.915025 12.749344 -2.562069 204354880062.000000
-0.061279 -0.950928 0.383545 1.281035 13.420362 -2.379064 204354883187.000000
-0.062012 -0.948975 0.380371 0.976026 13.298359 -2.684072 204354886271.000000
-0.067383 -0.947021 0.388428 0.793021 13.237357 -2.684072 204354889434.000000
-0.068848 -0.947754 0.386963 0.915025 13.115354 -2.684072 204354892804.000000
-0.065674 -0.951660 0.386475 0.732020 13.664369 -2.745074 204354895925.000000
-0.066406 -0.948730 0.388672 0.671018 13.603367 -2.684072 204354899005.000000
-0.067139 -0.950684 0.387207 0.366010 14.457390 -2.501068 204354902248.000000
-0.070801 -0.947998 0.388672 0.488013 14.335387 -2.684072 204354905343.000000
-0.069580 -0.952393 0.394775 0.366010 14.640395 -2.440066 204354908435.000000
-0.070557 -0.954346 0.387939 0.427012 15.006405 -2.684072 204354911548.000000
-0.068359 -0.954834 0.393066 0.305008 15.433417 -2.623071 204354914644.000000
-0.070557 -0.957764 0.394287 0.183005 15.982432 -2.501068 204354917742.000000
-0.068604 -0.961670 0.390381 0.366010 16.653450 -2.562069 204354920845.000000
-0.069824 -0.968994 0.388428 0.244007 16.958458 -2.440066 204354923937.000000
-0.065674 -0.964355 0.392334 0.549015 17.385469 -2.196059 204354927045.000000
-0.065918 -0.969727 0.393311 0.366010 17.995486 -2.196059 204354930142.000000
-0.062500 -0.973145 0.404541 1.342036 18.117489 -2.257061 204354933236.000000
-0.066650 -0.975586 0.404053 1.586043 18.727506 -2.440066 204354936329.000000
-0.057373 -0.974365 0.399658 2.318063 18.666504 -2.257061 204354939424.000000
-0.056885 -0.971680 0.404053 3.050082 18.117489 -2.745074 204354942518.000000
-0.060059 -0.974854 0.396973 4.026109 18.483499 -2.440066 204354945615.000000
-0.064697 -0.967529 0.392090 3.477094 18.910511 -2.074056 204354948708.000000
-0.058105 -0.966553 0.380615 2.989081 20.130544 -2.074056 204354951847.000000
-0.062012 -0.962402 0.382568 2.928079 20.801562 -2.440066 204354954932.000000
-0.062012 -0.963135 0.385498 3.111084 21.350576 -2.318063 204354958014.000000
-0.063477 -0.957520 0.386230 3.172086 21.777588 -2.135058 204354961095.000000
-0.058594 -0.956787 0.388428 2.806076 21.899591 -2.196059 204354964170.000000
-0.066406 -0.960693 0.398682 3.294089 22.387604 -2.135058 204354967269.000000
-0.066406 -0.963135 0.388428 3.355091 22.814616 -2.013054 204354970386.000000
-0.065918 -0.963135 0.386719 3.538096 23.119624 -1.708046 204354973498.000000
-0.062256 -0.961670 0.390137 3.843104 23.485634 -1.952053 204354976579.000000
-0.065430 -0.962646 0.399414 3.721100 23.119624 -1.220033 204354979661.000000
-0.067871 -0.960693 0.395264 3.843104 23.607637 -1.464040 204354982747.000000
-0.073242 -0.957520 0.396729 4.026109 23.607637 -1.769048 204354985840.000000
-0.072021 -0.956299 0.390625 3.965107 24.095651 -1.769048 204354988931.000000
-0.074951 -0.958740 0.398926 3.965107 24.217654 -1.891051 204354992173.000000
-0.074707 -0.955566 0.384033 3.599097 25.071677 -1.403038 204354995271.000000
-0.076172 -0.959961 0.392090 3.782102 25.498688 -2.013054 204354998383.000000
-0.077881 -0.958252 0.384521 3.599097 25.925700 -2.135058 204355001481.000000
-0.080322 -0.964111 0.381592 3.782102 26.535716 -2.013054 204355004576.000000
-0.081543 -0.965088 0.384766 3.843104 26.779723 -2.501068 204355007713.000000
-0.079346 -0.963379 0.383545 3.721100 27.389740 -2.318063 204355010814.000000
-0.076416 -0.963135 0.385498 4.148112 27.450741 -2.928079 204355013912.000000
-0.076904 -0.960693 0.396973 3.965107 27.633746 -2.501068 204355017004.000000
-0.075195 -0.966064 0.390137 3.965107 27.816751 -2.562069 204355020101.000000
-0.070801 -0.962646 0.395508 4.148112 27.755749 -3.172086 204355023193.000000
-0.074219 -0.960449 0.396240 3.782102 28.060758 -2.867077 204355026301.000000
-0.072510 -0.964355 0.399414 3.965107 27.816751 -2.989081 204355029400.000000
-0.067383 -0.960205 0.397217 3.782102 28.243763 -3.233087 204355032496.000000
-0.071533 -0.959473 0.405029 4.270115 28.365766 -3.233087 204355035588.000000
-0.067871 -0.966553 0.402588 4.209114 28.792777 -3.233087 204355038685.000000
-0.072754 -0.964844 0.408936 5.063137 28.670774 -3.050082 204355041800.000000
-0.078125 -0.968018 0.413330 5.002135 28.670774 -2.989081 204355044913.000000
-0.082275 -0.961670 0.423340 5.490148 27.999756 -2.562069 204355048003.000000
-0.082275 -0.963623 0.410889 5.429147 27.938754 -2.745074 204355051112.000000
-0.088867 -0.959473 0.407471 5.307143 27.511743 -2.501068 204355054246.000000
-0.088135 -0.957764 0.405762 4.880132 27.755749 -2.806076 204355057336.000000
-0.083008 -0.954590 0.397705 4.575124 28.304764 -2.745074 204355060416.000000
-0.090332 -0.955078 0.403076 4.026109 28.121759 -2.501068 204355063502.000000
-0.085449 -0.955322 0.403564 3.416092 28.548771 -2.684072 204355066573.000000
-0.087158 -0.955322 0.395752 2.562069 28.670774 -2.623071 204355069661.000000
-0.086670 -0.954590 0.401367 2.013054 29.402794 -2.562069 204355072827.000000
-0.077881 -0.956543 0.399658 1.952053 28.914781 -2.684072 204355076853.000000
-0.068848 -0.958984 0.392578 3.477094 28.670774 -2.440066 204355080198.000000
-0.069092 -0.960205 0.390625 4.819130 28.731776 -2.196059 204355083403.000000
-0.064697 -0.960693 0.389160 5.307143 29.158787 -2.440066 204355086593.000000
-0.064453 -0.951660 0.385986 4.697127 29.829805 -2.501068 204355089693.000000
-0.062012 -0.945801 0.383057 3.599097 29.707802 -2.623071 204355092808.000000
-0.061523 -0.948486 0.393799 2.806076 29.890807 -3.355091 204355095911.000000
-0.068604 -0.947021 0.409424 2.989081 29.707802 -3.294089 204355098987.000000
-0.073242 -0.948242 0.419189 3.477094 28.365766 -2.684072 204355102138.000000
-0.073486 -0.951416 0.412354 4.026109 28.060758 -2.013054 204355105216.000000
-0.067871 -0.962891 0.416260 5.246142 28.792777 -2.013054 204355108292.000000
-0.076416 -0.963623 0.419922 6.405173 29.097786 -2.013054 204355111374.000000
-0.083984 -0.959717 0.441650 6.771183 27.755749 -1.342036 204355114452.000000
-0.090820 -0.953613 0.450928 6.710181 26.535716 -0.915025 204355117527.000000
-0.086670 -0.950928 0.446777 6.649180 26.962728 -0.671018 204355120671.000000
-0.088623 -0.952148 0.427979 6.466175 27.511743 -0.305008 204355123750.000000
-0.088623 -0.951904 0.423828 6.161166 28.670774 -0.671018 204355126828.000000
-0.086670 -0.958008 0.415039 5.795156 29.707802 -0.427012 204355129935.000000
-0.080078 -0.955566 0.405273 6.222168 30.561825 -0.488013 204355133033.000000
-0.082031 -0.955811 0.403809 6.466175 30.805832 -1.037028 204355136130.000000
-0.076904 -0.956543 0.393311 6.283170 31.110840 -0.854023 204355139234.000000
-0.073975 -0.958252 0.387695 6.588178 31.476850 -1.708046 204355142341.000000
-0.069336 -0.949707 0.381104 5.917160 32.208870 -2.684072 204355145768.000000
-0.072510 -0.946777 0.376221 5.368145 33.184896 -3.416092 204355148880.000000
-0.078369 -0.942383 0.380615 5.002135 33.184896 -3.599097 204355151967.000000
-0.084961 -0.932129 0.383301 4.392119 33.367901 -4.087110 204355155047.000000
-0.090820 -0.931641 0.385254 4.209114 33.367901 -3.904105 204355158137.000000
-0.097656 -0.930664 0.379639 3.782102 33.306899 -4.453120 204355161220.000000
-0.093506 -0.927246 0.390381 3.721100 33.245898 -4.087110 204355164292.000000
-0.097900 -0.933838 0.391602 3.477094 32.879888 -4.026109 204355167375.000000
-0.096924 -0.937988 0.398926 3.294089 32.696883 -3.599097 204355170460.000000
-0.097168 -0.940186 0.415771 3.355091 31.537852 -3.294089 204355173543.000000
-0.098145 -0.947754 0.416992 2.745074 30.927835 -3.355091 204355176623.000000
-0.098389 -0.956055 0.428467 2.745074 30.439822 -3.233087 204355179719.000000
-0.092041 -0.961182 0.424072 2.745074 29.951809 -2.806076 204355182802.000000
-0.088135 -0.968750 0.436035 2.806076 29.280791 -2.684072 204355185885.000000
-0.085938 -0.979492 0.431885 3.294089 28.853779 -2.867077 204355188965.000000
-0.089355 -0.978271 0.425049 3.538096 28.792777 -3.172086 204355192185.000000
-0.096191 -0.988037 0.421875 3.660099 28.792777 -3.172086 204355195279.000000
-0.096436 -0.988037 0.426514 3.599097 28.487769 -3.538096 204355198381.000000
-0.101318 -0.995850 0.433350 4.209114 28.914781 -3.660099 204355201486.000000
-0.104004 -1.000488 0.422119 4.697127 28.914781 -4.758128 204355204587.000000
-0.112061 -1.003174 0.430420 5.490148 28.914781 -5.429147 204355207710.000000
-0.121338 -0.984375 0.416504 6.283170 28.060758 -6.039163 204355210814.000000
-0.132813 -0.965820 0.418701 6.954188 27.328738 -6.649180 204355213908.000000
-0.149658 -0.949707 0.425293 7.198194 25.986702 -7.503203 204355216998.000000
-0.161133 -0.930176 0.422852 7.442201 25.315684 -7.930214 204355220104.000000
-0.171631 -0.908447 0.411865 7.137193 24.339657 -8.296224 204355223196.000000
-0.181641 -0.903076 0.414063 5.978161 23.912646 -8.235222 204355226290.000000
-0.190186 -0.893066 0.404541 4.880132 23.607637 -8.113219 204355229396.000000
-0.194092 -0.891357 0.409424 4.209114 23.546636 -7.564204 204355232491.000000
-0.196289 -0.887939 0.410400 3.477094 23.119624 -6.527176 204355235583.000000
-0.190918 -0.884033 0.409424 2.867077 23.485634 -6.527176 204355238673.000000
-0.183594 -0.886475 0.411621 2.440066 23.363631 -5.795156 204355241776.000000
-0.178955 -0.892578 0.414551 1.769048 23.302629 -4.758128 204355244886.000000
-0.161377 -0.894287 0.415527 1.525041 23.546636 -3.965107 204355247969.000000
-0.149902 -0.899658 0.416260 1.037028 24.095651 -3.904105 204355251058.000000
-0.129395 -0.897949 0.426514 0.976026 24.583664 -2.867077 204355254142.000000
-0.117188 -0.900146 0.414307 0.122003 25.620692 -2.806076 204355257223.000000
-0.102539 -0.900635 0.414307 -0.183005 26.657720 -1.891051 204355260308.000000
-0.081299 -0.909668 0.418945 -0.610016 27.572744 -2.013054 204355263388.000000
-0.070068 -0.913330 0.422363 -0.793021 28.914781 -2.013054 204355266456.000000
-0.057129 -0.918701 0.425537 -1.098030 30.195815 -1.830049 204355269535.000000
-0.043701 -0.934326 0.419678 -1.464040 31.354847 -1.525041 204355272615.000000
-0.032715 -0.942383 0.421387 -1.830049 32.696883 -1.464040 204355275705.000000
-0.013184 -0.951660 0.428711 -1.586043 33.611908 -1.830049 204355278782.000000
-0.007568 -0.956055 0.433105 -2.257061 34.526932 -1.525041 204355281859.000000
0.002197 -0.968994 0.427734 -2.135058 35.197950 -1.586043 204355284941.000000
0.003418 -0.968262 0.430176 -2.013054 35.319954 -2.196059 204355288019.000000
0.004395 -0.977051 0.437744 -2.135058 35.502959 -2.806076 204355291111.000000
-0.002686 -0.983887 0.448730 -1.891051 35.075947 -3.416092 204355294232.000000
-0.006592 -0.984131 0.448486 -1.220033 33.794912 -4.270115 204355297338.000000
-0.019287 -0.983398 0.446777 -0.793021 32.635881 -5.002135 204355300437.000000
-0.028320 -0.973877 0.444092 0.183005 31.476850 -5.368145 204355303531.000000
-0.046387 -0.959229 0.433838 0.549015 30.134814 -5.856158 204355306623.000000
-0.060791 -0.940918 0.431885 0.244007 28.670774 -6.100165 204355309730.000000
-0.087158 -0.912842 0.419434 -0.122003 27.633746 -5.978161 204355312820.000000
-0.100342 -0.899902 0.410156 -1.220033 27.511743 -5.917160 204355315912.000000
-0.114014 -0.885010 0.407471 -2.501068 27.511743 -5.002135 204355319002.000000
-0.127441 -0.876221 0.407227 -4.331117 28.060758 -4.697127 204355322173.000000
-0.137939 -0.875488 0.416504 -5.612152 28.487769 -3.965107 204355325266.000000
-0.141357 -0.877197 0.413818 -6.710181 28.487769 -3.172086 204355328359.000000
-0.152832 -0.877686 0.420410 -7.808211 28.853779 -1.891051 204355331464.000000
-0.151367 -0.889404 0.419434 -8.845239 29.280791 -1.037028 204355334567.000000
-0.150635 -0.906982 0.417725 -9.882267 30.805832 -0.305008 204355337660.000000
-0.132324 -0.920166 0.425781 -9.882267 31.354847 0.427012 204355340785.000000
-0.123047 -0.932129 0.428955 -9.577259 31.659855 0.732020 204355343898.000000
-0.105957 -0.944824 0.431152 -8.601232 31.781858 1.464040 204355347003.000000
-0.090576 -0.960449 0.421631 -7.442201 31.476850 1.220033 204355350095.000000
-0.083496 -0.960205 0.418213 -6.527176 31.232843 1.525041 204355353181.000000
-0.072754 -0.969238 0.411865 -6.222168 31.415848 0.976026 204355356260.000000
-0.067383 -0.962158 0.430908 -7.259196 30.744830 1.098030 204355359342.000000
-0.062500 -0.954590 0.428711 -8.052217 30.439822 1.281035 204355362424.000000
-0.069336 -0.970459 0.415771 -8.784237 30.500824 0.976026 204355365496.000000
-0.072998 -0.971680 0.421875 -8.845239 30.378820 0.854023 204355368565.000000
-0.076904 -0.978271 0.434082 -8.723236 28.975782 0.366010 204355371662.000000
-0.085938 -0.973145 0.430908 -8.357226 28.182761 0.183005 204355374748.000000
-0.088867 -0.967529 0.441650 -8.479229 27.023730 -0.244007 204355377829.000000
-0.094727 -0.963867 0.418213 -9.211249 26.352712 0.000000 204355380937.000000
-0.107178 -0.955322 0.408447 -11.102300 26.718721 0.000000 204355384030.000000
-0.114746 -0.943115 0.402832 -12.688343 26.901726 0.122003 204355387123.000000
-0.131836 -0.925293 0.386963 -12.932349 27.206735 0.793021 204355390241.000000
-0.139648 -0.919434 0.405518 -13.054352 25.864698 0.793021 204355393334.000000
-0.146973 -0.916260 0.408203 -12.383334 24.583664 1.403038 204355396436.000000
-0.155518 -0.913818 0.403564 -11.590313 24.339657 1.708046 204355399545.000000
-0.159668 -0.913574 0.409180 -11.285305 22.509608 2.684072 204355402640.000000
-0.158447 -0.920166 0.410645 -11.346306 22.692613 2.745074 204355405735.000000
-0.156982 -0.932373 0.419189 -11.956323 22.387604 3.111084 204355408829.000000
-0.156738 -0.935059 0.413086 -12.505338 22.265601 3.843104 204355411934.000000
-0.143555 -0.943848 0.404785 -12.505338 22.570609 3.538096 204355415026.000000
-0.140381 -0.945801 0.401611 -12.444336 22.814616 3.477094 204355418129.000000
-0.127930 -0.954346 0.405762 -12.200329 22.875618 3.355091 204355421236.000000
-0.118164 -0.960938 0.405518 -11.468310 22.936619 2.928079 204355424335.000000
-0.105957 -0.966064 0.404053 -11.102300 23.119624 2.806076 204355427431.000000
-0.102051 -0.967773 0.394775 -10.797292 23.180626 2.684072 204355430527.000000
-0.100098 -0.967041 0.390381 -10.492283 23.546636 2.684072 204355433619.000000
-0.097168 -0.973877 0.386475 -10.675288 23.912646 2.135058 204355436709.000000
-0.092773 -0.981445 0.387695 -10.797292 24.217654 1.952053 204355439867.000000
-0.091553 -0.988770 0.385010 -10.736290 24.583664 1.464040 204355442954.000000
-0.091797 -0.989502 0.387451 -10.553285 24.522662 0.854023 204355446045.000000
-0.088379 -0.988281 0.390869 -10.187275 24.217654 0.061002 204355449206.000000
-0.094482 -0.989014 0.394775 -9.638260 23.668639 0.366010 204355452296.000000
-0.098877 -0.990723 0.399902 -8.845239 22.753614 -0.061002 204355455377.000000
-0.102295 -0.982910 0.399170 -8.967242 21.594583 0.061002 204355458447.000000
-0.108398 -0.976807 0.395508 -8.540231 20.984567 -0.549015 204355461530.000000
-0.113281 -0.972412 0.397461 -8.235222 20.069542 -0.244007 204355464610.000000
-0.122803 -0.963623 0.395020 -8.662234 19.154517 -0.610016 204355467676.000000
-0.129395 -0.963867 0.394775 -8.784237 17.934484 -0.915025 204355470764.000000
-0.132324 -0.964844 0.392578 -9.089245 17.507473 -1.342036 204355473846.000000
-0.140137 -0.968506 0.390625 -9.394254 16.592448 -1.281035 204355476937.000000
-0.145752 -0.965088 0.395752 -9.089245 15.921430 -1.830049 204355480036.000000
-0.149658 -0.957275 0.386719 -9.516257 15.677423 -1.464040 204355483132.000000
-0.149902 -0.951416 0.376221 -9.516257 15.738425 -1.403038 204355486244.000000
-0.156250 -0.945068 0.382324 -10.614287 15.677423 -1.159031 204355489343.000000
-0.154053 -0.948242 0.362061 -12.017324 15.616422 -0.549015 204355492432.000000
-0.164063 -0.936768 0.340088 -12.444336 16.409443 -0.427012 204355495524.000000
-0.174316 -0.933350 0.379395 -13.054352 14.823400 -0.183005 204355498617.000000
-0.171631 -0.944580 0.373047 -12.383334 14.030379 -0.122003 204355501722.000000
-0.170654 -0.949951 0.368408 -11.529311 13.847374 0.244007 204355504815.000000
-0.164795 -0.947266 0.367432 -10.736290 12.749344 0.671018 204355507904.000000
-0.159912 -0.947510 0.361572 -9.699262 12.078326 0.976026 204355511011.000000
-0.157227 -0.950195 0.359375 -8.784237 11.773318 1.037028 204355514102.000000
-0.148193 -0.942627 0.347168 -7.930214 10.919295 1.647044 204355517192.000000
-0.133789 -0.942871 0.344238 -7.808211 10.797292 1.830049 204355520302.000000
-0.126709 -0.942383 0.336914 -7.747209 11.102300 2.257061 204355523392.000000
-0.121094 -0.947998 0.338379 -8.235222 11.163301 2.562069 204355526485.000000
-0.108643 -0.937988 0.336914 -8.418227 11.956323 2.196059 204355529593.000000
-0.103271 -0.948242 0.335449 -9.028244 12.261331 2.806076 204355532681.000000
-0.094727 -0.954346 0.331055 -9.333252 12.383334 2.928079 204355535820.000000
-0.084717 -0.954346 0.335205 -9.577259 13.115354 2.989081 204355538910.000000
-0.083252 -0.959961 0.331299 -9.516257 12.993351 2.867077 204355542079.000000
-0.074219 -0.961914 0.330566 -9.638260 13.237357 2.379064 204355545173.000000
-0.069092 -0.968506 0.333252 -9.699262 13.603367 2.196059 204355548266.000000
-0.063477 -0.970947 0.338623 -9.516257 13.786372 1.952053 204355551355.000000
-0.064453 -0.974121 0.334473 -9.333252 14.152382 1.769048 204355554440.000000
-0.058105 -0.976563 0.335205 -9.028244 14.152382 1.403038 204355557518.000000
-0.058350 -0.979004 0.348633 -8.906240 14.335387 0.854023 204355560659.000000
-0.057129 -0.979980 0.348145 -8.235222 14.396389 0.122003 204355563848.000000
-0.055176 -0.984863 0.352539 -7.747209 14.152382 -0.549015 204355566932.000000
-0.062988 -0.984619 0.349609 -7.198194 14.213384 -0.915025 204355570016.000000
-0.067139 -0.989258 0.350342 -6.832184 13.969377 -1.586043 204355573096.000000
-0.071045 -0.986328 0.349121 -6.771183 14.091380 -1.220033 204355576173.000000
-0.073975 -0.986572 0.335449 -8.418227 15.433417 -1.647044 204355579297.000000
-0.080322 -0.979492 0.307129 -9.760264 16.958458 -2.318063 204355582396.000000
-0.083252 -0.973633 0.335205 -11.468310 16.409443 -2.074056 204355585520.000000
-0.012939 -1.010986 0.373535 -12.566339 6.466175 -5.856158 204355588633.000000
-0.037354 -0.993896 0.344727 -7.259196 7.747209 -9.882267 204355591780.000000
-0.105469 -0.944824 0.310791 -5.978161 8.174221 -9.150247 204355594875.000000
-0.125732 -0.939209 0.345459 -10.858293 5.063137 -6.527176 204355597969.000000
-0.129395 -0.988281 0.310547 -10.858293 8.723236 -7.625206 204355601075.000000
-0.141846 -0.992676 0.300537 -8.235222 11.285305 -7.991216 204355604167.000000
-0.145752 -0.987549 0.318848 -6.771183 10.919295 -7.320198 204355607270.000000
-0.135010 -0.974121 0.331787 -7.564204 10.553285 -7.198194 204355610377.000000
-0.134033 -0.971191 0.326904 -6.222168 10.980296 -7.198194 204355613468.000000
-0.135986 -0.968506 0.321533 -4.575124 12.322333 -6.954188 204355616559.000000
-0.129395 -0.968994 0.311768 -4.331117 12.566339 -7.198194 204355619667.000000
-0.129395 -0.959717 0.312500 -4.758128 12.749344 -7.320198 204355622758.000000
-0.132324 -0.962891 0.303223 -4.941133 13.420362 -7.564204 204355625852.000000
-0.122803 -0.963623 0.303955 -4.453120 13.664369 -7.686208 204355628948.000000
-0.126221 -0.967529 0.299072 -4.575124 14.823400 -7.259196 204355632119.000000
-0.118408 -0.963867 0.303467 -5.002135 14.884402 -7.686208 204355635209.000000
-0.113281 -0.974609 0.300049 -5.185140 14.701397 -7.686208 204355638320.000000
-0.116699 -0.972900 0.302979 -4.819130 15.433417 -7.869212 204355641422.000000
-0.113770 -0.971191 0.300049 -4.575124 16.287440 -7.320198 204355644509.000000
-0.115234 -0.968750 0.305176 -5.246142 17.568474 -7.076191 204355647603.000000
-0.118408 -0.971680 0.307861 -4.880132 17.995486 -7.015189 204355650688.000000
-0.122070 -0.973145 0.306152 -4.758128 18.483499 -6.893186 204355653775.000000
-0.122070 -0.977539 0.312500 -4.575124 18.971512 -6.588178 204355656855.000000
-0.117676 -0.979004 0.317627 -4.758128 19.337522 -6.527176 204355659936.000000
-0.115234 -0.978516 0.309082 -4.270115 19.398524 -6.466175 204355663071.000000
-0.116943 -0.974854 0.310547 -3.904105 20.008540 -6.588178 204355666156.000000
-0.107666 -0.976318 0.314209 -4.026109 19.947539 -6.405173 204355669238.000000
-0.111084 -0.978516 0.311523 -3.660099 19.825535 -6.344171 204355672318.000000
-0.108398 -0.982422 0.318115 -3.843104 19.947539 -6.954188 204355675395.000000
-0.108398 -0.975098 0.302002 -4.148112 19.886537 -6.649180 204355678486.000000
-0.103760 -0.978271 0.302002 -4.453120 19.764534 -7.259196 204355681608.000000
-0.107422 -0.974854 0.314941 -4.331117 19.520527 -7.564204 204355684703.000000
-0.112305 -0.982422 0.320801 -3.599097 18.971512 -7.503203 204355687856.000000
-0.112549 -0.985352 0.300049 -3.294089 19.642530 -8.052217 204355690954.000000
-0.131592 -0.977295 0.302979 -3.172086 20.191545 -8.052217 204355694046.000000
-0.127686 -0.979736 0.302002 -3.233087 21.167572 -7.686208 204355697137.000000
-0.129395 -0.986816 0.308105 -2.623071 21.777588 -7.991216 204355700245.000000
-0.125000 -0.983643 0.298584 -2.135058 22.143598 -8.174221 204355703333.000000
-0.123291 -0.978271 0.304688 -1.525041 22.387604 -8.479229 204355706420.000000
-0.122803 -0.972656 0.300781 -1.342036 22.631611 -8.052217 204355709527.000000
-0.129395 -0.974609 0.305176 -1.220033 22.875618 -8.174221 204355712615.000000
-0.132568 -0.977539 0.303711 -0.671018 22.997621 -8.052217 204355715707.000000
-0.128662 -0.978516 0.304932 -0.366010 22.753614 -8.418227 204355718796.000000
-0.122803 -0.978271 0.314941 -0.488013 22.448606 -8.357226 204355721900.000000
-0.122559 -0.978516 0.305908 -0.305008 22.326603 -8.357226 204355724991.000000
-0.127686 -0.981201 0.308838 -0.183005 22.875618 -8.845239 204355728084.000000
-0.131348 -0.976807 0.309082 -0.427012 23.241628 -8.784237 204355731185.000000
-0.129639 -0.981934 0.309570 0.122003 23.851644 -9.028244 204355734277.000000
-0.128418 -0.983154 0.311035 0.305008 24.034649 -8.784237 204355737383.000000
-0.126221 -0.982910 0.299561 0.610016 24.461660 -8.784237 204355740489.000000
-0.124756 -0.985107 0.308350 0.366010 24.461660 -8.296224 204355743577.000000
-0.123047 -0.984863 0.301758 0.793021 24.888672 -8.662234 204355746666.000000
-0.123535 -0.987305 0.310303 0.854023 24.461660 -8.784237 204355749760.000000
-0.122070 -0.987061 0.313721 1.342036 24.034649 -9.089245 204355752848.000000
-0.126465 -0.984131 0.312012 1.464040 23.729641 -8.906240 204355755917.000000
-0.129883 -0.981689 0.305176 1.525041 24.278656 -9.211249 204355758997.000000
-0.130127 -0.975586 0.315186 1.525041 23.790642 -9.089245 204355762157.000000
-0.127197 -0.981445 0.307617 1.952053 22.997621 -9.150247 204355765288.000000
-0.121094 -0.982178 0.318359 1.464040 22.387604 -9.699262 204355768367.000000
-0.128662 -0.972168 0.305664 1.525041 22.631611 -9.699262 204355771440.000000
-0.136475 -0.968262 0.307129 1.952053 22.692613 -9.150247 204355774524.000000
-0.147461 -0.972900 0.305176 1.891051 22.692613 -9.455255 204355777600.000000
-0.140137 -0.968750 0.312988 2.562069 22.814616 -9.089245 204355780679.000000
-0.145996 -0.970947 0.310547 2.074056 22.753614 -9.333252 204355783835.000000
-0.145752 -0.968506 0.304199 2.318063 22.875618 -9.394254 204355786928.000000
-0.148193 -0.970215 0.303955 2.501068 22.936619 -9.089245 204355790025.000000
-0.144287 -0.968262 0.306641 3.111084 23.424632 -9.150247 204355793120.000000
-0.149414 -0.972412 0.309814 3.294089 23.912646 -8.784237 204355796210.000000
-0.145264 -0.971680 0.315430 3.904105 23.851644 -8.662234 204355799307.000000
-0.140625 -0.977295 0.316162 4.148112 23.973647 -8.662234 204355802401.000000
-0.141846 -0.971924 0.313232 4.453120 23.424632 -8.357226 204355805493.000000
-0.132813 -0.971924 0.305664 4.453120 23.729641 -8.418227 204355808585.000000
-0.126221 -0.968262 0.308350 4.087110 23.363631 -8.601232 204355811689.000000
-0.129639 -0.974854 0.304932 4.270115 22.936619 -8.723236 204355814782.000000
-0.122803 -0.969971 0.307617 3.843104 22.936619 -8.540231 204355817874.000000
-0.126221 -0.977783 0.310791 4.087110 22.265601 -9.089245 204355820981.000000
-0.115723 -0.981445 0.312012 3.599097 21.777588 -9.272250 204355824073.000000
-0.126953 -0.978760 0.310547 3.416092 21.411578 -9.089245 204355827164.000000
-0.126709 -0.983398 0.299316 3.477094 21.594583 -8.906240 204355830270.000000
-0.118896 -0.976318 0.285400 4.148112 21.716586 -8.723236 204355833370.000000
-0.116943 -0.982178 0.285645 4.636125 22.204600 -8.967242 204355836463.000000
-0.109619 -0.977051 0.270508 4.758128 22.143598 -9.150247 204355839572.000000
-0.120605 -0.966797 0.277588 4.270115 22.570609 -9.089245 204355842660.000000
-0.123047 -0.961914 0.282715 3.599097 22.692613 -8.662234 204355845752.000000
-0.131348 -0.964355 0.298828 2.745074 23.180626 -8.662234 204355848850.000000
-0.139160 -0.964355 0.305664 2.440066 22.814616 -8.418227 204355851940.000000
-0.139893 -0.969238 0.313232 2.440066 22.753614 -8.845239 204355855025.000000
-0.136719 -0.976318 0.318359 2.928079 22.570609 -8.052217 204355858107.000000
-0.133789 -0.978027 0.309814 2.867077 21.838590 -8.113219 204355861189.000000
-0.124512 -0.972656 0.298340 3.355091 21.899591 -7.747209 204355864317.000000
-0.128418 -0.975586 0.305664 3.904105 22.204600 -7.381199 204355867410.000000
-0.133301 -0.968506 0.316406 3.965107 21.655585 -7.381199 204355870493.000000
-0.131592 -0.963867 0.324707 4.453120 21.106570 -7.137193 204355873573.000000
-0.131348 -0.964111 0.330811 4.758128 20.374550 -6.954188 204355876655.000000
-0.128174 -0.963379 0.334961 4.758128 20.679558 -7.381199 204355879795.000000
-0.128418 -0.962158 0.329590 4.819130 20.130544 -7.320198 204355882893.000000
-0.127197 -0.957764 0.322266 4.636125 20.191545 -7.076191 204355885986.000000
-0.119141 -0.953613 0.315186 4.270115 19.703532 -7.015189 204355889080.000000
-0.120361 -0.956055 0.308838 4.087110 19.825535 -7.015189 204355892237.000000
-0.109131 -0.952637 0.299561 4.148112 19.398524 -7.503203 204355895329.000000
-0.111816 -0.950195 0.298340 3.477094 19.215519 -7.442201 204355898421.000000
-0.107422 -0.955078 0.300781 2.806076 19.215519 -7.564204 204355901523.000000
-0.110596 -0.947754 0.294922 2.318063 19.337522 -7.808211 204355904616.000000
-0.112061 -0.947754 0.303711 1.647044 19.032514 -8.113219 204355907710.000000
-0.108643 -0.954590 0.310059 1.403038 19.093516 -8.174221 204355910819.000000
-0.110352 -0.954834 0.310547 0.854023 18.605502 -8.418227 204355913913.000000
-0.110107 -0.958496 0.316162 0.549015 18.788507 -8.418227 204355917006.000000
-0.116455 -0.957275 0.319092 0.488013 18.300494 -8.479229 204355920112.000000
-0.113281 -0.959473 0.315430 0.488013 17.934484 -8.479229 204355923203.000000
-0.113281 -0.962158 0.322266 0.305008 17.751479 -8.601232 204355926317.000000
-0.106445 -0.961914 0.322266 0.427012 17.263466 -8.418227 204355929422.000000
-0.110596 -0.966309 0.323486 0.183005 17.324468 -8.479229 204355934679.000000
-0.109131 -0.972168 0.322998 0.122003 17.202464 -8.662234 204355937843.000000
-0.111572 -0.968018 0.332031 0.366010 16.958458 -8.418227 204355940955.000000
-0.111328 -0.972412 0.338135 0.427012 16.714451 -8.052217 204355944061.000000
-0.105469 -0.975586 0.331299 0.671018 16.348441 -8.479229 204355947150.000000
-0.112549 -0.975342 0.331055 0.671018 16.348441 -8.235222 204355950262.000000
-0.110596 -0.979248 0.335449 1.098030 15.921430 -7.930214 204355953358.000000
-0.116943 -0.979736 0.341553 1.037028 16.104435 -7.808211 204355956444.000000
-0.113770 -0.979004 0.335205 1.220033 15.982432 -7.930214 204355959539.000000
-0.114990 -0.982910 0.336182 1.403038 15.311413 -7.747209 204355962620.000000
-0.111816 -0.978516 0.336670 1.891051 15.189410 -7.503203 204355965757.000000
-0.111084 -0.981201 0.343506 1.952053 15.067407 -7.503203 204355968838.000000
-0.115479 -0.983154 0.333008 2.501068 14.823400 -7.015189 204355971911.000000
-0.111572 -0.974609 0.334961 2.745074 14.579394 -7.259196 204355974992.000000
-0.113770 -0.974609 0.332275 2.806076 14.152382 -6.832184 204355978069.000000
-0.110596 -0.975342 0.330078 2.623071 14.152382 -7.076191 204355981159.000000
-0.110352 -0.976074 0.333252 2.867077 14.030379 -6.771183 204355984254.000000
-0.114502 -0.971191 0.331299 2.989081 13.969377 -6.771183 204355987347.000000
-0.113281 -0.972900 0.330566 2.989081 13.725371 -6.771183 204355990444.000000
-0.113281 -0.972412 0.324707 3.111084 13.786372 -6.710181 204355993547.000000
-0.111816 -0.968018 0.323486 3.111084 13.298359 -6.405173 204355996638.000000
-0.109375 -0.967529 0.324463 2.989081 13.420362 -6.649180 204355999805.000000
-0.109375 -0.968018 0.320801 3.050082 13.115354 -6.344171 204356002894.000000
-0.108398 -0.963623 0.324951 3.050082 13.115354 -6.222168 204356005988.000000
-0.110596 -0.965332 0.327637 2.989081 12.627341 -5.917160 204356009078.000000
-0.113525 -0.965332 0.327881 3.050082 12.444336 -6.283170 204356012250.000000
-0.112061 -0.963623 0.320313 2.562069 12.688343 -6.161166 204356015343.000000
-0.111084 -0.961670 0.317383 2.806076 12.688343 -5.612152 204356018433.000000
-0.112549 -0.959717 0.323730 2.867077 12.871348 -5.673153 204356021538.000000
-0.109375 -0.962402 0.319824 2.989081 12.444336 -5.673153 204356024628.000000
-0.112793 -0.960938 0.323730 2.989081 12.749344 -5.124138 204356027720.000000
-0.109619 -0.964600 0.322998 3.050082 12.444336 -5.246142 204356030830.000000
-0.108887 -0.963867 0.321045 2.806076 12.566339 -5.368145 204356033923.000000
-0.110107 -0.969727 0.322754 2.501068 12.810346 -5.002135 204356037016.000000
-0.108887 -0.962891 0.321289 2.440066 13.115354 -4.819130 204356040123.000000
-0.104980 -0.963867 0.319824 2.745074 12.627341 -4.270115 204356043213.000000
-0.108154 -0.972656 0.326904 3.172086 12.505338 -4.514122 204356046324.000000
-0.100342 -0.971436 0.325928 2.745074 12.993351 -4.392119 204356049418.000000
-0.105713 -0.964844 0.331787 2.745074 12.871348 -3.904105 204356052520.000000
-0.101318 -0.970947 0.325439 2.745074 12.932349 -3.660099 204356055641.000000
-0.105713 -0.972168 0.328125 3.172086 12.932349 -3.965107 204356058723.000000
-0.101563 -0.975342 0.333496 3.233087 12.627341 -3.782102 204356061802.000000
-0.102783 -0.977783 0.335693 3.172086 12.444336 -3.721100 204356064876.000000
-0.099609 -0.975098 0.333252 3.416092 12.627341 -3.538096 204356068012.000000
-0.101074 -0.978027 0.333740 3.233087 12.566339 -3.843104 204356071097.000000
-0.097168 -0.972656 0.333740 3.477094 12.322333 -3.843104 204356074181.000000
-0.099365 -0.972900 0.331543 3.294089 12.261331 -3.233087 204356077263.000000
-0.101807 -0.971680 0.333984 3.355091 11.895321 -3.660099 204356080353.000000
-0.101807 -0.966553 0.335693 3.477094 12.078326 -3.904105 204356083452.000000
-0.101807 -0.973633 0.335205 3.355091 11.529311 -3.660099 204356086546.000000
-0.103271 -0.970459 0.332764 3.538096 11.529311 -3.355091 204356089643.000000
-0.102051 -0.970215 0.334473 3.965107 11.041298 -3.904105 204356092755.000000
-0.109863 -0.970947 0.340576 3.782102 10.919295 -3.660099 204356095871.000000
-0.105713 -0.972656 0.333008 4.087110 10.736290 -4.026109 204356098978.000000
-0.101318 -0.973389 0.331299 4.148112 10.309278 -3.782102 204356102151.000000
-0.101807 -0.973145 0.324951 4.575124 10.553285 -3.538096 204356105250.000000
-0.099609 -0.970703 0.321533 4.636125 10.187275 -3.294089 204356108344.000000
-0.099854 -0.974121 0.313232 4.697127 10.004270 -3.111084 204356111451.000000
-0.099121 -0.973145 0.333496 5.124138 9.577259 -3.477094 204356114545.000000
-0.098389 -0.974365 0.341064 5.429147 9.211249 -3.355091 204356117639.000000
-0.094971 -0.970703 0.349609 5.490148 9.150247 -3.294089 204356120747.000000
-0.096924 -0.971680 0.342285 5.307143 9.028244 -3.172086 204356123839.000000
-0.095215 -0.973633 0.342529 6.100165 8.784237 -2.623071 204356126936.000000
-0.093994 -0.970459 0.333984 6.222168 9.272250 -3.111084 204356130059.000000
-0.089355 -0.971680 0.327393 6.222168 9.638260 -2.806076 204356133153.000000
-0.089844 -0.964600 0.320313 6.283170 9.699262 -2.806076 204356136246.000000
-0.093018 -0.958984 0.312500 6.161166 10.248277 -2.684072 204356139352.000000
-0.084961 -0.959961 0.309814 6.771183 10.248277 -2.684072 204356142445.000000
-0.089600 -0.963379 0.316162 6.588178 10.736290 -2.440066 204356145537.000000
-0.094727 -0.961426 0.318115 6.344171 10.675288 -2.379064 204356148630.000000
-0.091064 -0.964600 0.333008 6.405173 11.102300 -2.257061 204356151771.000000
-0.093262 -0.964111 0.323242 6.283170 11.224303 -2.074056 204356154859.000000
-0.088135 -0.966553 0.328125 5.856158 11.529311 -2.318063 204356157933.000000
-0.090820 -0.964111 0.336426 5.856158 11.163301 -2.440066 204356161014.000000
-0.092041 -0.971436 0.339600 5.673153 10.919295 -2.257061 204356164093.000000
-0.092529 -0.968994 0.337158 5.917160 10.736290 -2.196059 204356167226.000000
-0.094238 -0.970215 0.339844 5.612152 10.614287 -2.196059 204356170310.000000
-0.089600 -0.973145 0.344482 5.673153 10.309278 -2.135058 204356173394.000000
-0.092529 -0.973145 0.352051 5.795156 10.065272 -2.196059 204356176470.000000
-0.090820 -0.975586 0.346436 5.978161 9.821265 -2.501068 204356179550.000000
-0.092041 -0.976318 0.350830 6.039163 10.004270 -2.074056 204356182633.000000
-0.094482 -0.974609 0.344482 6.283170 9.699262 -2.318063 204356185710.000000
-0.089355 -0.977783 0.345947 6.588178 9.638260 -2.013054 204356188799.000000
-0.089111 -0.976074 0.346191 6.649180 9.638260 -1.830049 204356191917.000000
-0.093506 -0.975342 0.337646 6.588178 9.394254 -1.525041 204356195014.000000
-0.092773 -0.975342 0.340820 6.588178 9.760264 -1.891051 204356198111.000000
-0.094482 -0.977783 0.346436 6.466175 9.455255 -1.525041 204356201210.000000
-0.092285 -0.972656 0.341309 6.222168 9.028244 -1.281035 204356204304.000000
-0.092529 -0.973633 0.338379 5.978161 9.089245 -1.464040 204356207401.000000
-0.086914 -0.972900 0.336426 5.978161 9.272250 -1.159031 204356210509.000000
-0.085938 -0.971436 0.340088 5.917160 9.028244 -1.220033 204356213598.000000
-0.091064 -0.968994 0.341064 5.673153 8.967242 -0.915025 204356216690.000000
-0.086182 -0.965820 0.345703 6.039163 8.845239 -1.037028 204356219797.000000
-0.085693 -0.970459 0.346680 6.161166 8.418227 -1.159031 204356222892.000000
-0.090820 -0.969238 0.342773 6.161166 8.784237 -1.037028 204356225984.000000
-0.086426 -0.968262 0.347900 6.222168 8.479229 -1.159031 204356229080.000000
-0.090576 -0.971191 0.350586 6.222168 8.235222 -0.732020 204356232253.000000
-0.094482 -0.965576 0.354248 6.283170 7.808211 -1.647044 204356235341.000000
-0.091064 -0.968506 0.349121 6.527176 7.930214 -1.708046 204356238433.000000
-0.095215 -0.971680 0.362061 6.466175 7.991216 -1.525041 204356241538.000000
-0.096680 -0.967041 0.356934 6.588178 7.625206 -1.647044 204356244629.000000
-0.104736 -0.969238 0.368896 6.710181 7.442201 -1.647044 204356247778.000000
-0.103027 -0.964600 0.354736 6.527176 7.503203 -1.830049 204356250885.000000
-0.103027 -0.966309 0.351807 6.588178 7.137193 -1.769048 204356253970.000000
-0.104004 -0.963623 0.354980 6.344171 7.015189 -2.013054 204356257053.000000
-0.111572 -0.961670 0.354004 6.527176 6.771183 -1.525041 204356260136.000000
-0.112793 -0.962402 0.354736 6.344171 6.832184 -1.891051 204356263219.000000
-0.115234 -0.955566 0.351563 6.039163 6.771183 -1.586043 204356266299.000000
-0.117432 -0.958496 0.348145 6.039163 6.588178 -1.098030 204356269429.000000
-0.123291 -0.954346 0.351807 6.039163 6.344171 -1.220033 204356272515.000000
-0.120605 -0.954346 0.353027 5.734155 6.283170 -1.098030 204356275593.000000
-0.120361 -0.954834 0.352295 5.978161 6.222168 -1.037028 204356278672.000000
-0.119141 -0.960693 0.343262 5.551150 6.405173 -0.488013 204356281745.000000
-0.110596 -0.961182 0.344482 5.551150 5.856158 0.122003 204356293151.000000
-0.109619 -0.962158 0.345703 5.124138 5.612152 0.183005 204356296722.000000
-0.110352 -0.961670 0.344971 5.246142 5.734155 0.427012 204356299868.000000
-0.102539 -0.963379 0.344482 4.697127 5.490148 0.183005 204356302973.000000
-0.102539 -0.963867 0.355713 4.514122 5.551150 0.549015 204356306053.000000
-0.104980 -0.961914 0.354980 4.941133 5.124138 0.305008 204356309226.000000
-0.108398 -0.967041 0.356445 4.697127 4.514122 0.244007 204356312321.000000
-0.102295 -0.964111 0.362061 4.575124 4.697127 0.061002 204356315420.000000
-0.106201 -0.964111 0.364746 4.636125 4.270115 0.122003 204356318697.000000
-0.108643 -0.966309 0.362061 4.331117 4.331117 0.366010 204356321831.000000
-0.110107 -0.962646 0.366943 4.636125 4.270115 -0.061002 204356324932.000000
-0.111816 -0.961914 0.363525 5.002135 4.148112 0.305008 204356328011.000000
-0.112793 -0.961182 0.360107 4.941133 3.599097 0.183005 204356331132.000000
-0.115723 -0.962891 0.357422 4.880132 3.233087 -0.427012 204356334251.000000
-0.118408 -0.959229 0.364014 4.697127 2.928079 0.427012 204356337334.000000
-0.115967 -0.960205 0.357666 4.392119 3.050082 0.000000 204356340427.000000
-0.116943 -0.957520 0.358643 4.392119 2.806076 0.610016 204356343515.000000
-0.121582 -0.959229 0.357666 4.209114 2.440066 0.244007 204356346596.000000
-0.122803 -0.957275 0.360352 4.270115 2.440066 0.732020 204356349700.000000
-0.123535 -0.956299 0.361084 4.209114 2.013054 0.671018 204356353219.000000
-0.126709 -0.954346 0.362305 3.904105 1.525041 0.793021 204356356310.000000
-0.127197 -0.953125 0.363525 3.782102 1.708046 0.671018 204356359395.000000
-0.124023 -0.949951 0.354492 3.782102 1.830049 0.976026 204356362478.000000
-0.124023 -0.953125 0.358154 3.538096 1.464040 0.793021 204356365561.000000
-0.126465 -0.957275 0.358643 3.660099 1.281035 1.403038 204356368773.000000
-0.120361 -0.957275 0.355713 3.599097 1.525041 1.525041 204356371859.000000
-0.120361 -0.951172 0.356934 2.989081 1.647044 1.647044 204356374954.000000
-0.117676 -0.953369 0.354980 3.050082 0.976026 1.464040 204356378036.000000
