-0.085205 -0.956055 -0.144531 2.379064 1.159031 -5.368145 141649284365.000000
-0.077148 -0.958252 -0.146729 2.379064 1.281035 -5.551150 141649286166.000000
-0.082764 -0.961914 -0.146729 2.623071 1.647044 -5.673153 141649287974.000000
-0.077148 -0.957764 -0.155029 2.379064 1.830049 -5.429147 141649289776.000000
-0.075439 -0.957275 -0.147949 2.257061 1.769048 -5.307143 141649291578.000000
-0.078857 -0.959717 -0.152100 2.318063 2.379064 -5.368145 141649293382.000000
-0.076416 -0.960693 -0.151123 2.501068 2.196059 -5.429147 141649295183.000000
-0.081787 -0.959229 -0.148682 2.501068 2.501068 -5.368145 141649296988.000000
-0.082764 -0.960449 -0.155762 2.318063 2.440066 -5.429147 141649298827.000000
-0.085205 -0.960938 -0.151855 2.440066 2.440066 -5.368145 141649300630.000000
-0.086670 -0.962158 -0.154785 2.501068 2.257061 -5.246142 141649302428.000000
-0.092529 -0.962402 -0.150146 2.196059 2.196059 -5.368145 141649304226.000000
-0.094238 -0.960693 -0.150391 2.440066 1.891051 -5.673153 141649306025.000000
-0.102051 -0.962646 -0.160400 2.013054 1.830049 -5.612152 141649307822.000000
-0.104980 -0.963623 -0.153809 2.196059 1.586043 -5.734155 141649309620.000000
-0.102051 -0.962891 -0.152344 2.318063 1.281035 -5.551150 141649311418.000000
-0.098877 -0.960938 -0.150879 2.318063 1.037028 -6.039163 141649313223.000000
-0.098389 -0.959961 -0.152588 2.501068 0.488013 -5.795156 141649315021.000000
-0.096680 -0.960693 -0.161133 2.379064 0.183005 -5.917160 141649316819.000000
-0.094727 -0.959473 -0.151855 2.501068 0.000000 -5.856158 141649318620.000000
-0.092773 -0.959473 -0.151123 2.257061 -0.610016 -5.978161 141649320420.000000
-0.093262 -0.955811 -0.152100 2.379064 -0.305008 -6.222168 141649322217.000000
-0.088623 -0.957764 -0.152832 2.318063 -0.488013 -6.100165 141649324019.000000
-0.083252 -0.960693 -0.148682 2.318063 -0.915025 -6.039163 141649325817.000000
-0.085938 -0.960205 -0.153320 2.135058 -0.671018 -6.100165 141649327615.000000
-0.082031 -0.963379 -0.148682 2.196059 -0.305008 -5.795156 141649329416.000000
-0.076660 -0.964844 -0.146973 2.196059 -0.610016 -6.039163 141649331214.000000
-0.076660 -0.963867 -0.152100 2.196059 -0.244007 -6.222168 141649333013.000000
-0.078369 -0.967285 -0.151367 2.318063 -0.122003 -6.161166 141649334815.000000
-0.076660 -0.970703 -0.155029 2.196059 0.061002 -6.100165 141649336613.000000
-0.075439 -0.970703 -0.157227 2.562069 0.244007 -6.039163 141649338434.000000
-0.076904 -0.966064 -0.156494 2.562069 0.244007 -6.283170 141649340233.000000
-0.077393 -0.964844 -0.155762 2.379064 0.732020 -6.283170 141649342031.000000
-0.077393 -0.964600 -0.157959 2.562069 0.671018 -5.978161 141649343829.000000
-0.080811 -0.965820 -0.158447 2.501068 0.671018 -6.039163 141649345627.000000
-0.080811 -0.968750 -0.158936 2.501068 0.671018 -6.100165 141649347428.000000
-0.080566 -0.960938 -0.156250 2.562069 0.793021 -6.039163 141649349232.000000
-0.077881 -0.963379 -0.157715 2.379064 1.037028 -6.405173 141649351036.000000
-0.079102 -0.962158 -0.153076 2.440066 1.037028 -6.100165 141649352839.000000
-0.077393 -0.964111 -0.152832 2.684072 0.671018 -5.795156 141649354641.000000
-0.075928 -0.961914 -0.156250 2.501068 0.915025 -6.100165 141649356443.000000
-0.070801 -0.959473 -0.153564 2.684072 1.281035 -5.856158 141649358251.000000
-0.071289 -0.960938 -0.148682 2.501068 1.281035 -5.856158 141649360053.000000
-0.072021 -0.959229 -0.141846 2.318063 1.708046 -5.978161 141649361855.000000
-0.068359 -0.960938 -0.149658 2.745074 1.586043 -6.039163 141649363659.000000
-0.067627 -0.962646 -0.147705 2.684072 1.830049 -6.161166 141649365460.000000
-0.068848 -0.961914 -0.151611 2.684072 2.013054 -5.917160 141649367266.000000
-0.072754 -0.961670 -0.154297 2.684072 2.379064 -5.795156 141649369066.000000
-0.076904 -0.960205 -0.150391 2.745074 2.562069 -5.978161 141649370868.000000
-0.079590 -0.962646 -0.157227 2.379064 2.623071 -5.795156 141649372669.000000
-0.082275 -0.966309 -0.152832 2.745074 2.257061 -6.039163 141649374471.000000
-0.082520 -0.963623 -0.155029 2.745074 2.501068 -5.978161 141649376274.000000
-0.080811 -0.960449 -0.158936 2.745074 2.257061 -5.734155 141649378078.000000
-0.083252 -0.958740 -0.157715 2.684072 2.196059 -5.978161 141649379880.000000
-0.086914 -0.962646 -0.151611 2.623071 1.952053 -5.917160 141649381682.000000
-0.089355 -0.958008 -0.157471 2.684072 1.708046 -6.100165 141649383487.000000
-0.090576 -0.962402 -0.153076 2.562069 1.464040 -6.222168 141649385293.000000
-0.085938 -0.959473 -0.151855 2.745074 0.976026 -6.161166 141649387102.000000
-0.088623 -0.965576 -0.154053 2.562069 1.037028 -6.405173 141649388897.000000
-0.089355 -0.966309 -0.153809 2.562069 0.610016 -6.466175 141649390695.000000
-0.086426 -0.967529 -0.150879 2.745074 0.549015 -6.161166 141649392493.000000
-0.085205 -0.964355 -0.148193 2.684072 0.427012 -6.649180 141649394291.000000
-0.085449 -0.965088 -0.154541 2.684072 0.549015 -6.344171 141649396088.000000
-0.085449 -0.966797 -0.150146 2.867077 0.488013 -6.527176 141649397890.000000
-0.078857 -0.967041 -0.152832 2.745074 0.366010 -6.466175 141649399693.000000
-0.071045 -0.966553 -0.156738 2.623071 0.671018 -6.405173 141649401497.000000
-0.070068 -0.966553 -0.162109 2.745074 0.915025 -6.588178 141649403295.000000
-0.072754 -0.972412 -0.156006 2.745074 0.976026 -6.344171 141649405094.000000
-0.070801 -0.970459 -0.150146 2.806076 1.159031 -6.405173 141649406893.000000
-0.069092 -0.964844 -0.155518 3.111084 1.037028 -6.527176 141649408692.000000
-0.066650 -0.968018 -0.147217 2.745074 1.525041 -6.405173 141649410491.000000
-0.068115 -0.968262 -0.148682 2.806076 1.342036 -6.283170 141649412287.000000
-0.064453 -0.962158 -0.148438 2.989081 1.830049 -6.344171 141649414084.000000
-0.068604 -0.963379 -0.146240 2.745074 1.952053 -5.795156 141649415882.000000
-0.061279 -0.961670 -0.147217 2.928079 1.952053 -6.161166 141649417681.000000
-0.069092 -0.963867 -0.148682 2.989081 1.952053 -6.039163 141649419479.000000
-0.068604 -0.962891 -0.146240 2.745074 1.952053 -5.795156 141649421277.000000
-0.065186 -0.964355 -0.143311 2.989081 2.440066 -6.283170 141649423074.000000
-0.065186 -0.961670 -0.144775 2.806076 2.440066 -5.734155 141649424872.000000
-0.060547 -0.959717 -0.145020 2.806076 2.379064 -5.673153 141649426679.000000
-0.061523 -0.959961 -0.143311 2.867077 2.257061 -6.161166 141649428479.000000
-0.064697 -0.957764 -0.145264 2.928079 2.379064 -5.673153 141649430277.000000
-0.062500 -0.963135 -0.146973 2.623071 2.501068 -5.795156 141649432075.000000
-0.067627 -0.964355 -0.140137 2.867077 2.257061 -5.673153 141649433873.000000
-0.074463 -0.964111 -0.153076 3.172086 2.074056 -5.734155 141649435670.000000
-0.069336 -0.962402 -0.156250 2.745074 1.952053 -5.856158 141649437469.000000
-0.072021 -0.963623 -0.156006 2.379064 1.464040 -5.734155 141649439268.000000
-0.072754 -0.970703 -0.148438 2.867077 1.403038 -5.734155 141649441070.000000
-0.075684 -0.968750 -0.150391 2.684072 1.281035 -6.039163 141649442868.000000
-0.071777 -0.974121 -0.153076 2.684072 0.976026 -5.856158 141649444674.000000
-0.074219 -0.972900 -0.152832 2.745074 0.732020 -6.039163 141649446476.000000
-0.075439 -0.974609 -0.153076 2.623071 0.061002 -5.917160 141649448279.000000
-0.077881 -0.974609 -0.151611 2.745074 -0.061002 -5.978161 141649450082.000000
-0.075684 -0.975342 -0.151611 2.684072 -0.549015 -6.283170 141649451883.000000
-0.072510 -0.979492 -0.151855 2.623071 -1.037028 -6.100165 141649453686.000000
-0.071045 -0.979980 -0.149170 2.806076 -1.037028 -6.039163 141649455487.000000
-0.066162 -0.979004 -0.150391 2.989081 -1.708046 -6.161166 141649457293.000000
-0.067871 -0.980469 -0.148682 3.050082 -1.525041 -6.222168 141649459091.000000
-0.063721 -0.983643 -0.146240 2.562069 -1.525041 -6.344171 141649460893.000000
-0.062256 -0.983887 -0.144775 2.806076 -1.525041 -6.161166 141649462694.000000
-0.052734 -0.981445 -0.149414 2.928079 -1.464040 -6.100165 141649464496.000000
-0.056396 -0.983154 -0.158203 3.111084 -1.464040 -6.222168 141649466299.000000
-0.052979 -0.990967 -0.138428 2.928079 -1.525041 -6.222168 141649468102.000000
-0.046631 -0.989746 -0.142334 3.172086 -1.403038 -6.222168 141649469903.000000
-0.043945 -0.991211 -0.159912 3.416092 -1.098030 -6.161166 141649471704.000000
-0.040283 -0.993896 -0.155518 3.233087 -0.915025 -6.100165 141649473513.000000
-0.042480 -0.993652 -0.150146 3.233087 -0.732020 -6.039163 141649475315.000000
-0.042480 -0.995117 -0.144043 3.477094 -0.488013 -5.856158 141649477120.000000
-0.037598 -1.000488 -0.137207 3.599097 -0.305008 -5.795156 141649478920.000000
-0.035156 -0.992188 -0.141113 3.782102 -0.305008 -5.978161 141649480722.000000
-0.040527 -0.994385 -0.143311 3.904105 0.305008 -5.734155 141649482523.000000
-0.040527 -0.989502 -0.139404 3.904105 0.732020 -5.917160 141649484325.000000
-0.038330 -0.988525 -0.146973 3.538096 0.366010 -5.429147 141649486129.000000
-0.039307 -0.990967 -0.145020 3.538096 0.671018 -5.307143 141649487933.000000
-0.042480 -0.992920 -0.138672 3.721100 0.671018 -5.185140 141649489735.000000
-0.038574 -0.997314 -0.134521 4.026109 0.427012 -5.063137 141649491536.000000
-0.041016 -1.001465 -0.132324 4.331117 0.976026 -5.124138 141649493338.000000
-0.040771 -1.005615 -0.133789 4.514122 1.220033 -5.307143 141649495138.000000
-0.038818 -1.002930 -0.140137 5.002135 1.098030 -4.697127 141649496943.000000
-0.035400 -1.005859 -0.136963 5.002135 1.464040 -4.758128 141649498742.000000
-0.030762 -1.010742 -0.129150 5.490148 1.769048 -4.636125 141649500541.000000
-0.033203 -1.016357 -0.132080 5.978161 1.769048 -4.331117 141649502346.000000
-0.028076 -1.015381 -0.128174 6.405173 2.013054 -4.148112 141649504149.000000
-0.024658 -1.012451 -0.125488 7.137193 2.745074 -3.233087 141649505951.000000
-0.026855 -1.015625 -0.114014 7.686208 2.745074 -3.111084 141649507749.000000
-0.024658 -1.019043 -0.104492 8.479229 3.843104 -2.562069 141649509548.000000
-0.034424 -1.022217 -0.104004 9.516257 4.514122 -1.525041 141649511345.000000
-0.041016 -1.021973 -0.098877 10.858293 5.734155 0.061002 141649513144.000000
-0.049316 -1.029053 -0.084961 12.383334 6.222168 1.098030 141649514942.000000
-0.030762 -1.036377 -0.094971 13.359361 6.710181 1.647044 141649516741.000000
-0.009521 -1.038086 -0.113525 12.871348 6.832184 1.769048 141649518539.000000
0.003662 -1.044189 -0.088867 14.030379 7.442201 2.257061 141649520337.000000
0.001953 -1.048096 -0.075684 15.433417 7.808211 2.440066 141649522135.000000
-0.009521 -1.051758 -0.075195 16.836455 8.784237 2.806076 141649523932.000000
-0.011719 -1.065186 -0.047363 18.727506 10.248277 3.416092 141649525730.000000
-0.024902 -1.082520 -0.014648 21.106570 11.529311 3.538096 141649527553.000000
-0.043213 -1.104736 0.005127 23.302629 13.115354 4.880132 141649529358.000000
-0.036621 -1.106934 0.007080 25.620692 15.311413 5.673153 141649531158.000000
-0.033203 -1.104004 0.018066 27.206735 16.409443 6.405173 141649532954.000000
0.001221 -1.090088 0.029785 29.829805 16.531446 7.259196 141649534751.000000
0.013428 -1.096191 0.015869 30.866833 16.104435 8.113219 141649536549.000000
0.048096 -1.088623 0.029541 32.025865 16.409443 7.625206 141649538347.000000
0.039063 -1.086182 0.018066 32.025865 17.934484 6.954188 141649540146.000000
0.027100 -1.059814 0.017090 32.696883 18.300494 7.076191 141649541942.000000
0.069580 -1.014893 -0.014648 33.428903 17.568474 6.893186 141649543740.000000
0.092285 -0.982666 -0.057129 29.829805 16.897456 5.185140 141649545538.000000
0.096191 -0.956299 -0.093750 25.437687 16.958458 3.355091 141649547339.000000
0.089355 -0.940918 -0.117920 23.912646 13.786372 4.514122 141649549141.000000
0.113037 -0.906738 -0.169189 20.740560 11.590313 3.721100 141649550943.000000
0.119385 -0.907227 -0.137207 16.836455 11.712316 1.464040 141649552745.000000
0.086914 -0.916260 -0.185791 15.799427 11.590313 1.342036 141649554546.000000
0.056152 -0.936768 -0.190186 15.067407 10.553285 1.464040 141649556348.000000
0.066895 -0.939209 -0.156250 14.640395 10.431282 0.549015 141649558152.000000
0.062256 -0.954590 -0.146729 12.993351 9.455255 -0.122003 141649559954.000000
0.041992 -0.991943 -0.185547 11.956323 8.174221 -0.488013 141649561756.000000
0.037842 -0.988281 -0.172363 10.248277 6.588178 -1.403038 141649563557.000000
0.028809 -1.009277 -0.153320 9.089245 5.368145 -2.135058 141649565358.000000
0.031006 -1.006592 -0.158936 7.259196 5.002135 -1.769048 141649567162.000000
0.013672 -1.003418 -0.196533 4.209114 4.758128 -0.671018 141649568962.000000
0.001465 -1.028320 -0.189453 2.440066 3.965107 -1.403038 141649570763.000000
0.008301 -1.052734 -0.166504 2.440066 2.257061 -1.769048 141649572565.000000
0.021729 -1.063232 -0.182861 2.623071 0.488013 -1.891051 141649574366.000000
0.031494 -1.061523 -0.190918 3.050082 -0.488013 -2.318063 141649576168.000000
0.042725 -1.064453 -0.180908 2.928079 -2.135058 -2.867077 141649577971.000000
0.054688 -1.067627 -0.182129 2.562069 -3.538096 -3.843104 141649579772.000000
0.060059 -1.065918 -0.196777 1.159031 -5.307143 -3.904105 141649581573.000000
0.059814 -1.079834 -0.162109 -0.305008 -7.442201 -4.453120 141649583376.000000
0.103027 -1.105713 -0.051270 0.671018 -11.102300 -6.100165 141649585178.000000
0.140869 -1.114990 -0.014404 3.294089 -14.701397 -8.662234 141649586984.000000
0.251709 -1.143799 0.001709 4.270115 -19.032514 -12.688343 141649588783.000000
0.358643 -1.146973 0.006348 6.283170 -23.363631 -17.019460 141649590584.000000
0.435547 -1.114990 -0.012695 7.747209 -25.925700 -20.496553 141649592386.000000
0.472168 -1.076172 -0.107666 6.405173 -26.718721 -23.363631 141649594188.000000
0.475830 -1.049561 -0.145264 3.477094 -25.559690 -24.095651 141649595994.000000
0.450195 -1.023193 -0.177734 2.440066 -24.034649 -23.790642 141649597796.000000
0.414307 -1.008301 -0.166260 2.013054 -22.631611 -22.814616 141649599598.000000
0.376709 -1.016602 -0.180176 1.586043 -21.167572 -21.106570 141649601399.000000
0.354248 -1.036377 -0.171631 1.647044 -19.825535 -19.703532 141649603198.000000
0.343994 -1.043701 -0.168945 1.403038 -18.483499 -18.239492 141649604996.000000
0.329346 -1.062744 -0.187988 0.427012 -17.446471 -16.775453 141649606795.000000
0.313477 -1.075195 -0.205322 -0.427012 -16.592448 -16.104435 141649608596.000000
0.305908 -1.085449 -0.222168 -0.732020 -16.470445 -15.982432 141649610394.000000
0.299561 -1.088135 -0.233398 -0.915025 -16.775453 -16.104435 141649612191.000000
0.298096 -1.088379 -0.240723 -0.976026 -17.446471 -16.836455 141649613989.000000
0.284424 -1.094482 -0.258057 -1.403038 -19.215519 -18.178491 141649615787.000000
0.270752 -1.095215 -0.243164 -1.220033 -21.655585 -19.276520 141649617585.000000
0.262939 -1.100586 -0.229736 -0.610016 -25.010675 -20.862563 141649619384.000000
0.250977 -1.097412 -0.233887 -0.488013 -27.999756 -21.899591 141649621181.000000
0.248535 -1.100342 -0.230957 -0.183005 -31.476850 -22.997621 141649622988.000000
0.237061 -1.104004 -0.194824 1.525041 -34.526932 -24.095651 141649624787.000000
0.253906 -1.091797 -0.216553 1.159031 -37.699018 -25.071677 141649626588.000000
0.280273 -1.086182 -0.246338 0.549015 -40.566095 -26.169707 141649628423.000000
0.305908 -1.086426 -0.238281 0.549015 -42.701153 -26.840725 141649630225.000000
0.316895 -1.086914 -0.222656 2.074056 -45.446227 -27.877753 141649632024.000000
0.341064 -1.090820 -0.208740 3.050082 -47.581285 -28.792777 141649633824.000000
0.371582 -1.089600 -0.218018 3.904105 -48.984323 -29.951809 141649635622.000000
0.392334 -1.086426 -0.228027 4.087110 -49.716342 -30.866833 141649637424.000000
0.411133 -1.090332 -0.231445 3.660099 -50.204356 -31.598853 141649639223.000000
0.415771 -1.093750 -0.233398 3.477094 -50.387360 -31.964863 141649641022.000000
0.413574 -1.109131 -0.207764 3.965107 -50.570365 -32.147868 141649642820.000000
0.425781 -1.136230 -0.144287 5.612152 -50.204356 -31.964863 141649644618.000000
0.417725 -1.199219 -0.043213 6.893186 -49.960349 -31.537852 141649646416.000000
0.471924 -1.263428 0.175293 13.420362 -50.448362 -31.842860 141649648219.000000
0.550537 -1.266846 0.207275 19.642530 -47.215275 -32.391875 141649650022.000000
0.713379 -1.248291 0.029541 19.093516 -40.932105 -33.062893 141649651823.000000
0.848145 -1.182861 -0.155273 17.141463 -32.086866 -33.306899 141649653625.000000
0.965576 -1.132324 -0.166504 15.677423 -25.315684 -32.574880 141649655426.000000
1.084473 -1.103516 -0.189941 14.762399 -16.836455 -32.391875 141649657238.000000
1.125977 -1.090088 -0.207275 14.518392 -7.625206 -31.903861 141649659038.000000
1.220947 -1.085205 -0.151123 19.032514 5.185140 -32.452876 141649660840.000000
1.286377 -1.089600 -0.050781 24.156652 18.056488 -33.367901 141649662641.000000
1.343262 -1.085938 -0.095947 24.644665 32.879888 -33.916916 141649664447.000000
1.384766 -1.083984 -0.146729 21.533581 45.629232 -33.550906 141649666249.000000
1.394287 -1.086914 -0.137207 19.581529 57.280547 -32.574880 141649668056.000000
1.394287 -1.099854 -0.104492 18.849509 70.700909 -30.927835 141649669859.000000
1.401611 -1.127930 -0.092529 20.435552 83.450253 -29.951809 141649671661.000000
1.379883 -1.151855 -0.072754 22.143598 97.968645 -29.036784 141649673464.000000
1.336914 -1.177490 -0.052734 24.034649 110.412981 -27.999756 141649675265.000000
1.288330 -1.183105 -0.074463 23.607637 122.247301 -27.389740 141649677070.000000
1.262695 -1.187012 -0.093750 21.838590 132.068566 -26.535716 141649678869.000000
1.197266 -1.187012 -0.102295 21.228573 140.852803 -26.596718 141649680671.000000
1.145020 -1.192871 -0.081299 21.838590 148.050997 -27.267736 141649682472.000000
1.091064 -1.189941 -0.077881 22.692613 152.992131 -27.999756 141649684274.000000
1.041016 -1.195313 -0.083252 23.668639 157.323248 -29.646800 141649686077.000000
1.011475 -1.193848 -0.091064 23.668639 159.275300 -31.415848 141649687885.000000
0.953613 -1.198242 -0.107910 23.790642 160.312328 -33.672909 141649689687.000000
0.895996 -1.201904 -0.111328 23.729641 160.373330 -35.685964 141649691488.000000
0.841797 -1.210205 -0.102783 23.790642 159.458305 -37.760020 141649693289.000000
0.789795 -1.216797 -0.091064 24.949674 158.299274 -39.956079 141649695091.000000
0.765137 -1.218018 -0.089355 25.620692 156.713231 -42.152138 141649696896.000000
0.719971 -1.215576 -0.098145 25.864698 153.968157 -44.226194 141649698695.000000
0.674072 -1.209229 -0.098145 25.376685 150.796071 -45.751235 141649700495.000000
0.636475 -1.197998 -0.113037 24.644665 147.318978 -47.337278 141649702295.000000
0.600830 -1.190674 -0.118408 23.851644 143.963887 -48.984323 141649704094.000000
0.587402 -1.190674 -0.114014 23.546636 139.815775 -51.119380 141649705892.000000
0.562744 -1.179688 -0.118164 23.241628 136.033673 -52.400415 141649707689.000000
0.535645 -1.172363 -0.117920 22.875618 132.007564 -53.925456 141649709487.000000
0.510742 -1.175293 -0.119385 22.448606 127.615446 -55.877509 141649711285.000000
0.500732 -1.165283 -0.118164 21.472580 123.162325 -57.890563 141649713084.000000
0.497070 -1.165283 -0.114990 20.862563 118.160190 -59.720612 141649714882.000000
0.493164 -1.164795 -0.116699 19.764534 113.646068 -61.672665 141649716702.000000
0.491455 -1.168213 -0.115479 19.520527 108.521930 -63.929726 141649718501.000000
0.496826 -1.173584 -0.114014 19.154517 103.763802 -65.637772 141649720299.000000
0.505371 -1.177490 -0.110352 18.483499 98.883670 -67.589825 141649722096.000000
0.506836 -1.179199 -0.111572 17.751479 94.552553 -69.785884 141649723893.000000
0.515625 -1.187012 -0.100586 16.958458 90.099433 -71.493930 141649725690.000000
0.530273 -1.198730 -0.089600 16.165436 86.561337 -73.445983 141649727489.000000
0.540771 -1.207275 -0.079834 15.372415 83.145245 -75.093028 141649729288.000000
0.556641 -1.221924 -0.068359 14.945404 80.217166 -76.618069 141649731085.000000
0.562988 -1.226074 -0.061768 14.762399 77.228085 -78.387116 141649732881.000000
0.582031 -1.239502 -0.060059 14.274385 75.093028 -79.851156 141649734679.000000
0.590820 -1.246094 -0.055420 13.603367 72.896968 -81.376197 141649736477.000000
0.609619 -1.253174 -0.039551 13.176356 71.188922 -82.901238 141649738276.000000
0.626221 -1.256348 -0.037842 12.627341 69.663881 -84.060270 141649740075.000000
0.632813 -1.263184 -0.029785 12.200329 68.626853 -85.585311 141649741873.000000
0.645020 -1.270020 -0.019775 12.139328 67.894833 -86.439334 141649743671.000000
0.661377 -1.273682 -0.008057 11.834320 67.589825 -87.659367 141649745468.000000
0.673096 -1.273438 0.001953 11.895321 67.406820 -88.757396 141649747273.000000
0.691406 -1.273682 -0.000732 11.163301 67.406820 -89.611420 141649749075.000000
0.700928 -1.271973 0.003906 10.858293 67.772830 -90.526444 141649750876.000000
0.711914 -1.273438 0.015137 11.224303 68.199841 -91.624474 141649752678.000000
0.726074 -1.274170 0.018555 10.919295 69.480876 -92.600500 141649754479.000000
0.735107 -1.274658 0.018066 10.492283 70.944916 -93.454523 141649756280.000000
0.745117 -1.279785 0.033203 10.248277 72.225950 -94.430550 141649758088.000000
0.745361 -1.280273 0.037354 10.614287 73.750991 -95.345574 141649759891.000000
0.748779 -1.279297 0.041504 10.614287 75.642042 -96.443604 141649761693.000000
0.743652 -1.285645 0.050537 10.614287 77.594095 -97.480632 141649763496.000000
0.732178 -1.289307 0.049072 10.797292 79.729153 -98.517660 141649765297.000000
0.723145 -1.293457 0.052734 10.980296 81.620204 -99.676691 141649767103.000000
0.718018 -1.294434 0.050293 10.919295 83.450253 -100.469713 141649768903.000000
0.698242 -1.300781 0.041260 10.919295 84.975294 -101.201732 141649770705.000000
0.674072 -1.311523 0.030029 11.163301 86.561337 -102.238760 141649772506.000000
0.655273 -1.315186 0.014893 11.529311 87.537364 -103.275788 141649774308.000000
0.627441 -1.316650 -0.011475 11.712316 88.269383 -104.068810 141649776109.000000
0.617188 -1.318848 -0.018799 11.590313 88.818398 -104.800830 141649777913.000000
0.592529 -1.325928 -0.032471 11.590313 88.635393 -105.837858 141649779715.000000
0.561768 -1.339355 -0.036865 11.590313 88.574392 -106.935887 141649781517.000000
0.529541 -1.351563 -0.034912 12.017324 88.208382 -107.606905 141649783318.000000
0.506592 -1.364746 -0.028076 12.444336 87.415360 -108.155920 141649785120.000000
0.487549 -1.377686 -0.025146 12.993351 86.500336 -108.887940 141649786925.000000
0.478027 -1.378906 -0.026123 13.725371 86.012322 -109.009943 141649788725.000000
0.465088 -1.388184 -0.026367 14.030379 84.853291 -109.497956 141649790530.000000
0.456787 -1.397949 -0.021729 14.152382 83.511255 -109.680961 141649792331.000000
0.445557 -1.397949 -0.003662 14.945404 82.718233 -109.863966 141649794133.000000
0.449463 -1.405762 0.016846 15.982432 82.291222 -110.290978 141649795935.000000
0.447266 -1.409180 0.019531 17.080461 81.986214 -110.046971 141649797745.000000
0.455322 -1.409912 0.034180 18.300494 81.620204 -110.229976 141649799548.000000
0.464844 -1.403564 0.039063 18.788507 81.925212 -110.229976 141649801354.000000
0.478516 -1.391113 0.035400 19.154517 82.291222 -109.985970 141649803155.000000
0.501221 -1.385254 0.039551 19.886537 82.718233 -110.046971 141649804953.000000
0.514893 -1.379150 0.040527 20.435552 83.633258 -110.107973 141649806752.000000
0.535889 -1.366943 0.042480 20.435552 84.670286 -109.741963 141649808551.000000
0.556885 -1.362305 0.035156 21.289575 85.524309 -109.619960 141649810351.000000
0.568359 -1.356934 0.050537 22.021595 87.232355 -109.924968 141649812149.000000
0.577637 -1.356201 0.067627 23.058623 88.940401 -109.924968 141649813949.000000
0.579346 -1.356689 0.073975 24.034649 90.587446 -110.290978 141649815748.000000
0.589111 -1.358154 0.076904 24.888672 92.295492 -110.107973 141649818143.000000
0.583008 -1.362305 0.099854 26.352712 94.369548 -110.717989 141649819965.000000
0.579834 -1.365967 0.107910 27.206735 95.772586 -110.961996 141649821765.000000
0.577393 -1.372314 0.114990 28.365766 96.504606 -110.900994 141649823569.000000
0.565430 -1.377686 0.126953 29.707802 97.602635 -111.450009 141649825368.000000
0.557861 -1.376221 0.139648 31.293845 98.151650 -111.633014 141649827166.000000
0.545898 -1.380371 0.143066 32.513878 98.456658 -111.999024 141649828964.000000
0.535400 -1.380371 0.142334 33.977917 98.517660 -112.365034 141649830761.000000
0.517334 -1.378174 0.156982 35.441957 98.944672 -112.426036 141649832559.000000
0.501953 -1.375000 0.150879 37.028000 98.456658 -112.975050 141649834357.000000
0.483398 -1.373291 0.151611 37.943024 97.846642 -113.036052 141649836157.000000
0.468018 -1.373291 0.150146 39.346062 97.602635 -113.280059 141649837955.000000
0.456055 -1.374023 0.144775 40.688099 97.053620 -113.646068 141649839754.000000
0.433350 -1.378662 0.146729 42.030135 96.077594 -113.524065 141649841552.000000
0.411377 -1.383789 0.145508 43.311169 95.345574 -113.707070 141649843349.000000
0.394043 -1.385010 0.142822 44.653206 94.491551 -113.707070 141649845146.000000
0.383789 -1.403076 0.134521 45.873239 93.088513 -113.341060 141649846947.000000
0.375977 -1.405762 0.130859 46.910267 91.990484 -112.914049 141649848750.000000
0.358643 -1.409912 0.127197 48.191301 90.526444 -112.731044 141649850551.000000
0.348877 -1.417480 0.120361 50.021351 89.001403 -112.487037 141649852354.000000
0.342285 -1.421143 0.114746 51.058379 88.086378 -112.060026 141649854156.000000
0.333740 -1.424072 0.102051 52.278412 87.171354 -111.694016 141649855958.000000
0.329346 -1.421875 0.100830 53.437443 86.134326 -111.633014 141649857761.000000
0.323975 -1.424072 0.105469 54.840481 85.402306 -111.328006 141649859563.000000
0.309814 -1.421875 0.100342 55.755505 85.097298 -110.717989 141649861365.000000
0.301025 -1.417236 0.094727 57.036540 85.097298 -110.168975 141649863168.000000
0.288330 -1.413330 0.100830 58.500580 84.609284 -109.497956 141649864970.000000
0.285400 -1.409912 0.094482 59.476606 84.182273 -108.948942 141649866777.000000
0.282715 -1.409912 0.088379 60.574636 84.243275 -108.155920 141649868577.000000
0.270264 -1.404541 0.081055 61.489660 83.938266 -107.118892 141649870379.000000
0.262695 -1.405273 0.083252 63.197706 83.511255 -106.813884 141649872180.000000
0.257813 -1.408691 0.084229 64.173733 83.023242 -105.959861 141649873983.000000
0.256592 -1.409668 0.082764 65.027756 82.657232 -105.044836 141649875792.000000
0.257568 -1.413574 0.080811 66.308790 82.474227 -104.495821 141649877600.000000
0.246582 -1.410645 0.076904 67.589825 82.230220 -104.129812 141649879406.000000
0.243408 -1.407471 0.072998 68.748856 81.742207 -103.153785 141649881216.000000
0.236816 -1.403320 0.063965 69.724883 81.559202 -102.482767 141649883017.000000
0.234863 -1.402100 0.059814 71.188922 81.010187 -101.994754 141649884819.000000
0.230225 -1.395264 0.052246 71.981944 80.339169 -101.384737 141649886621.000000
0.224365 -1.391602 0.051025 73.018972 79.790154 -101.018728 141649888447.000000
0.214844 -1.388916 0.030762 74.300006 79.302141 -100.713719 141649890245.000000
0.203613 -1.381836 0.023682 75.642042 78.570121 -100.652718 141649892042.000000
0.184814 -1.377441 0.026367 76.252059 78.082108 -99.981700 141649893840.000000
0.177979 -1.374756 0.020020 77.350088 77.350088 -99.432685 141649895638.000000
0.154053 -1.372070 0.013916 77.716098 76.069054 -98.883670 141649897440.000000
0.137451 -1.370361 0.021240 79.180138 75.520039 -98.334655 141649899245.000000
0.127930 -1.371338 0.018311 80.522174 74.300006 -97.358629 141649901046.000000
0.114502 -1.369629 0.012207 81.620204 73.506985 -96.443604 141649902849.000000
0.106689 -1.366211 0.011963 83.206247 72.408955 -95.528579 141649904647.000000
0.100342 -1.361328 -0.000732 84.365278 71.981944 -94.857561 141649906445.000000
0.094727 -1.350830 -0.040771 85.158299 71.127920 -93.881535 141649908244.000000
0.100098 -1.335205 -0.074463 85.219301 70.822912 -93.637528 141649910194.000000
0.099854 -1.321533 -0.100830 85.219301 69.846886 -92.722504 141649913105.000000
0.097168 -1.298096 -0.126465 85.951321 68.565851 -92.173489 141649916015.000000
0.085205 -1.276855 -0.159668 86.134326 66.918807 -91.746477 141649918924.000000
0.061523 -1.260254 -0.184814 86.256329 65.149759 -91.197462 141649921842.000000
0.047119 -1.254395 -0.191650 86.012322 62.404685 -90.709449 141649924756.000000
0.018799 -1.251221 -0.194580 86.317331 59.720612 -90.221436 141649927668.000000
-0.009277 -1.249512 -0.186768 86.500336 57.524553 -89.855426 141649930580.000000
-0.033447 -1.243652 -0.189941 85.890319 54.779479 -88.757396 141649933486.000000
-0.041748 -1.239014 -0.196533 85.219301 52.461416 -88.269383 141649936394.000000
-0.056641 -1.226074 -0.179688 85.585311 49.899347 -87.903373 141649939303.000000
-0.061279 -1.207031 -0.184570 84.792289 48.069298 -87.171354 141649942212.000000
-0.072266 -1.182617 -0.184326 83.938266 46.361252 -86.805344 141649945119.000000
-0.086426 -1.149902 -0.184326 82.657232 44.226194 -85.829317 141649948033.000000
-0.090332 -1.122559 -0.195068 81.620204 42.762155 -85.036296 141649950948.000000
-0.093750 -1.107178 -0.207764 80.278168 41.237113 -84.365278 141649953866.000000
-0.088623 -1.087402 -0.222656 78.814128 39.529067 -83.633258 141649956800.000000
-0.092041 -1.077881 -0.231445 77.533093 37.760020 -83.023242 141649959722.000000
-0.087158 -1.063232 -0.229004 76.130056 36.844995 -82.047215 141649962645.000000
-0.093750 -1.042480 -0.235352 74.300006 36.295980 -81.071189 141649965560.000000
-0.105713 -1.031982 -0.242432 72.408955 35.868968 -80.461172 141649968487.000000
-0.107910 -1.015381 -0.260254 70.761911 34.953944 -79.180138 141649971404.000000
-0.108154 -0.996338 -0.250732 69.419874 34.465931 -78.814128 141649974318.000000
-0.106689 -0.979980 -0.271729 67.528823 33.977917 -77.838102 141649977243.000000
-0.129395 -0.958252 -0.266113 66.003782 33.611908 -77.045080 141649980162.000000
-0.146973 -0.927979 -0.275146 63.746721 33.245898 -76.374062 141649983077.000000
-0.157227 -0.906006 -0.269775 62.160678 32.269871 -75.093028 141649985992.000000
-0.172363 -0.888184 -0.279785 59.964619 31.171842 -74.483011 141649988918.000000
-0.191162 -0.872314 -0.271729 57.951565 30.195815 -73.628988 141649991834.000000
-0.205566 -0.859863 -0.264404 56.426524 28.548771 -72.347953 141649994749.000000
-0.213867 -0.854736 -0.264404 55.633502 26.840725 -71.005917 141649997671.000000
-0.211426 -0.843506 -0.268799 54.474471 25.498688 -69.480876 141650000592.000000
-0.202393 -0.827881 -0.278076 52.644421 25.010675 -68.321845 141650003506.000000
-0.200439 -0.811035 -0.270508 51.424388 24.766669 -66.735802 141650006416.000000
-0.197021 -0.794678 -0.277588 49.716342 25.437687 -65.332764 141650009359.000000
-0.197754 -0.782227 -0.274658 48.801318 25.925700 -63.441713 141650012271.000000
-0.198730 -0.771973 -0.268555 47.520283 26.352712 -61.428659 141650015179.000000
-0.190186 -0.749268 -0.279785 45.812237 26.962728 -59.171598 141650018109.000000
-0.192383 -0.726807 -0.279053 44.104191 28.121759 -57.646556 141650021020.000000
-0.192871 -0.709717 -0.277588 42.640151 29.280791 -54.596474 141650023935.000000
-0.188721 -0.699219 -0.263916 42.091136 30.622827 -52.888428 141650026850.000000
-0.181641 -0.695557 -0.262451 40.871104 31.903861 -50.936375 141650029760.000000
-0.181396 -0.686279 -0.267090 40.444092 33.428903 -49.106326 141650032670.000000
-0.185303 -0.670898 -0.265381 38.858049 33.916916 -47.520283 141650035579.000000
-0.182129 -0.646484 -0.264648 37.455011 34.526932 -45.385225 141650038487.000000
-0.187500 -0.628662 -0.268311 35.685964 35.014945 -43.799183 141650041398.000000
-0.186768 -0.616699 -0.254395 34.465931 35.380955 -42.274141 141650044308.000000
-0.190674 -0.606445 -0.253662 33.245898 35.685964 -40.566095 141650047222.000000
-0.191895 -0.600342 -0.247314 31.964863 35.319954 -39.529067 141650050140.000000
-0.189453 -0.592529 -0.239258 30.988837 35.136949 -37.882023 141650053057.000000
-0.194092 -0.586426 -0.231689 29.829805 34.831940 -36.539987 141650055974.000000
-0.198242 -0.583252 -0.229004 28.792777 34.892942 -35.197950 141650058901.000000
-0.205811 -0.575195 -0.222656 27.633746 34.770939 -33.916916 141650061816.000000
-0.203613 -0.575684 -0.210938 26.718721 34.404929 -32.635881 141650064732.000000
-0.208740 -0.568115 -0.195801 25.681693 33.977917 -31.049838 141650067658.000000
-0.210693 -0.568115 -0.204834 24.766669 32.696883 -29.463796 141650070578.000000
-0.213623 -0.566895 -0.188965 23.790642 31.903861 -27.999756 141650073495.000000
-0.216064 -0.565186 -0.200439 22.204600 31.049838 -26.352712 141650076411.000000
-0.223877 -0.570068 -0.189941 21.655585 29.951809 -25.010675 141650079337.000000
-0.215820 -0.569336 -0.193359 20.557555 28.975782 -23.424632 141650082266.000000
-0.210205 -0.564941 -0.184570 20.008540 28.060758 -21.716586 141650085181.000000
-0.203857 -0.552002 -0.184326 18.788507 27.755749 -20.130544 141650088109.000000
-0.185303 -0.532959 -0.194580 16.043433 27.084731 -15.738425 141650095747.000000
-0.183350 -0.527344 -0.193604 15.189410 27.328738 -13.969377 141650098901.000000
-0.177246 -0.523193 -0.191650 14.091380 27.938754 -12.322333 141650101996.000000
-0.183838 -0.519775 -0.187012 13.054352 28.182761 -10.797292 141650104938.000000
-0.181641 -0.524902 -0.186523 12.200329 28.304764 -9.333252 141650107981.000000
-0.190674 -0.522217 -0.195801 10.980296 28.121759 -7.503203 141650111042.000000
-0.204346 -0.510986 -0.203857 10.065272 27.572744 -5.795156 141650113968.000000
-0.213623 -0.502441 -0.205322 8.784237 26.596718 -4.453120 141650116891.000000
-0.222656 -0.504639 -0.206543 7.015189 25.437687 -3.355091 141650119813.000000
-0.236816 -0.510742 -0.213135 6.100165 23.973647 -1.586043 141650122725.000000
-0.245605 -0.515381 -0.214355 5.185140 21.960593 -0.305008 141650125632.000000
-0.247803 -0.520752 -0.219727 3.904105 19.459525 1.647044 141650128544.000000
-0.242920 -0.521484 -0.223633 2.989081 18.056488 2.562069 141650131476.000000
-0.242188 -0.522705 -0.219238 2.257061 16.165436 4.331117 141650134391.000000
-0.232178 -0.522705 -0.225830 1.586043 14.884402 5.673153 141650137319.000000
-0.220947 -0.525635 -0.221191 0.732020 13.298359 7.015189 141650140235.000000
-0.210449 -0.527832 -0.227539 -0.427012 11.834320 8.845239 141650143143.000000
-0.202881 -0.523193 -0.228760 -1.891051 11.224303 10.309278 141650146059.000000
-0.193848 -0.524658 -0.226318 -2.989081 10.309278 11.712316 141650148971.000000
-0.185059 -0.524414 -0.224854 -3.965107 9.760264 13.237357 141650151889.000000
-0.171875 -0.522217 -0.212891 -4.697127 9.455255 14.213384 141650154804.000000
-0.165527 -0.528076 -0.208496 -5.124138 9.150247 15.799427 141650157714.000000
-0.162842 -0.525146 -0.197998 -6.161166 8.662234 17.202464 141650160625.000000
-0.164063 -0.520508 -0.194092 -7.320198 8.113219 18.666504 141650163534.000000
-0.160889 -0.523682 -0.191895 -8.540231 7.625206 20.191545 141650166458.000000
-0.155518 -0.525635 -0.186523 -10.065272 6.588178 21.289575 141650169372.000000
-0.145508 -0.524170 -0.177490 -11.102300 6.039163 22.631611 141650172284.000000
-0.137451 -0.523926 -0.171387 -12.444336 5.368145 23.851644 141650175194.000000
-0.126221 -0.527100 -0.168457 -13.847374 5.307143 24.827670 141650178144.000000
-0.115967 -0.527588 -0.164307 -14.945404 4.819130 25.742695 141650181065.000000
-0.109863 -0.530029 -0.157471 -16.226438 4.636125 26.169707 141650183983.000000
-0.101318 -0.535889 -0.145996 -17.141463 4.697127 27.084731 141650186917.000000
-0.102539 -0.540039 -0.145508 -18.483499 4.880132 27.633746 141650189834.000000
-0.101074 -0.548584 -0.137451 -19.764534 5.490148 28.243763 141650192749.000000
-0.107666 -0.548584 -0.136963 -21.045568 5.673153 29.280791 141650195673.000000
-0.112793 -0.561523 -0.139893 -22.692613 7.137193 30.134814 141650198589.000000
-0.126221 -0.565674 -0.140381 -24.461660 7.686208 31.354847 141650201510.000000
-0.138184 -0.574463 -0.142578 -25.742695 7.991216 32.635881 141650204430.000000
-0.151123 -0.581299 -0.143555 -27.572744 8.601232 33.611908 141650207359.000000
-0.163330 -0.592773 -0.144043 -28.975782 8.113219 34.892942 141650210380.000000
-0.181396 -0.604248 -0.141113 -30.622827 7.259196 36.173977 141650212809.000000
-0.197266 -0.618408 -0.134277 -30.805832 6.527176 37.028000 141650214610.000000
-0.204590 -0.629639 -0.143311 -31.842860 5.368145 37.943024 141650216413.000000
-0.203125 -0.634766 -0.140137 -33.001891 4.575124 38.492039 141650218215.000000
-0.200439 -0.645996 -0.139893 -33.733911 3.294089 39.712072 141650220014.000000
-0.195801 -0.663818 -0.139160 -34.343927 2.440066 40.444092 141650221813.000000
-0.186035 -0.679688 -0.136475 -34.770939 1.220033 41.237113 141650223623.000000
-0.170898 -0.688965 -0.128906 -35.319954 0.915025 41.908132 141650225426.000000
-0.166016 -0.696777 -0.127930 -35.563960 0.549015 42.823156 141650227238.000000
-0.155518 -0.709229 -0.119629 -36.234978 0.183005 44.043189 141650229038.000000
-0.142822 -0.722656 -0.112793 -36.295980 0.000000 44.531202 141650230844.000000
-0.125977 -0.728516 -0.102539 -36.417983 0.305008 45.629232 141650232643.000000
-0.111328 -0.738770 -0.099609 -37.028000 0.549015 46.239248 141650234446.000000
-0.103271 -0.742432 -0.095215 -37.150003 1.525041 47.154273 141650236245.000000
-0.097412 -0.746094 -0.081299 -37.455011 2.440066 48.496309 141650238044.000000
-0.088623 -0.751709 -0.090576 -37.760020 3.660099 49.411334 141650239882.000000
-0.085938 -0.749756 -0.082764 -38.187031 5.002135 50.753370 141650242315.000000
-0.082031 -0.753418 -0.076416 -38.492039 6.222168 51.851400 141650244336.000000
-0.086426 -0.751709 -0.079346 -38.858049 8.113219 52.583420 141650246199.000000
-0.087646 -0.753174 -0.083252 -39.102056 9.028244 53.681449 141650248012.000000
-0.098389 -0.758057 -0.090576 -39.895077 9.821265 54.657476 141650249813.000000
-0.108398 -0.760254 -0.091309 -40.383090 10.370280 55.572500 141650251614.000000
-0.118896 -0.765625 -0.094238 -40.810102 10.675288 56.304520 141650253416.000000
-0.125977 -0.769531 -0.092529 -41.054108 10.675288 57.280547 141650255214.000000
-0.140381 -0.768555 -0.098877 -41.542122 10.492283 57.768560 141650257017.000000
-0.149170 -0.773926 -0.100830 -42.213140 9.943268 58.500580 141650258816.000000
-0.162109 -0.778320 -0.117432 -42.579150 9.211249 59.354603 141650260614.000000
-0.173096 -0.786133 -0.110596 -42.884158 8.113219 59.720612 141650262411.000000
-0.179443 -0.788574 -0.110840 -43.433173 6.771183 60.147624 141650264208.000000
-0.189941 -0.791748 -0.119385 -44.043189 5.673153 60.757640 141650266008.000000
-0.209717 -0.799561 -0.122314 -44.592204 4.575124 61.245654 141650267806.000000
-0.225098 -0.805908 -0.112061 -45.263222 3.660099 61.550662 141650269604.000000
-0.244141 -0.808594 -0.116211 -45.568230 2.135058 62.526688 141650271401.000000
-0.248047 -0.810059 -0.122314 -46.666260 0.122003 63.075703 141650273206.000000
-0.255127 -0.817627 -0.125732 -47.398280 -1.464040 63.746721 141650275003.000000
-0.264893 -0.828125 -0.140381 -47.642286 -3.050082 64.295736 141650276801.000000
-0.274170 -0.838379 -0.133057 -48.069298 -4.636125 64.844751 141650278601.000000
-0.288086 -0.844482 -0.139404 -48.923321 -6.039163 65.698774 141650280400.000000
-0.292480 -0.848633 -0.144287 -49.655341 -7.747209 66.613799 141650282198.000000
-0.304443 -0.853271 -0.136719 -50.692369 -10.187275 67.406820 141650284000.000000
-0.307861 -0.864502 -0.145508 -51.912402 -12.505338 68.138840 141650285798.000000
-0.311279 -0.871826 -0.147705 -53.071433 -15.128408 68.931861 141650287596.000000
-0.315186 -0.886230 -0.139648 -53.437443 -17.568474 69.602879 141650289398.000000
-0.314209 -0.894043 -0.136963 -53.742451 -19.520527 70.212896 141650291196.000000
-0.313477 -0.898926 -0.141602 -54.657476 -21.899591 70.700909 141650292995.000000
-0.322021 -0.912842 -0.135010 -55.999512 -24.278656 71.432929 141650294792.000000
-0.322021 -0.915527 -0.140625 -56.731532 -26.901726 72.469957 141650296592.000000
-0.324219 -0.925049 -0.136963 -57.036540 -28.914781 72.591960 141650298432.000000
-0.328857 -0.934570 -0.127441 -57.341548 -30.988837 73.018972 141650300237.000000
-0.328125 -0.939453 -0.132813 -57.829561 -32.940889 73.628988 141650302039.000000
-0.336182 -0.936523 -0.143799 -58.195571 -35.624962 74.727018 141650303842.000000
-0.341797 -0.943848 -0.140869 -59.171598 -37.943024 75.154029 141650305641.000000
-0.352295 -0.949951 -0.148926 -60.574636 -40.261087 75.886049 141650307447.000000
-0.358154 -0.956543 -0.159668 -61.672665 -42.579150 76.679070 141650309245.000000
-0.365234 -0.960449 -0.154297 -62.343683 -45.080217 77.350088 141650311050.000000
-0.373291 -0.972900 -0.157715 -62.831696 -48.008296 78.021107 141650312850.000000
-0.378418 -0.982910 -0.170654 -63.807723 -50.387360 79.058135 141650314648.000000
-0.385986 -0.991211 -0.176025 -65.332764 -53.437443 79.912158 141650316445.000000
-0.390869 -1.006592 -0.177734 -66.186787 -56.121515 80.583176 141650318244.000000
-0.394043 -1.010254 -0.185791 -66.857805 -59.232599 81.864210 141650320043.000000
-0.402100 -1.024902 -0.186768 -67.711828 -62.465687 82.291222 141650321844.000000
-0.405762 -1.038818 -0.183105 -67.772830 -65.332764 82.779235 141650323642.000000
-0.408447 -1.047363 -0.190918 -68.504850 -68.870860 83.694260 141650325438.000000
-0.413330 -1.057129 -0.191895 -69.297871 -71.737937 84.243275 141650327237.000000
-0.416992 -1.062500 -0.195801 -70.090892 -74.971024 84.792289 141650329035.000000
-0.418457 -1.070801 -0.198730 -71.005917 -78.875130 85.402306 141650330837.000000
-0.422119 -1.078613 -0.198242 -71.798939 -81.681205 86.439334 141650332634.000000
-0.427979 -1.083740 -0.205322 -71.798939 -85.097298 86.683340 141650334431.000000
-0.436523 -1.098145 -0.206787 -71.920942 -88.147380 87.232355 141650336229.000000
-0.438721 -1.102051 -0.208008 -72.652962 -91.319466 88.086378 141650338028.000000
-0.448242 -1.112549 -0.213623 -73.506985 -94.613555 88.696395 141650339827.000000
-0.453857 -1.121582 -0.217773 -74.178003 -97.541634 89.611420 141650341628.000000
-0.457520 -1.132568 -0.222168 -74.788019 -100.774721 90.648448 141650343425.000000
-0.462646 -1.143066 -0.217285 -74.788019 -103.641798 91.563472 141650345230.000000
-0.464600 -1.149414 -0.218262 -75.398036 -106.752882 92.478497 141650347031.000000
-0.464600 -1.168213 -0.221680 -75.337034 -109.802965 93.271518 141650348841.000000
-0.465820 -1.180176 -0.228027 -76.191057 -112.975050 94.552553 141650350644.000000
-0.464600 -1.196289 -0.232910 -76.496065 -115.964131 95.772586 141650352450.000000
-0.460205 -1.210693 -0.236328 -76.374062 -118.465199 97.175624 141650354252.000000
-0.458496 -1.217285 -0.236816 -76.191057 -121.088269 97.907644 141650356056.000000
-0.456299 -1.235840 -0.235840 -76.191057 -123.284329 99.249680 141650357864.000000
-0.449463 -1.247070 -0.236816 -76.069054 -125.785396 100.286708 141650359665.000000
-0.444092 -1.263672 -0.224854 -76.130056 -128.286464 101.567742 141650361471.000000
-0.431641 -1.281494 -0.212891 -75.947051 -131.031538 102.909779 141650363275.000000
-0.424561 -1.290039 -0.207520 -75.398036 -133.654609 104.129812 141650365077.000000
-0.396973 -1.305908 -0.192871 -75.337034 -136.277679 105.532849 141650366882.000000
-0.371094 -1.314453 -0.182373 -74.666016 -138.534740 106.813884 141650368687.000000
-0.337891 -1.329102 -0.173340 -74.239004 -139.998780 108.460928 141650370493.000000
-0.304443 -1.337402 -0.167969 -74.178003 -140.791801 110.473983 141650372294.000000
-0.284668 -1.343018 -0.160400 -73.262978 -141.767828 111.816019 141650374096.000000
-0.238281 -1.348877 -0.138916 -72.286952 -141.767828 113.341060 141650375898.000000
-0.190430 -1.356445 -0.125488 -71.188922 -141.218813 114.927103 141650377707.000000
-0.147705 -1.369873 -0.114014 -70.456902 -139.815775 116.147136 141650379508.000000
-0.105469 -1.378418 -0.099854 -69.907888 -137.802721 117.367169 141650381310.000000
-0.053467 -1.378906 -0.079590 -68.443848 -135.972671 118.770207 141650383113.000000
-0.031982 -1.382568 -0.072510 -66.491795 -133.654609 120.600256 141650384915.000000
0.010498 -1.388428 -0.061523 -64.844751 -131.885561 122.125297 141650386721.000000
0.047119 -1.404541 -0.047119 -63.563716 -128.957482 123.040322 141650388516.000000
0.055908 -1.413574 -0.052002 -62.526688 -125.297383 124.077350 141650390314.000000
0.061523 -1.425537 -0.024902 -61.367657 -121.088269 125.053376 141650392113.000000
0.059814 -1.428223 -0.011475 -59.659611 -117.123162 125.968401 141650393911.000000
0.054199 -1.438477 -0.001465 -58.439578 -113.341060 127.554444 141650395709.000000
0.053955 -1.443604 -0.019287 -57.768560 -110.290978 128.774477 141650397509.000000
0.054199 -1.452637 -0.024414 -57.158543 -108.521930 130.604526 141650399310.000000
0.053955 -1.473389 -0.032715 -56.914537 -106.508876 132.007564 141650401112.000000
0.048096 -1.481445 -0.032227 -56.304520 -104.861831 132.495577 141650402917.000000
0.018799 -1.498047 -0.033936 -55.694504 -103.336790 133.532605 141650404716.000000
-0.014648 -1.509033 -0.029053 -54.474471 -102.055756 134.142622 141650406514.000000
-0.054199 -1.519043 -0.035156 -53.376441 -101.872751 134.081620 141650408319.000000
-0.095215 -1.530762 -0.056641 -53.010431 -102.543769 134.752638 141650410121.000000
-0.114502 -1.533447 -0.068604 -52.217410 -103.702800 135.301653 141650411919.000000
-0.151855 -1.539307 -0.075684 -51.607393 -106.020863 135.545660 141650413721.000000
-0.181152 -1.541504 -0.087158 -50.692369 -108.338925 135.789666 141650415519.000000
-0.215332 -1.546875 -0.110840 -50.021351 -110.778991 135.667663 141650417325.000000
-0.237549 -1.547852 -0.132080 -49.289331 -114.256085 136.399683 141650419123.000000
-0.247070 -1.549561 -0.144043 -48.923321 -117.794180 136.582688 141650420923.000000
-0.263916 -1.545654 -0.154053 -48.557311 -121.515281 136.521686 141650422720.000000
-0.268555 -1.550537 -0.181641 -48.496309 -124.687367 137.192704 141650424518.000000
-0.270508 -1.552734 -0.181396 -47.337278 -128.286464 137.436711 141650426319.000000
-0.260986 -1.556396 -0.188721 -46.178247 -131.153541 137.558714 141650428120.000000
-0.253906 -1.559082 -0.189697 -45.385225 -133.776612 138.290734 141650429919.000000
-0.237549 -1.568848 -0.195313 -45.080217 -135.911670 138.534740 141650431717.000000
-0.210205 -1.571289 -0.192871 -44.470201 -137.497712 139.632770 141650433517.000000
-0.184814 -1.579346 -0.186768 -43.433173 -138.656744 140.730800 141650435314.000000
-0.153564 -1.588623 -0.175537 -42.335143 -138.107729 141.950833 141650437113.000000
-0.136963 -1.590576 -0.165527 -40.932105 -137.619716 143.963887 141650438911.000000
-0.102051 -1.594727 -0.143799 -39.651071 -136.399683 145.427927 141650440709.000000
-0.068115 -1.604736 -0.136719 -38.919051 -135.057647 147.196974 141650442507.000000
-0.023682 -1.610352 -0.123047 -37.760020 -132.739584 149.637040 141650444305.000000
0.028320 -1.621826 -0.105713 -37.150003 -130.055511 151.040078 141650446106.000000
0.054199 -1.627197 -0.101807 -35.990972 -127.066431 153.358141 141650447908.000000
0.112061 -1.630615 -0.063477 -33.733911 -124.138352 155.676203 141650449711.000000
0.185791 -1.636963 -0.037842 -31.842860 -120.905264 158.299274 141650451512.000000
0.264648 -1.645020 -0.024902 -30.500824 -117.855182 160.068322 141650453314.000000
0.332031 -1.660156 0.000977 -28.548771 -114.073080 161.715366 141650455115.000000
0.364502 -1.657959 0.015625 -25.986702 -109.497956 163.850424 141650456924.000000
0.434570 -1.654785 0.026123 -25.071677 -104.007808 166.656500 141650458727.000000
0.491211 -1.653809 0.034912 -24.583664 -97.480632 167.998536 141650460529.000000
0.558350 -1.663574 0.079834 -22.570609 -92.051485 169.401574 141650462331.000000
0.616943 -1.659912 0.098633 -19.886537 -86.439334 170.621607 141650464133.000000
0.651611 -1.651855 0.092041 -17.934484 -81.193192 171.353627 141650465935.000000
0.708252 -1.641846 0.100098 -15.921430 -75.581041 171.780638 141650467743.000000
0.762451 -1.631592 0.119141 -13.847374 -70.639907 171.963643 141650469545.000000
0.808838 -1.614502 0.116699 -13.359361 -66.491795 172.390655 141650471349.000000
0.836914 -1.597656 0.103516 -12.444336 -62.404685 172.268651 141650473152.000000
0.849854 -1.587158 0.114014 -10.797292 -59.171598 171.536631 141650474955.000000
0.871094 -1.579346 0.140625 -8.052217 -56.121515 170.560605 141650476760.000000
0.892578 -1.565430 0.142090 -6.588178 -53.620448 169.340572 141650478561.000000
0.897705 -1.550049 0.131348 -5.002135 -51.912402 167.998536 141650480363.000000
0.904541 -1.539063 0.134521 -3.660099 -51.180382 166.839505 141650482164.000000
0.901855 -1.523193 0.126953 -2.318063 -51.424388 164.460440 141650483966.000000
0.901123 -1.519287 0.124756 -1.220033 -52.461416 162.569389 141650485769.000000
0.894287 -1.508545 0.122314 -0.305008 -53.864454 160.495333 141650487576.000000
0.882568 -1.492920 0.124268 1.220033 -56.426524 158.055267 141650489377.000000
0.861816 -1.482666 0.105957 1.769048 -59.110596 155.859208 141650491179.000000
0.844971 -1.468262 0.102295 2.135058 -63.441713 153.480144 141650492980.000000
0.840576 -1.459961 0.095215 2.928079 -67.589825 151.345086 141650494781.000000
0.829834 -1.440186 0.074707 3.172086 -72.103947 148.722015 141650496583.000000
0.825684 -1.424316 0.064941 3.660099 -77.106082 146.037943 141650498384.000000
0.828613 -1.402832 0.044922 3.721100 -82.352224 143.658879 141650500192.000000
0.840820 -1.369873 0.016602 3.172086 -87.598365 140.791801 141650501992.000000
0.848145 -1.354736 0.007080 3.050082 -92.966510 137.802721 141650503794.000000
0.872314 -1.329346 -0.005859 2.867077 -98.395657 134.630635 141650505592.000000
0.894531 -1.298828 -0.020020 2.318063 -103.641798 131.458549 141650507392.000000
0.924316 -1.264160 -0.034668 2.074056 -108.338925 127.798451 141650509191.000000
0.956543 -1.227051 -0.055908 0.854023 -112.853047 124.992375 141650510990.000000
0.973877 -1.208252 -0.064453 -0.366010 -116.940157 121.698286 141650512789.000000
1.007324 -1.175537 -0.076416 -2.257061 -120.478253 118.343195 141650514587.000000
1.039551 -1.143555 -0.077393 -3.660099 -124.016348 115.537120 141650516384.000000
1.075684 -1.119385 -0.091553 -5.734155 -127.249436 112.182029 141650518183.000000
1.119141 -1.103271 -0.085449 -8.418227 -129.811505 109.192948 141650519981.000000
1.140625 -1.097168 -0.094238 -10.675288 -131.885561 106.264869 141650521782.000000
1.190186 -1.093262 -0.096924 -13.176356 -133.776612 103.092784 141650523579.000000
1.235840 -1.094971 -0.098633 -15.189410 -135.728665 99.798695 141650525376.000000
1.280029 -1.088135 -0.096436 -17.751479 -136.887696 96.016592 141650527175.000000
1.323486 -1.093506 -0.100586 -19.825535 -137.314707 92.722504 141650528973.000000
1.350098 -1.097168 -0.096436 -22.326603 -137.802721 89.062405 141650530774.000000
1.384766 -1.104248 -0.095215 -25.193680 -137.985726 85.036296 141650532572.000000
1.435303 -1.103271 -0.096191 -27.938754 -137.985726 81.559202 141650534370.000000
1.467041 -1.102783 -0.088135 -30.195815 -137.680717 77.411090 141650536169.000000
1.505859 -1.102051 -0.091553 -31.964863 -137.680717 73.384981 141650537967.000000
1.526123 -1.098877 -0.091797 -33.672909 -137.070701 69.053864 141650539765.000000
1.562012 -1.103271 -0.077637 -35.502959 -136.399683 65.027756 141650541563.000000
1.596191 -1.101563 -0.081055 -37.211005 -135.301653 61.062649 141650543361.000000
1.631104 -1.096924 -0.077148 -38.980052 -133.532605 57.158543 141650545164.000000
1.663086 -1.092529 -0.074463 -40.139084 -131.031538 52.766425 141650546964.000000
1.679443 -1.093262 -0.067139 -41.054108 -127.798451 48.984323 141650548769.000000
1.712891 -1.092529 -0.069336 -41.603123 -124.382358 45.385225 141650550572.000000
1.743408 -1.093506 -0.065430 -42.213140 -119.319222 41.603123 141650552374.000000
1.769043 -1.096191 -0.069580 -42.152138 -113.768072 38.553041 141650554176.000000
1.789795 -1.095947 -0.065186 -42.884158 -107.850912 35.624962 141650555981.000000
1.796143 -1.093262 -0.071533 -43.494174 -100.530714 32.696883 141650557784.000000
1.802979 -1.088623 -0.081543 -44.165192 -92.722504 30.500824 141650559587.000000
1.804688 -1.083496 -0.085938 -44.226194 -83.999268 28.365766 141650561389.000000
1.802979 -1.079590 -0.086914 -45.141219 -75.215031 27.023730 141650563192.000000
1.786865 -1.074463 -0.083008 -45.446227 -65.942780 25.376685 141650564993.000000
1.776611 -1.071045 -0.088867 -45.385225 -56.975538 24.339657 141650566799.000000
1.748779 -1.061035 -0.083008 -45.446227 -47.337278 23.119624 141650568599.000000
1.707520 -1.050049 -0.076416 -45.141219 -38.614043 22.143598 141650570401.000000
1.657471 -1.046387 -0.075195 -45.385225 -30.012810 21.289575 141650572203.000000
1.608154 -1.038330 -0.061279 -45.629232 -22.204600 20.130544 141650574005.000000
1.583496 -1.030273 -0.066895 -45.751235 -14.030379 19.398524 141650575807.000000
1.534912 -1.013916 -0.113037 -46.178247 -5.002135 18.910511 141650577611.000000
1.454834 -0.984619 -0.180908 -46.727262 3.477094 18.666504 141650579417.000000
1.331543 -0.944580 -0.246582 -47.276276 12.993351 19.459525 141650581217.000000
1.183594 -0.889893 -0.367920 -47.947295 21.838590 20.862563 141650583019.000000
1.084717 -0.857666 -0.445801 -49.777344 30.561825 22.997621 141650584821.000000
0.849854 -0.787842 -0.566650 -53.315440 38.736046 27.755749 141650586622.000000
0.612305 -0.737305 -0.562500 -56.670530 44.409199 32.635881 141650588446.000000
0.479980 -0.754395 -0.490479 -58.927591 49.167328 35.746965 141650590248.000000
0.447754 -0.822998 -0.447266 -60.818642 49.960349 37.089001 141650592052.000000
0.544678 -0.937988 -0.218506 -60.940645 43.616178 34.953944 141650593855.000000
0.681396 -1.018311 -0.043213 -55.328494 28.731776 28.060758 141650595656.000000
1.070557 -1.172363 0.204346 -47.825291 6.771183 15.738425 141650597461.000000
1.423340 -1.281738 0.323242 -43.372171 -14.030379 1.891051 141650599260.000000
1.599854 -1.392090 0.635254 -33.062893 -38.431038 -13.542366 141650601064.000000
1.689697 -1.434326 0.773926 -19.032514 -53.376441 -29.280791 141650602949.000000
1.621338 -1.440430 0.718750 -16.714451 -52.278412 -38.431038 141650604749.000000
1.465576 -1.417969 0.661865 -14.152382 -36.966998 -43.799183 141650606548.000000
1.284424 -1.330322 0.617676 -18.910511 -12.322333 -41.176112 141650608347.000000
1.114746 -1.280518 0.536377 -24.583664 12.810346 -32.269871 141650610150.000000
1.062012 -1.385986 0.515625 -27.938754 34.221924 -22.387604 141650611947.000000
1.070557 -1.358643 0.658203 -22.875618 51.851400 -9.028244 141650613745.000000
1.076416 -1.422607 0.592041 -20.435552 72.286952 5.429147 141650615545.000000
1.029785 -1.472412 0.569824 -18.788507 93.271518 16.714451 141650617350.000000
0.925049 -1.550781 0.811768 -12.383334 115.232111 24.888672 141650619148.000000
0.718506 -1.644775 0.829346 -8.235222 137.680717 33.184896 141650620945.000000
0.628418 -1.626465 0.780029 -7.076191 157.628256 38.492039 141650622742.000000
0.449951 -1.601318 0.698730 -1.037028 171.536631 42.884158 141650624539.000000
0.324707 -1.510010 0.573242 3.965107 182.638931 44.958214 141650626337.000000
0.202881 -1.388672 0.297852 3.355091 191.118160 45.263222 141650628135.000000
0.083740 -1.236816 -0.075684 -0.549015 194.961264 45.812237 141650629934.000000
-0.009277 -1.192139 -0.202881 -6.527176 191.728177 46.117245 141650631733.000000
-0.185059 -1.092285 -0.382568 -14.823400 183.980967 45.873239 141650633530.000000
-0.402588 -1.020264 -0.635742 -26.047703 173.610687 46.483255 141650635327.000000
-0.617676 -1.007813 -0.796387 -35.197950 162.142378 46.544257 141650637126.000000
-0.836914 -1.061035 -0.823975 -40.627097 145.183920 46.361252 141650638924.000000
-0.920654 -1.098145 -0.833252 -44.348197 127.615446 44.836211 141650640723.000000
-1.047363 -1.212891 -0.875000 -46.910267 105.898859 41.725127 141650642521.000000
-1.133057 -1.344238 -0.807129 -44.531202 81.620204 37.089001 141650644319.000000
-1.158936 -1.476318 -0.650635 -38.126029 55.206491 30.073812 141650646116.000000
-1.160400 -1.575928 -0.506104 -29.585799 25.315684 19.703532 141650647919.000000
-1.138672 -1.606934 -0.455078 -21.411578 -3.965107 9.211249 141650649721.000000
-1.101074 -1.622559 -0.372314 -15.372415 -36.234978 -3.111084 141650651526.000000
-1.058350 -1.590332 -0.293457 -11.956323 -65.698774 -13.542366 141650653328.000000
-1.018311 -1.534180 -0.224854 -11.224303 -94.491551 -22.570609 141650655129.000000
-0.976563 -1.469727 -0.177246 -13.847374 -117.489172 -28.426768 141650656936.000000
-0.911621 -1.420898 -0.097168 -16.409443 -138.656744 -31.354847 141650658740.000000
-0.858887 -1.413818 -0.044922 -17.629476 -155.249192 -32.025865 141650660542.000000
-0.732422 -1.432617 0.030273 -18.544501 -167.510523 -30.561825 141650662343.000000
-0.548340 -1.473145 0.105713 -18.056488 -176.965778 -27.694748 141650664145.000000
-0.310059 -1.526855 0.187256 -14.762399 -181.845910 -25.620692 141650665948.000000
-0.024658 -1.566650 0.222900 -10.675288 -182.821936 -24.949674 141650667751.000000
0.116455 -1.567139 0.207764 -7.686208 -177.697798 -24.888672 141650669553.000000
0.375244 -1.557373 0.186523 -5.368145 -166.778503 -24.644665 141650671355.000000
0.595947 -1.524902 0.166992 -3.843104 -152.626121 -23.119624 141650673165.000000
0.787598 -1.484619 0.122070 -3.904105 -133.105594 -20.557555 141650674967.000000
0.953369 -1.424805 0.060303 -4.087110 -110.961996 -16.714451 141650676775.000000
1.013672 -1.396973 0.045898 -4.453120 -86.317331 -12.078326 141650678574.000000
1.095459 -1.338867 0.013672 -5.368145 -57.402550 -6.222168 141650680377.000000
1.119873 -1.276611 -0.038330 -7.015189 -30.683828 -0.366010 141650682179.000000
1.083008 -1.224854 -0.064697 -9.150247 -2.806076 6.100165 141650683980.000000
1.000000 -1.168945 -0.063477 -10.370280 21.045568 10.858293 141650685783.000000
0.940430 -1.141113 -0.069336 -11.346306 41.786128 15.921430 141650687586.000000
0.766357 -1.111328 -0.065430 -11.590313 56.853535 18.849509 141650689388.000000
0.586426 -1.088135 -0.094971 -12.932349 68.199841 20.984567 141650691189.000000
0.407959 -1.084473 -0.101563 -13.725371 74.300006 22.387604 141650692992.000000
0.240967 -1.083252 -0.090576 -14.457390 76.435064 22.448606 141650694794.000000
0.157715 -1.087402 -0.090820 -14.396389 74.788019 21.594583 141650696596.000000
0.007568 -1.092041 -0.081543 -14.213384 69.602879 20.435552 141650698447.000000
-0.132813 -1.100342 -0.068115 -13.969377 62.282682 19.032514 141650700249.000000
-0.245605 -1.105713 -0.085449 -13.908376 51.729397 17.446471 141650702052.000000
-0.334961 -1.115723 -0.095947 -14.457390 39.529067 14.945404 141650703852.000000
-0.346191 -1.118408 -0.097656 -14.762399 25.864698 11.529311 141650705651.000000
-0.391602 -1.107910 -0.142578 -15.616422 12.871348 9.028244 141650707449.000000
-0.468750 -1.093018 -0.123779 -14.884402 2.196059 5.490148 141650709247.000000
-0.532471 -1.083008 -0.089111 -12.749344 -8.357226 2.806076 141650711045.000000
-0.545166 -1.045166 -0.088867 -11.834320 -17.690478 0.915025 141650712844.000000
-0.531250 -1.027344 -0.091553 -11.590313 -27.084731 -0.854023 141650714642.000000
-0.474121 -0.983887 -0.086670 -10.797292 -36.112975 -2.440066 141650716443.000000
-0.406738 -0.940186 -0.118164 -11.224303 -42.518148 -3.965107 141650718244.000000
-0.340088 -0.894287 -0.145752 -12.383334 -47.764290 -4.880132 141650720042.000000
-0.282959 -0.868164 -0.134766 -12.871348 -50.997377 -5.734155 141650721840.000000
-0.252686 -0.859375 -0.129883 -13.786372 -52.217410 -6.100165 141650723638.000000
-0.199219 -0.850830 -0.125488 -14.518392 -53.437443 -6.161166 141650725435.000000
-0.141846 -0.850098 -0.134766 -15.006405 -52.644421 -5.795156 141650727233.000000
-0.092529 -0.861572 -0.120605 -15.738425 -50.509364 -5.429147 141650729032.000000
-0.054443 -0.870605 -0.109375 -15.799427 -47.703288 -4.758128 141650730830.000000
-0.026123 -0.875732 -0.104492 -16.104435 -44.104191 -4.270115 141650732627.000000
-0.010986 -0.881592 -0.113037 -16.653450 -40.261087 -3.355091 141650734424.000000
0.008057 -0.893066 -0.111328 -17.141463 -35.990972 -2.074056 141650736222.000000
0.020752 -0.902100 -0.120361 -17.690478 -31.110840 -1.464040 141650738021.000000
0.024902 -0.905273 -0.107910 -18.178491 -26.169707 0.183005 141650739819.000000
0.018555 -0.914795 -0.114258 -18.483499 -21.533581 1.098030 141650741617.000000
0.013428 -0.916748 -0.111328 -18.605502 -16.775453 1.891051 141650743416.000000
0.000000 -0.924561 -0.114990 -18.483499 -12.322333 3.111084 141650745222.000000
-0.024902 -0.926270 -0.112549 -18.666504 -8.601232 3.782102 141650747023.000000
-0.054688 -0.931641 -0.126221 -18.483499 -5.124138 4.514122 141650748825.000000
-0.079346 -0.927246 -0.131836 -18.605502 -2.379064 5.185140 141650750627.000000
-0.096680 -0.925781 -0.139404 -18.788507 -0.183005 5.612152 141650752435.000000
-0.136475 -0.925781 -0.143555 -18.727506 0.793021 5.978161 141650754236.000000
-0.166260 -0.929199 -0.155762 -18.605502 1.891051 6.161166 141650756037.000000
-0.190674 -0.926270 -0.171143 -18.361496 2.318063 6.283170 141650757841.000000
-0.217529 -0.924561 -0.184326 -17.934484 1.830049 6.222168 141650759642.000000
-0.227051 -0.924805 -0.188232 -17.629476 1.464040 6.161166 141650761447.000000
-0.255615 -0.922852 -0.191895 -17.324468 0.610016 6.039163 141650763248.000000
-0.269287 -0.921631 -0.196289 -17.263466 -0.854023 5.856158 141650765050.000000
-0.281006 -0.925537 -0.192627 -17.080461 -2.440066 5.307143 141650766854.000000
-0.291016 -0.922119 -0.196045 -16.836455 -4.270115 5.612152 141650768655.000000
-0.291992 -0.922119 -0.195313 -16.592448 -6.161166 5.185140 141650770458.000000
-0.295166 -0.931885 -0.193848 -15.738425 -8.052217 4.514122 141650772258.000000
-0.292480 -0.942139 -0.193604 -15.494418 -10.126273 4.575124 141650774059.000000
-0.286621 -0.947998 -0.195557 -15.067407 -11.651315 4.331117 141650775861.000000
-0.268799 -0.949707 -0.197510 -14.701397 -13.359361 4.209114 141650777665.000000
-0.260986 -0.953613 -0.199463 -14.274385 -14.945404 4.270115 141650779466.000000
-0.241211 -0.953613 -0.193604 -13.603367 -15.982432 3.904105 141650781267.000000
-0.223389 -0.949951 -0.198486 -13.481364 -17.019460 4.148112 141650783069.000000
-0.197998 -0.945557 -0.201172 -13.237357 -17.690478 4.209114 141650784871.000000
-0.169434 -0.941895 -0.205566 -12.871348 -17.995486 4.392119 141650786676.000000
-0.160400 -0.940430 -0.207031 -12.322333 -18.544501 4.453120 141650788476.000000
-0.140137 -0.940674 -0.210693 -12.322333 -18.239492 4.514122 141650790276.000000
-0.117432 -0.945068 -0.208252 -12.139328 -17.812481 4.758128 141650792078.000000
-0.099121 -0.945801 -0.207520 -11.590313 -16.958458 4.819130 141650793880.000000
-0.088867 -0.952148 -0.208496 -10.858293 -16.226438 4.941133 141650795683.000000
-0.082764 -0.955078 -0.207031 -10.431282 -15.189410 5.307143 141650797488.000000
-0.068115 -0.953369 -0.195801 -10.187275 -14.579394 5.307143 141650799287.000000
-0.057617 -0.957031 -0.206787 -9.943268 -13.298359 6.100165 141650801088.000000
-0.055664 -0.958252 -0.197998 -9.577259 -12.139328 6.283170 141650802892.000000
-0.048096 -0.962158 -0.189209 -9.455255 -11.102300 6.588178 141650804693.000000
-0.047852 -0.960938 -0.192139 -9.272250 -10.126273 7.015189 141650806491.000000
-0.045654 -0.966309 -0.191895 -8.845239 -8.845239 7.259196 141650808289.000000
-0.046387 -0.970459 -0.191650 -8.479229 -7.930214 7.381199 141650810088.000000
-0.044434 -0.970215 -0.193115 -8.052217 -6.954188 7.747209 141650811886.000000
-0.047119 -0.968506 -0.201904 -8.174221 -6.344171 7.930214 141650813683.000000
-0.048584 -0.971924 -0.202393 -7.320198 -5.490148 7.686208 141650815482.000000
-0.043701 -0.975586 -0.190674 -7.503203 -5.490148 8.174221 141650817282.000000
-0.036621 -0.973633 -0.205811 -7.808211 -4.941133 7.564204 141650819080.000000
-0.044922 -0.970215 -0.213623 -8.235222 -4.453120 7.625206 141650820880.000000
-0.065186 -0.976563 -0.192871 -7.686208 -3.965107 7.564204 141650822677.000000
-0.075928 -0.979736 -0.182861 -6.649180 -3.660099 7.930214 141650824475.000000
-0.078857 -0.982910 -0.175781 -6.222168 -3.538096 8.906240 141650826273.000000
-0.078369 -0.983643 -0.187500 -5.795156 -3.233087 8.723236 141650828070.000000
-0.074463 -0.984375 -0.181641 -5.734155 -3.172086 8.845239 141650829869.000000
-0.075684 -0.985352 -0.185059 -5.490148 -3.050082 8.784237 141650831666.000000
-0.076904 -0.982910 -0.187012 -5.612152 -2.928079 8.601232 141650833464.000000
-0.076904 -0.986572 -0.182373 -5.490148 -2.928079 8.418227 141650835264.000000
-0.077881 -0.984131 -0.178467 -5.246142 -2.989081 8.479229 141650837063.000000
-0.081787 -0.984619 -0.177002 -5.002135 -2.928079 8.235222 141650839483.000000
-0.095459 -0.988770 -0.179688 -4.880132 -3.172086 8.418227 141650841317.000000
-0.106201 -0.987305 -0.172119 -4.636125 -3.294089 7.930214 141650843117.000000
-0.118896 -0.988770 -0.169434 -4.575124 -3.233087 8.479229 141650844915.000000
-0.125244 -0.994873 -0.168457 -4.392119 -3.111084 8.662234 141650846715.000000
-0.134766 -0.982666 -0.163330 -4.209114 -3.538096 8.479229 141650848518.000000
-0.137207 -0.984375 -0.166260 -4.148112 -3.599097 8.662234 141650850321.000000
-0.135010 -0.982910 -0.166748 -4.148112 -3.599097 7.930214 141650852122.000000
-0.131348 -0.974365 -0.163574 -4.026109 -4.209114 7.686208 141650853925.000000
-0.140625 -0.969971 -0.165771 -3.965107 -4.575124 7.442201 141650855728.000000
-0.148926 -0.967041 -0.160889 -3.904105 -4.880132 6.954188 141650857537.000000
-0.152588 -0.964111 -0.157471 -3.843104 -5.307143 7.015189 141650859339.000000
-0.156494 -0.957275 -0.162598 -4.331117 -5.734155 6.710181 141650861140.000000
-0.166992 -0.957275 -0.161377 -4.148112 -6.222168 6.527176 141650862942.000000
-0.176270 -0.958008 -0.154785 -4.331117 -6.466175 6.344171 141650864744.000000
-0.183105 -0.960938 -0.159912 -4.636125 -7.381199 5.795156 141650866546.000000
-0.183105 -0.957275 -0.157471 -4.819130 -7.930214 5.978161 141650868355.000000
-0.184082 -0.953125 -0.151123 -4.514122 -7.991216 5.856158 141650870157.000000
-0.187744 -0.954834 -0.150635 -4.575124 -8.296224 5.185140 141650871959.000000
-0.190674 -0.951416 -0.152344 -4.697127 -8.479229 4.819130 141650873763.000000
-0.193604 -0.952881 -0.137695 -4.758128 -9.150247 4.819130 141650875563.000000
-0.194092 -0.952148 -0.141357 -4.514122 -9.333252 4.575124 141650877369.000000
-0.199219 -0.951172 -0.144775 -4.758128 -9.577259 4.575124 141650879167.000000
-0.194092 -0.946777 -0.143311 -4.880132 -9.638260 3.965107 141650880970.000000
-0.196289 -0.947021 -0.144531 -4.758128 -10.248277 3.782102 141650882772.000000
-0.195801 -0.943359 -0.152588 -5.002135 -10.065272 3.538096 141650884575.000000
-0.197266 -0.942871 -0.153564 -5.246142 -10.065272 3.477094 141650886376.000000
-0.198975 -0.939941 -0.154785 -5.124138 -10.614287 3.721100 141650888183.000000
-0.196777 -0.938232 -0.156006 -5.368145 -10.614287 3.233087 141650889981.000000
-0.195068 -0.938721 -0.152588 -5.490148 -10.492283 3.111084 141650891778.000000
-0.190918 -0.940918 -0.160645 -5.429147 -10.370280 3.294089 141650893575.000000
-0.192383 -0.936768 -0.163330 -5.307143 -10.309278 2.867077 141650895374.000000
-0.190186 -0.940186 -0.159668 -5.429147 -10.553285 2.806076 141650897181.000000
-0.190674 -0.943848 -0.159424 -5.246142 -10.248277 2.440066 141650898984.000000
-0.184814 -0.944336 -0.160400 -5.368145 -9.943268 2.318063 141650900784.000000
-0.185303 -0.947266 -0.163574 -5.307143 -10.248277 2.501068 141650902630.000000
-0.181152 -0.953369 -0.171143 -5.307143 -9.943268 2.318063 141650904438.000000
-0.178955 -0.950195 -0.171631 -4.941133 -9.638260 2.318063 141650906236.000000
-0.175049 -0.956543 -0.176758 -5.063137 -9.638260 2.501068 141650908034.000000
-0.177734 -0.954590 -0.176758 -4.880132 -9.577259 2.196059 141650909834.000000
-0.168701 -0.960449 -0.176025 -4.819130 -9.211249 2.013054 141650911641.000000
-0.167725 -0.958252 -0.184082 -4.453120 -8.906240 2.440066 141650913438.000000
-0.164063 -0.959229 -0.184814 -4.270115 -8.479229 2.074056 141650915235.000000
-0.155518 -0.960449 -0.190430 -4.209114 -7.930214 2.257061 141650917191.000000
-0.149170 -0.955322 -0.189453 -4.087110 -7.686208 2.379064 141650920246.000000
-0.140869 -0.951904 -0.187256 -4.087110 -6.466175 2.257061 141650923174.000000
-0.136230 -0.950928 -0.194092 -3.416092 -6.100165 2.623071 141650926093.000000
-0.130127 -0.946289 -0.179932 -3.233087 -5.612152 2.623071 141650929008.000000
-0.122559 -0.945068 -0.184326 -3.050082 -4.636125 3.233087 141650931918.000000
-0.114258 -0.945313 -0.182861 -3.111084 -3.843104 3.233087 141650934826.000000
-0.105713 -0.941162 -0.179932 -3.233087 -3.050082 3.599097 141650937738.000000
-0.100098 -0.944336 -0.178223 -2.684072 -2.135058 3.782102 141650940646.000000
-0.100342 -0.939697 -0.172363 -2.806076 -1.647044 4.148112 141650943567.000000
-0.104004 -0.945313 -0.171387 -2.623071 -0.793021 4.819130 141650946475.000000
-0.107910 -0.940918 -0.174561 -2.745074 -0.854023 4.697127 141650949390.000000
-0.111084 -0.947021 -0.180420 -2.379064 -0.427012 4.880132 141650952309.000000
-0.121094 -0.947998 -0.176270 -2.745074 -0.671018 4.697127 141650955224.000000
-0.131836 -0.949707 -0.171387 -2.562069 -1.220033 4.636125 141650958150.000000
-0.138428 -0.946533 -0.175537 -2.623071 -2.074056 4.575124 141650961065.000000
-0.150635 -0.948730 -0.170654 -3.111084 -3.294089 4.331117 141650963981.000000
-0.152100 -0.944336 -0.179443 -3.050082 -4.514122 4.209114 141650966902.000000
-0.152588 -0.947754 -0.167725 -3.172086 -5.307143 4.087110 141650969822.000000
-0.154785 -0.946533 -0.165283 -3.233087 -6.222168 3.782102 141650972736.000000
-0.156006 -0.951416 -0.165039 -3.172086 -7.015189 3.660099 141650975654.000000
-0.152832 -0.949463 -0.161865 -2.928079 -7.564204 3.355091 141650978581.000000
-0.152832 -0.949951 -0.161377 -3.355091 -7.320198 3.233087 141650981496.000000
-0.145996 -0.947021 -0.163818 -3.233087 -7.137193 3.477094 141650984412.000000
-0.146240 -0.947266 -0.166260 -3.233087 -7.076191 3.538096 141650987334.000000
-0.149658 -0.944824 -0.168213 -3.721100 -6.710181 3.050082 141650990253.000000
-0.148682 -0.946045 -0.165527 -3.111084 -6.588178 3.416092 141650993168.000000
-0.155762 -0.946289 -0.171143 -2.928079 -5.795156 3.294089 141650996085.000000
-0.155762 -0.938965 -0.171631 -3.233087 -5.429147 3.660099 141650999009.000000
-0.154785 -0.934570 -0.172119 -3.050082 -5.002135 3.416092 141651002732.000000
-0.158936 -0.936523 -0.175781 -3.294089 -4.514122 3.416092 141651005686.000000
-0.164795 -0.936523 -0.175293 -3.294089 -3.965107 3.538096 141651008602.000000
-0.167236 -0.941650 -0.178223 -3.172086 -3.721100 3.477094 141651011516.000000
-0.165771 -0.937500 -0.187012 -3.172086 -3.050082 3.660099 141651014424.000000
-0.169189 -0.941650 -0.180176 -2.989081 -3.233087 3.660099 141651017374.000000
-0.168213 -0.939941 -0.175049 -2.440066 -2.806076 3.599097 141651020288.000000
-0.166504 -0.939697 -0.175781 -2.562069 -2.501068 3.477094 141651023197.000000
-0.168457 -0.942139 -0.182861 -2.623071 -2.501068 3.538096 141651026105.000000
-0.169189 -0.944092 -0.182617 -2.684072 -2.074056 3.660099 141651029013.000000
-0.168457 -0.944580 -0.180908 -2.501068 -2.013054 3.111084 141651031923.000000
-0.170654 -0.946533 -0.185791 -2.745074 -2.135058 3.355091 141651034829.000000
-0.171631 -0.943359 -0.185303 -2.318063 -2.928079 3.111084 141651037741.000000
-0.170898 -0.948975 -0.190430 -2.318063 -3.294089 2.928079 141651040649.000000
-0.176270 -0.952148 -0.184814 -2.196059 -4.331117 2.806076 141651043561.000000
-0.175537 -0.949463 -0.188965 -2.135058 -5.124138 2.562069 141651046469.000000
-0.174561 -0.950928 -0.187500 -2.074056 -6.161166 2.074056 141651049389.000000
-0.169922 -0.952393 -0.183594 -1.891051 -6.893186 1.952053 141651052306.000000
-0.172852 -0.953125 -0.187744 -2.257061 -7.442201 2.013054 141651055222.000000
-0.162598 -0.951416 -0.177490 -1.891051 -7.991216 1.830049 141651058149.000000
-0.158691 -0.949707 -0.180664 -1.891051 -8.479229 1.647044 141651061067.000000
-0.149414 -0.949707 -0.178467 -1.952053 -8.784237 1.464040 141651063983.000000
-0.146973 -0.952637 -0.181396 -2.074056 -8.174221 1.342036 141651066910.000000
-0.142822 -0.950928 -0.175781 -1.708046 -8.418227 1.525041 141651069828.000000
-0.136719 -0.954346 -0.171143 -1.708046 -8.235222 1.159031 141651072744.000000
-0.140381 -0.956055 -0.181885 -1.830049 -7.747209 1.708046 141651075660.000000
-0.135986 -0.958984 -0.175293 -1.708046 -7.259196 1.525041 141651078576.000000
-0.136719 -0.955811 -0.176270 -1.708046 -7.076191 1.647044 141651081494.000000
-0.134277 -0.953125 -0.175293 -1.647044 -6.527176 2.013054 141651084411.000000
-0.132568 -0.953613 -0.179199 -1.586043 -6.161166 1.708046 141651087335.000000
-0.130127 -0.951416 -0.182129 -1.525041 -5.612152 2.013054 141651090269.000000
-0.130859 -0.949951 -0.177979 -1.647044 -4.819130 1.830049 141651093184.000000
-0.136719 -0.948975 -0.187988 -1.403038 -4.392119 2.013054 141651096114.000000
-0.139893 -0.945068 -0.184814 -1.403038 -4.331117 2.318063 141651099041.000000
-0.142822 -0.944580 -0.179688 -1.586043 -4.087110 1.769048 141651101955.000000
-0.148193 -0.943848 -0.184082 -1.586043 -4.148112 2.257061 141651104876.000000
-0.157227 -0.941650 -0.177002 -1.464040 -4.392119 1.647044 141651107792.000000
-0.165771 -0.939453 -0.176514 -2.013054 -4.575124 1.830049 141651110704.000000
-0.169189 -0.939453 -0.173340 -1.708046 -4.880132 1.708046 141651113614.000000
-0.172607 -0.939209 -0.177734 -1.952053 -5.612152 1.708046 141651116523.000000
