-0.083984 -0.972900 0.258057 -1.281035 -0.305008 -1.891051 114715237049.000000
-0.082275 -0.972656 0.262451 -1.098030 -0.488013 -2.013054 114715240047.000000
-0.080811 -0.969971 0.257324 -1.403038 -0.854023 -2.196059 114715243013.000000
-0.078125 -0.975586 0.240967 -1.586043 -0.366010 -2.196059 114715245986.000000
-0.074951 -0.986328 0.235107 -1.098030 -0.427012 -2.318063 114715248977.000000
-0.076660 -0.985596 0.237549 -1.403038 -0.854023 -2.318063 114715251957.000000
-0.075684 -0.980713 0.232178 -1.342036 -0.732020 -2.745074 114715254936.000000
-0.077393 -0.980713 0.231201 -1.464040 -0.976026 -2.562069 114715257928.000000
-0.075195 -0.976563 0.234375 -1.647044 -0.976026 -2.623071 114715260908.000000
-0.083496 -0.972900 0.233643 -1.647044 -1.037028 -2.989081 114715263905.000000
-0.075928 -0.968994 0.231445 -2.013054 -0.793021 -2.501068 114715266889.000000
-0.080322 -0.966797 0.240234 -2.501068 -1.342036 -2.989081 114715269863.000000
-0.080078 -0.966553 0.242676 -2.501068 -0.915025 -3.050082 114715272839.000000
-0.079346 -0.966797 0.252930 -2.684072 -1.037028 -3.294089 114715275820.000000
-0.080078 -0.966309 0.247314 -2.928079 -1.403038 -3.355091 114715278795.000000
-0.077393 -0.967529 0.248779 -3.233087 -1.952053 -3.355091 114715281784.000000
-0.078613 -0.973145 0.253418 -3.477094 -1.952053 -3.294089 114715284837.000000
-0.078613 -0.973145 0.252197 -3.599097 -2.379064 -3.416092 114715287860.000000
-0.078369 -0.973877 0.255859 -3.538096 -2.318063 -3.416092 114715290831.000000
-0.072510 -0.971191 0.254150 -3.782102 -2.562069 -3.721100 114715293793.000000
-0.073730 -0.969238 0.247314 -3.843104 -2.806076 -3.355091 114715296761.000000
-0.078613 -0.969971 0.241211 -3.843104 -2.379064 -3.721100 114715299734.000000
-0.073975 -0.969727 0.239990 -3.965107 -2.440066 -3.538096 114715302695.000000
-0.074707 -0.966309 0.245117 -4.514122 -2.257061 -3.538096 114715305658.000000
-0.072998 -0.970215 0.250488 -4.636125 -1.769048 -3.355091 114715308629.000000
-0.076660 -0.968018 0.250244 -4.636125 -2.135058 -3.599097 114715311592.000000
-0.072998 -0.969971 0.248535 -5.063137 -1.708046 -3.599097 114715314558.000000
-0.071777 -0.968506 0.248535 -5.185140 -2.013054 -3.111084 114715317593.000000
-0.072021 -0.974609 0.249756 -5.124138 -1.586043 -3.599097 114715320564.000000
-0.067139 -0.974854 0.253662 -5.429147 -1.769048 -3.355091 114715323532.000000
-0.072021 -0.975342 0.242432 -5.490148 -1.891051 -3.599097 114715326513.000000
-0.072754 -0.973633 0.237305 -5.551150 -1.891051 -3.172086 114715329518.000000
-0.068604 -0.970947 0.246094 -5.673153 -2.318063 -3.538096 114715332502.000000
-0.066650 -0.976318 0.239014 -6.100165 -2.135058 -3.538096 114715335490.000000
-0.067627 -0.973389 0.242676 -5.673153 -2.318063 -3.294089 114715338476.000000
-0.068848 -0.974609 0.243164 -6.466175 -2.623071 -3.050082 114715341456.000000
-0.065430 -0.972656 0.237793 -6.405173 -2.501068 -3.416092 114715344444.000000
-0.064209 -0.974609 0.233643 -6.344171 -2.745074 -3.355091 114715347428.000000
-0.068604 -0.975098 0.239502 -6.466175 -2.867077 -3.111084 114715350434.000000
-0.065918 -0.972412 0.239502 -6.527176 -2.745074 -3.294089 114715353419.000000
-0.063477 -0.977051 0.232178 -6.710181 -3.111084 -3.416092 114715356402.000000
-0.066162 -0.973633 0.241211 -7.015189 -2.867077 -3.294089 114715359388.000000
-0.068604 -0.976807 0.237793 -6.649180 -3.111084 -3.355091 114715362373.000000
-0.063477 -0.972656 0.240479 -6.954188 -3.111084 -2.989081 114715365358.000000
-0.065918 -0.973389 0.239502 -6.771183 -3.050082 -3.050082 114715368354.000000
-0.064941 -0.975830 0.234375 -7.320198 -3.172086 -3.416092 114715371332.000000
-0.068359 -0.977539 0.233398 -7.137193 -3.355091 -3.050082 114715374310.000000
-0.063477 -0.981445 0.235107 -7.076191 -3.416092 -3.294089 114715377292.000000
-0.065430 -0.980225 0.244873 -7.686208 -3.538096 -3.233087 114715380447.000000
-0.063477 -0.979248 0.238281 -7.259196 -3.538096 -2.928079 114715383438.000000
-0.065674 -0.982666 0.237305 -7.808211 -3.843104 -3.355091 114715386419.000000
-0.065674 -0.983643 0.235596 -7.869212 -3.965107 -3.172086 114715389397.000000
-0.064209 -0.980713 0.237793 -8.235222 -3.904105 -2.989081 114715392376.000000
-0.064941 -0.978271 0.234131 -8.235222 -4.087110 -3.172086 114715395395.000000
-0.060791 -0.981934 0.241699 -8.052217 -4.026109 -2.867077 114715398377.000000
-0.059082 -0.976807 0.232910 -8.113219 -3.965107 -3.111084 114715401353.000000
-0.060303 -0.974609 0.237061 -8.662234 -3.843104 -3.233087 114715404320.000000
-0.059814 -0.979248 0.228516 -8.540231 -4.087110 -3.050082 114715407293.000000
-0.055176 -0.976563 0.229980 -8.723236 -4.026109 -2.867077 114715410277.000000
-0.055664 -0.977051 0.226318 -8.845239 -4.209114 -3.233087 114715413239.000000
-0.051270 -0.978027 0.221436 -8.967242 -4.392119 -2.989081 114715416221.000000
-0.058350 -0.979248 0.229248 -9.150247 -4.392119 -2.989081 114715419197.000000
-0.054443 -0.976563 0.225830 -9.333252 -4.453120 -3.050082 114715422167.000000
-0.050781 -0.979248 0.227783 -9.150247 -5.002135 -2.684072 114715425150.000000
-0.052734 -0.984131 0.228760 -9.516257 -4.636125 -2.989081 114715428160.000000
-0.050781 -0.985352 0.230469 -9.455255 -4.575124 -3.172086 114715431143.000000
-0.046143 -0.983398 0.224121 -9.455255 -5.063137 -2.684072 114715434127.000000
-0.051270 -0.988281 0.226807 -9.394254 -4.636125 -2.867077 114715437150.000000
-0.050537 -0.986816 0.227051 -9.333252 -4.453120 -2.440066 114715440138.000000
-0.046387 -0.992188 0.227783 -9.333252 -4.636125 -2.379064 114715443116.000000
-0.040283 -0.994629 0.233398 -9.333252 -4.636125 -2.440066 114715446101.000000
-0.038574 -0.992920 0.226318 -9.394254 -4.270115 -2.318063 114715449095.000000
-0.035645 -0.995850 0.223633 -9.028244 -4.026109 -1.952053 114715452075.000000
-0.036621 -0.991699 0.225342 -9.089245 -4.148112 -1.830049 114715455062.000000
-0.034424 -0.989014 0.219238 -9.028244 -3.721100 -1.952053 114715458051.000000
-0.032959 -0.984863 0.221680 -9.089245 -3.538096 -1.708046 114715461043.000000
-0.033447 -0.983643 0.213867 -9.150247 -3.538096 -1.525041 114715464058.000000
-0.028809 -0.982178 0.208496 -9.028244 -3.416092 -1.403038 114715467044.000000
-0.020996 -0.981689 0.206787 -9.028244 -3.233087 -1.403038 114715470030.000000
-0.021729 -0.987061 0.202881 -9.150247 -3.294089 -1.281035 114715473018.000000
-0.020508 -0.995850 0.192627 -8.723236 -2.928079 -1.281035 114715476002.000000
-0.015381 -0.997559 0.198730 -8.845239 -2.989081 -1.342036 114715478988.000000
-0.014648 -1.000488 0.199707 -8.357226 -2.989081 -1.464040 114715482267.000000
-0.008545 -1.004639 0.193115 -8.174221 -2.806076 -1.037028 114715485275.000000
-0.010742 -1.002441 0.194824 -8.235222 -2.379064 -1.403038 114715488271.000000
-0.006348 -1.005371 0.191406 -8.052217 -2.013054 -1.647044 114715491245.000000
-0.007080 -1.004395 0.191650 -8.113219 -2.196059 -0.976026 114715494215.000000
-0.015381 -1.007568 0.197998 -7.869212 -1.708046 -1.342036 114715497195.000000
-0.008057 -1.006104 0.193359 -7.747209 -1.647044 -1.586043 114715500168.000000
-0.012207 -1.005615 0.189697 -7.564204 -1.342036 -1.159031 114715503140.000000
-0.009766 -1.002930 0.191162 -7.564204 -1.342036 -1.586043 114715506228.000000
-0.010742 -0.999268 0.195313 -7.137193 -1.403038 -1.647044 114715509227.000000
-0.000977 -0.998291 0.189697 -7.381199 -1.220033 -1.281035 114715513702.000000
-0.003906 -0.994141 0.192627 -7.076191 -1.403038 -1.220033 114715516765.000000
-0.000732 -0.992188 0.190918 -6.893186 -1.281035 -1.403038 114715519790.000000
0.000244 -0.989502 0.189453 -6.771183 -1.281035 -1.342036 114715522774.000000
0.006348 -0.991211 0.191406 -6.710181 -1.037028 -1.464040 114715525754.000000
0.004150 -0.987549 0.185547 -6.283170 -0.854023 -1.647044 114715528748.000000
0.004150 -0.989502 0.188721 -6.039163 -1.098030 -1.769048 114715531737.000000
0.001709 -0.993408 0.191162 -6.039163 -1.037028 -1.647044 114715534771.000000
0.001709 -0.989990 0.199707 -5.551150 -1.281035 -1.647044 114715537761.000000
-0.000732 -0.993164 0.193848 -5.002135 -1.098030 -1.647044 114715540740.000000
-0.001465 -0.995361 0.193115 -4.575124 -0.976026 -1.769048 114715543722.000000
0.003662 -0.993164 0.184326 -4.697127 -1.525041 -1.525041 114715546712.000000
0.012695 -0.989502 0.178955 -4.453120 -2.501068 -1.769048 114715549696.000000
0.015625 -0.987793 0.169678 -5.185140 -3.111084 -1.830049 114715552682.000000
0.013672 -0.983154 0.167236 -5.429147 -3.294089 -2.257061 114715555676.000000
0.014404 -0.979004 0.169434 -5.368145 -3.599097 -2.806076 114715558665.000000
0.007568 -0.981445 0.176758 -5.368145 -3.538096 -2.623071 114715561648.000000
0.007080 -0.982178 0.178467 -5.124138 -3.660099 -2.867077 114715564624.000000
0.004395 -0.985107 0.182861 -4.819130 -3.843104 -2.867077 114715567678.000000
0.002197 -0.990234 0.184082 -5.185140 -3.782102 -3.050082 114715570664.000000
0.000244 -0.985107 0.190918 -5.063137 -3.843104 -2.989081 114715573646.000000
-0.000488 -0.986816 0.190674 -4.758128 -3.843104 -2.745074 114715576634.000000
0.002686 -0.992188 0.194824 -3.660099 -4.758128 -2.379064 114715579619.000000
-0.003662 -0.998047 0.193604 -2.745074 -4.697127 -2.196059 114715582714.000000
-0.000488 -0.997559 0.189453 -2.013054 -5.002135 -2.379064 114715585713.000000
0.002441 -0.993896 0.176270 -2.684072 -5.124138 -2.135058 114715588697.000000
0.006592 -0.997314 0.178467 -2.501068 -4.392119 -2.196059 114715591674.000000
0.001221 -0.990479 0.178711 -1.708046 -3.416092 -2.440066 114715594643.000000
0.002686 -0.987305 0.185059 -2.257061 -2.379064 -2.684072 114715597683.000000
-0.011230 -0.986816 0.202637 -2.684072 -2.135058 -2.501068 114715600659.000000
-0.015381 -0.989014 0.211670 -2.074056 -1.708046 -2.196059 114715603633.000000
-0.010986 -0.994873 0.217773 -1.403038 -1.647044 -2.074056 114715606607.000000
-0.014648 -0.997314 0.222168 -1.037028 -1.586043 -2.074056 114715609587.000000
-0.010498 -1.003174 0.211182 -0.915025 -1.342036 -2.013054 114715612550.000000
-0.004395 -1.005127 0.202637 -0.244007 -1.220033 -1.586043 114715615524.000000
-0.001221 -1.006592 0.195068 0.793021 -1.403038 -1.708046 114715618509.000000
-0.000244 -1.008545 0.197021 1.281035 -0.976026 -1.647044 114715621478.000000
-0.009033 -1.007324 0.195068 1.708046 -0.610016 -1.281035 114715624451.000000
-0.010986 -1.005371 0.191162 1.891051 -0.427012 -1.342036 114715627439.000000
-0.013428 -1.002930 0.194580 2.318063 -1.525041 -1.159031 114715630452.000000
-0.012939 -0.998535 0.190918 2.501068 -1.769048 -1.220033 114715633437.000000
-0.009033 -1.001709 0.187012 2.745074 -2.135058 -1.281035 114715636422.000000
-0.008789 -0.999512 0.190918 2.440066 -2.074056 -1.098030 114715639407.000000
-0.006592 -0.997559 0.186768 2.684072 -2.623071 -0.976026 114715642387.000000
-0.009766 -0.993652 0.186035 2.562069 -2.867077 -1.159031 114715645370.000000
-0.006348 -0.994629 0.184326 2.623071 -2.867077 -1.220033 114715648361.000000
-0.008789 -0.990479 0.177002 2.318063 -2.928079 -1.098030 114715651338.000000
-0.011719 -0.992432 0.183838 2.440066 -3.294089 -1.220033 114715654317.000000
-0.010986 -0.988525 0.180420 2.196059 -3.477094 -1.037028 114715657306.000000
-0.016602 -0.990234 0.182861 2.074056 -3.782102 -1.037028 114715660282.000000
-0.014893 -0.989014 0.182373 1.952053 -3.721100 -1.098030 114715663257.000000
-0.017334 -0.984131 0.183350 1.891051 -3.843104 -1.403038 114715666241.000000
-0.022705 -0.986328 0.187256 1.647044 -3.965107 -1.464040 114715669222.000000
-0.023682 -0.986816 0.190186 1.464040 -3.721100 -1.586043 114715672207.000000
-0.020264 -0.985596 0.200195 1.830049 -3.599097 -1.037028 114715675186.000000
-0.018066 -0.983887 0.193848 1.830049 -4.148112 -1.708046 114715678161.000000
-0.017578 -0.987793 0.187744 1.586043 -3.721100 -1.159031 114715681138.000000
-0.012939 -0.986328 0.193848 2.135058 -3.538096 -1.281035 114715684123.000000
-0.018555 -0.985596 0.193604 2.135058 -3.416092 -1.098030 114715687114.000000
-0.018555 -0.982422 0.193604 2.257061 -3.416092 -1.037028 114715690112.000000
-0.016846 -0.982666 0.189209 2.196059 -3.599097 -1.098030 114715693083.000000
-0.013672 -0.984375 0.193359 2.562069 -3.538096 -0.854023 114715696082.000000
-0.014893 -0.980957 0.189209 2.989081 -3.294089 -1.037028 114715699059.000000
-0.010010 -0.976563 0.185303 3.111084 -3.416092 -0.427012 114715702028.000000
-0.012939 -0.972900 0.193115 3.294089 -2.806076 -0.244007 114715704998.000000
-0.006836 -0.973145 0.189209 3.233087 -2.562069 -0.732020 114715707975.000000
-0.003906 -0.965576 0.194336 3.416092 -2.074056 -0.671018 114715710945.000000
-0.001953 -0.965088 0.190430 3.294089 -1.586043 -0.305008 114715713911.000000
0.002930 -0.960938 0.183594 3.599097 -0.915025 -0.305008 114715716882.000000
-0.001221 -0.959961 0.185791 3.538096 -0.671018 -0.305008 114715719892.000000
-0.005859 -0.955322 0.187256 3.233087 0.000000 -0.366010 114715722864.000000
-0.007813 -0.955811 0.186768 3.172086 0.610016 -0.122003 114715725841.000000
-0.008789 -0.955078 0.180176 3.111084 1.220033 0.427012 114715728833.000000
-0.009766 -0.957031 0.178711 2.867077 1.525041 0.061002 114715731813.000000
-0.009277 -0.952393 0.177246 2.684072 2.562069 0.549015 114715734797.000000
-0.009521 -0.947998 0.174316 2.623071 2.257061 0.976026 114715737784.000000
-0.011475 -0.950928 0.167725 2.257061 2.623071 1.159031 114715740763.000000
-0.009277 -0.952637 0.167725 2.623071 2.806076 0.915025 114715743740.000000
-0.010986 -0.947754 0.170898 2.257061 3.233087 1.342036 114715746721.000000
-0.006348 -0.949463 0.164307 2.562069 3.233087 1.769048 114715749703.000000
-0.006836 -0.953613 0.167969 2.440066 3.477094 1.708046 114715752687.000000
-0.007813 -0.947266 0.161865 2.196059 3.660099 2.135058 114715755666.000000
-0.013428 -0.946289 0.159912 2.013054 4.392119 1.952053 114715758649.000000
-0.016846 -0.943115 0.164551 1.220033 4.453120 2.196059 114715761628.000000
-0.014404 -0.941895 0.159912 0.854023 4.819130 2.379064 114715764611.000000
-0.018311 -0.941895 0.165527 0.549015 5.063137 2.318063 114715767665.000000
-0.016602 -0.940430 0.154785 0.427012 5.368145 2.074056 114715770655.000000
-0.022949 -0.943604 0.154541 0.305008 5.368145 2.501068 114715773639.000000
-0.032715 -0.937500 0.161865 -0.244007 5.734155 2.196059 114715776624.000000
-0.032959 -0.936035 0.156982 -0.488013 5.246142 2.440066 114715779607.000000
-0.036621 -0.942383 0.156494 -0.671018 5.429147 2.135058 114715782603.000000
-0.048584 -0.941650 0.157959 -0.549015 5.429147 2.135058 114715785605.000000
-0.055908 -0.948242 0.159668 -0.915025 5.307143 2.379064 114715788589.000000
-0.062256 -0.954590 0.156006 -1.159031 5.368145 1.830049 114715791559.000000
-0.063477 -0.951904 0.162598 -1.586043 4.941133 2.196059 114715794529.000000
-0.074707 -0.951904 0.163330 -1.769048 5.246142 1.952053 114715797499.000000
-0.085205 -0.955078 0.166504 -2.013054 4.575124 2.196059 114715800476.000000
-0.088379 -0.958252 0.171387 -2.196059 4.880132 2.257061 114715803442.000000
-0.093994 -0.965332 0.167236 -2.318063 4.392119 1.647044 114715806444.000000
-0.100342 -0.970703 0.171631 -2.806076 4.697127 1.403038 114715809429.000000
-0.103027 -0.973877 0.169189 -2.806076 4.453120 1.342036 114715812400.000000
-0.106445 -0.975342 0.174561 -2.745074 4.148112 1.220033 114715815372.000000
-0.110596 -0.980225 0.184082 -3.050082 4.148112 1.159031 114715818350.000000
-0.111572 -0.982422 0.186279 -2.989081 4.331117 1.220033 114715821319.000000
-0.116211 -0.986328 0.178955 -3.050082 4.209114 1.037028 114715824291.000000
-0.120605 -0.992920 0.187744 -2.989081 4.392119 1.037028 114715827269.000000
-0.128418 -0.993408 0.196777 -3.172086 4.636125 0.854023 114715830257.000000
-0.130859 -0.997070 0.196045 -3.050082 4.880132 0.732020 114715833243.000000
-0.140381 -1.000977 0.194824 -2.440066 5.307143 0.427012 114715836224.000000
-0.147949 -1.003662 0.194580 -1.891051 5.368145 1.281035 114715839202.000000
-0.154053 -1.009033 0.191650 -0.732020 5.429147 1.464040 114715842179.000000
-0.160645 -1.006836 0.189209 -0.488013 5.734155 1.830049 114715845169.000000
-0.169434 -0.998779 0.196289 -1.525041 5.307143 1.708046 114715848164.000000
-0.165771 -0.983643 0.193115 -2.074056 4.270115 2.013054 114715856961.000000
-0.166748 -0.981445 0.185059 -2.074056 3.477094 1.952053 114715860290.000000
-0.166992 -0.983398 0.173340 -2.745074 2.867077 1.952053 114715863357.000000
-0.167969 -0.983398 0.164307 -2.196059 2.013054 2.135058 114715866372.000000
-0.166260 -0.982666 0.159668 -2.257061 1.281035 2.074056 114715869409.000000
-0.168213 -0.978271 0.156006 -2.379064 0.122003 1.952053 114715872590.000000
-0.166016 -0.975342 0.151367 -2.745074 0.244007 1.830049 114715875645.000000
-0.169189 -0.970703 0.153320 -3.111084 0.000000 1.891051 114715878665.000000
-0.171387 -0.974365 0.163086 -3.050082 -0.305008 1.464040 114715881666.000000
-0.173096 -0.974121 0.171875 -3.782102 -0.183005 1.403038 114715884685.000000
-0.173584 -0.988770 0.177490 -3.538096 -0.854023 1.403038 114715887879.000000
-0.179688 -0.991211 0.187256 -3.599097 -1.464040 1.220033 114715890894.000000
-0.179932 -1.003906 0.192383 -3.538096 -1.708046 1.403038 114715893889.000000
-0.184814 -1.013184 0.190918 -3.111084 -2.257061 1.464040 114715896905.000000
-0.192627 -1.013428 0.208740 -2.501068 -3.233087 1.769048 114715899910.000000
-0.195557 -1.024414 0.216064 -2.196059 -3.538096 2.135058 114715902916.000000
-0.199707 -1.021240 0.228516 -1.708046 -3.599097 2.440066 114715905917.000000
-0.217285 -1.020752 0.234131 -0.976026 -4.148112 2.501068 114715908933.000000
-0.226563 -1.019287 0.244873 -0.549015 -4.575124 3.355091 114715911989.000000
-0.228760 -1.015869 0.254883 0.305008 -4.758128 3.904105 114715915007.000000
-0.224365 -1.020752 0.263672 1.098030 -5.185140 4.148112 114715918019.000000
-0.225342 -1.024170 0.267334 1.586043 -5.063137 4.514122 114715921038.000000
-0.220215 -1.027100 0.271729 2.562069 -5.246142 4.758128 114715924034.000000
-0.215332 -1.027344 0.279785 3.538096 -5.246142 4.819130 114715927033.000000
-0.213379 -1.036621 0.290771 4.697127 -4.636125 5.124138 114715930050.000000
-0.216064 -1.041504 0.297607 6.222168 -4.514122 5.978161 114715933038.000000
-0.209961 -1.041504 0.304932 7.869212 -4.331117 6.344171 114715936069.000000
-0.203613 -1.040527 0.288086 9.272250 -3.599097 6.954188 114715939078.000000
-0.200928 -1.032227 0.291260 9.760264 -3.233087 7.320198 114715942070.000000
-0.194580 -1.023682 0.285400 10.553285 -2.684072 7.991216 114715945086.000000
-0.191650 -1.022461 0.278809 11.224303 -2.440066 7.747209 114715948099.000000
-0.186035 -1.007568 0.280518 11.712316 -1.708046 7.808211 114715951103.000000
-0.180908 -1.003174 0.280273 12.810346 -0.854023 7.869212 114715954119.000000
-0.174561 -1.000977 0.283447 13.786372 -0.427012 8.601232 114715957147.000000
-0.167725 -0.995361 0.277588 14.030379 0.183005 8.174221 114715960157.000000
-0.158447 -0.988525 0.271973 14.152382 0.427012 7.564204 114715963167.000000
-0.143555 -0.984619 0.272949 14.213384 1.159031 7.381199 114715966203.000000
-0.132324 -0.981201 0.264893 14.396389 1.647044 6.649180 114715969213.000000
-0.122559 -0.977783 0.275391 14.823400 1.952053 6.161166 114715972242.000000
-0.123291 -0.977051 0.289307 15.250412 2.379064 5.978161 114715975251.000000
-0.115967 -0.968994 0.280518 15.799427 2.928079 5.307143 114715978262.000000
-0.114258 -0.966797 0.282227 16.104435 3.050082 5.002135 114715981269.000000
-0.104980 -0.966309 0.277100 16.653450 3.721100 4.331117 114715984298.000000
-0.103027 -0.958252 0.285889 16.836455 4.148112 4.087110 114715987311.000000
-0.096924 -0.954834 0.281494 16.775453 4.697127 3.416092 114715990328.000000
-0.088623 -0.950439 0.291748 17.507473 5.612152 3.233087 114715993336.000000
-0.089355 -0.949219 0.291016 17.751479 6.527176 2.867077 114715996330.000000
-0.084229 -0.942627 0.291016 17.690478 7.503203 2.379064 114715999349.000000
-0.079590 -0.937256 0.302490 18.178491 8.479229 2.501068 114716002345.000000
-0.073486 -0.931885 0.307129 18.605502 9.333252 2.135058 114716005352.000000
-0.071289 -0.927246 0.297607 18.849509 9.882267 2.074056 114716008361.000000
-0.072021 -0.921631 0.298828 18.910511 10.370280 2.257061 114716011351.000000
-0.064941 -0.917725 0.293457 18.666504 11.041298 1.708046 114716014350.000000
-0.064697 -0.918213 0.290527 18.910511 11.285305 1.281035 114716017356.000000
-0.062500 -0.905518 0.290283 18.849509 11.590313 0.976026 114716020413.000000
-0.071777 -0.904785 0.283447 18.544501 11.285305 0.183005 114716023459.000000
-0.084717 -0.895020 0.278320 18.178491 11.834320 0.305008 114716026591.000000
-0.096924 -0.893066 0.270996 18.056488 11.468310 -0.061002 114716029673.000000
-0.104004 -0.889160 0.263672 17.202464 11.163301 -0.427012 114716032752.000000
-0.113770 -0.884277 0.253662 16.165436 10.736290 -0.732020 114716035822.000000
-0.129883 -0.881592 0.244873 15.189410 10.553285 -0.976026 114716038883.000000
-0.141846 -0.878174 0.240234 14.701397 10.004270 -1.586043 114716041988.000000
-0.153809 -0.877197 0.232178 13.786372 9.577259 -1.769048 114716045071.000000
-0.164063 -0.874268 0.228516 13.115354 8.967242 -2.501068 114716048175.000000
-0.180664 -0.870361 0.230957 12.566339 8.113219 -2.379064 114716051237.000000
-0.186035 -0.882080 0.234375 11.956323 7.686208 -3.111084 114716054279.000000
-0.179932 -0.886230 0.243896 11.590313 6.100165 -4.026109 114716057351.000000
-0.178955 -0.896729 0.221436 11.468310 6.954188 -4.880132 114716060423.000000
-0.239746 -0.876465 0.240723 12.200329 5.612152 -2.989081 114716063492.000000
-0.228516 -0.901855 0.246094 10.187275 5.246142 -2.745074 114716066564.000000
-0.219482 -0.924805 0.250244 10.858293 5.185140 -3.477094 114716069638.000000
-0.210205 -0.928223 0.250977 10.675288 4.087110 -4.026109 114716072854.000000
-0.214844 -0.933350 0.248047 10.370280 2.501068 -3.904105 114716077135.000000
-0.213623 -0.945557 0.248779 10.126273 1.464040 -4.209114 114716080347.000000
-0.214600 -0.953369 0.249023 9.516257 0.183005 -4.392119 114716083487.000000
-0.215088 -0.963135 0.252686 9.455255 -0.671018 -4.514122 114716086576.000000
-0.218994 -0.974121 0.250244 8.906240 -1.586043 -4.514122 114716089662.000000
-0.225098 -0.971924 0.249023 8.601232 -2.379064 -4.392119 114716092704.000000
-0.227051 -0.976074 0.252441 8.052217 -3.050082 -4.331117 114716095739.000000
-0.224854 -0.975830 0.252197 8.357226 -3.660099 -4.087110 114716098765.000000
-0.218994 -0.976318 0.241211 7.747209 -4.514122 -4.270115 114716101796.000000
-0.214600 -0.977295 0.249268 7.198194 -4.697127 -3.965107 114716104809.000000
-0.209717 -0.968750 0.236572 7.137193 -5.002135 -3.965107 114716107807.000000
-0.202881 -0.965576 0.225098 6.405173 -5.368145 -3.965107 114716110782.000000
-0.191895 -0.964844 0.220703 5.795156 -5.551150 -3.843104 114716113758.000000
-0.184814 -0.961426 0.216553 5.307143 -5.429147 -3.721100 114716116732.000000
-0.177734 -0.957520 0.212891 4.819130 -5.795156 -4.026109 114716119717.000000
-0.175293 -0.960693 0.210205 4.026109 -6.405173 -4.209114 114716122716.000000
-0.166504 -0.961426 0.205322 3.599097 -6.527176 -4.697127 114716125698.000000
-0.161621 -0.966553 0.214355 3.233087 -6.893186 -4.575124 114716128685.000000
-0.153076 -0.972412 0.214844 2.684072 -6.832184 -4.819130 114716131677.000000
-0.149902 -0.969727 0.224121 2.318063 -7.564204 -5.673153 114716134689.000000
-0.148438 -0.971436 0.223633 1.830049 -7.442201 -5.612152 114716137767.000000
-0.147705 -0.976563 0.234131 1.464040 -7.991216 -5.917160 114716140754.000000
-0.149414 -0.975342 0.241455 1.159031 -7.869212 -6.283170 114716143729.000000
-0.144287 -0.978760 0.241943 0.976026 -8.540231 -6.405173 114716146723.000000
-0.139893 -0.980469 0.250000 0.854023 -8.906240 -7.076191 114716149721.000000
-0.140869 -0.982422 0.252930 0.488013 -8.906240 -6.954188 114716152714.000000
-0.142090 -0.977783 0.258057 0.427012 -9.272250 -7.137193 114716155722.000000
-0.132568 -0.982178 0.257324 -0.244007 -9.272250 -7.503203 114716158713.000000
-0.129883 -0.984131 0.267090 -0.183005 -9.455255 -7.808211 114716161710.000000
-0.127686 -0.987305 0.270508 -0.793021 -9.394254 -8.235222 114716164758.000000
-0.121826 -0.993652 0.274170 -0.915025 -9.394254 -8.113219 114716167755.000000
-0.115723 -0.994873 0.273682 -0.549015 -8.906240 -8.357226 114716170758.000000
-0.107422 -0.998047 0.280273 -0.854023 -8.723236 -8.479229 114716173753.000000
-0.102783 -1.000000 0.281494 -0.671018 -8.357226 -8.601232 114716176770.000000
-0.097656 -0.998047 0.274414 -1.403038 -8.052217 -8.784237 114716179779.000000
-0.094727 -0.994873 0.269043 -1.708046 -7.442201 -9.150247 114716182811.000000
-0.089355 -0.991699 0.275146 -2.135058 -6.649180 -9.394254 114716185822.000000
-0.088135 -0.989502 0.285645 -2.623071 -5.795156 -9.089245 114716188833.000000
-0.083984 -0.988281 0.283691 -2.379064 -5.002135 -10.065272 114716191854.000000
-0.084229 -0.996338 0.293457 -2.440066 -4.575124 -9.882267 114716194834.000000
-0.082520 -0.995605 0.296387 -2.318063 -3.965107 -10.431282 114716197817.000000
-0.083252 -1.002441 0.298340 -1.952053 -3.538096 -10.675288 114716200797.000000
-0.079834 -1.007568 0.303711 -1.403038 -3.233087 -10.675288 114716203774.000000
-0.077393 -1.008789 0.308838 -0.427012 -3.233087 -10.675288 114716206753.000000
-0.075195 -1.005127 0.311279 0.549015 -3.355091 -10.858293 114716209754.000000
-0.074463 -1.006836 0.307617 0.427012 -3.904105 -10.858293 114716212729.000000
-0.073242 -1.011475 0.306152 0.305008 -3.904105 -10.675288 114716215720.000000
-0.076172 -1.008789 0.301758 0.671018 -3.172086 -10.980296 114716218753.000000
-0.075684 -1.013916 0.302002 0.183005 -2.440066 -11.529311 114716221774.000000
-0.082031 -1.016846 0.317139 0.061002 -1.708046 -11.468310 114716224782.000000
-0.089355 -1.016113 0.331543 0.244007 -0.183005 -11.407308 114716227787.000000
-0.094971 -1.023193 0.350098 0.854023 0.671018 -11.834320 114716230777.000000
-0.096436 -1.025879 0.356201 2.257061 1.525041 -11.468310 114716233764.000000
-0.089355 -1.032959 0.361572 2.318063 2.806076 -11.956323 114716236761.000000
-0.081055 -1.030762 0.353760 2.867077 3.782102 -12.017324 114716239781.000000
-0.076904 -1.030029 0.342773 3.355091 5.368145 -11.773318 114716242777.000000
-0.070313 -1.028564 0.335205 3.782102 6.771183 -12.261331 114716245773.000000
-0.065674 -1.022949 0.333008 3.721100 8.113219 -12.078326 114716248795.000000
-0.065186 -1.016602 0.331299 3.660099 10.004270 -12.139328 114716251787.000000
-0.053711 -1.020264 0.329834 3.660099 11.834320 -11.956323 114716254783.000000
-0.053955 -1.015137 0.336914 4.270115 12.871348 -12.139328 114716257784.000000
-0.050293 -1.010498 0.325195 4.514122 13.969377 -12.017324 114716260781.000000
-0.038818 -1.015625 0.323730 4.392119 15.067407 -11.468310 114716263805.000000
-0.036621 -1.004883 0.315918 4.026109 15.860428 -11.468310 114716266812.000000
-0.041504 -0.995117 0.308594 3.294089 16.348441 -11.346306 114716269808.000000
-0.036377 -0.989746 0.305908 2.806076 16.897456 -11.285305 114716272803.000000
-0.040771 -0.977783 0.305664 2.257061 17.263466 -11.407308 114716275809.000000
-0.044189 -0.966553 0.305176 1.891051 17.202464 -10.858293 114716278804.000000
-0.041504 -0.962158 0.303955 1.220033 17.385469 -11.285305 114716281796.000000
-0.040039 -0.951416 0.302002 1.464040 18.483499 -11.590313 114716284828.000000
-0.042480 -0.942627 0.298096 1.037028 18.788507 -12.444336 114716287882.000000
-0.046875 -0.930176 0.296631 0.488013 19.337522 -11.895321 114716290867.000000
-0.050049 -0.927246 0.299316 -0.122003 20.313548 -12.200329 114716293847.000000
-0.057861 -0.912842 0.311768 0.549015 20.618557 -12.444336 114716296834.000000
-0.055420 -0.905273 0.330566 0.183005 21.472580 -12.505338 114716299819.000000
-0.065430 -0.909180 0.331055 0.122003 22.143598 -13.237357 114716302797.000000
-0.075684 -0.913330 0.326172 0.671018 23.424632 -13.359361 114716305779.000000
-0.076904 -0.908936 0.326416 0.732020 23.607637 -13.725371 114716308842.000000
-0.086182 -0.910645 0.338623 1.098030 23.851644 -13.725371 114716311914.000000
-0.084473 -0.912109 0.322266 0.366010 23.912646 -14.213384 114716314913.000000
-0.089844 -0.916260 0.306396 0.305008 24.095651 -13.908376 114716317924.000000
-0.096191 -0.910156 0.297852 -0.183005 24.217654 -14.152382 114716320919.000000
-0.100098 -0.909424 0.293457 -0.915025 23.851644 -14.213384 114716323913.000000
-0.109619 -0.910645 0.278320 -1.586043 23.912646 -14.091380 114716326911.000000
-0.113281 -0.901123 0.275146 -1.403038 23.180626 -13.969377 114716329908.000000
-0.114746 -0.906494 0.269287 -1.952053 22.692613 -13.908376 114716332907.000000
-0.122314 -0.899414 0.258301 -2.013054 21.960593 -14.213384 114716335929.000000
-0.126709 -0.891113 0.254639 -2.745074 21.411578 -14.091380 114716338927.000000
-0.125488 -0.880371 0.247314 -2.745074 20.618557 -14.335387 114716341921.000000
-0.128906 -0.873291 0.243652 -3.355091 20.069542 -14.518392 114716344922.000000
-0.127441 -0.876709 0.221191 -3.660099 19.337522 -14.640395 114716347935.000000
-0.126465 -0.878174 0.216064 -3.965107 18.544501 -14.030379 114716350934.000000
-0.121094 -0.884766 0.214844 -3.294089 17.812481 -14.213384 114716353951.000000
-0.117920 -0.889160 0.197998 -3.782102 17.324468 -14.823400 114716356958.000000
-0.111816 -0.885986 0.190674 -3.782102 17.263466 -14.457390 114716360013.000000
-0.104980 -0.894775 0.183594 -4.148112 17.385469 -14.701397 114716363012.000000
-0.101563 -0.900391 0.178223 -4.209114 17.385469 -14.823400 114716366024.000000
-0.092773 -0.906738 0.176270 -4.758128 17.324468 -14.274385 114716369029.000000
-0.083252 -0.917480 0.165527 -5.002135 17.080461 -14.213384 114716372022.000000
-0.079346 -0.929199 0.170654 -5.429147 16.714451 -14.640395 114716375017.000000
-0.077393 -0.937744 0.168457 -5.612152 15.799427 -14.274385 114716378014.000000
-0.083252 -0.951416 0.165771 -5.978161 14.762399 -14.091380 114716381031.000000
-0.084229 -0.963867 0.177246 -6.039163 13.664369 -13.908376 114716384055.000000
-0.081299 -0.980469 0.184814 -5.795156 12.078326 -13.481364 114716387073.000000
-0.082031 -0.990479 0.191162 -5.917160 10.980296 -13.664369 114716390068.000000
-0.077393 -1.005859 0.192139 -5.490148 9.821265 -13.176356 114716393057.000000
-0.076172 -1.021484 0.201904 -5.307143 9.150247 -12.993351 114716396041.000000
-0.074219 -1.023438 0.207764 -4.453120 8.418227 -12.444336 114716399031.000000
-0.082764 -1.042480 0.215820 -4.209114 8.174221 -11.834320 114716402037.000000
-0.089600 -1.045898 0.223145 -3.721100 7.686208 -11.285305 114716405046.000000
-0.100586 -1.051514 0.229004 -3.233087 7.320198 -10.126273 114716408063.000000
-0.100586 -1.057373 0.241211 -2.318063 7.259196 -9.150247 114716411052.000000
-0.108643 -1.068848 0.246582 -0.793021 6.893186 -8.052217 114716414034.000000
-0.114014 -1.073486 0.251221 0.305008 6.588178 -7.076191 114716417024.000000
-0.107910 -1.071045 0.254395 1.098030 6.649180 -5.490148 114716420020.000000
-0.104248 -1.064209 0.244873 2.196059 6.466175 -4.514122 114716423005.000000
-0.100342 -1.065918 0.245850 3.111084 6.771183 -3.416092 114716426006.000000
-0.095459 -1.060547 0.249756 3.904105 6.405173 -2.684072 114716429030.000000
-0.086182 -1.052490 0.242188 4.575124 6.710181 -1.708046 114716432062.000000
-0.081299 -1.048096 0.240479 5.002135 7.015189 -0.854023 114716435059.000000
-0.080566 -1.048340 0.238037 5.551150 7.198194 0.000000 114716438058.000000
-0.070801 -1.043701 0.241699 6.283170 7.442201 0.244007 114716441064.000000
-0.070801 -1.039795 0.229980 6.283170 7.320198 1.525041 114716444058.000000
-0.064941 -1.042236 0.227539 6.527176 7.747209 1.830049 114716447060.000000
-0.068848 -1.042969 0.229736 6.405173 7.625206 2.135058 114716450072.000000
-0.067627 -1.042969 0.227539 6.710181 7.198194 2.623071 114716453127.000000
-0.070801 -1.046631 0.242920 7.015189 7.320198 3.111084 114716456182.000000
-0.070313 -1.047363 0.251709 7.259196 6.954188 3.355091 114716459193.000000
-0.065186 -1.044922 0.247559 7.503203 6.649180 3.721100 114716462190.000000
-0.069824 -1.047852 0.264893 7.991216 6.771183 4.087110 114716465190.000000
-0.063232 -1.043457 0.262451 8.723236 6.710181 4.087110 114716468192.000000
-0.062500 -1.044678 0.259766 9.516257 6.588178 3.965107 114716471193.000000
-0.058838 -1.032959 0.280273 8.418227 6.283170 3.843104 114716474200.000000
-0.056885 -1.027100 0.290039 7.686208 6.161166 3.782102 114716477198.000000
-0.045410 -1.024414 0.297119 6.527176 6.405173 3.782102 114716480200.000000
-0.043457 -1.024902 0.295410 7.503203 6.039163 3.294089 114716483201.000000
-0.038086 -1.020508 0.290283 7.381199 6.100165 3.599097 114716486287.000000
-0.044678 -1.016113 0.289063 7.015189 6.039163 4.148112 114716489319.000000
-0.047119 -1.007813 0.288086 6.954188 6.710181 4.209114 114716492312.000000
-0.057617 -1.009277 0.287354 7.137193 6.893186 4.819130 114716495307.000000
-0.064209 -1.003906 0.279053 6.710181 6.771183 5.124138 114716498306.000000
-0.071045 -0.994629 0.283936 6.344171 6.954188 5.551150 114716501306.000000
-0.076660 -0.994141 0.286621 6.710181 7.198194 6.039163 114716504293.000000
-0.082520 -0.988770 0.286865 6.649180 7.381199 6.649180 114716507277.000000
-0.097412 -0.978027 0.290283 6.527176 7.381199 7.015189 114716510277.000000
-0.102051 -0.974854 0.294922 5.978161 7.869212 7.381199 114716513280.000000
-0.114502 -0.971680 0.306152 5.917160 7.198194 8.113219 114716516270.000000
-0.119385 -0.980469 0.309082 6.344171 6.893186 8.601232 114716519264.000000
-0.122559 -0.983154 0.316406 6.527176 6.100165 8.723236 114716522254.000000
-0.126709 -0.986572 0.311768 6.710181 5.612152 8.845239 114716525251.000000
-0.126465 -0.992188 0.319336 7.137193 4.514122 8.906240 114716528266.000000
-0.122314 -0.997070 0.314453 7.015189 4.087110 8.845239 114716531262.000000
-0.125244 -1.000000 0.311768 7.503203 3.965107 8.723236 114716534255.000000
-0.131348 -1.007568 0.311279 7.137193 3.599097 9.028244 114716537261.000000
-0.131592 -1.004883 0.307373 7.198194 3.233087 8.845239 114716540265.000000
-0.135498 -1.011719 0.308350 7.381199 3.111084 8.784237 114716543270.000000
-0.145020 -1.015625 0.298584 7.381199 3.233087 8.906240 114716546292.000000
-0.147461 -1.019043 0.302246 7.198194 2.928079 9.760264 114716549296.000000
-0.158936 -1.020264 0.295410 6.649180 2.867077 9.272250 114716552298.000000
-0.164063 -1.014893 0.297607 6.649180 2.440066 10.248277 114716555303.000000
-0.167725 -1.017578 0.296143 6.344171 2.989081 10.126273 114716558307.000000
-0.169434 -1.016357 0.304932 6.222168 2.806076 10.980296 114716561311.000000
-0.167480 -1.016846 0.306641 5.978161 2.684072 10.980296 114716564305.000000
-0.167969 -1.014648 0.302979 5.673153 2.745074 11.346306 114716567317.000000
-0.166016 -1.021484 0.306396 5.429147 2.684072 12.139328 114716570322.000000
-0.157959 -1.015137 0.304199 5.063137 2.623071 12.383334 114716573322.000000
-0.158691 -1.019287 0.302002 4.697127 2.501068 12.688343 114716576328.000000
-0.155029 -1.022461 0.305664 4.331117 2.196059 12.871348 114716579329.000000
-0.146240 -1.019531 0.306885 4.270115 2.562069 13.298359 114716582325.000000
-0.144287 -1.020996 0.302002 3.782102 2.318063 12.993351 114716585329.000000
-0.144531 -1.017578 0.293945 3.477094 1.708046 13.420362 114716588349.000000
-0.140381 -1.017334 0.300293 2.867077 1.281035 13.725371 114716591349.000000
-0.137207 -1.021240 0.298340 2.684072 1.403038 13.725371 114716594339.000000
-0.135498 -1.027588 0.297119 2.318063 1.342036 13.603367 114716597331.000000
-0.137207 -1.028809 0.306152 2.074056 0.976026 13.847374 114716600328.000000
-0.131592 -1.026123 0.300537 1.647044 1.159031 13.542366 114716603311.000000
-0.135498 -1.029297 0.308105 1.647044 0.793021 14.091380 114716606299.000000
-0.135742 -1.035156 0.310791 1.891051 0.732020 14.396389 114716609298.000000
-0.137695 -1.035400 0.312256 1.830049 0.549015 14.152382 114716612290.000000
-0.138672 -1.042236 0.306885 1.403038 0.244007 13.786372 114716615293.000000
-0.140137 -1.037109 0.316162 1.342036 0.671018 14.152382 114716618292.000000
-0.138428 -1.038818 0.312744 0.915025 0.488013 13.847374 114716621282.000000
-0.138916 -1.042236 0.320801 0.793021 0.183005 13.969377 114716624272.000000
-0.141357 -1.034180 0.319824 0.610016 0.305008 13.786372 114716627272.000000
-0.150146 -1.037354 0.303223 0.671018 0.061002 13.969377 114716630279.000000
-0.151123 -1.028320 0.309082 0.610016 -0.183005 14.091380 114716633290.000000
-0.150146 -1.028809 0.310303 0.549015 -0.427012 13.786372 114716636299.000000
-0.150879 -1.028076 0.309082 0.610016 -0.854023 13.847374 114716639300.000000
-0.153809 -1.033447 0.309814 0.732020 -1.159031 14.152382 114716642301.000000
-0.158447 -1.039551 0.307861 1.403038 -1.708046 13.542366 114716645307.000000
-0.162842 -1.045166 0.311768 1.586043 -2.074056 13.969377 114716648311.000000
-0.165527 -1.053467 0.317139 2.074056 -2.440066 13.664369 114716651314.000000
-0.167236 -1.062988 0.317383 2.562069 -2.562069 14.274385 114716654314.000000
-0.166748 -1.074951 0.327393 3.660099 -2.928079 13.908376 114716657322.000000
-0.169678 -1.080566 0.333984 4.331117 -2.562069 14.091380 114716660329.000000
-0.164551 -1.096436 0.347656 5.551150 -2.196059 14.213384 114716663335.000000
-0.154785 -1.107910 0.360352 7.137193 -1.586043 14.640395 114716666344.000000
-0.147705 -1.116455 0.372559 8.357226 -0.610016 14.335387 114716669347.000000
-0.141602 -1.127441 0.388428 10.370280 0.854023 14.640395 114716672358.000000
-0.130859 -1.136963 0.404053 12.322333 2.074056 15.006405 114716675362.000000
-0.123291 -1.140869 0.415039 14.945404 3.050082 15.067407 114716678373.000000
-0.118652 -1.130371 0.427246 16.592448 4.453120 15.372415 114716681377.000000
-0.107178 -1.127686 0.419922 17.690478 5.429147 15.128408 114716684399.000000
-0.111816 -1.118164 0.416504 19.093516 7.015189 15.372415 114716687894.000000
-0.103516 -1.106201 0.412842 20.191545 7.503203 15.433417 114716690902.000000
-0.107910 -1.100830 0.409424 21.350576 8.052217 15.311413 114716693893.000000
-0.106201 -1.082031 0.404541 22.692613 8.357226 15.372415 114716696889.000000
-0.102539 -1.073486 0.396240 23.546636 8.540231 15.494418 114716699885.000000
-0.105957 -1.070313 0.395752 24.705667 8.357226 15.006405 114716702876.000000
-0.094482 -1.059326 0.392822 25.498688 8.174221 14.884402 114716705876.000000
-0.096924 -1.053955 0.384033 26.108705 8.174221 14.396389 114716708875.000000
-0.097168 -1.043945 0.381592 26.413713 7.503203 13.908376 114716711906.000000
-0.091797 -1.037598 0.376709 27.023730 7.625206 13.603367 114716714899.000000
-0.089355 -1.032227 0.381836 27.816751 7.137193 13.054352 114716717900.000000
-0.086182 -1.016846 0.364990 28.060758 7.015189 12.322333 114716720893.000000
-0.086182 -1.008545 0.355225 28.182761 7.076191 11.651315 114716723882.000000
-0.094238 -0.994385 0.348633 28.365766 6.710181 11.041298 114716726886.000000
-0.095703 -0.986084 0.340332 28.365766 6.588178 10.126273 114716729905.000000
-0.099365 -0.977051 0.333252 27.999756 6.222168 9.943268 114716732908.000000
-0.110107 -0.968018 0.316895 27.755749 6.222168 9.821265 114716735971.000000
-0.117676 -0.965088 0.317383 27.938754 6.222168 9.638260 114716738982.000000
-0.118896 -0.952637 0.313232 27.877753 5.917160 9.455255 114716741984.000000
-0.126465 -0.951416 0.307373 27.450741 6.405173 9.272250 114716744993.000000
-0.130371 -0.945313 0.311768 27.084731 6.283170 8.906240 114716747998.000000
-0.134521 -0.941406 0.313965 27.145733 7.198194 9.089245 114716751002.000000
-0.132324 -0.944336 0.312988 26.840725 7.076191 9.028244 114716754027.000000
-0.136475 -0.937500 0.327393 26.535716 8.052217 9.028244 114716757040.000000
-0.138672 -0.938721 0.327393 26.169707 8.357226 9.028244 114716760076.000000
-0.140625 -0.936523 0.335205 25.803697 8.906240 8.723236 114716763079.000000
-0.146484 -0.938721 0.341797 25.742695 9.577259 8.540231 114716766102.000000
-0.149414 -0.938232 0.349609 25.986702 10.248277 8.601232 114716769116.000000
-0.155029 -0.931396 0.355469 26.291710 10.736290 8.784237 114716772123.000000
-0.156250 -0.934326 0.345947 26.413713 11.163301 8.845239 114716775133.000000
-0.159668 -0.925537 0.347168 26.352712 11.773318 8.845239 114716778148.000000
-0.160400 -0.923584 0.347656 26.718721 11.895321 8.662234 114716781159.000000
-0.158447 -0.912354 0.344238 26.291710 12.139328 7.747209 114716784172.000000
-0.166260 -0.909912 0.347656 26.413713 12.444336 7.808211 114716787185.000000
-0.164063 -0.899414 0.344238 25.681693 11.895321 7.381199 114716790206.000000
-0.160156 -0.902100 0.339600 25.559690 12.261331 6.954188 114716793208.000000
-0.163330 -0.894287 0.335449 25.254682 11.529311 5.978161 114716796282.000000
-0.166016 -0.888184 0.335449 24.888672 11.773318 6.039163 114716799295.000000
-0.169434 -0.883057 0.337891 24.400659 11.041298 5.856158 114716802292.000000
-0.173096 -0.878418 0.328857 24.034649 10.858293 5.734155 114716805284.000000
-0.173340 -0.869141 0.315918 23.424632 10.675288 5.429147 114716808344.000000
-0.171143 -0.860596 0.307129 22.326603 10.431282 5.246142 114716811344.000000
-0.173340 -0.847656 0.313232 20.984567 10.614287 5.063137 114716814336.000000
-0.178467 -0.838379 0.312988 19.520527 11.163301 4.575124 114716817336.000000
-0.179443 -0.831055 0.319336 18.544501 11.407308 4.148112 114716820334.000000
-0.179443 -0.822754 0.330078 17.873483 11.895321 4.148112 114716823334.000000
-0.177002 -0.826904 0.337158 17.202464 11.346306 4.209114 114716826331.000000
-0.173340 -0.834473 0.339844 16.958458 10.919295 4.209114 114716829333.000000
-0.169434 -0.837402 0.335205 16.897456 10.248277 3.904105 114716832329.000000
-0.163818 -0.850098 0.328613 16.897456 9.089245 3.660099 114716835328.000000
-0.153320 -0.855957 0.320557 16.836455 8.296224 3.599097 114716838350.000000
-0.152344 -0.857666 0.319580 17.202464 7.625206 3.355091 114716841358.000000
-0.156982 -0.858398 0.316895 16.714451 7.259196 3.233087 114716844359.000000
-0.152100 -0.856689 0.310547 16.836455 7.198194 2.745074 114716847374.000000
-0.161865 -0.850586 0.307617 16.409443 7.869212 2.745074 114716850382.000000
-0.181641 -0.845459 0.318115 16.836455 8.418227 2.562069 114716853396.000000
-0.190430 -0.841797 0.327393 16.592448 8.662234 2.562069 114716856417.000000
-0.204834 -0.840088 0.335938 15.860428 9.272250 2.867077 114716859430.000000
-0.220703 -0.835938 0.355225 15.921430 9.089245 3.111084 114716862457.000000
-0.222412 -0.844727 0.375732 16.104435 9.028244 3.172086 114716865463.000000
-0.211670 -0.852539 0.355957 16.409443 8.845239 3.538096 114716868469.000000
-0.203369 -0.853516 0.338867 16.104435 8.967242 2.684072 114716871480.000000
-0.196777 -0.862305 0.323242 15.738425 9.516257 3.050082 114716874487.000000
-0.192139 -0.863525 0.311279 15.372415 9.394254 2.928079 114716877498.000000
-0.187988 -0.870117 0.299072 14.640395 9.272250 2.623071 114716880511.000000
-0.190186 -0.867920 0.288818 14.518392 8.967242 2.501068 114716883513.000000
-0.188965 -0.866699 0.274414 13.664369 8.235222 2.501068 114716886547.000000
-0.193115 -0.863037 0.275635 13.298359 7.869212 2.623071 114716889594.000000
-0.188965 -0.857910 0.266602 12.566339 7.259196 2.318063 114716892597.000000
-0.188721 -0.839844 0.252930 12.322333 6.893186 2.379064 114716895619.000000
-0.193115 -0.828613 0.244141 10.797292 6.039163 2.013054 114716898637.000000
-0.203369 -0.811035 0.250000 9.760264 5.185140 2.135058 114716901634.000000
-0.215332 -0.795654 0.243408 8.296224 3.965107 2.318063 114716904624.000000
-0.223145 -0.784668 0.237549 6.954188 3.050082 2.196059 114716907693.000000
-0.234619 -0.779053 0.243164 5.185140 1.342036 1.830049 114716910699.000000
-0.235596 -0.784180 0.241211 3.538096 -0.488013 1.708046 114716913695.000000
-0.230225 -0.791016 0.240967 2.135058 -2.257061 1.586043 114716916689.000000
-0.232178 -0.806396 0.240479 1.403038 -4.453120 0.732020 114716919693.000000
-0.227539 -0.821533 0.236816 0.061002 -5.856158 0.427012 114716922687.000000
-0.222656 -0.835938 0.230469 -0.915025 -7.259196 0.366010 114716925682.000000
-0.222656 -0.851807 0.233154 -1.464040 -7.991216 0.000000 114716928686.000000
-0.223389 -0.866699 0.236816 -2.501068 -8.906240 -0.366010 114716931674.000000
-0.228516 -0.874512 0.240723 -3.294089 -9.577259 -0.305008 114716934678.000000
-0.236572 -0.875000 0.253662 -4.270115 -10.919295 -0.671018 114716937817.000000
-0.240723 -0.883545 0.261230 -4.758128 -11.651315 -1.220033 114716940830.000000
-0.250244 -0.890625 0.269775 -5.917160 -12.505338 -0.976026 114716943870.000000
-0.249756 -0.894287 0.277100 -6.771183 -13.481364 -1.891051 114716946884.000000
-0.253906 -0.901367 0.279053 -7.320198 -14.762399 -1.952053 114716949894.000000
-0.248047 -0.902344 0.282715 -7.686208 -15.921430 -1.525041 114716952899.000000
-0.240234 -0.917969 0.285889 -7.869212 -16.714451 -1.586043 114716955911.000000
-0.224854 -0.919922 0.281982 -8.235222 -17.202464 -1.647044 114716958919.000000
-0.222168 -0.922363 0.283936 -8.479229 -18.239492 -2.013054 114716961925.000000
-0.211914 -0.926270 0.279297 -8.418227 -18.483499 -1.708046 114716964939.000000
-0.202148 -0.925049 0.281738 -8.723236 -18.605502 -1.525041 114716968002.000000
-0.191650 -0.924316 0.275635 -8.784237 -18.422497 -1.708046 114716971007.000000
-0.185791 -0.923096 0.274658 -9.150247 -18.178491 -1.769048 114716974011.000000
-0.174805 -0.915039 0.273438 -9.699262 -17.934484 -2.013054 114716977025.000000
-0.171387 -0.910156 0.263916 -9.821265 -17.385469 -1.708046 114716980146.000000
-0.166016 -0.905518 0.258789 -10.370280 -17.141463 -1.464040 114716983177.000000
-0.156250 -0.899902 0.263184 -11.041298 -16.409443 -1.769048 114716986207.000000
-0.153320 -0.902832 0.262451 -11.834320 -16.897456 -1.891051 114716989246.000000
-0.147705 -0.893066 0.263428 -12.139328 -16.409443 -2.135058 114716992249.000000
-0.145508 -0.893311 0.256836 -13.298359 -16.897456 -1.891051 114716995242.000000
-0.139404 -0.896240 0.267578 -13.664369 -17.019460 -2.501068 114716998244.000000
-0.134766 -0.895752 0.266357 -14.274385 -17.751479 -2.501068 114717001253.000000
-0.127930 -0.895264 0.265137 -15.006405 -19.032514 -2.989081 114717004245.000000
-0.126465 -0.905518 0.268066 -15.860428 -19.459525 -3.477094 114717007253.000000
-0.116699 -0.908203 0.263916 -16.287440 -20.679558 -3.416092 114717010266.000000
-0.121094 -0.918945 0.264893 -16.836455 -21.289575 -4.148112 114717013262.000000
-0.114014 -0.926514 0.270752 -17.263466 -22.509608 -4.453120 114717016282.000000
-0.111572 -0.931396 0.275879 -17.263466 -23.241628 -4.758128 114717019296.000000
-0.109375 -0.936768 0.283936 -17.690478 -23.668639 -5.002135 114717022291.000000
-0.114990 -0.940430 0.299805 -17.629476 -24.339657 -5.490148 114717026938.000000
-0.112549 -0.945068 0.308594 -17.507473 -25.254682 -5.612152 114717030058.000000
-0.110840 -0.947754 0.319824 -17.263466 -25.620692 -5.612152 114717033093.000000
-0.118408 -0.946533 0.315674 -17.263466 -25.742695 -5.551150 114717036104.000000
-0.120361 -0.947754 0.312012 -16.958458 -25.986702 -5.490148 114717039129.000000
-0.122559 -0.951660 0.317627 -16.897456 -26.474715 -5.673153 114717042147.000000
-0.130371 -0.948975 0.311035 -17.019460 -26.596718 -5.551150 114717045281.000000
-0.127930 -0.951660 0.315430 -16.470445 -27.145733 -5.490148 114717048314.000000
-0.139160 -0.950195 0.304199 -16.958458 -27.572744 -5.185140 114717051329.000000
-0.138916 -0.955811 0.297852 -16.653450 -28.182761 -5.063137 114717054343.000000
-0.141602 -0.951904 0.295654 -16.836455 -27.938754 -4.453120 114717057366.000000
-0.139893 -0.949707 0.287354 -16.775453 -28.121759 -4.209114 114717060383.000000
-0.142822 -0.948975 0.298340 -17.080461 -28.060758 -3.599097 114717063395.000000
-0.149414 -0.947266 0.292236 -17.446471 -28.304764 -3.416092 114717066416.000000
-0.147461 -0.951172 0.303223 -17.324468 -28.182761 -2.806076 114717069453.000000
-0.156006 -0.948486 0.304443 -17.263466 -28.731776 -2.867077 114717072468.000000
-0.155518 -0.953857 0.301514 -17.019460 -28.426768 -2.074056 114717075476.000000
-0.158691 -0.960449 0.310791 -16.958458 -28.731776 -1.769048 114717078489.000000
-0.157471 -0.971436 0.317871 -16.409443 -29.097786 -1.464040 114717081498.000000
-0.162842 -0.980957 0.312256 -16.104435 -29.524797 -1.281035 114717084509.000000
-0.166260 -1.000488 0.317139 -15.555420 -29.707802 -1.342036 114717087842.000000
-0.163330 -1.016113 0.320801 -14.945404 -30.195815 -1.098030 114717090873.000000
-0.160889 -1.031250 0.319580 -14.152382 -30.378820 -0.976026 114717093872.000000
-0.170410 -1.044922 0.325195 -13.542366 -30.439822 -1.464040 114717096873.000000
-0.179932 -1.054932 0.327881 -12.627341 -30.378820 -0.793021 114717099875.000000
-0.184326 -1.070801 0.326172 -11.773318 -29.890807 -0.854023 114717102870.000000
-0.197021 -1.075684 0.325928 -10.309278 -29.341792 -0.793021 114717105872.000000
-0.198242 -1.078613 0.319092 -9.516257 -29.646800 -0.427012 114717108871.000000
-0.211670 -1.071045 0.336426 -9.150247 -30.195815 -0.244007 114717111898.000000
-0.221680 -1.069336 0.343994 -10.187275 -29.951809 0.366010 114717114894.000000
-0.227539 -1.064209 0.352783 -10.492283 -30.317819 0.305008 114717117900.000000
-0.232422 -1.061523 0.358643 -9.882267 -31.232843 0.549015 114717120897.000000
-0.234131 -1.065918 0.344727 -9.150247 -32.391875 1.037028 114717123888.000000
-0.239014 -1.058350 0.328369 -9.211249 -32.818886 1.281035 114717126889.000000
-0.234131 -1.065918 0.319336 -9.516257 -33.428903 1.769048 114717129903.000000
-0.235596 -1.056885 0.303955 -9.394254 -34.282926 1.891051 114717132908.000000
-0.232910 -1.051758 0.289063 -9.516257 -35.014945 1.952053 114717135969.000000
-0.231201 -1.038574 0.296875 -9.760264 -35.624962 2.379064 114717139000.000000
-0.232666 -1.029541 0.287109 -10.431282 -36.112975 2.806076 114717142012.000000
-0.231689 -1.014893 0.279053 -10.675288 -36.417983 2.745074 114717145029.000000
-0.226074 -1.012451 0.267822 -11.529311 -37.455011 2.806076 114717148041.000000
-0.219482 -1.000000 0.260986 -12.444336 -38.370036 2.745074 114717151053.000000
-0.208984 -1.001709 0.250977 -12.993351 -39.529067 2.013054 114717154078.000000
-0.200928 -0.998535 0.237305 -13.786372 -40.444092 2.562069 114717157147.000000
-0.189453 -0.995361 0.219727 -14.396389 -41.237113 2.074056 114717160181.000000
-0.179199 -0.991211 0.215820 -15.189410 -41.542122 1.525041 114717163204.000000
-0.171875 -0.986084 0.215332 -16.348441 -41.908132 1.220033 114717166231.000000
-0.162354 -0.979492 0.211426 -17.263466 -41.786128 0.732020 114717169248.000000
-0.159668 -0.979736 0.211670 -18.544501 -41.481120 0.671018 114717172254.000000
-0.150146 -0.969238 0.217529 -19.337522 -41.298115 -0.122003 114717175270.000000
-0.142822 -0.975830 0.226074 -19.703532 -40.810102 -0.305008 114717178295.000000
-0.130127 -0.977783 0.229248 -20.435552 -40.444092 -0.793021 114717181306.000000
-0.112793 -0.981445 0.244385 -20.557555 -39.468066 -1.037028 114717184330.000000
-0.103271 -0.988281 0.251709 -20.618557 -38.675044 -1.525041 114717187349.000000
-0.085693 -0.991943 0.261963 -20.618557 -37.821021 -2.013054 114717190424.000000
-0.080811 -0.989502 0.264648 -20.374550 -36.844995 -2.623071 114717193424.000000
-0.062012 -0.986572 0.268555 -20.252547 -36.356982 -2.989081 114717196437.000000
-0.049072 -0.988770 0.269775 -20.008540 -35.380955 -3.599097 114717199444.000000
-0.038086 -0.993652 0.276611 -19.947539 -33.855914 -3.965107 114717202448.000000
-0.025146 -0.984619 0.277344 -19.642530 -32.696883 -4.697127 114717205448.000000
-0.009766 -0.984863 0.275391 -19.093516 -31.476850 -4.575124 114717208452.000000
-0.004150 -0.979736 0.276611 -18.727506 -30.500824 -5.490148 114717211444.000000
-0.004395 -0.979980 0.296387 -18.483499 -28.914781 -5.551150 114717214469.000000
0.001953 -0.981689 0.281250 -18.056488 -28.243763 -5.734155 114717217474.000000
0.002930 -0.973145 0.292969 -17.873483 -26.657720 -6.222168 114717220481.000000
0.011963 -0.976318 0.306641 -17.263466 -25.437687 -6.527176 114717223487.000000
0.023193 -0.974121 0.312256 -17.019460 -24.583664 -6.527176 114717226486.000000
0.020020 -0.978760 0.322021 -16.043433 -23.546636 -6.710181 114717229493.000000
0.022461 -0.980713 0.323486 -15.677423 -22.387604 -6.771183 114717232496.000000
0.026123 -0.981201 0.329834 -14.457390 -21.289575 -7.137193 114717235505.000000
0.031494 -0.982666 0.331543 -13.542366 -20.252547 -7.381199 114717238560.000000
0.026611 -0.982666 0.334717 -12.383334 -19.337522 -7.564204 114717241605.000000
0.034912 -0.978760 0.343506 -11.346306 -18.361496 -7.686208 114717244617.000000
0.043701 -0.983643 0.343994 -10.065272 -17.568474 -8.113219 114717247710.000000
0.047607 -0.979980 0.346680 -9.333252 -16.531446 -7.930214 114717250733.000000
0.050293 -0.970215 0.351807 -8.357226 -15.616422 -8.418227 114717253743.000000
0.052979 -0.970947 0.346436 -7.320198 -14.335387 -8.662234 114717256761.000000
0.048584 -0.967041 0.347900 -6.466175 -13.359361 -8.662234 114717259771.000000
0.051270 -0.963623 0.335205 -5.673153 -12.200329 -8.662234 114717262778.000000
0.041992 -0.955811 0.336426 -5.124138 -10.919295 -8.906240 114717265795.000000
0.037354 -0.957275 0.330566 -4.941133 -9.699262 -8.967242 114717268809.000000
0.031250 -0.956299 0.319092 -4.087110 -8.784237 -8.662234 114717271858.000000
0.030518 -0.958008 0.314453 -4.026109 -7.381199 -8.906240 114717274886.000000
0.020752 -0.957764 0.314209 -3.904105 -6.405173 -8.662234 114717277898.000000
0.013428 -0.957275 0.312256 -3.355091 -5.673153 -8.601232 114717280920.000000
0.007080 -0.964600 0.315186 -3.355091 -4.941133 -8.113219 114717283931.000000
0.007080 -0.968994 0.313232 -3.233087 -3.782102 -7.808211 114717287251.000000
0.002197 -0.980225 0.312744 -2.501068 -2.806076 -7.747209 114717290295.000000
-0.004883 -0.980713 0.312500 -2.013054 -1.952053 -7.625206 114717293301.000000
-0.012207 -0.986572 0.317871 -1.403038 -1.403038 -7.625206 114717296322.000000
-0.025879 -0.988770 0.306885 -0.793021 -0.549015 -7.381199 114717299331.000000
-0.029297 -0.995850 0.320557 -0.122003 0.427012 -7.076191 114717302329.000000
-0.041016 -0.994141 0.310547 0.854023 1.647044 -6.832184 114717305423.000000
-0.045166 -1.000732 0.316895 1.525041 2.135058 -6.649180 114717308470.000000
-0.046875 -0.999756 0.327393 1.891051 2.989081 -6.649180 114717311480.000000
-0.052979 -1.000488 0.327881 2.440066 3.965107 -6.405173 114717314480.000000
-0.054932 -1.003906 0.330566 2.684072 4.636125 -6.161166 114717317488.000000
-0.061523 -1.002441 0.333252 3.538096 5.124138 -5.917160 114717320501.000000
-0.062012 -1.003418 0.329590 3.843104 6.100165 -6.161166 114717323511.000000
-0.062500 -1.001221 0.335938 4.392119 6.649180 -5.246142 114717326532.000000
-0.065186 -1.007813 0.330811 4.941133 7.503203 -5.490148 114717329540.000000
-0.062012 -1.015137 0.329590 5.185140 7.869212 -5.185140 114717332537.000000
-0.065430 -1.009277 0.326416 5.551150 8.418227 -5.002135 114717335545.000000
-0.065186 -1.015137 0.330322 5.917160 9.150247 -4.697127 114717338576.000000
-0.065430 -1.014648 0.323975 6.100165 9.516257 -4.453120 114717341598.000000
-0.066406 -1.012451 0.322021 6.344171 10.736290 -4.880132 114717344614.000000
-0.062744 -1.013916 0.326172 6.466175 10.919295 -4.575124 114717347694.000000
-0.056885 -1.003906 0.316895 7.076191 11.834320 -4.514122 114717350713.000000
-0.052002 -1.004883 0.313232 6.893186 12.749344 -4.453120 114717353730.000000
-0.049072 -0.998535 0.318359 7.076191 13.481364 -4.453120 114717356744.000000
-0.049561 -0.994385 0.318115 7.198194 14.274385 -4.636125 114717359761.000000
-0.045898 -0.989990 0.315918 7.259196 14.823400 -4.148112 114717362774.000000
-0.044189 -0.988770 0.315918 7.503203 15.311413 -4.636125 114717365805.000000
-0.034668 -0.979492 0.324219 7.686208 16.043433 -4.270115 114717375190.000000
-0.031494 -0.979980 0.322021 8.052217 16.165436 -4.575124 114717378575.000000
-0.034912 -0.979980 0.317383 7.747209 16.104435 -4.514122 114717381657.000000
-0.030029 -0.981934 0.322754 8.174221 15.189410 -4.819130 114717384686.000000
-0.035156 -0.977783 0.327148 8.296224 15.006405 -4.941133 114717387823.000000
-0.032471 -0.976563 0.328857 8.174221 14.213384 -5.063137 114717390899.000000
-0.034668 -0.979492 0.322998 8.113219 13.969377 -5.002135 114717394136.000000
-0.033447 -0.979736 0.324219 8.113219 13.176356 -5.673153 114717397255.000000
-0.029053 -0.969971 0.324951 8.235222 12.383334 -5.612152 114717400322.000000
-0.034668 -0.971191 0.318115 7.808211 11.834320 -5.917160 114717403353.000000
-0.032715 -0.965820 0.315186 7.808211 10.980296 -6.222168 114717406429.000000
-0.035400 -0.965332 0.317383 7.625206 10.431282 -6.588178 114717409481.000000
-0.038574 -0.966309 0.310547 7.320198 10.126273 -7.137193 114717412543.000000
-0.040039 -0.959229 0.309814 7.137193 9.577259 -7.259196 114717415589.000000
-0.046387 -0.964355 0.312256 6.588178 8.784237 -7.503203 114717418645.000000
-0.050781 -0.963623 0.313232 6.039163 8.601232 -7.564204 114717421684.000000
-0.055908 -0.970703 0.312256 6.100165 8.174221 -7.564204 114717424847.000000
-0.061768 -0.966064 0.316895 5.307143 7.808211 -7.198194 114717427893.000000
-0.063232 -0.968750 0.312256 5.002135 7.442201 -7.564204 114717430914.000000
-0.066650 -0.971924 0.311035 4.819130 7.076191 -7.015189 114717433949.000000
-0.068604 -0.975830 0.309570 4.758128 6.283170 -6.527176 114717437018.000000
-0.070313 -0.978271 0.310547 4.392119 6.039163 -6.527176 114717440110.000000
-0.067383 -0.979980 0.292969 4.026109 5.063137 -6.222168 114717443143.000000
-0.058838 -0.976807 0.292969 3.233087 4.575124 -6.344171 114717446293.000000
-0.057129 -0.980713 0.282471 2.379064 4.026109 -6.405173 114717449341.000000
-0.056152 -0.976563 0.281006 1.464040 3.782102 -6.710181 114717452376.000000
-0.059326 -0.975586 0.292969 0.366010 3.538096 -6.771183 114717455407.000000
-0.056396 -0.979248 0.296631 0.244007 2.989081 -7.015189 114717458449.000000
-0.057129 -0.987549 0.304688 -0.061002 2.318063 -7.076191 114717461465.000000
-0.060547 -0.986328 0.306152 -0.122003 2.135058 -6.954188 114717464493.000000
-0.057617 -0.985840 0.307129 -0.183005 1.098030 -6.588178 114717467535.000000
-0.047363 -0.988525 0.307129 -0.244007 -0.244007 -6.588178 114717470601.000000
-0.047363 -0.984375 0.305664 0.061002 -1.525041 -6.283170 114717473635.000000
-0.040283 -0.983154 0.302246 0.427012 -2.196059 -6.466175 114717476681.000000
-0.033936 -0.979492 0.292969 0.244007 -2.867077 -5.917160 114717479719.000000
-0.025146 -0.964600 0.267578 -0.366010 -3.172086 -6.222168 114717482760.000000
-0.020996 -0.958008 0.276855 -1.098030 -2.928079 -6.527176 114717485806.000000
-0.021973 -0.948975 0.287354 -1.464040 -2.135058 -6.771183 114717488862.000000
-0.023926 -0.946533 0.310791 -1.647044 -1.159031 -6.466175 114717491932.000000
-0.030029 -0.942871 0.324463 -1.952053 -1.281035 -6.283170 114717494961.000000
-0.023438 -0.949707 0.328369 -1.220033 -1.830049 -6.466175 114717498002.000000
-0.009277 -0.957764 0.325195 -0.549015 -1.464040 -6.161166 114717501039.000000
-0.001465 -0.958008 0.311279 -0.244007 -1.952053 -6.100165 114717504090.000000
0.008057 -0.954590 0.299072 -0.366010 -1.159031 -5.978161 114717507136.000000
0.015137 -0.952881 0.289551 -0.549015 -0.488013 -6.100165 114717510165.000000
0.014893 -0.944580 0.283691 -1.098030 -0.183005 -5.917160 114717513255.000000
0.020508 -0.943848 0.291504 -1.586043 0.488013 -5.612152 114717516297.000000
0.017822 -0.943604 0.298828 -1.586043 0.732020 -5.673153 114717519329.000000
0.018311 -0.949219 0.310303 -2.257061 0.671018 -6.100165 114717522360.000000
0.019287 -0.947998 0.317627 -2.135058 -0.061002 -5.734155 114717525392.000000
0.029297 -0.952148 0.318604 -2.379064 -0.183005 -5.734155 114717528432.000000
0.026611 -0.954834 0.316895 -3.111084 -0.793021 -5.856158 114717531455.000000
0.028320 -0.951416 0.308594 -3.355091 -1.098030 -5.978161 114717534470.000000
0.025635 -0.954834 0.312256 -4.270115 -1.098030 -6.039163 114717537522.000000
0.026123 -0.951904 0.315186 -4.331117 -1.159031 -6.222168 114717540570.000000
0.018799 -0.952148 0.317627 -4.453120 -1.281035 -5.917160 114717543607.000000
0.019775 -0.950439 0.317871 -5.124138 -1.647044 -6.222168 114717546651.000000
0.014404 -0.956543 0.319092 -5.429147 -1.464040 -6.344171 114717549694.000000
0.014648 -0.956055 0.322998 -5.307143 -1.098030 -6.222168 114717552733.000000
0.008057 -0.956543 0.317139 -5.612152 -1.098030 -6.283170 114717555773.000000
0.009033 -0.961914 0.325684 -5.551150 -1.098030 -6.405173 114717558826.000000
0.004150 -0.960205 0.324951 -5.856158 -1.037028 -6.344171 114717561876.000000
0.001465 -0.963379 0.321533 -6.100165 -0.915025 -5.978161 114717564938.000000
-0.000488 -0.966064 0.333252 -5.978161 -0.732020 -5.978161 114717568044.000000
0.001953 -0.969727 0.332520 -6.100165 -0.854023 -5.673153 114717571081.000000
0.000000 -0.972900 0.337402 -5.551150 -0.854023 -5.734155 114717574121.000000
0.004150 -0.976563 0.331299 -5.368145 -0.793021 -5.490148 114717577167.000000
0.003906 -0.980225 0.332031 -5.307143 -0.854023 -5.307143 114717580207.000000
0.004883 -0.979248 0.330566 -4.758128 -0.793021 -4.819130 114717583236.000000
0.007568 -0.984863 0.322021 -4.392119 -0.610016 -4.941133 114717586282.000000
0.006348 -0.977051 0.319580 -4.331117 -0.732020 -4.514122 114717589329.000000
0.006592 -0.978760 0.320068 -3.904105 -0.427012 -4.636125 114717592372.000000
-0.000977 -0.979248 0.317627 -3.965107 -0.366010 -4.819130 114717595389.000000
0.001709 -0.977539 0.313965 -3.843104 -0.549015 -4.148112 114717598456.000000
0.003174 -0.976807 0.309326 -3.965107 -0.244007 -4.209114 114717601481.000000
0.001221 -0.977295 0.312500 -4.087110 -0.488013 -3.660099 114717604492.000000
0.002197 -0.978516 0.308350 -4.087110 -0.122003 -3.721100 114717607514.000000
-0.002930 -0.976563 0.313721 -4.453120 0.000000 -3.416092 114717610542.000000
0.000244 -0.978760 0.310791 -4.270115 -0.305008 -2.867077 114717613555.000000
0.003418 -0.976807 0.312256 -4.514122 -0.244007 -2.806076 114717616579.000000
0.002686 -0.977783 0.317383 -4.392119 0.061002 -2.684072 114717619604.000000
0.004150 -0.978516 0.310791 -4.514122 -0.183005 -2.562069 114717622621.000000
0.000977 -0.978027 0.313721 -4.758128 0.183005 -2.562069 114717625656.000000
0.007813 -0.978760 0.311035 -4.880132 0.122003 -2.440066 114717628819.000000
0.000977 -0.982422 0.312988 -5.185140 -0.183005 -2.196059 114717632999.000000
0.002686 -0.977295 0.315186 -5.429147 -0.061002 -2.196059 114717636418.000000
0.002197 -0.974121 0.314941 -5.612152 -0.122003 -2.013054 114717639571.000000
-0.003662 -0.975830 0.318359 -5.551150 -0.122003 -1.830049 114717642611.000000
0.000488 -0.972900 0.318115 -6.100165 0.000000 -1.769048 114717645621.000000
-0.004395 -0.970459 0.310059 -6.344171 0.305008 -1.708046 114717648640.000000
0.000977 -0.971924 0.312744 -6.405173 0.122003 -1.525041 114717651638.000000
-0.000732 -0.969971 0.313721 -6.588178 0.122003 -1.220033 114717654634.000000
0.001953 -0.975586 0.314697 -6.466175 0.366010 -1.464040 114717657772.000000
-0.000488 -0.969482 0.316406 -7.015189 0.549015 -1.159031 114717660787.000000
-0.002441 -0.970215 0.314209 -7.076191 0.732020 -1.159031 114717663795.000000
-0.003906 -0.968506 0.314453 -7.259196 0.671018 -1.159031 114717666797.000000
-0.006104 -0.973145 0.313721 -7.747209 0.427012 -0.915025 114717669807.000000
-0.004395 -0.970215 0.312744 -7.686208 0.488013 -1.159031 114717672825.000000
-0.005859 -0.969727 0.312012 -7.869212 0.488013 -0.854023 114717675825.000000
-0.006836 -0.971924 0.307617 -8.174221 0.183005 -0.732020 114717678843.000000
-0.007324 -0.972168 0.309082 -8.052217 0.549015 -0.549015 114717681852.000000
-0.004883 -0.976318 0.311523 -8.052217 0.671018 -0.671018 114717684850.000000
-0.004639 -0.973389 0.307129 -8.235222 0.244007 -0.488013 114717687888.000000
-0.005371 -0.981201 0.305908 -7.808211 0.366010 -0.549015 114717690910.000000
-0.006348 -0.981201 0.307617 -8.357226 0.671018 -0.488013 114717693935.000000
-0.009033 -0.977783 0.302490 -8.113219 0.244007 -0.122003 114717696941.000000
-0.006104 -0.983154 0.309082 -7.991216 0.000000 -0.061002 114717699952.000000
-0.003662 -0.984131 0.302246 -7.930214 0.122003 0.244007 114717702960.000000
-0.003906 -0.982422 0.298340 -8.235222 0.000000 0.122003 114717705960.000000
-0.006592 -0.982666 0.300049 -8.235222 -0.061002 0.366010 114717709006.000000
-0.005127 -0.986084 0.298584 -8.235222 -0.061002 0.488013 114717712029.000000
-0.006348 -0.982422 0.297852 -8.235222 -0.244007 0.305008 114717715031.000000
-0.008057 -0.978760 0.293213 -8.601232 -0.305008 0.793021 114717718038.000000
-0.006348 -0.978516 0.291992 -8.601232 -0.366010 1.159031 114717721040.000000
-0.002441 -0.972656 0.283203 -8.967242 -0.732020 1.037028 114717724039.000000
-0.003174 -0.970215 0.286621 -9.211249 -0.366010 1.342036 114717727046.000000
-0.004150 -0.972412 0.285889 -9.516257 -0.244007 1.098030 114717730048.000000
-0.003418 -0.974609 0.282959 -9.638260 -0.427012 1.586043 114717733049.000000
-0.003418 -0.976074 0.283203 -9.272250 0.183005 1.220033 114717736084.000000
-0.000977 -0.977783 0.290039 -8.723236 0.122003 2.013054 114717739111.000000
-0.000244 -0.985107 0.278564 -7.686208 0.244007 2.196059 114717742121.000000
0.003418 -0.982910 0.276611 -7.747209 0.549015 2.440066 114717745138.000000
-0.009033 -0.975098 0.291992 -8.418227 0.122003 2.501068 114717748151.000000
-0.010742 -0.967773 0.309326 -10.126273 0.549015 2.501068 114717751168.000000
-0.003906 -0.969238 0.302979 -9.638260 0.244007 2.745074 114717754179.000000
0.000732 -0.965576 0.308350 -8.906240 -0.244007 2.684072 114717757195.000000
-0.003174 -0.969727 0.296631 -9.150247 -0.366010 3.172086 114717760206.000000
0.000244 -0.972656 0.289307 -9.577259 -0.732020 2.562069 114717763221.000000
0.004395 -0.976074 0.276123 -9.394254 -0.671018 3.172086 114717766232.000000
0.003906 -0.971191 0.274170 -9.272250 -0.976026 3.050082 114717769253.000000
0.000977 -0.974121 0.270996 -9.455255 -0.793021 3.050082 114717772259.000000
-0.001953 -0.964844 0.274414 -9.821265 -0.671018 2.989081 114717775271.000000
-0.005615 -0.963623 0.279541 -10.187275 -0.610016 3.294089 114717778295.000000
-0.007813 -0.966553 0.276611 -10.248277 -0.244007 2.806076 114717781303.000000
-0.013184 -0.963135 0.277588 -10.492283 -0.122003 3.233087 114717784311.000000
-0.010742 -0.967285 0.278564 -10.126273 0.000000 3.111084 114717787315.000000
-0.013184 -0.973633 0.277588 -10.187275 0.122003 3.477094 114717790642.000000
-0.016113 -0.974609 0.279053 -10.553285 -0.305008 3.416092 114717793668.000000
-0.017578 -0.970215 0.284912 -10.736290 0.000000 3.355091 114717796671.000000
-0.018311 -0.972656 0.288086 -10.858293 -0.366010 4.209114 114717799673.000000
-0.016602 -0.969482 0.295898 -10.736290 -0.244007 4.026109 114717802667.000000
-0.015625 -0.970703 0.294434 -10.980296 -0.427012 4.026109 114717805661.000000
-0.014648 -0.975830 0.292480 -11.041298 -0.671018 4.209114 114717808669.000000
-0.020508 -0.971924 0.296875 -11.224303 -0.549015 4.087110 114717811658.000000
-0.017334 -0.973877 0.293701 -11.102300 -0.427012 4.392119 114717814649.000000
-0.016602 -0.973145 0.287598 -11.163301 -0.793021 3.904105 114717817776.000000
-0.016357 -0.975098 0.294189 -11.224303 -0.915025 4.209114 114717820785.000000
-0.018799 -0.972656 0.282471 -10.736290 -0.366010 4.453120 114717823779.000000
-0.019287 -0.970703 0.284668 -11.834320 -0.427012 4.270115 114717826777.000000
-0.017822 -0.974121 0.279785 -11.346306 0.183005 4.453120 114717829780.000000
-0.024170 -0.968262 0.277344 -11.712316 0.061002 4.453120 114717832775.000000
-0.020752 -0.969238 0.278564 -12.017324 0.488013 4.697127 114717835772.000000
-0.024658 -0.967773 0.275146 -12.261331 0.488013 4.636125 114717838786.000000
-0.028076 -0.966553 0.269531 -12.322333 0.732020 4.514122 114717841810.000000
-0.026123 -0.966309 0.275635 -12.566339 0.732020 5.307143 114717844840.000000
-0.031494 -0.968262 0.275391 -12.871348 0.549015 5.063137 114717847894.000000
-0.032471 -0.973877 0.277100 -12.871348 0.610016 5.246142 114717850918.000000
-0.028076 -0.967285 0.273193 -13.054352 0.488013 5.612152 114717853945.000000
-0.032227 -0.970215 0.274902 -13.298359 0.610016 5.612152 114717856964.000000
-0.036133 -0.973877 0.277832 -13.725371 0.366010 5.795156 114717859976.000000
-0.038574 -0.967773 0.278076 -13.725371 0.427012 5.490148 114717862997.000000
-0.034668 -0.967529 0.276367 -13.908376 0.122003 5.673153 114717866018.000000
-0.036377 -0.968994 0.265869 -13.969377 0.122003 6.039163 114717869032.000000
-0.035645 -0.971924 0.275635 -14.030379 0.183005 5.917160 114717872060.000000
-0.036621 -0.973145 0.284668 -14.274385 0.122003 6.100165 114717875074.000000
-0.040527 -0.974609 0.277100 -13.908376 -0.061002 6.649180 114717878086.000000
-0.041260 -0.967529 0.274414 -14.335387 -0.061002 6.710181 114717881095.000000
-0.045166 -0.969727 0.268555 -14.640395 -0.366010 6.832184 114717884099.000000
-0.044434 -0.970459 0.270752 -14.274385 -0.427012 6.527176 114717887110.000000
-0.045898 -0.972656 0.269043 -14.518392 -0.488013 7.076191 114717890129.000000
-0.046631 -0.972168 0.275879 -14.274385 -0.305008 6.832184 114717893155.000000
-0.048828 -0.975586 0.273682 -14.579394 -0.671018 7.259196 114717896268.000000
-0.049805 -0.976807 0.273926 -14.396389 -0.610016 7.137193 114717899279.000000
-0.048096 -0.971680 0.264404 -14.701397 -0.610016 7.686208 114717902279.000000
-0.047363 -0.967285 0.273438 -14.823400 -0.732020 7.198194 114717905278.000000
-0.049561 -0.969482 0.263916 -14.762399 -0.915025 7.503203 114717908279.000000
-0.048828 -0.964844 0.272705 -15.250412 -0.854023 7.686208 114717911274.000000
-0.050293 -0.969238 0.275879 -15.311413 -1.037028 7.930214 114717914276.000000
-0.054688 -0.968018 0.272949 -15.433417 -1.281035 8.052217 114717917273.000000
-0.056641 -0.966064 0.273438 -15.494418 -1.525041 7.930214 114717920279.000000
-0.055176 -0.969238 0.270996 -15.311413 -1.525041 7.930214 114717923274.000000
-0.050537 -0.974121 0.268799 -15.616422 -1.830049 8.235222 114717926313.000000
-0.054932 -0.974609 0.267578 -15.677423 -1.952053 8.174221 114717929330.000000
-0.050049 -0.973389 0.272705 -15.372415 -1.952053 8.235222 114717932329.000000
-0.054443 -0.975586 0.270020 -15.494418 -2.257061 8.296224 114717935345.000000
-0.052734 -0.973389 0.274414 -15.311413 -2.196059 8.113219 114717938406.000000
-0.050537 -0.976074 0.262695 -15.738425 -2.318063 8.296224 114717941436.000000
-0.051514 -0.976318 0.274414 -15.616422 -2.623071 8.479229 114717944461.000000
-0.058594 -0.975098 0.277100 -15.494418 -2.684072 8.174221 114717947477.000000
-0.055664 -0.977783 0.271484 -15.982432 -2.928079 8.845239 114717950489.000000
-0.059570 -0.974609 0.274170 -15.555420 -2.867077 8.357226 114717953498.000000
-0.057129 -0.972168 0.273926 -15.860428 -3.477094 8.601232 114717956509.000000
-0.062988 -0.973633 0.273193 -15.494418 -3.599097 8.540231 114717959517.000000
-0.058105 -0.974121 0.269043 -15.799427 -3.843104 8.357226 114717962551.000000
-0.062012 -0.973145 0.273438 -15.860428 -3.782102 8.845239 114717965572.000000
-0.065674 -0.970459 0.265625 -15.738425 -4.087110 8.357226 114717968587.000000
-0.069580 -0.969482 0.262695 -16.043433 -4.026109 8.967242 114717971594.000000
-0.073486 -0.973389 0.260010 -16.104435 -4.087110 8.967242 114717974613.000000
-0.068115 -0.969482 0.252686 -15.982432 -4.636125 8.601232 114717977708.000000
-0.069336 -0.970947 0.254150 -16.104435 -4.758128 9.089245 114717980718.000000
-0.072266 -0.976807 0.253906 -16.226438 -4.880132 9.211249 114717983734.000000
-0.073486 -0.972656 0.248291 -15.982432 -5.063137 8.662234 114717986749.000000
-0.072266 -0.970703 0.250732 -16.287440 -5.063137 8.967242 114717990023.000000
-0.072754 -0.978027 0.248779 -16.043433 -5.490148 9.272250 114717993065.000000
-0.073730 -0.972168 0.252686 -16.104435 -5.185140 9.150247 114717996071.000000
-0.069336 -0.975586 0.253418 -16.531446 -5.307143 8.845239 114717999079.000000
-0.070068 -0.975342 0.250488 -16.470445 -4.941133 9.028244 114718002078.000000
-0.071289 -0.982422 0.248047 -16.409443 -4.758128 9.150247 114718005074.000000
-0.070801 -0.979248 0.256836 -16.531446 -4.819130 9.211249 114718008105.000000
-0.072266 -0.982910 0.260498 -16.165436 -5.002135 9.272250 114718011099.000000
-0.075928 -0.981689 0.257813 -16.104435 -4.697127 8.784237 114718014095.000000
-0.082031 -0.987549 0.263672 -16.348441 -5.124138 9.028244 114718017105.000000
-0.082031 -0.990234 0.261230 -15.921430 -5.063137 9.089245 114718020123.000000
-0.083984 -0.993896 0.263916 -15.860428 -5.063137 8.967242 114718023140.000000
-0.088135 -0.997559 0.262939 -15.921430 -5.368145 8.723236 114718026208.000000
-0.095703 -0.997559 0.263672 -15.250412 -5.307143 9.150247 114718029211.000000
-0.096924 -1.003662 0.266357 -15.006405 -5.307143 8.601232 114718032232.000000
-0.103516 -1.002197 0.265869 -14.701397 -5.246142 8.906240 114718035237.000000
-0.109131 -1.010010 0.268311 -14.396389 -5.307143 9.455255 114718038268.000000
-0.118652 -1.014893 0.266357 -13.847374 -5.307143 9.089245 114718041280.000000
-0.116943 -1.020264 0.265137 -13.542366 -5.673153 9.089245 114718044285.000000
-0.116699 -1.021484 0.262695 -13.664369 -6.222168 9.150247 114718047324.000000
-0.115479 -1.022461 0.255615 -13.847374 -6.405173 8.662234 114718050345.000000
-0.119629 -1.021973 0.257568 -13.969377 -7.076191 8.296224 114718053360.000000
-0.123779 -1.021484 0.261963 -14.518392 -6.649180 7.503203 114718056396.000000
-0.124512 -1.018311 0.259521 -14.396389 -6.588178 7.625206 114718059407.000000
-0.125000 -1.016602 0.263428 -14.335387 -6.344171 7.442201 114718062469.000000
-0.129395 -1.020996 0.277100 -14.213384 -6.161166 7.198194 114718065503.000000
-0.129883 -1.017822 0.283691 -14.152382 -6.100165 6.771183 114718068529.000000
-0.126953 -1.019531 0.281494 -13.725371 -6.466175 7.320198 114718071552.000000
-0.122314 -1.021973 0.281738 -13.054352 -6.283170 7.137193 114718074582.000000
-0.121582 -1.029053 0.270020 -11.712316 -6.527176 7.259196 114718077688.000000
-0.121094 -1.027832 0.265869 -10.858293 -6.100165 7.442201 114718080708.000000
-0.121582 -1.028564 0.243408 -10.919295 -5.917160 7.137193 114718083719.000000
-0.124512 -1.031738 0.232666 -11.163301 -4.758128 6.893186 114718086735.000000
-0.136230 -1.035645 0.233398 -11.102300 -3.599097 6.344171 114718089753.000000
-0.141357 -1.036621 0.253418 -11.102300 -2.135058 6.466175 114718092770.000000
-0.150391 -1.047119 0.265137 -10.797292 -1.525041 6.893186 114718095794.000000
-0.156494 -1.060059 0.275146 -9.943268 -0.671018 6.405173 114718098810.000000
-0.156006 -1.078125 0.273926 -9.028244 -1.220033 6.649180 114718101818.000000
-0.155518 -1.083252 0.271240 -7.808211 -0.549015 6.222168 114718104936.000000
-0.153564 -1.085938 0.267090 -6.588178 -0.366010 6.283170 114718107975.000000
-0.149902 -1.081299 0.263428 -5.490148 -0.549015 6.344171 114718110977.000000
-0.151611 -1.076660 0.244629 -4.941133 -0.122003 5.734155 114718113975.000000
-0.151367 -1.072998 0.250244 -4.575124 0.183005 5.490148 114718117008.000000
-0.157715 -1.060303 0.239014 -4.209114 0.610016 5.429147 114718120039.000000
-0.171143 -1.050049 0.240479 -3.294089 0.732020 5.124138 114718123035.000000
-0.177490 -1.036133 0.243408 -3.050082 0.732020 4.819130 114718126043.000000
-0.185059 -1.030029 0.228027 -2.745074 0.549015 4.819130 114718129055.000000
-0.194336 -1.020508 0.216553 -3.111084 0.549015 4.758128 114718132053.000000
-0.197510 -1.007813 0.210693 -3.233087 0.549015 4.819130 114718135060.000000
-0.204102 -1.000244 0.201904 -3.538096 1.037028 5.063137 114718138068.000000
-0.211182 -0.987305 0.204346 -4.270115 0.915025 5.246142 114718141067.000000
-0.217041 -0.979736 0.197998 -4.514122 1.525041 5.124138 114718144094.000000
-0.217773 -0.978516 0.197266 -4.758128 1.830049 5.368145 114718147112.000000
-0.218994 -0.971924 0.195068 -5.063137 2.257061 5.734155 114718150139.000000
-0.219482 -0.968750 0.204102 -5.307143 2.806076 5.551150 114718153156.000000
-0.214844 -0.961914 0.207275 -5.307143 2.989081 5.917160 114718156175.000000
-0.215088 -0.956055 0.205811 -6.039163 3.538096 5.978161 114718159186.000000
-0.220459 -0.953125 0.219238 -5.917160 4.148112 5.612152 114718162197.000000
-0.218506 -0.948486 0.220459 -6.039163 4.331117 6.039163 114718165223.000000
-0.219971 -0.950684 0.223633 -6.039163 4.331117 5.795156 114718168243.000000
-0.217041 -0.947998 0.220215 -5.856158 4.514122 5.490148 114718171282.000000
-0.217773 -0.946289 0.215820 -5.917160 4.453120 5.490148 114718174310.000000
-0.220703 -0.945313 0.214600 -5.612152 4.514122 5.734155 114718177329.000000
-0.218994 -0.949219 0.216064 -5.795156 4.270115 5.368145 114718180340.000000
-0.214355 -0.948975 0.206299 -5.612152 3.965107 5.307143 114718183351.000000
-0.215576 -0.949219 0.212402 -5.612152 3.782102 5.246142 114718186380.000000
-0.210205 -0.941895 0.202393 -5.307143 3.599097 4.880132 114718189423.000000
-0.215332 -0.940430 0.205322 -5.246142 3.538096 4.758128 114718192447.000000
-0.215820 -0.934814 0.204590 -5.185140 3.599097 4.636125 114718195477.000000
-0.213623 -0.924805 0.203369 -5.429147 3.599097 4.575124 114718198491.000000
-0.215576 -0.917236 0.205078 -5.490148 3.599097 4.514122 114718201498.000000
-0.215088 -0.915771 0.204834 -5.368145 3.233087 4.148112 114718204495.000000
-0.211670 -0.912598 0.205811 -5.429147 3.233087 4.087110 114718207496.000000
-0.215088 -0.911621 0.198975 -5.429147 3.111084 4.148112 114718210501.000000
-0.220215 -0.909668 0.201172 -5.307143 3.355091 3.965107 114718213499.000000
-0.218994 -0.909180 0.202148 -5.063137 3.050082 3.721100 114718216512.000000
-0.225098 -0.908936 0.196045 -5.185140 3.172086 3.965107 114718219580.000000
-0.225342 -0.909424 0.199463 -4.880132 3.172086 4.148112 114718222589.000000
-0.230225 -0.907959 0.198486 -5.124138 2.989081 4.270115 114718225596.000000
-0.229980 -0.899170 0.192139 -4.697127 2.867077 3.904105 114718228601.000000
-0.234619 -0.899902 0.195557 -4.941133 2.318063 4.636125 114718231599.000000
-0.232910 -0.893555 0.191162 -4.819130 1.891051 4.026109 114718234601.000000
-0.237061 -0.892334 0.192383 -4.697127 1.708046 4.148112 114718237756.000000
-0.234619 -0.892334 0.190918 -4.514122 1.220033 4.514122 114718240782.000000
-0.234863 -0.888916 0.190674 -4.575124 0.915025 4.270115 114718243798.000000
-0.236816 -0.892578 0.188965 -4.026109 0.671018 4.148112 114718246818.000000
-0.235107 -0.894287 0.187256 -4.087110 0.549015 4.209114 114718249843.000000
-0.233643 -0.893555 0.187988 -4.026109 0.488013 3.965107 114718252852.000000
-0.234131 -0.897705 0.185059 -3.660099 0.610016 4.148112 114718255896.000000
-0.233643 -0.906494 0.186768 -3.233087 0.305008 4.148112 114718258928.000000
-0.239990 -0.905273 0.187256 -2.928079 0.366010 3.904105 114718261966.000000
-0.238281 -0.913818 0.189453 -2.684072 0.488013 4.270115 114718264985.000000
-0.240967 -0.917725 0.192871 -2.196059 0.976026 4.514122 114718268008.000000
-0.247559 -0.916748 0.197754 -1.708046 0.610016 4.758128 114718271031.000000
-0.254395 -0.930176 0.198730 -1.342036 0.976026 4.575124 114718274045.000000
-0.252686 -0.933105 0.202881 -0.854023 0.610016 5.612152 114718277059.000000
-0.252197 -0.937988 0.200684 0.061002 0.427012 5.307143 114718280098.000000
-0.252686 -0.944336 0.202637 0.549015 0.366010 5.673153 114718283124.000000
-0.256836 -0.944580 0.209473 0.976026 0.366010 5.856158 114718286205.000000
-0.252441 -0.948730 0.214844 1.342036 0.000000 5.734155 114718289240.000000
-0.253906 -0.942383 0.221436 2.196059 -0.122003 6.100165 114718292259.000000
-0.248047 -0.945557 0.218506 2.440066 -0.244007 5.856158 114718295292.000000
-0.246826 -0.944092 0.214355 2.867077 -0.366010 5.673153 114718298307.000000
-0.245361 -0.944580 0.213379 3.477094 0.000000 5.917160 114718301302.000000
-0.243408 -0.945557 0.219727 3.782102 0.000000 5.734155 114718304299.000000
-0.240479 -0.943359 0.208496 4.392119 -0.122003 6.100165 114718307300.000000
-0.249023 -0.948486 0.212402 4.758128 0.183005 5.856158 114718310304.000000
-0.248047 -0.948486 0.211914 5.063137 0.000000 6.222168 114718313308.000000
-0.242188 -0.951416 0.215088 5.246142 0.000000 6.100165 114718316304.000000
-0.238525 -0.949951 0.216064 5.551150 -0.061002 5.856158 114718319309.000000
-0.236572 -0.953857 0.212891 5.856158 -0.122003 5.917160 114718322309.000000
-0.235352 -0.958984 0.211914 6.100165 -0.488013 5.673153 114718325306.000000
-0.234863 -0.958984 0.212402 6.161166 0.000000 5.490148 114718328317.000000
-0.235840 -0.961426 0.217529 6.405173 -0.793021 5.612152 114718331314.000000
-0.235352 -0.965332 0.217773 6.405173 -0.854023 5.124138 114718334406.000000
-0.235596 -0.965820 0.209961 6.771183 -1.037028 5.246142 114718337430.000000
-0.234863 -0.973145 0.210205 7.076191 -1.098030 5.429147 114718340435.000000
-0.230957 -0.977051 0.201416 7.869212 -1.342036 5.368145 114718343431.000000
-0.231689 -0.981934 0.201416 8.662234 -1.403038 5.185140 114718346451.000000
-0.235596 -0.975342 0.200195 8.662234 -2.013054 5.490148 114718349482.000000
-0.243896 -0.969482 0.216064 7.503203 -2.379064 5.002135 114718352496.000000
-0.237793 -0.968750 0.223389 6.954188 -2.867077 4.819130 114718355512.000000
-0.231689 -0.973633 0.230469 7.564204 -3.538096 5.124138 114718358546.000000
-0.225098 -0.971436 0.219727 8.357226 -4.209114 4.514122 114718361559.000000
-0.226807 -0.971680 0.227295 8.113219 -4.575124 4.758128 114718364564.000000
-0.226807 -0.970459 0.209961 7.991216 -5.002135 4.697127 114718367645.000000
-0.222900 -0.968994 0.208496 7.747209 -5.307143 4.697127 114718370666.000000
-0.223877 -0.974854 0.200195 8.174221 -5.490148 4.697127 114718373679.000000
-0.218994 -0.967529 0.199463 7.808211 -5.734155 4.758128 114718376703.000000
-0.221436 -0.965088 0.205078 7.564204 -5.368145 4.697127 114718379796.000000
-0.220703 -0.964355 0.207764 7.198194 -5.429147 4.636125 114718382844.000000
-0.218018 -0.963623 0.200439 6.466175 -5.002135 4.087110 114718385877.000000
-0.221191 -0.962646 0.207275 6.527176 -5.429147 4.636125 114718388895.000000
-0.217041 -0.963135 0.217529 6.100165 -5.429147 4.331117 114718391963.000000
-0.216309 -0.965088 0.222168 5.978161 -5.612152 4.209114 114718394999.000000
-0.211182 -0.969238 0.225098 5.734155 -5.795156 4.514122 114718398013.000000
-0.205078 -0.967529 0.227051 6.161166 -6.283170 4.331117 114718401017.000000
-0.204102 -0.971436 0.226807 5.978161 -6.344171 4.209114 114718404011.000000
-0.201172 -0.970459 0.221680 5.856158 -6.649180 4.270115 114718407018.000000
-0.190918 -0.971680 0.219482 5.795156 -6.100165 4.026109 114718410033.000000
-0.189453 -0.969971 0.224854 5.917160 -6.222168 3.782102 114718413033.000000
-0.188477 -0.973389 0.214844 6.100165 -6.100165 3.355091 114718416059.000000
-0.186768 -0.966553 0.217285 6.100165 -5.917160 3.477094 114718419065.000000
-0.188477 -0.966309 0.214844 5.856158 -5.490148 2.989081 114718422066.000000
-0.187012 -0.961914 0.209473 6.100165 -4.697127 3.111084 114718425104.000000
-0.187988 -0.960693 0.217773 5.612152 -4.819130 2.928079 114718428116.000000
-0.188477 -0.959961 0.221191 5.917160 -4.331117 3.050082 114718431124.000000
-0.191406 -0.956055 0.220459 5.490148 -4.026109 2.379064 114718434127.000000
-0.192627 -0.960449 0.222412 5.368145 -3.904105 2.562069 114718437154.000000
-0.185303 -0.961426 0.222656 5.734155 -3.660099 2.501068 114718440180.000000
-0.184326 -0.956543 0.229736 5.368145 -3.721100 2.562069 114718443191.000000
-0.182617 -0.958740 0.223145 5.551150 -3.477094 2.013054 114718446222.000000
-0.177734 -0.961182 0.223877 5.490148 -3.538096 1.891051 114718449241.000000
-0.181885 -0.963135 0.220215 5.551150 -3.416092 1.647044 114718452255.000000
-0.179688 -0.962402 0.218262 5.551150 -3.233087 1.708046 114718455276.000000
-0.177002 -0.966064 0.218018 5.185140 -3.111084 1.586043 114718458300.000000
-0.172852 -0.970459 0.218506 5.734155 -3.172086 1.403038 114718461321.000000
-0.174072 -0.974365 0.217529 5.246142 -2.867077 1.220033 114718464340.000000
-0.172119 -0.978271 0.218994 5.307143 -2.562069 0.732020 114718467391.000000
-0.168945 -0.978271 0.216797 5.185140 -2.623071 0.793021 114718470461.000000
-0.173340 -0.979492 0.223145 5.185140 -2.318063 0.488013 114718473502.000000
-0.175781 -0.982910 0.221191 5.490148 -1.769048 -0.061002 114718476542.000000
-0.169678 -0.982178 0.219971 5.124138 -2.074056 0.061002 114718479569.000000
-0.167480 -0.983398 0.222656 5.002135 -1.769048 -0.061002 114718482582.000000
-0.171631 -0.983154 0.231934 5.063137 -1.342036 -0.244007 114718485599.000000
-0.171143 -0.989502 0.229736 4.819130 -1.708046 -0.122003 114718488618.000000
-0.168701 -0.981689 0.236328 5.124138 -1.586043 -0.610016 114718491626.000000
-0.166748 -0.982910 0.234863 4.758128 -1.769048 -1.159031 114718494981.000000
-0.169922 -0.983154 0.243164 4.941133 -2.013054 -1.159031 114718498004.000000
-0.165771 -0.984619 0.232178 4.819130 -1.952053 -1.159031 114718501035.000000
-0.166016 -0.983887 0.237793 5.063137 -2.257061 -1.586043 114718504063.000000
-0.165527 -0.983643 0.237549 4.697127 -2.196059 -2.257061 114718507073.000000
-0.164063 -0.981689 0.239746 5.002135 -2.623071 -2.135058 114718510097.000000
-0.162598 -0.983887 0.229736 4.819130 -2.684072 -2.196059 114718513104.000000
-0.161377 -0.980225 0.232422 4.758128 -2.806076 -2.196059 114718516112.000000
-0.162842 -0.981934 0.236816 4.636125 -3.111084 -3.050082 114718519136.000000
-0.162598 -0.977051 0.236572 4.880132 -3.172086 -2.257061 114718522136.000000
-0.161865 -0.978760 0.234375 4.941133 -3.599097 -2.745074 114718525152.000000
-0.158691 -0.979004 0.233887 4.575124 -3.355091 -3.111084 114718528172.000000
-0.156250 -0.981201 0.242432 5.002135 -3.660099 -3.355091 114718531171.000000
-0.153076 -0.973633 0.239014 4.819130 -3.904105 -3.416092 114718534169.000000
-0.157959 -0.977051 0.234863 4.819130 -3.904105 -3.843104 114718537195.000000
-0.156006 -0.974365 0.238037 5.185140 -3.965107 -3.904105 114718540215.000000
-0.149902 -0.976563 0.239258 5.063137 -4.270115 -3.660099 114718543244.000000
-0.154297 -0.970703 0.238525 5.246142 -3.782102 -4.209114 114718546266.000000
-0.150146 -0.970215 0.243408 5.185140 -4.026109 -4.270115 114718550923.000000
-0.155029 -0.968018 0.243164 5.368145 -4.026109 -4.575124 114718554081.000000
-0.154541 -0.966553 0.246826 5.185140 -3.965107 -4.148112 114718557155.000000
-0.150635 -0.967529 0.245850 5.673153 -3.904105 -4.514122 114718560182.000000
-0.153809 -0.970459 0.248291 5.612152 -4.026109 -4.331117 114718563201.000000
-0.152344 -0.964355 0.239746 5.734155 -4.087110 -4.453120 114718566223.000000
-0.155518 -0.964600 0.242920 5.490148 -4.148112 -4.392119 114718569249.000000
-0.158936 -0.964844 0.242188 5.795156 -4.209114 -4.514122 114718572271.000000
-0.154053 -0.958984 0.235352 5.490148 -4.697127 -4.575124 114718575294.000000
-0.156006 -0.961182 0.239014 5.551150 -4.514122 -4.331117 114718578324.000000
-0.156982 -0.957031 0.237793 5.429147 -4.758128 -4.392119 114718581339.000000
-0.158447 -0.962158 0.232910 5.002135 -5.002135 -4.148112 114718584350.000000
-0.158936 -0.956787 0.229736 4.880132 -4.819130 -4.575124 114718587367.000000
-0.165283 -0.956787 0.228271 4.758128 -5.185140 -4.392119 114718590416.000000
-0.164551 -0.962646 0.227295 4.331117 -5.368145 -4.270115 114718593436.000000
-0.163574 -0.958740 0.225830 4.209114 -5.307143 -4.148112 114718596493.000000
-0.168213 -0.960205 0.223145 4.026109 -5.551150 -4.026109 114718599531.000000
-0.169434 -0.963623 0.223633 3.721100 -5.490148 -3.904105 114718602541.000000
-0.168701 -0.962646 0.220703 3.477094 -5.429147 -4.026109 114718605545.000000
-0.171631 -0.963623 0.224365 3.294089 -5.307143 -3.843104 114718608558.000000
-0.174561 -0.964355 0.217041 3.050082 -5.429147 -3.660099 114718611561.000000
-0.176758 -0.965576 0.221924 3.111084 -5.429147 -3.843104 114718614574.000000
-0.169434 -0.967041 0.214600 2.867077 -5.307143 -3.782102 114718617721.000000
-0.172852 -0.971924 0.223389 2.623071 -5.307143 -3.538096 114718620736.000000
-0.174561 -0.972656 0.220947 2.379064 -5.307143 -3.477094 114718623738.000000
-0.171631 -0.969238 0.226074 2.257061 -5.185140 -3.660099 114718626745.000000
-0.171387 -0.966553 0.221191 2.013054 -5.063137 -3.416092 114718629753.000000
-0.169434 -0.971191 0.226074 1.830049 -5.124138 -3.660099 114718632754.000000
-0.171875 -0.971436 0.226563 1.830049 -4.575124 -3.416092 114718635762.000000
-0.170166 -0.968750 0.229004 1.769048 -4.636125 -3.294089 114718638855.000000
-0.170166 -0.965088 0.226318 1.586043 -4.209114 -2.867077 114718641905.000000
-0.166748 -0.967041 0.234619 1.708046 -3.721100 -2.989081 114718644940.000000
-0.166504 -0.965332 0.232178 1.403038 -3.294089 -3.294089 114718648021.000000
-0.164551 -0.969482 0.229248 1.586043 -3.294089 -2.928079 114718651031.000000
-0.160156 -0.971436 0.225342 1.464040 -2.989081 -3.111084 114718654047.000000
-0.156006 -0.961182 0.219482 1.037028 -3.599097 -2.867077 114718657069.000000
-0.148193 -0.965820 0.214600 0.549015 -3.416092 -2.989081 114718660082.000000
-0.148193 -0.962402 0.220215 0.000000 -3.294089 -3.477094 114718663091.000000
-0.145752 -0.958252 0.216309 -0.854023 -3.294089 -3.721100 114718666117.000000
-0.146240 -0.959717 0.226318 -0.854023 -3.050082 -3.721100 114718669151.000000
-0.145752 -0.960205 0.218262 -1.708046 -2.867077 -3.965107 114718672169.000000
-0.149170 -0.965088 0.219238 -1.891051 -2.989081 -4.026109 114718675195.000000
-0.147705 -0.967529 0.229492 -2.074056 -3.050082 -4.270115 114718678219.000000
-0.147705 -0.977539 0.219238 -2.318063 -3.721100 -4.087110 114718681299.000000
-0.145264 -0.979004 0.216309 -1.708046 -3.782102 -3.843104 114718684335.000000
-0.143799 -0.980957 0.213135 -1.098030 -4.026109 -4.026109 114718687357.000000
-0.141602 -0.980713 0.202881 -1.403038 -4.453120 -3.416092 114718690378.000000
-0.135254 -0.973877 0.205811 -2.013054 -4.392119 -3.721100 114718693403.000000
-0.141602 -0.970459 0.203125 -3.355091 -3.477094 -3.721100 114718696433.000000
