-0.186279 -0.949707 0.264160 -1.708046 -5.490148 5.246142 212034756827.000000
-0.182617 -0.940918 0.265625 -1.830049 -5.246142 5.490148 212034760363.000000
-0.182861 -0.934326 0.263672 -1.647044 -4.026109 5.368145 212034763541.000000
-0.181641 -0.943115 0.241699 -1.708046 -2.989081 5.612152 212034766640.000000
-0.186523 -0.948486 0.240234 -1.281035 -2.745074 5.246142 212034769742.000000
-0.176025 -0.943848 0.236572 -1.037028 -2.867077 5.307143 212034772835.000000
-0.172363 -0.951172 0.229492 -1.403038 -1.891051 4.758128 212034775916.000000
-0.177002 -0.945801 0.229248 -1.342036 -1.647044 4.514122 212034778995.000000
-0.180664 -0.940430 0.230713 -1.586043 -1.952053 4.697127 212034782138.000000
-0.178223 -0.941406 0.231445 -2.074056 -1.647044 3.843104 212034785216.000000
-0.178467 -0.939453 0.221680 -2.318063 -1.525041 3.538096 212034788296.000000
-0.182617 -0.941406 0.228760 -2.684072 -1.281035 3.721100 212034791375.000000
-0.187012 -0.942627 0.236084 -2.989081 -1.403038 3.477094 212034794462.000000
-0.182129 -0.941406 0.231445 -3.172086 -1.037028 3.172086 212034797558.000000
-0.181396 -0.942383 0.236328 -3.538096 -0.244007 2.745074 212034800674.000000
-0.190186 -0.941650 0.233643 -3.721100 0.244007 2.623071 212034803756.000000
-0.188232 -0.943115 0.236328 -3.721100 0.549015 2.318063 212034806826.000000
-0.188721 -0.944580 0.240479 -3.538096 1.647044 2.440066 212034810270.000000
-0.197510 -0.942139 0.232178 -2.989081 2.318063 2.013054 212034813364.000000
-0.193115 -0.947754 0.241455 -2.745074 2.501068 1.769048 212034816448.000000
-0.194824 -0.946777 0.244385 -2.684072 3.355091 1.952053 212034819527.000000
-0.197510 -0.948242 0.246826 -2.257061 4.087110 1.586043 212034822627.000000
-0.197754 -0.949707 0.244385 -2.013054 4.819130 2.013054 212034825733.000000
-0.196045 -0.947510 0.245117 -1.769048 5.124138 1.830049 212034828801.000000
-0.191895 -0.947510 0.240479 -1.464040 6.405173 1.891051 212034831881.000000
-0.189453 -0.945313 0.243164 -1.342036 7.320198 1.525041 212034834974.000000
-0.192871 -0.942627 0.239502 -0.976026 7.625206 1.342036 212034838059.000000
-0.195068 -0.944092 0.238037 -1.342036 8.113219 1.220033 212034841137.000000
-0.188721 -0.937500 0.239746 -1.342036 8.601232 1.220033 212034844209.000000
-0.193604 -0.934326 0.243896 -0.976026 8.723236 0.915025 212034847290.000000
-0.199463 -0.938232 0.240967 -0.976026 9.272250 0.854023 212034850375.000000
-0.197754 -0.939453 0.233643 -0.854023 9.638260 0.732020 212034853456.000000
-0.203613 -0.936768 0.239258 -0.915025 9.821265 0.671018 212034856537.000000
-0.203613 -0.937256 0.233154 -0.488013 10.187275 0.183005 212034859628.000000
-0.205811 -0.937500 0.226074 -0.244007 10.553285 0.244007 212034862743.000000
-0.208252 -0.934326 0.231445 -0.183005 11.041298 -0.183005 212034865836.000000
-0.212402 -0.932129 0.228271 -0.305008 10.797292 -0.305008 212034868925.000000
-0.209717 -0.934570 0.224854 0.061002 11.346306 -0.488013 212034872123.000000
-0.215088 -0.928711 0.221924 -0.366010 11.773318 -0.549015 212034875216.000000
-0.221436 -0.930664 0.217041 -0.305008 11.773318 -0.915025 212034878323.000000
-0.223389 -0.930176 0.215088 -0.244007 11.590313 -1.037028 212034881430.000000
-0.221680 -0.928467 0.216553 -0.366010 11.834320 -1.464040 212034884524.000000
-0.222412 -0.924561 0.221436 -0.549015 12.261331 -1.281035 212034887620.000000
-0.225586 -0.923096 0.222900 -0.488013 12.444336 -1.586043 212034890726.000000
-0.225098 -0.923828 0.221191 -0.671018 12.566339 -1.708046 212034893816.000000
-0.228516 -0.928955 0.222168 -0.549015 13.237357 -2.013054 212034896910.000000
-0.232178 -0.927002 0.225098 -0.610016 12.810346 -2.135058 212034900016.000000
-0.233398 -0.927002 0.223389 -0.305008 13.176356 -2.135058 212034903106.000000
-0.231934 -0.937500 0.227051 -0.549015 13.237357 -2.501068 212034906199.000000
-0.233887 -0.933105 0.216797 0.000000 13.664369 -2.745074 212034909313.000000
-0.228516 -0.936035 0.227051 -0.244007 13.969377 -2.989081 212034912397.000000
-0.227295 -0.937988 0.227051 0.000000 14.396389 -2.806076 212034915488.000000
-0.233643 -0.944580 0.234863 0.122003 14.274385 -3.416092 212034918591.000000
-0.238037 -0.930176 0.227539 0.427012 14.152382 -4.026109 212034921704.000000
-0.238770 -0.927979 0.230957 1.342036 13.542366 -4.392119 212034924786.000000
-0.231934 -0.931885 0.256836 1.159031 13.237357 -4.453120 212034927877.000000
-0.230469 -0.947754 0.223389 0.732020 15.067407 -5.490148 212034930959.000000
-0.234131 -0.951172 0.222656 0.244007 14.762399 -5.429147 212034934044.000000
-0.234863 -0.959717 0.237793 -0.122003 14.518392 -5.063137 212034937118.000000
-0.238525 -0.962646 0.228271 0.671018 14.762399 -5.551150 212034940199.000000
-0.240723 -0.968750 0.232666 0.671018 14.945404 -5.246142 212034943285.000000
-0.240234 -0.969727 0.229980 0.427012 14.823400 -4.941133 212034946363.000000
-0.242676 -0.968262 0.232422 0.366010 14.579394 -5.063137 212034949436.000000
-0.233643 -0.965332 0.232666 0.061002 14.884402 -5.185140 212034952521.000000
-0.237793 -0.964355 0.232422 0.183005 15.189410 -5.002135 212034955601.000000
-0.241943 -0.963867 0.239014 -0.122003 14.701397 -4.941133 212034958671.000000
-0.235352 -0.960938 0.236084 -0.183005 14.823400 -4.819130 212034961795.000000
-0.239502 -0.958984 0.237549 -0.183005 15.006405 -5.551150 212034964901.000000
-0.249756 -0.958740 0.238770 -0.427012 15.067407 -5.307143 212034967996.000000
-0.249023 -0.953613 0.243408 -0.244007 14.152382 -5.368145 212034971102.000000
-0.252197 -0.951416 0.252930 -0.427012 13.908376 -5.307143 212034974195.000000
-0.246338 -0.948730 0.248535 -0.549015 13.603367 -5.490148 212034977297.000000
-0.249268 -0.947021 0.249512 -0.427012 12.932349 -5.856158 212034980405.000000
-0.251465 -0.942627 0.250000 -0.122003 12.261331 -5.429147 212034983497.000000
-0.247559 -0.939209 0.242188 0.000000 11.834320 -5.795156 212034986586.000000
-0.246826 -0.935303 0.239990 0.244007 11.224303 -5.734155 212034989691.000000
-0.246094 -0.932861 0.236328 0.976026 10.736290 -5.795156 212034992785.000000
-0.242188 -0.928467 0.239746 0.366010 11.407308 -5.917160 212034995875.000000
-0.238281 -0.928223 0.246826 -0.366010 11.712316 -5.917160 212034998966.000000
-0.240234 -0.921875 0.266846 -0.854023 11.346306 -6.283170 212035002143.000000
-0.245117 -0.919189 0.263916 -0.183005 11.224303 -6.588178 212035005247.000000
-0.245605 -0.927979 0.256348 0.610016 11.529311 -6.954188 212035008339.000000
-0.252197 -0.935059 0.249023 0.976026 11.712316 -6.832184 212035011498.000000
-0.250000 -0.937256 0.251709 1.708046 10.858293 -6.832184 212035014612.000000
-0.242188 -0.939697 0.241943 2.257061 11.590313 -7.076191 212035017722.000000
-0.244385 -0.936768 0.237549 2.135058 11.590313 -7.015189 212035020800.000000
-0.241455 -0.935059 0.228027 1.586043 11.834320 -7.137193 212035023886.000000
-0.240234 -0.937256 0.239746 1.342036 11.956323 -7.320198 212035026962.000000
-0.238770 -0.930176 0.236084 0.854023 12.139328 -7.137193 212035030033.000000
-0.245850 -0.930908 0.239502 0.122003 12.749344 -7.686208 212035033114.000000
-0.241699 -0.931641 0.239746 -0.854023 12.627341 -7.747209 212035036193.000000
-0.250000 -0.927002 0.244385 -1.159031 12.627341 -7.686208 212035039273.000000
-0.249512 -0.929932 0.250977 -1.647044 12.139328 -7.930214 212035042360.000000
-0.250488 -0.930664 0.255127 -2.318063 12.688343 -8.052217 212035045429.000000
-0.254883 -0.926758 0.253906 -3.111084 12.200329 -7.930214 212035048499.000000
-0.248291 -0.930908 0.256348 -3.660099 12.017324 -8.052217 212035051570.000000
-0.247314 -0.933838 0.254395 -3.538096 12.139328 -7.991216 212035054652.000000
-0.246582 -0.936035 0.250732 -3.660099 12.322333 -8.052217 212035057755.000000
-0.238281 -0.926025 0.248291 -3.416092 11.590313 -8.662234 212035060846.000000
-0.240723 -0.909180 0.253174 -3.599097 11.285305 -9.150247 212035063945.000000
-0.237061 -0.913574 0.261719 -4.514122 11.346306 -9.333252 212035067040.000000
-0.233398 -0.914795 0.251465 -5.673153 11.956323 -9.577259 212035070162.000000
-0.228271 -0.916016 0.250977 -6.527176 12.566339 -9.455255 212035073255.000000
-0.226563 -0.917480 0.248291 -6.527176 12.871348 -9.638260 212035076350.000000
-0.227051 -0.914307 0.251221 -6.283170 13.115354 -9.028244 212035079470.000000
-0.219727 -0.909912 0.247803 -6.588178 13.298359 -8.906240 212035082563.000000
-0.221924 -0.907715 0.248047 -7.076191 13.420362 -8.967242 212035085659.000000
-0.214111 -0.899658 0.245361 -7.137193 13.969377 -9.089245 212035088754.000000
-0.213135 -0.897217 0.241943 -7.137193 14.518392 -8.906240 212035091860.000000
-0.213623 -0.897949 0.242920 -7.320198 14.640395 -8.906240 212035094955.000000
-0.207031 -0.897217 0.250732 -7.625206 14.579394 -9.272250 212035098051.000000
-0.202148 -0.904785 0.241455 -8.357226 15.067407 -9.272250 212035101160.000000
-0.195557 -0.912109 0.239502 -8.479229 15.250412 -9.577259 212035104253.000000
-0.191895 -0.914307 0.241211 -8.784237 15.555420 -9.699262 212035107340.000000
-0.192139 -0.916992 0.243408 -9.516257 15.372415 -9.882267 212035110443.000000
-0.179443 -0.923096 0.239258 -10.004270 15.128408 -10.309278 212035113578.000000
-0.174805 -0.922852 0.238770 -10.736290 15.433417 -10.492283 212035116666.000000
-0.181641 -0.919922 0.248535 -11.102300 15.128408 -11.102300 212035119746.000000
-0.175537 -0.919189 0.248047 -11.346306 14.518392 -11.651315 212035122829.000000
-0.181641 -0.904541 0.241943 -11.407308 13.664369 -13.298359 212035125912.000000
-0.176025 -0.907715 0.258789 -12.139328 12.688343 -13.725371 212035128981.000000
-0.177002 -0.917480 0.251953 -12.749344 13.054352 -14.579394 212035132124.000000
-0.188965 -0.924072 0.247070 -14.152382 13.054352 -14.884402 212035135206.000000
-0.189453 -0.926758 0.248535 -14.884402 12.017324 -14.884402 212035138287.000000
-0.192627 -0.927734 0.248535 -15.494418 11.468310 -15.311413 212035141364.000000
-0.194580 -0.928955 0.250000 -15.921430 11.102300 -15.555420 212035144445.000000
-0.197510 -0.933594 0.246826 -16.592448 11.285305 -15.799427 212035147513.000000
-0.199463 -0.934814 0.251709 -17.690478 10.187275 -15.738425 212035150657.000000
-0.200684 -0.930664 0.255615 -18.483499 10.187275 -15.982432 212035153759.000000
-0.197021 -0.928955 0.242920 -19.764534 9.638260 -15.799427 212035156839.000000
-0.200684 -0.930420 0.247314 -20.557555 10.004270 -16.226438 212035159932.000000
-0.198975 -0.924316 0.239990 -21.472580 9.699262 -15.738425 212035163027.000000
-0.201660 -0.922607 0.232422 -22.082596 9.638260 -15.616422 212035166118.000000
-0.192627 -0.916504 0.227051 -22.875618 9.943268 -15.616422 212035169226.000000
-0.190918 -0.919189 0.230957 -22.997621 10.675288 -15.433417 212035172318.000000
-0.185547 -0.916992 0.221436 -24.095651 10.675288 -15.860428 212035175427.000000
-0.182861 -0.907715 0.217529 -24.217654 10.919295 -15.677423 212035178516.000000
-0.177490 -0.907959 0.214355 -24.827670 11.407308 -15.738425 212035181622.000000
-0.174072 -0.913086 0.211426 -24.766669 11.529311 -15.738425 212035184718.000000
-0.171875 -0.911865 0.215332 -25.498688 11.773318 -15.982432 212035187809.000000
-0.171143 -0.913818 0.209229 -26.169707 11.895321 -16.043433 212035190926.000000
-0.163574 -0.904785 0.221680 -27.206735 11.651315 -16.104435 212035194031.000000
-0.158691 -0.910400 0.215088 -27.877753 12.017324 -16.043433 212035197122.000000
-0.158203 -0.904297 0.221436 -28.914781 12.078326 -16.104435 212035200228.000000
-0.150879 -0.906738 0.219238 -29.402794 12.444336 -16.348441 212035203319.000000
-0.154785 -0.908936 0.224121 -29.646800 12.566339 -15.982432 212035206409.000000
-0.148926 -0.912842 0.229004 -30.317819 12.383334 -16.409443 212035209550.000000
-0.150635 -0.921387 0.233398 -30.500824 11.590313 -16.348441 212035212644.000000
-0.145996 -0.926270 0.229492 -31.110840 11.468310 -16.653450 212035215857.000000
-0.141602 -0.928467 0.224121 -31.232843 11.834320 -16.592448 212035218943.000000
-0.141357 -0.935547 0.222656 -31.720856 11.346306 -17.019460 212035222156.000000
-0.144043 -0.932129 0.216309 -32.086866 10.614287 -17.080461 212035225232.000000
-0.146973 -0.935547 0.216309 -32.879888 10.370280 -17.507473 212035228311.000000
-0.146484 -0.935303 0.207031 -33.611908 9.821265 -17.812481 212035231392.000000
-0.145752 -0.929199 0.208252 -34.282926 9.821265 -18.056488 212035234477.000000
-0.146729 -0.927246 0.209229 -34.770939 9.699262 -17.934484 212035237555.000000
-0.146240 -0.924561 0.206299 -35.258952 9.516257 -18.300494 212035240712.000000
-0.148926 -0.925293 0.203613 -35.685964 9.150247 -18.483499 212035243794.000000
-0.146240 -0.915527 0.204102 -35.258952 9.577259 -17.995486 212035246863.000000
-0.150635 -0.913330 0.207031 -35.624962 9.577259 -18.056488 212035249946.000000
-0.147461 -0.910156 0.210938 -35.624962 9.272250 -17.995486 212035253026.000000
-0.147949 -0.904297 0.205811 -35.807967 9.516257 -18.117489 212035256108.000000
-0.142334 -0.901123 0.203369 -35.868968 9.089245 -17.629476 212035259260.000000
-0.141602 -0.891846 0.197998 -36.356982 9.272250 -17.934484 212035262356.000000
-0.136230 -0.894531 0.185059 -37.150003 9.333252 -17.385469 212035265490.000000
-0.134521 -0.890869 0.189453 -37.028000 9.455255 -17.568474 212035268584.000000
-0.127686 -0.895264 0.174805 -37.577015 9.577259 -17.385469 212035271689.000000
-0.125000 -0.891846 0.181152 -37.943024 8.723236 -17.263466 212035274782.000000
-0.121338 -0.891602 0.177002 -38.736046 8.174221 -17.324468 212035277871.000000
-0.114502 -0.893555 0.176758 -38.858049 8.601232 -17.080461 212035280980.000000
-0.119873 -0.890625 0.161377 -39.834076 8.418227 -17.629476 212035284080.000000
-0.113525 -0.886963 0.165039 -40.505094 8.296224 -17.202464 212035287171.000000
-0.115967 -0.888184 0.154541 -41.359117 7.869212 -17.629476 212035290268.000000
-0.104492 -0.875732 0.154541 -41.176112 7.930214 -17.812481 212035293370.000000
-0.104980 -0.879639 0.151855 -41.786128 7.137193 -18.239492 212035296462.000000
-0.101563 -0.878662 0.146240 -42.213140 7.320198 -18.239492 212035299555.000000
-0.099365 -0.883301 0.138428 -42.884158 6.649180 -18.666504 212035302650.000000
-0.094727 -0.880371 0.140625 -43.372171 6.588178 -18.117489 212035305764.000000
-0.091553 -0.869873 0.146484 -44.104191 5.307143 -17.751479 212035308854.000000
-0.101074 -0.886719 0.127441 -44.775209 5.307143 -17.934484 212035312121.000000
-0.103271 -0.882813 0.112549 -45.629232 5.551150 -18.056488 212035315258.000000
-0.100830 -0.899170 0.122803 -46.300250 5.673153 -18.056488 212035318342.000000
-0.103271 -0.901367 0.112793 -47.337278 6.039163 -17.629476 212035321422.000000
-0.100586 -0.903564 0.107422 -47.764290 6.954188 -17.263466 212035324502.000000
-0.108643 -0.895996 0.108154 -48.496309 7.259196 -17.324468 212035327579.000000
-0.104004 -0.896484 0.111816 -48.801318 6.710181 -16.775453 212035330675.000000
-0.099609 -0.899170 0.115479 -48.679314 7.320198 -16.470445 212035333753.000000
-0.093994 -0.891602 0.110352 -49.167328 7.381199 -16.531446 212035336830.000000
-0.095459 -0.892578 0.105957 -50.143354 7.930214 -15.555420 212035339929.000000
-0.091553 -0.886475 0.097900 -50.570365 7.991216 -15.250412 212035343010.000000
-0.090088 -0.885498 0.092041 -51.119380 8.113219 -15.189410 212035346089.000000
-0.089111 -0.879883 0.093750 -51.180382 8.662234 -14.701397 212035349234.000000
-0.085693 -0.883789 0.094727 -51.851400 9.211249 -14.884402 212035352314.000000
-0.079834 -0.884766 0.086670 -52.583420 9.028244 -14.945404 212035355394.000000
-0.075684 -0.888428 0.085693 -53.010431 9.577259 -15.006405 212035358470.000000
-0.071533 -0.891113 0.081055 -53.010431 9.699262 -14.945404 212035361611.000000
-0.082275 -0.888428 0.072998 -53.498444 11.590313 -14.030379 212035364705.000000
-0.159912 -0.896484 0.064941 -51.729397 14.579394 -9.028244 212035367799.000000
-0.092285 -0.904541 0.085449 -52.217410 11.956323 -8.723236 212035370903.000000
-0.031738 -0.911377 0.063477 -52.156408 12.749344 -12.017324 212035373994.000000
-0.036133 -0.907715 0.047852 -53.010431 14.213384 -14.213384 212035377086.000000
-0.045166 -0.882813 0.064941 -54.474471 10.065272 -13.786372 212035380193.000000
-0.046387 -0.875000 0.064697 -56.365522 8.906240 -13.908376 212035383287.000000
-0.040527 -0.884521 0.048584 -56.792533 10.187275 -15.006405 212035386393.000000
-0.046387 -0.889648 0.051025 -56.243519 9.455255 -15.738425 212035389499.000000
-0.052002 -0.885986 0.052246 -56.731532 7.808211 -15.555420 212035392590.000000
-0.053467 -0.886719 0.053223 -57.280547 7.808211 -16.287440 212035395694.000000
-0.055176 -0.893311 0.046387 -57.402550 7.930214 -15.738425 212035398784.000000
-0.061768 -0.893555 0.047363 -57.707558 7.076191 -15.738425 212035401907.000000
-0.061768 -0.902344 0.033203 -58.866589 7.503203 -16.104435 212035405000.000000
-0.054443 -0.905029 0.031982 -59.476606 7.869212 -15.921430 212035408081.000000
-0.043701 -0.901611 0.045898 -60.025621 7.015189 -16.226438 212035411186.000000
-0.038574 -0.904053 0.043945 -60.147624 6.954188 -15.738425 212035414272.000000
-0.037354 -0.898438 0.046875 -60.269627 6.710181 -15.860428 212035417405.000000
-0.031006 -0.905518 0.034668 -60.940645 6.893186 -15.372415 212035420495.000000
-0.032959 -0.904785 0.037109 -61.001647 6.954188 -15.982432 212035423582.000000
-0.028076 -0.902100 0.036865 -60.757640 7.198194 -15.494418 212035426662.000000
-0.028809 -0.897949 0.028076 -61.062649 6.588178 -15.494418 212035429743.000000
-0.026123 -0.900635 0.023682 -61.428659 7.076191 -15.372415 212035432822.000000
-0.020752 -0.899414 0.023926 -61.733667 7.686208 -15.555420 212035435898.000000
-0.015625 -0.903320 0.023193 -61.489660 7.259196 -15.494418 212035438973.000000
-0.014160 -0.896484 0.020508 -62.160678 7.442201 -15.311413 212035442182.000000
-0.004883 -0.896240 0.007568 -62.038675 8.296224 -15.311413 212035445261.000000
-0.006592 -0.889404 0.014404 -62.099677 7.991216 -15.494418 212035448340.000000
0.007568 -0.881836 0.011963 -61.794668 7.259196 -15.189410 212035451435.000000
0.004395 -0.883789 -0.003418 -62.099677 7.625206 -15.616422 212035454512.000000
0.009766 -0.880615 -0.003418 -62.526688 7.320198 -15.738425 212035457637.000000
0.012207 -0.882324 -0.015625 -63.258708 7.503203 -15.738425 212035460738.000000
0.010498 -0.880615 -0.024658 -63.990728 7.564204 -16.226438 212035463836.000000
0.007324 -0.888916 -0.042480 -64.295736 7.442201 -15.677423 212035466930.000000
0.012207 -0.886963 -0.042969 -64.173733 7.137193 -15.982432 212035470036.000000
0.014893 -0.880615 -0.049561 -63.929726 6.283170 -15.982432 212035473129.000000
0.009766 -0.879395 -0.056396 -64.295736 4.514122 -15.494418 212035476222.000000
0.015381 -0.881104 -0.081787 -63.990728 3.782102 -15.555420 212035479328.000000
0.017822 -0.886475 -0.094971 -63.685720 3.294089 -15.677423 212035482418.000000
0.022705 -0.897461 -0.112793 -63.929726 2.135058 -15.982432 212035485509.000000
0.028076 -0.887939 -0.105713 -64.417739 1.403038 -16.165436 212035488602.000000
0.027100 -0.890625 -0.103027 -65.454767 0.366010 -16.592448 212035491705.000000
0.028076 -0.890381 -0.097168 -66.796804 0.732020 -16.653450 212035494797.000000
0.013916 -0.903564 -0.096924 -68.504850 0.671018 -17.019460 212035497891.000000
0.010986 -0.910400 -0.078125 -69.297871 0.671018 -16.958458 212035500994.000000
0.005615 -0.912842 -0.069336 -69.297871 1.220033 -16.409443 212035504099.000000
0.002197 -0.920410 -0.064209 -68.992863 2.379064 -16.043433 212035507192.000000
-0.009521 -0.924316 -0.070313 -67.406820 2.013054 -15.250412 212035510294.000000
-0.014404 -0.922363 -0.047363 -65.820777 1.586043 -14.335387 212035513384.000000
-0.013916 -0.924316 -0.056152 -64.661746 2.196059 -13.786372 212035516519.000000
-0.015869 -0.921631 -0.067383 -64.173733 2.623071 -12.627341 212035519602.000000
-0.014404 -0.920654 -0.083496 -63.929726 3.111084 -11.834320 212035522688.000000
-0.010010 -0.917480 -0.106689 -63.441713 3.111084 -11.773318 212035525770.000000
-0.005127 -0.913330 -0.117432 -63.197706 3.599097 -12.017324 212035528848.000000
-0.001465 -0.913574 -0.114014 -62.526688 3.599097 -10.980296 212035531931.000000
-0.000977 -0.904541 -0.123779 -62.587690 2.440066 -10.919295 212035535018.000000
0.000244 -0.901123 -0.121338 -62.648692 2.257061 -11.041298 212035538094.000000
0.003662 -0.904541 -0.132568 -63.319710 2.074056 -11.102300 212035541172.000000
0.005615 -0.901611 -0.126221 -63.441713 1.891051 -11.041298 212035544254.000000
-0.002930 -0.901123 -0.131348 -63.441713 1.708046 -11.041298 212035547332.000000
-0.005859 -0.906738 -0.127441 -63.136705 1.647044 -10.736290 212035550412.000000
-0.002441 -0.908447 -0.133057 -63.136705 1.464040 -10.492283 212035553519.000000
0.000977 -0.907715 -0.139404 -63.258708 1.159031 -10.248277 212035556594.000000
-0.010986 -0.904785 -0.140625 -63.319710 0.915025 -10.370280 212035559682.000000
-0.010498 -0.908447 -0.150879 -63.136705 0.854023 -9.760264 212035562776.000000
-0.009277 -0.911621 -0.151123 -63.136705 0.854023 -9.577259 212035565867.000000
-0.006836 -0.909424 -0.154053 -62.831696 0.183005 -9.699262 212035568963.000000
-0.001465 -0.912354 -0.157715 -62.343683 -0.366010 -9.211249 212035572126.000000
-0.000244 -0.913818 -0.164307 -62.160678 -0.976026 -9.150247 212035575218.000000
0.000244 -0.909912 -0.161621 -61.916672 -1.647044 -9.211249 212035578310.000000
0.005371 -0.906494 -0.173584 -61.977673 -2.379064 -8.723236 212035581427.000000
0.001465 -0.907715 -0.182373 -61.855670 -2.684072 -9.089245 212035584521.000000
0.001953 -0.906738 -0.175293 -61.916672 -3.111084 -8.540231 212035587613.000000
0.007568 -0.910645 -0.171631 -61.916672 -3.660099 -8.906240 212035590738.000000
0.001709 -0.916016 -0.175781 -61.733667 -3.538096 -8.723236 212035593834.000000
0.005371 -0.925293 -0.179199 -61.306655 -3.782102 -8.418227 212035596922.000000
0.005615 -0.922607 -0.178711 -60.940645 -4.026109 -8.418227 212035600049.000000
0.009521 -0.914063 -0.174072 -60.208626 -4.392119 -7.991216 212035603140.000000
0.008301 -0.918945 -0.185059 -59.781614 -4.270115 -7.991216 212035608361.000000
-0.001221 -0.917969 -0.193359 -58.805588 -4.026109 -7.564204 212035611505.000000
-0.005127 -0.921875 -0.192627 -58.805588 -3.904105 -7.930214 212035614771.000000
-0.005127 -0.924072 -0.199707 -58.622583 -3.477094 -7.198194 212035617870.000000
-0.014160 -0.923340 -0.199707 -58.317575 -3.355091 -6.710181 212035620954.000000
-0.012451 -0.924561 -0.203125 -57.707558 -3.294089 -6.283170 212035624059.000000
-0.011230 -0.927002 -0.207764 -57.280547 -3.233087 -5.978161 212035627135.000000
-0.010254 -0.924316 -0.204102 -56.609528 -2.989081 -5.368145 212035630216.000000
-0.017822 -0.926025 -0.213379 -56.426524 -2.806076 -5.368145 212035633300.000000
-0.019043 -0.916992 -0.218994 -56.182517 -2.989081 -4.880132 212035636376.000000
-0.018555 -0.915283 -0.234131 -55.755505 -2.623071 -4.880132 212035639452.000000
-0.020996 -0.912598 -0.237793 -55.511499 -2.135058 -4.575124 212035642529.000000
-0.017578 -0.911133 -0.235107 -55.145489 -2.440066 -4.270115 212035645606.000000
-0.018066 -0.910645 -0.241455 -55.389496 -2.196059 -3.721100 212035648684.000000
-0.017090 -0.908936 -0.246094 -55.023486 -1.830049 -3.294089 212035651767.000000
-0.015625 -0.906006 -0.247070 -54.840481 -1.769048 -2.928079 212035654852.000000
-0.003906 -0.903564 -0.244385 -54.718477 -1.769048 -2.928079 212035657933.000000
-0.002441 -0.899902 -0.248291 -54.413469 -2.074056 -2.501068 212035661026.000000
0.001221 -0.900146 -0.239990 -53.925456 -2.440066 -2.257061 212035664146.000000
0.005859 -0.894287 -0.248779 -53.620448 -2.318063 -2.135058 212035667237.000000
0.002441 -0.889893 -0.268066 -53.681449 -2.379064 -1.830049 212035670344.000000
0.008789 -0.886475 -0.269775 -53.742451 -2.562069 -2.257061 212035673435.000000
0.016357 -0.886719 -0.272461 -53.498444 -2.867077 -2.074056 212035676525.000000
0.014160 -0.888428 -0.282227 -53.254438 -2.745074 -2.501068 212035679631.000000
0.016602 -0.886963 -0.283691 -53.071433 -2.623071 -2.989081 212035682721.000000
0.016357 -0.885498 -0.295898 -52.705423 -2.867077 -3.477094 212035685811.000000
0.015381 -0.888672 -0.292969 -52.644421 -2.684072 -3.660099 212035688901.000000
0.014893 -0.889160 -0.307861 -53.010431 -2.196059 -4.087110 212035691996.000000
0.020020 -0.890137 -0.307617 -53.315440 -2.318063 -4.514122 212035695095.000000
0.025879 -0.885254 -0.308594 -53.254438 -2.440066 -4.758128 212035698186.000000
0.027588 -0.887695 -0.300293 -53.193436 -2.867077 -4.453120 212035701289.000000
0.016357 -0.894775 -0.308838 -53.315440 -2.318063 -4.758128 212035704380.000000
0.016602 -0.895508 -0.308350 -53.254438 -2.379064 -5.063137 212035707471.000000
0.025879 -0.893311 -0.295898 -52.888428 -2.806076 -5.124138 212035710637.000000
0.019531 -0.899170 -0.292236 -52.461416 -2.745074 -4.880132 212035713776.000000
0.016113 -0.890625 -0.295654 -52.278412 -2.745074 -4.636125 212035716923.000000
0.011963 -0.886719 -0.301025 -52.461416 -2.501068 -4.270115 212035720035.000000
0.008057 -0.881836 -0.309570 -51.119380 -2.623071 -4.148112 212035723115.000000
0.008301 -0.882568 -0.311279 -51.241384 -2.501068 -3.538096 212035726182.000000
0.004639 -0.880371 -0.315430 -50.936375 -1.952053 -3.172086 212035729262.000000
0.003418 -0.869629 -0.322998 -50.997377 -1.891051 -2.928079 212035732342.000000
0.004150 -0.876953 -0.321533 -50.387360 -1.647044 -2.684072 212035735420.000000
0.002441 -0.874268 -0.327881 -50.021351 -1.525041 -2.318063 212035738495.000000
-0.002197 -0.876953 -0.330566 -49.411334 -1.525041 -1.830049 212035741573.000000
-0.001465 -0.873779 -0.334961 -49.350332 -1.342036 -2.196059 212035744656.000000
-0.003906 -0.877441 -0.349609 -49.167328 -1.037028 -1.952053 212035747733.000000
-0.005615 -0.882324 -0.363770 -48.496309 -0.915025 -1.891051 212035750815.000000
-0.008545 -0.876953 -0.377930 -47.520283 -0.854023 -1.525041 212035753896.000000
-0.005859 -0.877686 -0.377197 -46.483255 -0.854023 -1.830049 212035756971.000000
-0.006104 -0.864014 -0.372559 -46.605258 -0.366010 -2.379064 212035760079.000000
-0.007080 -0.859863 -0.348633 -47.459281 0.061002 -2.562069 212035763170.000000
-0.013428 -0.855957 -0.341797 -48.862319 -0.366010 -2.745074 212035766261.000000
-0.016846 -0.866211 -0.349365 -49.350332 -0.122003 -2.684072 212035769365.000000
-0.016357 -0.875732 -0.357178 -48.740316 0.549015 -2.928079 212035772453.000000
-0.015869 -0.880127 -0.375000 -48.008296 0.366010 -2.745074 212035775543.000000
-0.021729 -0.883057 -0.359863 -46.910267 -0.793021 -2.562069 212035778634.000000
-0.014160 -0.886230 -0.374512 -46.361252 -0.915025 -2.013054 212035781755.000000
-0.010986 -0.880859 -0.384033 -45.385225 -0.488013 -1.830049 212035784849.000000
-0.009277 -0.878906 -0.391846 -45.385225 -0.610016 -1.586043 212035787945.000000
-0.010010 -0.869141 -0.401611 -45.568230 -0.671018 -1.525041 212035791055.000000
-0.006104 -0.876953 -0.394287 -45.324224 -0.549015 -0.915025 212035794148.000000
-0.004150 -0.886719 -0.404297 -45.202220 -0.549015 -1.586043 212035797239.000000
-0.005371 -0.883789 -0.401123 -45.019216 -0.976026 -1.403038 212035800337.000000
-0.004883 -0.889648 -0.402588 -44.958214 -1.403038 -1.342036 212035803431.000000
-0.009766 -0.886719 -0.403320 -44.287196 -1.281035 -1.342036 212035806521.000000
-0.004150 -0.884766 -0.405029 -44.348197 -1.647044 -1.769048 212035809677.000000
-0.000244 -0.883057 -0.404541 -44.287196 -2.074056 -1.769048 212035812766.000000
-0.003662 -0.881104 -0.399170 -44.165192 -2.318063 -1.342036 212035815854.000000
-0.003906 -0.880127 -0.406494 -44.104191 -2.745074 -1.342036 212035818998.000000
-0.008057 -0.879639 -0.405518 -43.677179 -2.196059 -1.281035 212035822212.000000
-0.001709 -0.870605 -0.394287 -43.006161 -2.684072 -1.159031 212035825295.000000
-0.005615 -0.868652 -0.395996 -42.640151 -2.623071 -0.915025 212035828375.000000
-0.014160 -0.865234 -0.406494 -42.274141 -2.318063 -0.549015 212035831458.000000
-0.015625 -0.857666 -0.424805 -42.213140 -2.257061 -0.366010 212035834537.000000
-0.017090 -0.856689 -0.424316 -41.420118 -2.440066 0.061002 212035837613.000000
-0.017334 -0.854980 -0.429443 -40.993107 -2.867077 0.244007 212035840714.000000
-0.014648 -0.849121 -0.428467 -40.566095 -2.562069 0.488013 212035843792.000000
-0.013672 -0.846924 -0.430664 -40.627097 -2.928079 0.488013 212035846862.000000
-0.013428 -0.841553 -0.431152 -40.810102 -2.623071 0.427012 212035849940.000000
-0.012451 -0.842773 -0.441895 -40.688099 -2.379064 0.915025 212035853014.000000
-0.013184 -0.844971 -0.437012 -40.749100 -1.769048 0.854023 212035856094.000000
-0.011719 -0.841309 -0.443359 -40.993107 -1.159031 0.732020 212035859258.000000
-0.017090 -0.851563 -0.440918 -40.444092 -0.854023 0.976026 212035862353.000000
-0.012695 -0.855713 -0.438721 -39.773074 -0.488013 1.342036 212035865478.000000
-0.012695 -0.856934 -0.432373 -39.163057 -0.183005 0.793021 212035868570.000000
-0.010498 -0.855225 -0.427490 -38.919051 -0.061002 1.342036 212035871675.000000
-0.009521 -0.861572 -0.437744 -38.675044 0.183005 1.342036 212035874767.000000
-0.008057 -0.858643 -0.437256 -38.126029 0.793021 1.891051 212035877856.000000
-0.010010 -0.854004 -0.439209 -37.760020 0.976026 2.196059 212035880959.000000
-0.004883 -0.856445 -0.447510 -37.333008 1.281035 2.623071 212035884056.000000
0.002930 -0.850830 -0.447998 -37.577015 1.220033 2.562069 212035887147.000000
0.001953 -0.851074 -0.447266 -36.539987 1.525041 2.318063 212035890254.000000
0.008301 -0.848389 -0.447510 -36.539987 1.098030 2.440066 212035893344.000000
0.003418 -0.854248 -0.445068 -36.539987 0.976026 2.135058 212035896434.000000
0.011963 -0.853271 -0.439941 -36.356982 0.671018 2.257061 212035899538.000000
0.009277 -0.851563 -0.447021 -36.539987 0.793021 2.013054 212035902634.000000
0.012695 -0.854736 -0.446533 -36.600988 0.976026 1.891051 212035905757.000000
0.010010 -0.854004 -0.446777 -36.722992 1.159031 1.586043 212035908849.000000
0.007324 -0.856934 -0.455566 -36.051973 1.220033 1.342036 212035911949.000000
0.005615 -0.851563 -0.451416 -35.685964 1.159031 1.586043 212035915042.000000
0.001709 -0.844971 -0.459229 -35.075947 1.403038 1.342036 212035918176.000000
0.000732 -0.844238 -0.468750 -34.465931 1.342036 1.464040 212035921260.000000
-0.002930 -0.844238 -0.464355 -33.611908 1.403038 1.586043 212035924341.000000
-0.005127 -0.844482 -0.470703 -33.611908 1.830049 1.647044 212035927416.000000
-0.006836 -0.842041 -0.468262 -32.757884 2.196059 1.891051 212035930498.000000
-0.009033 -0.845703 -0.468506 -32.879888 2.745074 1.403038 212035933580.000000
-0.011719 -0.851807 -0.473145 -32.513878 3.050082 1.708046 212035936659.000000
-0.008301 -0.854004 -0.465820 -32.391875 3.477094 1.952053 212035939740.000000
-0.009521 -0.857178 -0.463867 -32.208870 3.843104 1.708046 212035942823.000000
-0.008057 -0.860840 -0.458008 -32.330873 4.758128 1.586043 212035945903.000000
-0.007080 -0.864258 -0.459961 -31.720856 5.307143 1.769048 212035948980.000000
-0.011230 -0.865479 -0.455566 -31.232843 5.978161 1.952053 212035952162.000000
-0.003662 -0.867920 -0.449707 -30.378820 6.588178 2.074056 212035955243.000000
0.007080 -0.865967 -0.441162 -28.182761 7.381199 2.257061 212035966662.000000
0.018799 -0.864990 -0.454102 -27.206735 6.588178 2.196059 212035970306.000000
0.024902 -0.858887 -0.457520 -26.718721 6.100165 1.830049 212035973470.000000
0.023682 -0.848877 -0.459717 -25.864698 5.307143 1.403038 212035976565.000000
0.029541 -0.841064 -0.462646 -26.169707 5.124138 0.671018 212035979646.000000
0.021240 -0.831055 -0.463135 -26.352712 4.453120 0.183005 212035982761.000000
0.022949 -0.832031 -0.468018 -26.352712 4.392119 -0.610016 212035985841.000000
0.016846 -0.828857 -0.466309 -26.169707 4.209114 -1.037028 212035988992.000000
0.015137 -0.827393 -0.469971 -26.047703 3.050082 -1.464040 212035992419.000000
0.014893 -0.827637 -0.471924 -26.047703 2.806076 -2.196059 212035995568.000000
0.007324 -0.824219 -0.487061 -25.742695 2.562069 -2.379064 212035998651.000000
0.001953 -0.822754 -0.482422 -25.437687 2.135058 -2.806076 212036001762.000000
0.000000 -0.819824 -0.484619 -24.583664 1.891051 -2.745074 212036004849.000000
-0.011963 -0.819336 -0.489502 -24.095651 0.854023 -2.928079 212036007936.000000
-0.011719 -0.818359 -0.487061 -23.607637 0.671018 -2.867077 212036011022.000000
-0.013916 -0.816162 -0.500488 -22.875618 0.671018 -3.355091 212036014111.000000
-0.019775 -0.815186 -0.499512 -21.838590 -0.061002 -3.233087 212036017199.000000
-0.029785 -0.793457 -0.498047 -20.435552 -0.854023 -4.209114 212036020441.000000
-0.032959 -0.791260 -0.485352 -19.215519 -1.403038 -4.819130 212036023537.000000
-0.037842 -0.802734 -0.497070 -19.276520 -0.305008 -5.246142 212036026633.000000
-0.045166 -0.803955 -0.495605 -20.618557 0.488013 -4.819130 212036029717.000000
-0.045410 -0.818359 -0.492676 -21.594583 1.220033 -4.270115 212036032829.000000
-0.051758 -0.830322 -0.489502 -21.106570 1.403038 -3.721100 212036035919.000000
-0.055420 -0.838867 -0.489502 -19.642530 0.854023 -3.050082 212036039003.000000
-0.057373 -0.844971 -0.487061 -19.581529 0.671018 -2.074056 212036042174.000000
-0.056396 -0.844727 -0.486084 -18.544501 0.305008 -1.647044 212036045255.000000
-0.053955 -0.844727 -0.490479 -17.446471 -0.183005 -1.098030 212036048337.000000
-0.054688 -0.842773 -0.501709 -16.165436 0.000000 0.000000 212036051417.000000
-0.054199 -0.844727 -0.495850 -15.799427 0.305008 0.732020 212036054513.000000
-0.049561 -0.836914 -0.488281 -15.067407 -0.915025 0.732020 212036057644.000000
-0.046875 -0.832275 -0.500000 -14.640395 -0.793021 1.647044 212036060730.000000
-0.041016 -0.825439 -0.506104 -13.664369 -1.098030 1.586043 212036063819.000000
-0.034912 -0.809082 -0.504150 -13.420362 -1.403038 1.952053 212036066900.000000
-0.030762 -0.806885 -0.501465 -13.481364 -1.830049 2.318063 212036069990.000000
-0.028320 -0.803955 -0.498535 -12.688343 -1.586043 2.135058 212036073088.000000
-0.026367 -0.790527 -0.498047 -12.688343 -1.403038 1.830049 212036076189.000000
-0.021484 -0.787354 -0.489502 -12.444336 -2.379064 2.074056 212036079289.000000
-0.020020 -0.787109 -0.489258 -12.627341 -2.379064 2.379064 212036082385.000000
-0.018066 -0.789307 -0.488037 -12.749344 -2.379064 2.135058 212036085501.000000
-0.018799 -0.791016 -0.501709 -12.810346 -1.952053 2.074056 212036088598.000000
-0.017822 -0.799805 -0.503174 -12.810346 -1.830049 1.586043 212036091698.000000
-0.018555 -0.795898 -0.502441 -11.956323 -1.891051 1.769048 212036094793.000000
-0.012939 -0.802734 -0.502930 -11.346306 -1.647044 1.830049 212036097890.000000
-0.016113 -0.799561 -0.509277 -11.834320 -1.891051 1.891051 212036101001.000000
-0.011475 -0.804932 -0.514160 -11.468310 -1.403038 1.952053 212036104099.000000
-0.011475 -0.812500 -0.519043 -11.285305 -1.098030 1.769048 212036107191.000000
-0.018311 -0.814209 -0.512695 -11.407308 -1.098030 2.196059 212036110287.000000
-0.017090 -0.815674 -0.507324 -11.102300 -0.793021 1.830049 212036113379.000000
-0.016602 -0.818848 -0.505371 -10.614287 -0.610016 2.196059 212036116868.000000
-0.023926 -0.816162 -0.491699 -10.004270 -0.610016 1.830049 212036119990.000000
-0.024414 -0.817871 -0.489014 -9.699262 -0.671018 1.952053 212036123077.000000
-0.023193 -0.813721 -0.479248 -8.845239 -0.671018 2.135058 212036126154.000000
-0.022949 -0.815918 -0.469727 -8.601232 -1.159031 2.440066 212036129240.000000
-0.020020 -0.814941 -0.465576 -7.747209 -1.098030 2.562069 212036132321.000000
-0.011963 -0.810303 -0.466553 -6.710181 -1.342036 2.501068 212036135396.000000
-0.015869 -0.811035 -0.460693 -6.283170 -1.342036 2.013054 212036138479.000000
-0.008545 -0.802734 -0.464355 -5.368145 -1.342036 1.830049 212036141552.000000
-0.006836 -0.798828 -0.470459 -5.307143 -0.915025 1.830049 212036144635.000000
-0.015625 -0.794189 -0.472656 -4.880132 -0.671018 1.586043 212036147715.000000
-0.013916 -0.791016 -0.474854 -3.660099 -0.610016 0.854023 212036150796.000000
-0.013916 -0.790527 -0.463379 -2.928079 -1.098030 0.915025 212036153881.000000
-0.019287 -0.787109 -0.474121 -2.806076 -1.281035 0.793021 212036156963.000000
-0.019531 -0.780518 -0.469482 -2.989081 -1.342036 1.098030 212036160086.000000
-0.019287 -0.779785 -0.481934 -3.111084 -1.281035 0.671018 212036163186.000000
-0.027344 -0.782471 -0.487793 -3.477094 -0.671018 0.671018 212036166282.000000
-0.022949 -0.782959 -0.487549 -3.721100 -0.427012 0.915025 212036169381.000000
-0.024902 -0.789063 -0.496338 -3.233087 -0.610016 0.488013 212036172474.000000
-0.031494 -0.785645 -0.491211 -3.050082 -0.671018 0.610016 212036175570.000000
-0.038574 -0.783936 -0.501465 -2.562069 -0.976026 0.671018 212036178664.000000
-0.042480 -0.783447 -0.504639 -1.708046 -2.074056 0.976026 212036181763.000000
-0.036865 -0.780518 -0.502686 -0.793021 -2.196059 0.854023 212036184856.000000
-0.040039 -0.775146 -0.511230 -0.366010 -2.074056 0.793021 212036187948.000000
-0.033203 -0.772461 -0.519531 -0.488013 -2.318063 1.403038 212036191046.000000
-0.030273 -0.766357 -0.507080 -1.403038 -2.135058 1.037028 212036194141.000000
-0.032471 -0.765869 -0.500000 -2.135058 -1.647044 1.525041 212036197233.000000
-0.031738 -0.763428 -0.494141 -2.989081 -1.586043 0.976026 212036200337.000000
-0.027832 -0.762207 -0.472900 -4.087110 -1.159031 1.464040 212036203435.000000
-0.028564 -0.763184 -0.466553 -3.782102 -0.915025 1.281035 212036206529.000000
-0.030029 -0.768066 -0.470459 -3.416092 -0.488013 1.220033 212036209678.000000
-0.026123 -0.772949 -0.465576 -2.257061 -0.244007 1.708046 212036212767.000000
-0.028320 -0.777344 -0.463135 -1.037028 -0.061002 1.830049 212036215916.000000
-0.022217 -0.776123 -0.467529 0.061002 0.915025 1.464040 212036219019.000000
-0.023682 -0.771240 -0.471436 0.732020 0.793021 1.708046 212036222245.000000
-0.022705 -0.767822 -0.479492 0.854023 0.976026 1.525041 212036225332.000000
-0.012939 -0.772217 -0.486084 0.854023 1.037028 1.830049 212036228410.000000
-0.009277 -0.769775 -0.496094 1.403038 1.281035 1.586043 212036231495.000000
0.000977 -0.773438 -0.492432 2.440066 0.366010 0.915025 212036234576.000000
-0.000488 -0.770264 -0.482666 2.501068 -0.061002 1.159031 212036237654.000000
-0.004883 -0.768066 -0.477295 2.013054 -0.061002 0.915025 212036240727.000000
-0.000732 -0.762939 -0.484863 1.525041 -0.061002 0.427012 212036243827.000000
-0.001709 -0.762207 -0.483643 1.159031 0.244007 0.122003 212036246908.000000
-0.007568 -0.763916 -0.474854 1.281035 0.244007 0.183005 212036249990.000000
-0.011963 -0.763672 -0.471924 1.403038 0.366010 -0.244007 212036253072.000000
-0.015381 -0.761475 -0.468750 1.647044 0.183005 -0.061002 212036256170.000000
-0.014648 -0.759033 -0.464355 2.013054 0.244007 -0.488013 212036259284.000000
-0.019043 -0.764160 -0.464111 2.440066 -0.061002 -0.488013 212036262368.000000
-0.023926 -0.756592 -0.465332 3.172086 -0.061002 -0.427012 212036265476.000000
-0.021240 -0.756836 -0.466553 3.477094 0.061002 -0.366010 212036268569.000000
-0.023193 -0.750244 -0.469238 3.599097 -0.366010 -0.427012 212036271664.000000
-0.024414 -0.749756 -0.475830 4.148112 -0.427012 -0.671018 212036274761.000000
-0.024902 -0.748047 -0.484619 4.148112 -0.671018 -0.671018 212036277856.000000
-0.028076 -0.737549 -0.485840 4.026109 -0.610016 -0.854023 212036280953.000000
-0.025879 -0.742432 -0.488525 3.721100 -0.793021 -0.732020 212036284052.000000
-0.033936 -0.737549 -0.482178 3.721100 -0.732020 -0.854023 212036287145.000000
-0.030273 -0.740479 -0.487305 3.599097 -1.098030 -0.610016 212036290246.000000
-0.031738 -0.743652 -0.484131 3.233087 -1.098030 -1.037028 212036293341.000000
-0.034424 -0.739258 -0.482666 3.233087 -0.793021 -0.915025 212036296437.000000
-0.032471 -0.741943 -0.487061 3.111084 -0.793021 -0.610016 212036299533.000000
-0.036621 -0.742920 -0.479248 3.416092 -0.732020 -0.854023 212036302634.000000
-0.039795 -0.749268 -0.482910 3.294089 -0.549015 -0.793021 212036305759.000000
-0.036865 -0.750244 -0.478760 3.416092 -0.488013 -0.976026 212036308891.000000
-0.036377 -0.758301 -0.484375 3.233087 0.305008 -0.427012 212036312261.000000
-0.034668 -0.763428 -0.484131 3.965107 0.122003 -0.366010 212036317304.000000
-0.029785 -0.763428 -0.483887 3.965107 0.610016 -0.366010 212036320790.000000
-0.034912 -0.764160 -0.481934 3.904105 0.610016 -0.366010 212036323991.000000
-0.035645 -0.761719 -0.478760 3.904105 0.488013 -0.488013 212036327076.000000
-0.031982 -0.765137 -0.475342 3.843104 1.037028 -0.305008 212036330171.000000
-0.033203 -0.758301 -0.479492 3.904105 0.854023 -0.366010 212036333257.000000
-0.024902 -0.753418 -0.476074 4.087110 0.671018 -0.122003 212036336336.000000
-0.024902 -0.758057 -0.484863 4.087110 0.366010 -0.122003 212036339408.000000
-0.026123 -0.752197 -0.487061 4.209114 0.366010 -0.061002 212036342487.000000
-0.022949 -0.754883 -0.483398 4.026109 0.000000 -0.244007 212036345619.000000
-0.021240 -0.753174 -0.487061 4.331117 -0.061002 -0.305008 212036348694.000000
-0.028809 -0.747070 -0.479004 3.965107 0.061002 -0.305008 212036351775.000000
-0.027832 -0.748535 -0.480713 3.843104 -0.366010 -0.427012 212036354859.000000
-0.021240 -0.748291 -0.481934 3.538096 -0.122003 -0.427012 212036357926.000000
-0.023438 -0.745850 -0.477295 3.477094 -0.305008 -0.427012 212036361027.000000
-0.030273 -0.754150 -0.475586 3.599097 0.061002 -0.793021 212036364101.000000
-0.024170 -0.755371 -0.479736 3.660099 -0.122003 -0.976026 212036367185.000000
-0.024902 -0.756592 -0.475830 3.599097 -0.549015 -0.671018 212036370260.000000
-0.031494 -0.759277 -0.480957 3.660099 0.122003 -0.915025 212036373340.000000
-0.024902 -0.762451 -0.475586 4.148112 -0.061002 -1.159031 212036376421.000000
-0.025391 -0.762207 -0.479980 4.453120 -0.061002 -1.159031 212036379512.000000
-0.030518 -0.765869 -0.480469 4.636125 0.000000 -0.915025 212036382628.000000
-0.027588 -0.767822 -0.482422 4.697127 -0.427012 -1.220033 212036385746.000000
-0.028564 -0.771484 -0.491699 5.002135 0.061002 -1.037028 212036388836.000000
-0.030518 -0.773193 -0.481201 4.941133 0.122003 -1.281035 212036391946.000000
-0.023438 -0.776611 -0.482178 5.063137 0.183005 -0.976026 212036395039.000000
-0.027100 -0.778076 -0.489258 5.429147 0.244007 -0.976026 212036398128.000000
-0.026611 -0.781494 -0.484619 5.124138 0.061002 -1.159031 212036401234.000000
-0.020264 -0.784668 -0.493408 5.917160 0.183005 -0.915025 212036404326.000000
-0.019531 -0.785645 -0.492188 6.283170 0.183005 -0.793021 212036407418.000000
-0.019531 -0.786621 -0.492432 6.527176 -0.183005 -0.976026 212036410528.000000
-0.020996 -0.784180 -0.492676 6.649180 -0.061002 -0.854023 212036413616.000000
-0.018555 -0.787598 -0.500000 6.649180 -0.244007 -0.549015 212036416706.000000
-0.023438 -0.786865 -0.495361 7.137193 -0.305008 -0.915025 212036420197.000000
-0.019531 -0.786621 -0.500000 7.320198 -0.366010 -0.854023 212036423288.000000
-0.022461 -0.786377 -0.490479 7.442201 -0.793021 -1.098030 212036426368.000000
-0.021729 -0.792480 -0.493652 7.869212 -0.732020 -0.854023 212036429451.000000
-0.024658 -0.789307 -0.494629 7.564204 -0.732020 -0.854023 212036432535.000000
-0.025391 -0.793213 -0.481689 7.808211 -0.915025 -1.342036 212036435612.000000
-0.027100 -0.793945 -0.479736 7.991216 -1.037028 -0.854023 212036438707.000000
-0.033203 -0.797852 -0.483887 8.174221 -0.793021 -0.793021 212036441786.000000
-0.031006 -0.805908 -0.478760 8.967242 -0.915025 -0.610016 212036444880.000000
-0.027832 -0.806396 -0.471680 9.211249 -1.098030 -0.915025 212036447959.000000
-0.037109 -0.805908 -0.473877 9.760264 -0.915025 -0.488013 212036451040.000000
-0.031982 -0.805908 -0.470947 10.492283 -1.098030 -0.549015 212036454123.000000
-0.031250 -0.807617 -0.464600 11.102300 -1.159031 -0.549015 212036457202.000000
-0.034668 -0.803223 -0.465576 11.651315 -0.915025 0.000000 212036460290.000000
-0.031494 -0.808838 -0.470947 12.261331 -1.037028 -0.122003 212036463398.000000
-0.030029 -0.805664 -0.480713 13.054352 -1.159031 0.305008 212036466492.000000
-0.029541 -0.807617 -0.485596 13.969377 -1.342036 0.305008 212036469598.000000
-0.028076 -0.804932 -0.497070 15.311413 -1.525041 0.305008 212036472692.000000
-0.024658 -0.804932 -0.485596 15.738425 -0.915025 0.427012 212036475782.000000
-0.021240 -0.804688 -0.473877 15.250412 0.061002 0.183005 212036478873.000000
-0.023682 -0.793457 -0.454590 13.786372 0.122003 0.549015 212036481969.000000
-0.024170 -0.790527 -0.445801 13.359361 -0.061002 0.732020 212036485062.000000
-0.026611 -0.793457 -0.453369 14.335387 0.244007 0.976026 212036488174.000000
-0.023193 -0.798340 -0.452148 15.372415 0.915025 0.732020 212036491280.000000
-0.021484 -0.802734 -0.450439 16.165436 0.427012 1.037028 212036494373.000000
-0.018311 -0.804932 -0.455322 17.507473 -0.061002 0.793021 212036497493.000000
-0.020264 -0.807617 -0.460693 18.361496 -0.183005 0.976026 212036500650.000000
-0.018066 -0.804932 -0.462891 18.727506 -0.366010 1.220033 212036503746.000000
-0.020264 -0.815918 -0.469727 18.727506 -0.732020 1.159031 212036506852.000000
-0.015869 -0.815186 -0.470947 18.788507 -1.159031 1.342036 212036509955.000000
-0.018799 -0.824707 -0.477783 19.032514 -1.281035 1.037028 212036513043.000000
-0.017822 -0.825928 -0.482422 18.727506 -1.342036 0.610016 212036516128.000000
-0.022949 -0.835693 -0.483643 18.239492 -1.891051 0.427012 212036519264.000000
-0.028076 -0.838867 -0.481934 18.300494 -1.891051 0.549015 212036522357.000000
-0.028564 -0.846924 -0.478516 18.544501 -2.318063 0.366010 212036525437.000000
-0.030518 -0.847656 -0.468994 19.032514 -2.684072 0.427012 212036528517.000000
-0.032959 -0.850830 -0.465576 19.581529 -3.416092 0.732020 212036531592.000000
-0.037598 -0.852051 -0.466797 20.740560 -3.294089 0.610016 212036534673.000000
-0.039795 -0.851074 -0.466553 21.533581 -3.721100 0.976026 212036537774.000000
-0.041748 -0.851074 -0.472656 22.448606 -3.172086 0.915025 212036540850.000000
-0.035156 -0.849365 -0.473633 23.485634 -3.538096 0.976026 212036543934.000000
-0.033691 -0.848389 -0.467529 24.278656 -3.660099 1.281035 212036547017.000000
-0.039307 -0.848389 -0.475586 24.888672 -3.294089 1.464040 212036550100.000000
-0.032959 -0.847900 -0.481445 25.498688 -3.233087 1.281035 212036553186.000000
-0.029297 -0.847900 -0.485107 25.559690 -3.050082 1.464040 212036556261.000000
-0.027832 -0.846924 -0.485107 25.986702 -2.806076 1.159031 212036559346.000000
-0.026855 -0.844482 -0.480225 26.230708 -2.501068 1.525041 212036562454.000000
-0.021484 -0.845703 -0.486328 26.474715 -2.501068 1.586043 212036565543.000000
-0.022461 -0.848145 -0.480225 26.657720 -2.074056 1.220033 212036568638.000000
-0.020996 -0.841797 -0.473145 26.779723 -1.708046 1.708046 212036571752.000000
-0.020752 -0.848145 -0.476318 27.084731 -1.342036 1.586043 212036574846.000000
-0.023438 -0.844971 -0.470947 27.572744 -1.098030 1.769048 212036577950.000000
-0.021240 -0.852783 -0.473877 27.938754 -0.793021 2.074056 212036581056.000000
-0.013672 -0.855225 -0.471191 28.243763 -1.220033 2.318063 212036584168.000000
-0.016113 -0.863037 -0.473145 29.036784 -0.671018 2.196059 212036587261.000000
-0.013184 -0.864014 -0.468262 29.646800 -1.037028 2.440066 212036590367.000000
-0.012451 -0.869873 -0.468018 29.829805 -0.854023 2.318063 212036593487.000000
-0.014648 -0.868408 -0.465820 30.317819 -1.037028 2.501068 212036596579.000000
-0.006836 -0.869385 -0.470215 30.683828 -1.037028 2.318063 212036599684.000000
-0.007813 -0.868652 -0.465576 31.049838 -1.464040 2.013054 212036602772.000000
-0.014893 -0.869873 -0.465576 31.354847 -1.281035 1.769048 212036605861.000000
-0.008545 -0.875000 -0.463379 31.659855 -1.708046 1.830049 212036608953.000000
-0.010742 -0.877930 -0.455322 31.842860 -1.342036 1.647044 212036612124.000000
-0.015625 -0.882568 -0.456543 32.452876 -1.281035 1.342036 212036615217.000000
-0.013916 -0.883789 -0.454590 33.123894 -1.281035 1.281035 212036618312.000000
-0.021973 -0.885742 -0.452637 33.489904 -1.220033 1.342036 212036621397.000000
-0.023193 -0.882813 -0.443359 34.160922 -1.281035 1.220033 212036624481.000000
-0.017578 -0.883301 -0.450195 35.014945 -1.403038 0.976026 212036627554.000000
-0.023682 -0.880615 -0.439697 35.258952 -1.708046 1.281035 212036630697.000000
-0.020264 -0.875977 -0.428955 35.746965 -1.891051 1.281035 212036633778.000000
-0.020264 -0.872314 -0.432373 36.417983 -1.769048 1.098030 212036636845.000000
-0.022705 -0.869385 -0.428467 36.539987 -2.135058 1.220033 212036639927.000000
-0.022217 -0.874512 -0.430420 36.966998 -1.952053 1.525041 212036643008.000000
-0.020020 -0.875000 -0.420898 37.638016 -2.196059 1.525041 212036646080.000000
-0.023682 -0.877441 -0.415283 37.943024 -2.135058 1.342036 212036649206.000000
-0.020508 -0.874756 -0.408691 38.248033 -2.440066 1.647044 212036652301.000000
-0.018311 -0.877686 -0.409424 38.492039 -2.379064 1.586043 212036655432.000000
-0.018555 -0.881836 -0.399902 38.980052 -2.562069 1.830049 212036658520.000000
-0.014160 -0.887451 -0.403320 39.285061 -2.684072 1.708046 212036661621.000000
-0.012451 -0.888916 -0.402344 40.322089 -2.623071 1.952053 212036664721.000000
-0.018066 -0.892090 -0.408203 40.444092 -2.745074 1.830049 212036667832.000000
-0.015869 -0.891357 -0.405518 40.871104 -2.806076 1.525041 212036670952.000000
-0.015869 -0.886963 -0.412842 41.664125 -2.623071 1.769048 212036674059.000000
-0.019043 -0.886963 -0.406006 42.091136 -2.806076 1.769048 212036677164.000000
-0.011230 -0.891113 -0.408691 42.457146 -2.989081 2.135058 212036680271.000000
-0.013672 -0.894531 -0.402588 43.006161 -2.806076 1.891051 212036683365.000000
-0.015381 -0.892334 -0.397217 43.494174 -3.172086 1.891051 212036686453.000000
-0.013428 -0.893799 -0.391846 43.494174 -3.233087 2.074056 212036689612.000000
-0.016602 -0.896484 -0.390625 43.982188 -3.233087 1.464040 212036692702.000000
-0.013184 -0.897461 -0.385986 44.104191 -3.416092 1.769048 212036695793.000000
-0.012451 -0.894775 -0.382568 44.226194 -3.599097 1.647044 212036698890.000000
-0.008789 -0.892822 -0.380371 44.653206 -3.416092 1.708046 212036701986.000000
-0.011230 -0.896484 -0.376953 45.263222 -3.660099 2.135058 212036705086.000000
-0.007568 -0.891357 -0.375244 45.934240 -3.782102 1.952053 212036708178.000000
-0.006592 -0.891602 -0.370605 46.727262 -3.904105 1.708046 212036711278.000000
-0.005127 -0.891357 -0.371338 47.459281 -3.782102 1.952053 212036714369.000000
-0.009521 -0.889160 -0.366211 47.703288 -3.721100 1.952053 212036717455.000000
-0.006348 -0.888672 -0.361084 48.069298 -3.660099 1.769048 212036720663.000000
-0.010742 -0.895752 -0.368652 48.984323 -3.782102 1.586043 212036723755.000000
-0.009277 -0.894287 -0.362549 49.045324 -3.782102 1.769048 212036726955.000000
-0.004883 -0.894775 -0.356445 49.716342 -3.538096 1.586043 212036730046.000000
-0.009277 -0.896240 -0.361084 50.021351 -3.599097 1.159031 212036733128.000000
-0.010254 -0.900635 -0.356689 50.448362 -3.538096 1.464040 212036736206.000000
-0.011230 -0.901123 -0.353516 50.448362 -3.538096 1.525041 212036739283.000000
-0.010986 -0.898193 -0.356689 50.875374 -3.660099 1.220033 212036742365.000000
-0.007813 -0.899658 -0.351807 51.119380 -3.965107 1.098030 212036745471.000000
-0.012695 -0.902588 -0.343018 51.241384 -4.209114 1.464040 212036748548.000000
-0.011719 -0.895996 -0.352539 51.607393 -3.660099 1.159031 212036751622.000000
-0.017334 -0.899170 -0.339355 51.790398 -3.599097 1.220033 212036754706.000000
-0.015869 -0.898926 -0.338867 52.339413 -3.477094 1.586043 212036757784.000000
-0.015381 -0.897461 -0.334717 52.583420 -3.599097 1.586043 212036760876.000000
-0.014404 -0.896240 -0.333984 53.071433 -3.599097 1.647044 212036763976.000000
-0.010254 -0.900635 -0.327881 53.376441 -3.721100 2.013054 212036767083.000000
-0.011719 -0.898193 -0.325928 53.803453 -3.782102 2.074056 212036770205.000000
-0.010010 -0.892578 -0.324951 54.596474 -3.904105 1.830049 212036773304.000000
-0.011475 -0.895508 -0.314209 54.779479 -3.782102 1.952053 212036776399.000000
-0.008057 -0.892090 -0.318115 54.962484 -3.721100 2.074056 212036779504.000000
-0.010010 -0.894531 -0.315674 55.328494 -3.355091 2.135058 212036782613.000000
-0.007324 -0.897461 -0.312012 55.450497 -3.782102 1.769048 212036785731.000000
-0.007568 -0.895996 -0.311035 55.938510 -3.416092 2.013054 212036788820.000000
-0.002930 -0.896973 -0.308105 56.304520 -3.416092 2.135058 212036791923.000000
-0.002930 -0.898926 -0.305664 56.487525 -2.989081 1.830049 212036795014.000000
-0.006104 -0.893799 -0.311523 56.853535 -2.623071 1.891051 212036798102.000000
0.001221 -0.902344 -0.312256 57.219545 -2.562069 1.952053 212036801195.000000
-0.004639 -0.896973 -0.322998 57.646556 -2.318063 2.257061 212036804286.000000
-0.005371 -0.894775 -0.307617 58.012566 -2.440066 2.074056 212036807376.000000
0.002197 -0.898438 -0.298828 58.317575 -2.318063 2.501068 212036810485.000000
0.000488 -0.898682 -0.304688 58.500580 -2.074056 2.196059 212036813573.000000
-0.002930 -0.899658 -0.303223 58.866589 -2.013054 2.074056 212036816660.000000
-0.000488 -0.897949 -0.295166 59.049594 -1.891051 2.257061 212036819751.000000
-0.001465 -0.899658 -0.285400 59.110596 -1.769048 2.257061 212036822841.000000
-0.001221 -0.896240 -0.278076 59.476606 -2.013054 1.830049 212036825980.000000
-0.009766 -0.894531 -0.274414 59.598609 -2.013054 1.769048 212036829061.000000
-0.009521 -0.898438 -0.266357 60.147624 -1.769048 2.257061 212036832222.000000
-0.010986 -0.894043 -0.259766 60.635637 -2.013054 2.501068 212036835306.000000
-0.011475 -0.889160 -0.252197 61.001647 -2.013054 2.562069 212036838382.000000
-0.011475 -0.890625 -0.248291 61.245654 -2.379064 2.623071 212036841491.000000
-0.012939 -0.887939 -0.240234 61.855670 -2.867077 2.867077 212036844572.000000
-0.010742 -0.885986 -0.235107 61.855670 -2.989081 2.562069 212036847649.000000
-0.011963 -0.884766 -0.230957 62.160678 -3.355091 2.989081 212036850731.000000
-0.014160 -0.881592 -0.233398 62.465687 -3.416092 2.806076 212036853802.000000
-0.010742 -0.881836 -0.221924 62.343683 -3.233087 2.623071 212036856881.000000
-0.009033 -0.883301 -0.219727 62.282682 -3.355091 2.684072 212036859972.000000
-0.008789 -0.886475 -0.209717 62.282682 -3.660099 2.379064 212036863065.000000
-0.010742 -0.892334 -0.204834 62.343683 -3.782102 2.196059 212036866156.000000
-0.012939 -0.891113 -0.192871 62.465687 -4.209114 2.379064 212036869276.000000
-0.011475 -0.898438 -0.189941 62.953700 -4.270115 2.562069 212036872366.000000
-0.008057 -0.899658 -0.187500 63.075703 -4.453120 2.684072 212036875455.000000
-0.012207 -0.897949 -0.188232 63.197706 -4.209114 2.257061 212036878575.000000
-0.009766 -0.896484 -0.194580 63.502715 -4.209114 2.440066 212036881708.000000
-0.012695 -0.899902 -0.198242 63.563716 -4.270115 2.562069 212036884799.000000
-0.006836 -0.898926 -0.201660 63.685720 -4.514122 2.440066 212036887894.000000
-0.006836 -0.898682 -0.210693 63.868724 -4.636125 2.440066 212036891009.000000
-0.005127 -0.903320 -0.225098 63.990728 -5.856158 2.806076 212036894100.000000
-0.004395 -0.899414 -0.220947 65.027756 -6.832184 2.501068 212036897194.000000
-0.002930 -0.887451 -0.235840 65.637772 -6.893186 2.196059 212036900301.000000
-0.001465 -0.883789 -0.232910 65.637772 -6.771183 1.891051 212036903394.000000
-0.001709 -0.875244 -0.217529 64.661746 -6.771183 1.769048 212036906491.000000
-0.001221 -0.871826 -0.195068 63.441713 -6.832184 1.281035 212036909594.000000
-0.004395 -0.868896 -0.177979 61.794668 -6.466175 1.464040 212036912683.000000
-0.011719 -0.875732 -0.154785 60.696639 -6.527176 1.098030 212036915772.000000
-0.019775 -0.884033 -0.139160 60.452632 -6.527176 0.793021 212036919231.000000
-0.020264 -0.891602 -0.143311 61.184652 -6.222168 1.281035 212036922328.000000
-0.021240 -0.897461 -0.133545 62.953700 -5.978161 0.976026 212036925412.000000
-0.021484 -0.898438 -0.135254 64.722748 -6.039163 1.769048 212036928542.000000
-0.021973 -0.888428 -0.142822 65.881779 -5.856158 1.830049 212036931630.000000
-0.022705 -0.885254 -0.149170 66.552797 -5.368145 1.952053 212036934725.000000
-0.023926 -0.879883 -0.145508 66.979808 -5.368145 2.318063 212036937804.000000
-0.020996 -0.871582 -0.141846 67.101812 -5.673153 2.379064 212036940871.000000
-0.012451 -0.869873 -0.142334 66.369792 -5.612152 2.440066 212036943953.000000
-0.007813 -0.874756 -0.148926 65.576771 -5.185140 2.562069 212036947022.000000
-0.007324 -0.880859 -0.144775 64.478741 -5.612152 2.379064 212036950102.000000
0.002441 -0.905273 -0.140381 64.112731 -6.405173 2.684072 212036953182.000000
-0.001709 -0.901855 -0.124512 65.393766 -6.771183 2.684072 212036956260.000000
-0.011963 -0.874268 -0.131592 64.783749 -6.161166 2.501068 212036959347.000000
-0.014160 -0.875488 -0.118896 62.648692 -6.100165 2.562069 212036962439.000000
-0.004639 -0.892090 -0.118652 61.977673 -5.551150 2.867077 212036965530.000000
-0.009277 -0.898193 -0.112061 63.197706 -5.429147 2.501068 212036968626.000000
-0.002197 -0.896973 -0.104248 63.441713 -5.246142 1.891051 212036971730.000000
0.000244 -0.887451 -0.102051 62.526688 -5.917160 2.074056 212036974824.000000
0.002686 -0.891113 -0.093994 61.916672 -6.039163 2.257061 212036977916.000000
0.001709 -0.886963 -0.103271 61.916672 -5.063137 1.891051 212036981023.000000
0.001221 -0.885742 -0.099609 62.221680 -5.002135 1.586043 212036984149.000000
0.003174 -0.888428 -0.091797 61.855670 -5.368145 2.013054 212036987242.000000
0.005127 -0.888428 -0.087402 61.306655 -5.307143 2.013054 212036990349.000000
0.007568 -0.886230 -0.083252 61.428659 -5.063137 1.830049 212036993467.000000
0.006836 -0.894531 -0.078613 61.428659 -5.429147 2.013054 212036996571.000000
0.007813 -0.897705 -0.066162 60.818642 -5.795156 1.830049 212036999674.000000
0.006592 -0.894043 -0.061035 60.940645 -6.344171 2.074056 212037002775.000000
0.006348 -0.890869 -0.058594 61.001647 -6.222168 1.891051 212037005868.000000
0.005615 -0.893066 -0.048096 60.818642 -6.832184 1.769048 212037008961.000000
-0.000977 -0.889648 -0.040771 60.635637 -7.259196 1.830049 212037012135.000000
-0.002930 -0.885986 -0.035889 60.208626 -7.442201 1.708046 212037015231.000000
-0.000977 -0.888916 -0.029785 59.903617 -7.503203 1.525041 212037018324.000000
-0.000977 -0.891357 -0.027832 59.171598 -7.686208 1.464040 212037021409.000000
-0.001465 -0.892090 -0.031738 59.293601 -7.625206 1.525041 212037024498.000000
-0.001465 -0.888428 -0.023682 59.110596 -7.869212 0.976026 212037027631.000000
-0.003662 -0.886719 -0.022217 58.927591 -7.625206 0.915025 212037030724.000000
-0.010742 -0.880127 -0.017578 58.561581 -7.869212 0.854023 212037033804.000000
-0.009033 -0.887207 -0.017578 58.439578 -7.747209 0.976026 212037036871.000000
-0.011719 -0.881836 -0.014404 58.317575 -7.564204 0.732020 212037039940.000000
-0.019043 -0.881836 -0.009277 58.195571 -7.747209 0.549015 212037043022.000000
-0.018799 -0.881104 -0.008789 57.646556 -7.564204 0.793021 212037046091.000000
-0.024658 -0.881104 -0.000488 57.219545 -7.381199 1.037028 212037049261.000000
-0.026367 -0.882813 -0.003418 56.792533 -6.649180 1.098030 212037052340.000000
-0.026367 -0.885986 0.000732 56.975538 -6.466175 1.159031 212037055413.000000
-0.025635 -0.885986 0.004883 56.975538 -6.344171 1.647044 212037058495.000000
-0.021729 -0.887451 0.005859 56.548527 -5.917160 1.891051 212037061570.000000
-0.025879 -0.885010 0.017090 56.426524 -5.612152 2.074056 212037064647.000000
-0.020508 -0.893311 0.020508 55.938510 -5.551150 2.440066 212037067728.000000
-0.020996 -0.890869 0.030029 55.694504 -5.124138 2.623071 212037070823.000000
-0.025391 -0.891602 0.021240 55.938510 -5.124138 2.928079 212037073922.000000
-0.022461 -0.894775 0.023438 55.572500 -4.880132 3.172086 212037077017.000000
-0.021240 -0.894043 0.028564 55.267492 -4.819130 3.416092 212037080125.000000
-0.024658 -0.898193 0.027344 55.206491 -4.575124 3.660099 212037083215.000000
-0.027832 -0.893799 0.032715 55.267492 -4.209114 3.599097 212037086306.000000
-0.018555 -0.893555 0.043945 54.779479 -3.965107 3.843104 212037089412.000000
-0.022949 -0.891846 0.049316 54.413469 -4.270115 4.148112 212037092507.000000
-0.021973 -0.891846 0.049072 54.108461 -3.782102 4.148112 212037095599.000000
-0.022461 -0.896240 0.051514 53.803453 -3.965107 3.904105 212037098707.000000
-0.025391 -0.900879 0.063721 53.437443 -3.782102 4.148112 212037101822.000000
-0.028564 -0.899170 0.064697 53.193436 -3.965107 4.087110 212037104926.000000
-0.028320 -0.903564 0.068848 52.766425 -3.904105 3.843104 212037108016.000000
-0.020508 -0.897461 0.072754 52.949430 -4.148112 3.965107 212037111120.000000
-0.022705 -0.901611 0.079346 52.644421 -4.758128 4.087110 212037114211.000000
-0.027588 -0.899170 0.085205 52.278412 -4.331117 3.782102 212037117309.000000
-0.028320 -0.896973 0.087891 51.912402 -4.880132 3.965107 212037120407.000000
-0.025146 -0.900391 0.090088 51.119380 -4.880132 3.782102 212037123497.000000
-0.025879 -0.901367 0.099121 50.936375 -5.063137 3.660099 212037126602.000000
-0.028320 -0.903320 0.106445 50.875374 -5.124138 3.294089 212037129758.000000
-0.026611 -0.905273 0.098633 50.570365 -5.124138 3.111084 212037132842.000000
-0.025391 -0.904053 0.100830 50.448362 -5.551150 2.867077 212037135922.000000
-0.031738 -0.905762 0.105225 49.899347 -5.978161 3.172086 212037139000.000000
-0.034424 -0.902344 0.099121 49.289331 -5.795156 2.989081 212037142157.000000
-0.035645 -0.903809 0.103516 49.045324 -5.734155 2.806076 212037145239.000000
-0.037354 -0.905273 0.097900 48.374306 -6.344171 2.989081 212037148316.000000
-0.037109 -0.904785 0.106201 48.252303 -6.283170 2.989081 212037151396.000000
-0.040771 -0.905518 0.109375 47.642286 -6.344171 2.806076 212037154479.000000
-0.036377 -0.907959 0.104004 47.337278 -6.649180 2.745074 212037157552.000000
-0.046143 -0.908691 0.109375 46.727262 -7.076191 2.501068 212037160677.000000
-0.046631 -0.911621 0.108154 46.361252 -7.381199 2.684072 212037163759.000000
-0.047607 -0.909912 0.113525 45.812237 -7.503203 2.623071 212037166841.000000
-0.047119 -0.908936 0.113037 45.629232 -8.052217 2.867077 212037171990.000000
-0.046875 -0.915527 0.111328 45.141219 -8.357226 3.294089 212037175131.000000
-0.051025 -0.915527 0.114746 45.324224 -8.235222 3.233087 212037178228.000000
-0.048096 -0.916748 0.111816 45.080217 -8.479229 3.843104 212037181333.000000
-0.048340 -0.915771 0.111328 45.507229 -8.845239 4.087110 212037184424.000000
-0.048340 -0.913086 0.128174 45.812237 -8.601232 4.392119 212037187511.000000
-0.041016 -0.916748 0.133545 44.836211 -7.991216 4.758128 212037190628.000000
-0.041748 -0.909424 0.150146 43.433173 -8.113219 4.758128 212037193738.000000
-0.043701 -0.913086 0.160400 42.640151 -8.540231 5.246142 212037196830.000000
-0.045410 -0.918701 0.154297 43.067163 -8.540231 5.429147 212037199938.000000
-0.039795 -0.931152 0.163330 43.738181 -8.357226 5.063137 212037203031.000000
-0.040283 -0.935059 0.167969 44.043189 -8.845239 5.490148 212037206120.000000
-0.038330 -0.934570 0.156006 44.104191 -8.906240 5.185140 212037209214.000000
-0.036133 -0.941650 0.157715 43.921186 -9.516257 4.819130 212037212307.000000
-0.038574 -0.935303 0.155518 43.738181 -9.821265 4.636125 212037215398.000000
-0.035645 -0.932861 0.147705 43.006161 -9.821265 4.575124 212037218493.000000
-0.038574 -0.933594 0.156494 42.335143 -10.309278 4.209114 212037221769.000000
-0.044434 -0.939697 0.162354 42.213140 -10.858293 4.270115 212037224862.000000
-0.050049 -0.937256 0.162109 42.152138 -11.224303 4.148112 212037227944.000000
-0.054443 -0.936768 0.161133 41.908132 -11.590313 4.148112 212037231026.000000
-0.053223 -0.937500 0.165283 41.237113 -11.773318 4.148112 212037234109.000000
-0.057373 -0.935059 0.163574 40.932105 -11.834320 3.782102 212037237187.000000
-0.063232 -0.931641 0.175537 40.505094 -12.200329 4.514122 212037240272.000000
-0.062500 -0.930908 0.173096 40.383090 -12.566339 4.453120 212037243354.000000
-0.065918 -0.929199 0.167725 39.956079 -12.322333 4.392119 212037246433.000000
-0.066406 -0.921631 0.171387 39.712072 -12.688343 3.904105 212037249544.000000
-0.070557 -0.922852 0.174561 39.651071 -12.871348 4.087110 212037252624.000000
-0.071533 -0.915771 0.181152 39.346062 -13.054352 4.087110 212037255702.000000
-0.080078 -0.916260 0.173584 39.041054 -12.932349 4.087110 212037258777.000000
-0.078613 -0.921387 0.173828 38.919051 -13.054352 4.575124 212037261852.000000
-0.081543 -0.916016 0.173096 38.919051 -12.993351 4.575124 212037264924.000000
-0.086670 -0.915527 0.179199 38.736046 -13.176356 4.758128 212037268001.000000
-0.082031 -0.918945 0.159668 38.797048 -12.932349 5.429147 212037271095.000000
-0.077393 -0.921387 0.167236 38.187031 -13.054352 5.490148 212037274190.000000
-0.075195 -0.921143 0.170898 37.699018 -12.444336 5.856158 212037277283.000000
-0.081787 -0.931641 0.163818 37.760020 -12.261331 6.344171 212037280391.000000
-0.079102 -0.926270 0.167969 37.089001 -12.322333 6.405173 212037283482.000000
-0.069092 -0.928467 0.166260 36.417983 -11.590313 7.015189 212037286593.000000
-0.067871 -0.930420 0.177002 35.258952 -11.468310 7.198194 212037289747.000000
-0.069824 -0.928711 0.172607 35.258952 -11.346306 7.503203 212037292836.000000
-0.068604 -0.936279 0.167969 34.770939 -11.468310 7.015189 212037295933.000000
-0.062744 -0.935059 0.176514 34.221924 -11.163301 7.503203 212037299027.000000
-0.061768 -0.941895 0.175537 33.855914 -11.285305 7.259196 212037302184.000000
-0.060303 -0.939453 0.177979 33.611908 -11.224303 7.259196 212037305278.000000
-0.055664 -0.946289 0.174072 33.245898 -11.041298 7.076191 212037308369.000000
-0.058105 -0.948730 0.179688 32.879888 -11.041298 7.381199 212037311476.000000
-0.055176 -0.950195 0.171875 32.147868 -11.041298 7.381199 212037314570.000000
-0.055176 -0.951172 0.185303 31.598853 -11.041298 7.137193 212037317663.000000
-0.064209 -0.952148 0.190430 31.171842 -10.858293 7.259196 212037320769.000000
-0.061523 -0.960693 0.192871 30.988837 -11.041298 7.076191 212037323857.000000
-0.066162 -0.957764 0.205078 30.378820 -10.736290 7.015189 212037326933.000000
-0.063477 -0.951416 0.206543 30.500824 -10.492283 6.771183 212037330014.000000
-0.067627 -0.954834 0.206543 29.768804 -10.980296 6.649180 212037333092.000000
-0.066650 -0.955566 0.213379 29.585799 -11.163301 7.015189 212037336189.000000
-0.071045 -0.950439 0.209473 29.158787 -10.675288 6.527176 212037339266.000000
-0.076416 -0.952393 0.221191 28.853779 -10.858293 7.015189 212037342348.000000
-0.078857 -0.956787 0.223633 29.097786 -10.797292 7.503203 212037345440.000000
-0.079102 -0.955811 0.226563 28.670774 -11.224303 6.893186 212037348512.000000
-0.078613 -0.953613 0.222412 28.609772 -10.980296 7.198194 212037351582.000000
-0.077393 -0.952881 0.223633 28.426768 -11.224303 7.137193 212037354662.000000
-0.079590 -0.945068 0.236084 28.182761 -11.163301 7.198194 212037357738.000000
-0.080566 -0.947021 0.223633 27.755749 -11.285305 7.076191 212037360810.000000
-0.084229 -0.947266 0.234375 27.511743 -11.224303 7.137193 212037363890.000000
-0.082764 -0.952637 0.237305 27.145733 -11.407308 7.198194 212037366973.000000
-0.082520 -0.949951 0.228271 27.389740 -11.163301 6.832184 212037370068.000000
-0.084229 -0.957031 0.235596 27.328738 -11.163301 7.137193 212037373164.000000
-0.087158 -0.953369 0.239502 26.840725 -11.590313 7.198194 212037376258.000000
-0.083008 -0.956787 0.243896 26.352712 -11.346306 7.198194 212037379367.000000
-0.088379 -0.958984 0.242676 25.986702 -11.590313 7.198194 212037382456.000000
-0.085938 -0.958496 0.236084 25.803697 -11.956323 7.259196 212037385599.000000
-0.088867 -0.958252 0.243164 25.925700 -12.383334 7.198194 212037388691.000000
-0.086426 -0.957520 0.245117 25.620692 -12.139328 6.771183 212037391801.000000
-0.086670 -0.957275 0.242676 25.132679 -12.749344 6.649180 212037394893.000000
-0.084961 -0.952637 0.237305 25.315684 -13.298359 6.588178 212037397983.000000
-0.085938 -0.952148 0.239014 24.827670 -13.847374 6.100165 212037401078.000000
-0.082520 -0.953369 0.240967 24.339657 -13.542366 6.100165 212037404170.000000
-0.090332 -0.952637 0.244385 23.851644 -13.725371 6.100165 212037407260.000000
-0.092041 -0.953369 0.245117 23.424632 -13.542366 6.039163 212037410381.000000
-0.092773 -0.951172 0.244873 22.936619 -13.725371 5.917160 212037413474.000000
-0.090088 -0.950684 0.246338 22.692613 -13.542366 5.795156 212037416566.000000
-0.091064 -0.946289 0.247070 22.387604 -13.847374 5.856158 212037419668.000000
-0.093018 -0.945068 0.246094 22.082596 -13.542366 5.795156 212037422753.000000
-0.090332 -0.946289 0.247070 22.326603 -13.603367 5.490148 212037425839.000000
-0.091064 -0.942871 0.256348 21.716586 -13.725371 5.368145 212037428919.000000
-0.094238 -0.945557 0.261230 21.045568 -13.725371 5.185140 212037432201.000000
-0.094482 -0.949463 0.257813 20.374550 -13.786372 5.063137 212037435289.000000
-0.095215 -0.948242 0.263672 19.947539 -13.908376 4.941133 212037438363.000000
-0.093262 -0.954102 0.275879 19.520527 -13.969377 4.636125 212037441472.000000
-0.096436 -0.953857 0.261475 18.788507 -13.481364 4.819130 212037444555.000000
-0.098389 -0.949951 0.264160 17.812481 -12.871348 4.575124 212037447632.000000
-0.098877 -0.955322 0.276367 17.446471 -13.420362 5.063137 212037450727.000000
-0.100342 -0.958496 0.280518 17.446471 -13.176356 4.880132 212037453807.000000
-0.100586 -0.961182 0.282471 17.141463 -13.420362 4.758128 212037456887.000000
-0.103027 -0.962158 0.287354 16.531446 -13.359361 5.063137 212037459968.000000
-0.104248 -0.956543 0.285645 16.348441 -13.847374 4.941133 212037463052.000000
-0.106689 -0.956543 0.289551 15.982432 -14.457390 4.331117 212037466132.000000
-0.107178 -0.958008 0.279785 15.799427 -14.335387 4.636125 212037469260.000000
-0.106201 -0.956055 0.276367 15.128408 -14.274385 4.636125 212037472353.000000
-0.113037 -0.955322 0.279053 14.579394 -14.823400 4.270115 212037475448.000000
-0.110107 -0.956787 0.275879 14.518392 -14.518392 4.453120 212037478539.000000
-0.108154 -0.954834 0.278076 13.847374 -15.067407 3.782102 212037481696.000000
-0.110352 -0.948975 0.286865 13.542366 -14.823400 3.965107 212037484785.000000
-0.117676 -0.949951 0.287842 13.054352 -15.067407 3.721100 212037487879.000000
-0.126221 -0.943848 0.294922 12.566339 -15.067407 3.843104 212037490982.000000
-0.126709 -0.942871 0.299316 12.200329 -15.067407 3.355091 212037494073.000000
-0.125488 -0.946533 0.296387 11.712316 -14.701397 3.843104 212037497165.000000
-0.133789 -0.943359 0.300293 11.895321 -15.189410 3.721100 212037500270.000000
-0.134766 -0.947510 0.297852 11.163301 -14.640395 3.477094 212037503358.000000
-0.135010 -0.949219 0.299561 10.980296 -14.518392 3.477094 212037506447.000000
-0.135742 -0.952393 0.292969 10.919295 -14.213384 3.172086 212037509553.000000
-0.136230 -0.952148 0.298096 10.614287 -13.481364 3.050082 212037512644.000000
-0.135254 -0.954102 0.296387 10.187275 -12.749344 3.111084 212037515734.000000
-0.135498 -0.962646 0.300537 9.699262 -12.017324 2.928079 212037518824.000000
-0.135986 -0.983887 0.306885 8.784237 -9.455255 2.501068 212037530966.000000
-0.133057 -0.988037 0.302734 8.113219 -8.174221 1.891051 212037534615.000000
-0.135986 -0.988525 0.302979 7.137193 -8.296224 2.196059 212037537838.000000
-0.132568 -0.993652 0.311279 6.466175 -7.930214 2.135058 212037540974.000000
-0.127197 -0.996338 0.314697 6.039163 -7.930214 1.769048 212037544079.000000
-0.131348 -0.997559 0.310791 5.429147 -8.113219 1.891051 212037547171.000000
-0.130127 -0.989502 0.316650 4.697127 -8.174221 1.708046 212037550254.000000
-0.127930 -0.990234 0.311523 4.148112 -8.418227 1.220033 212037553368.000000
-0.129883 -0.988770 0.302490 3.660099 -9.211249 1.037028 212037556653.000000
-0.136963 -0.986816 0.303223 3.111084 -9.699262 0.854023 212037559784.000000
-0.135498 -0.978271 0.310059 2.806076 -10.126273 0.854023 212037562909.000000
-0.136963 -0.980957 0.304688 1.708046 -10.797292 0.427012 212037566008.000000
-0.142090 -0.977783 0.292969 1.403038 -11.102300 -0.183005 212037569091.000000
-0.144287 -0.975586 0.294189 0.976026 -10.736290 -0.244007 212037572340.000000
-0.141846 -0.972656 0.295410 0.427012 -11.163301 -0.671018 212037575425.000000
-0.146484 -0.967041 0.292480 -0.305008 -11.102300 -0.732020 212037578517.000000
-0.149658 -0.966553 0.299072 -0.732020 -11.285305 -1.037028 212037581601.000000
-0.157471 -0.968750 0.296631 -0.976026 -12.017324 -1.464040 212037584701.000000
-0.155762 -0.960693 0.300049 -1.525041 -11.407308 -1.525041 212037587780.000000
-0.157959 -0.968018 0.285645 -2.623071 -11.102300 -1.647044 212037590875.000000
-0.154053 -0.968750 0.281982 -3.477094 -11.590313 -1.525041 212037593960.000000
-0.159668 -0.971191 0.272705 -3.355091 -12.200329 -1.037028 212037597108.000000
-0.162842 -0.968262 0.258301 -2.623071 -12.139328 -1.403038 212037600190.000000
-0.159912 -0.966064 0.252686 -2.806076 -12.566339 -1.525041 212037603271.000000
-0.155029 -0.954346 0.242920 -3.233087 -12.871348 -0.976026 212037606351.000000
-0.154541 -0.949951 0.230713 -3.660099 -12.383334 -0.976026 212037609544.000000
-0.152588 -0.943359 0.247559 -4.880132 -11.712316 -0.793021 212037612828.000000
-0.158447 -0.934814 0.265869 -5.795156 -11.529311 -0.732020 212037615916.000000
-0.157471 -0.940430 0.277344 -6.954188 -11.163301 -0.732020 212037618996.000000
-0.162842 -0.938477 0.290283 -7.381199 -10.675288 -0.244007 212037622178.000000
-0.156982 -0.946777 0.304443 -7.198194 -9.028244 -0.366010 212037625277.000000
-0.162842 -0.947754 0.320068 -6.344171 -8.418227 -0.488013 212037628361.000000
-0.161133 -0.953613 0.318848 -4.880132 -8.845239 0.549015 212037631587.000000
-0.153076 -0.947510 0.319336 -3.599097 -8.845239 0.976026 212037634676.000000
-0.144287 -0.947998 0.310547 -2.989081 -8.662234 0.549015 212037637760.000000
-0.140381 -0.939453 0.298340 -2.806076 -8.174221 0.732020 212037640858.000000
-0.139404 -0.931885 0.276367 -3.721100 -7.320198 0.854023 212037643943.000000
-0.136963 -0.930420 0.257324 -4.270115 -6.283170 0.732020 212037647023.000000
-0.135498 -0.932861 0.262939 -3.721100 -5.368145 0.549015 212037650141.000000
-0.140869 -0.931396 0.276611 -3.843104 -5.551150 0.854023 212037653227.000000
-0.146240 -0.930908 0.279785 -4.209114 -6.283170 0.488013 212037656307.000000
-0.143066 -0.928223 0.283203 -4.392119 -6.649180 0.549015 212037659380.000000
-0.142578 -0.927734 0.277832 -4.636125 -6.283170 0.732020 212037662478.000000
-0.142334 -0.923584 0.284180 -4.514122 -6.466175 0.854023 212037665616.000000
-0.147949 -0.928711 0.292236 -5.246142 -6.344171 0.549015 212037668699.000000
-0.148193 -0.929688 0.295654 -5.185140 -6.527176 0.427012 212037671798.000000
-0.149902 -0.927734 0.291260 -5.551150 -6.588178 0.244007 212037674896.000000
-0.155518 -0.929932 0.290283 -5.734155 -6.466175 -0.122003 212037678013.000000
-0.159668 -0.931396 0.297363 -6.039163 -6.954188 0.122003 212037681117.000000
-0.163086 -0.930664 0.295166 -6.039163 -6.832184 -0.061002 212037684224.000000
-0.165039 -0.928467 0.296875 -6.588178 -6.588178 -0.061002 212037687322.000000
-0.166016 -0.929443 0.301270 -5.978161 -6.893186 0.000000 212037690432.000000
-0.169678 -0.932861 0.302246 -5.917160 -6.588178 0.427012 212037693530.000000
-0.173340 -0.935547 0.284424 -5.734155 -6.466175 0.549015 212037696627.000000
-0.169434 -0.937988 0.287842 -5.856158 -6.039163 0.671018 212037699728.000000
-0.166748 -0.933594 0.290039 -5.429147 -6.222168 1.220033 212037702823.000000
-0.159424 -0.943359 0.294678 -5.307143 -6.527176 1.159031 212037705941.000000
-0.160400 -0.944824 0.292969 -4.758128 -6.405173 1.159031 212037709034.000000
-0.156738 -0.947266 0.290527 -4.697127 -5.917160 1.037028 212037712207.000000
-0.150391 -0.951660 0.290283 -4.575124 -5.978161 1.220033 212037715304.000000
-0.151611 -0.954834 0.290527 -4.026109 -5.490148 1.464040 212037718398.000000
-0.155029 -0.957520 0.293945 -3.599097 -5.002135 1.220033 212037721533.000000
-0.149170 -0.958496 0.291504 -3.172086 -4.697127 1.403038 212037724625.000000
-0.152588 -0.958252 0.286865 -3.172086 -4.331117 1.525041 212037727723.000000
-0.151611 -0.961426 0.289551 -2.806076 -3.782102 1.220033 212037730805.000000
-0.154053 -0.960938 0.286133 -2.501068 -3.416092 1.220033 212037733890.000000
-0.146729 -0.961914 0.283936 -1.952053 -3.111084 1.403038 212037736974.000000
-0.151611 -0.961182 0.290283 -2.196059 -2.989081 1.464040 212037740060.000000
-0.153564 -0.961670 0.290283 -2.135058 -2.257061 1.891051 212037743148.000000
-0.151855 -0.966797 0.284180 -1.952053 -2.257061 1.525041 212037746229.000000
-0.150391 -0.971924 0.288086 -1.464040 -1.769048 1.708046 212037749313.000000
-0.148438 -0.970459 0.280273 -1.525041 -1.708046 1.403038 212037752399.000000
-0.149902 -0.974365 0.285645 -1.464040 -0.976026 1.037028 212037755479.000000
-0.146484 -0.977295 0.286133 -1.037028 -0.732020 1.342036 212037758574.000000
-0.146729 -0.977783 0.284912 -0.976026 -0.305008 1.098030 212037761687.000000
-0.147705 -0.976318 0.286621 -1.464040 0.183005 1.098030 212037764771.000000
-0.153076 -0.978516 0.282471 -1.037028 0.366010 1.403038 212037767866.000000
-0.153076 -0.973145 0.296387 -0.854023 -0.244007 0.976026 212037770969.000000
-0.152588 -0.975586 0.293945 -0.427012 -0.244007 1.525041 212037774071.000000
-0.149658 -0.968750 0.298340 -0.366010 0.122003 1.281035 212037777167.000000
-0.151855 -0.970703 0.287842 -0.427012 -0.183005 1.281035 212037780266.000000
-0.150146 -0.966797 0.293213 -0.122003 -0.305008 1.769048 212037783384.000000
-0.150635 -0.964355 0.292725 -0.183005 -0.122003 0.915025 212037786491.000000
-0.153809 -0.964600 0.289307 0.305008 -0.183005 1.647044 212037789586.000000
-0.157959 -0.958008 0.294434 0.305008 -0.427012 1.342036 212037792683.000000
-0.155273 -0.955811 0.285645 0.732020 -0.793021 1.098030 212037795786.000000
-0.159180 -0.952148 0.289307 0.854023 -0.305008 1.159031 212037798880.000000
-0.162842 -0.952393 0.284668 0.732020 -0.061002 1.403038 212037801994.000000
-0.164063 -0.944336 0.284424 0.976026 -0.244007 1.342036 212037805094.000000
-0.163086 -0.943115 0.290771 1.037028 -0.366010 1.220033 212037808213.000000
-0.166748 -0.945801 0.286133 1.342036 0.000000 0.854023 212037811313.000000
-0.164551 -0.952393 0.294189 1.403038 -0.061002 0.915025 212037814407.000000
-0.167236 -0.938477 0.288818 1.220033 0.183005 1.281035 212037817545.000000
-0.176270 -0.943604 0.289551 1.464040 0.732020 1.342036 212037820641.000000
-0.170654 -0.938477 0.285645 1.830049 0.854023 1.220033 212037823739.000000
-0.171143 -0.934570 0.292725 1.586043 0.610016 1.525041 212037826834.000000
-0.173340 -0.943359 0.285156 1.891051 0.976026 1.525041 212037829919.000000
-0.175781 -0.938477 0.288574 1.891051 1.647044 1.586043 212037833011.000000
-0.176025 -0.938965 0.285645 1.891051 1.525041 1.891051 212037836114.000000
-0.172852 -0.933350 0.285645 1.891051 1.647044 1.830049 212037839227.000000
-0.175781 -0.934082 0.286865 1.952053 2.257061 2.135058 212037842307.000000
-0.174316 -0.924072 0.296875 1.891051 2.074056 2.318063 212037845386.000000
-0.172852 -0.928955 0.286133 1.891051 2.501068 2.135058 212037848467.000000
-0.172363 -0.926758 0.289551 1.708046 2.806076 2.623071 212037851550.000000
-0.169189 -0.926514 0.284180 1.769048 2.623071 2.684072 212037854634.000000
-0.166016 -0.922363 0.290283 1.952053 2.867077 2.379064 212037857748.000000
-0.166260 -0.922607 0.287109 1.952053 2.745074 2.440066 212037860831.000000
-0.158691 -0.922119 0.287109 2.013054 2.379064 2.379064 212037863916.000000
-0.162354 -0.918701 0.283691 2.013054 2.928079 1.952053 212037867009.000000
-0.161377 -0.918701 0.282471 2.257061 3.233087 1.769048 212037870127.000000
-0.164307 -0.919434 0.287354 2.318063 3.782102 1.647044 212037873256.000000
-0.158936 -0.916748 0.288574 2.318063 4.026109 1.708046 212037876516.000000
-0.153564 -0.919189 0.275879 2.501068 4.575124 1.281035 212037880884.000000
-0.155762 -0.917969 0.278076 2.501068 4.697127 1.403038 212037884150.000000
-0.154297 -0.915039 0.266113 3.172086 4.575124 1.525041 212037887304.000000
-0.149902 -0.910156 0.275146 3.355091 5.063137 1.220033 212037890454.000000
-0.149170 -0.906494 0.287109 2.623071 6.466175 0.793021 212037893565.000000
-0.146240 -0.906494 0.294678 1.830049 7.137193 1.159031 212037896647.000000
-0.147461 -0.901611 0.307373 1.464040 6.771183 1.220033 212037899740.000000
-0.144287 -0.912354 0.304932 2.379064 6.954188 0.732020 212037902824.000000
-0.145752 -0.920654 0.296631 3.172086 7.625206 0.549015 212037905912.000000
-0.145264 -0.918457 0.297607 3.294089 7.686208 0.000000 212037908991.000000
-0.144287 -0.924316 0.288574 3.111084 7.503203 -0.061002 212037912167.000000
-0.137451 -0.923828 0.278564 3.416092 7.991216 -0.305008 212037915249.000000
-0.140625 -0.923340 0.281006 3.172086 8.052217 -0.793021 212037918325.000000
-0.146240 -0.921387 0.273193 2.867077 7.747209 -0.915025 212037921405.000000
-0.147217 -0.925537 0.271973 2.074056 7.869212 -1.037028 212037924673.000000
-0.150146 -0.925537 0.281494 2.013054 7.930214 -1.403038 212037927763.000000
-0.158936 -0.931152 0.279053 2.196059 7.930214 -1.342036 212037930848.000000
-0.159668 -0.939209 0.274902 2.135058 7.808211 -1.830049 212037933920.000000
-0.163818 -0.943604 0.268311 2.196059 7.686208 -2.196059 212037936999.000000
-0.169434 -0.950928 0.278320 2.318063 7.869212 -1.830049 212037940081.000000
-0.170410 -0.951904 0.278809 2.562069 8.235222 -1.891051 212037943164.000000
-0.170166 -0.961426 0.281982 2.074056 8.357226 -2.318063 212037946247.000000
-0.170898 -0.952637 0.280273 2.379064 8.662234 -2.440066 212037949330.000000
-0.175537 -0.967041 0.282227 2.257061 9.211249 -2.623071 212037952411.000000
-0.180908 -0.964355 0.289063 2.257061 9.577259 -2.562069 212037955491.000000
-0.183594 -0.968506 0.289795 2.196059 10.004270 -2.684072 212037958589.000000
-0.182861 -0.974121 0.283447 1.952053 9.943268 -3.172086 212037961706.000000
-0.183105 -0.970215 0.288330 2.135058 10.431282 -3.050082 212037964787.000000
-0.192383 -0.968994 0.278564 2.135058 10.370280 -2.928079 212037967862.000000
-0.184570 -0.975586 0.283447 2.196059 10.736290 -2.684072 212037970946.000000
-0.183105 -0.977051 0.280029 2.135058 11.407308 -3.172086 212037974026.000000
-0.178467 -0.971436 0.287354 1.952053 11.651315 -2.989081 212037977106.000000
-0.179688 -0.974854 0.289063 2.501068 11.712316 -2.928079 212037980200.000000
-0.176514 -0.978516 0.288086 2.440066 12.139328 -3.111084 212037983301.000000
-0.170410 -0.975342 0.283691 2.135058 12.383334 -3.111084 212037986395.000000
-0.165039 -0.977051 0.288818 2.318063 12.810346 -3.050082 212037989504.000000
-0.163818 -0.974854 0.284912 2.257061 13.298359 -3.355091 212037992598.000000
-0.161377 -0.970703 0.295166 2.379064 12.810346 -3.599097 212037995691.000000
-0.150146 -0.965088 0.283691 2.440066 13.420362 -3.538096 212037998806.000000
-0.147217 -0.961670 0.288330 2.135058 13.664369 -3.843104 212038001916.000000
-0.146973 -0.956543 0.291748 1.830049 13.481364 -3.843104 212038005012.000000
-0.142090 -0.962402 0.290527 2.013054 13.664369 -4.331117 212038008140.000000
-0.140869 -0.957520 0.287354 2.074056 13.725371 -4.087110 212038011249.000000
-0.132080 -0.954346 0.288086 2.074056 13.603367 -4.636125 212038014343.000000
-0.128418 -0.953857 0.294678 1.952053 13.298359 -5.063137 212038017464.000000
-0.127197 -0.956055 0.287842 2.318063 13.298359 -4.941133 212038020631.000000
-0.118164 -0.960205 0.285645 2.318063 13.115354 -5.795156 212038023728.000000
-0.120117 -0.953613 0.291992 1.891051 12.505338 -5.795156 212038026820.000000
-0.125000 -0.957764 0.286377 2.013054 12.322333 -6.283170 212038029906.000000
-0.116699 -0.955322 0.285400 1.830049 11.712316 -6.405173 212038032991.000000
-0.116211 -0.956787 0.290039 1.952053 11.346306 -6.771183 212038036084.000000
-0.114014 -0.952637 0.290527 1.891051 10.309278 -7.076191 212038039236.000000
-0.112549 -0.950684 0.281982 1.830049 9.577259 -7.259196 212038042315.000000
-0.115723 -0.950928 0.286621 2.013054 8.662234 -7.442201 212038045393.000000
-0.116455 -0.949463 0.284180 2.013054 8.052217 -7.442201 212038048474.000000
-0.115723 -0.950684 0.283203 2.074056 7.625206 -7.686208 212038051556.000000
-0.116943 -0.946289 0.288818 2.745074 7.076191 -8.113219 212038054651.000000
-0.124512 -0.949707 0.286377 2.440066 6.466175 -8.296224 212038057767.000000
-0.125244 -0.950439 0.291260 2.135058 5.734155 -8.174221 212038060840.000000
-0.132080 -0.953857 0.282227 2.562069 5.002135 -8.479229 212038063927.000000
-0.131592 -0.948242 0.291748 2.562069 4.880132 -8.601232 212038067007.000000
-0.134033 -0.949463 0.291504 2.623071 4.270115 -8.235222 212038070089.000000
-0.140381 -0.953857 0.288818 2.928079 3.294089 -8.296224 212038073175.000000
-0.140625 -0.950928 0.292236 2.562069 2.806076 -8.235222 212038076257.000000
-0.147217 -0.946533 0.288330 2.379064 2.501068 -8.235222 212038079340.000000
-0.145508 -0.943848 0.298340 2.379064 1.891051 -8.052217 212038082425.000000
-0.146729 -0.955566 0.289307 2.379064 1.830049 -8.174221 212038085503.000000
-0.145508 -0.956055 0.284424 2.501068 1.586043 -7.747209 212038088584.000000
-0.155029 -0.958008 0.283447 2.501068 1.647044 -7.686208 212038091682.000000
-0.162109 -0.954590 0.290039 2.501068 1.708046 -7.503203 212038094780.000000
-0.164551 -0.961914 0.290283 2.440066 1.464040 -7.015189 212038097877.000000
-0.166504 -0.964844 0.286377 2.684072 1.525041 -6.527176 212038100994.000000
-0.168701 -0.968262 0.295410 2.867077 1.403038 -6.222168 212038104093.000000
-0.166260 -0.972656 0.292725 2.745074 1.281035 -5.734155 212038107186.000000
-0.170166 -0.974121 0.291016 2.623071 1.525041 -5.490148 212038110293.000000
-0.164063 -0.977783 0.291016 2.806076 1.159031 -5.246142 212038113384.000000
-0.165771 -0.976074 0.288330 2.989081 1.464040 -4.880132 212038116489.000000
-0.164063 -0.980713 0.290527 2.501068 1.281035 -4.331117 212038119595.000000
-0.161133 -0.986328 0.292969 3.172086 1.281035 -4.514122 212038122688.000000
-0.153320 -0.988525 0.289795 3.050082 1.769048 -4.209114 212038125775.000000
-0.154785 -0.992188 0.286377 3.172086 1.525041 -3.782102 212038128878.000000
-0.155029 -0.989014 0.287842 3.111084 1.952053 -3.599097 212038131954.000000
-0.153320 -0.990234 0.286865 2.928079 1.769048 -3.355091 212038135040.000000
-0.149658 -0.991455 0.290771 3.050082 2.135058 -3.050082 212038138119.000000
-0.148926 -0.985107 0.293457 2.928079 2.074056 -3.233087 212038141200.000000
-0.145264 -0.986084 0.301270 3.172086 2.196059 -2.562069 212038144279.000000
-0.139648 -0.980469 0.295898 3.233087 2.196059 -2.806076 212038147366.000000
-0.142334 -0.979980 0.301514 3.294089 2.684072 -2.684072 212038150448.000000
-0.136963 -0.979004 0.292969 2.989081 2.562069 -2.806076 212038153578.000000
-0.132080 -0.979492 0.294678 3.111084 2.867077 -2.257061 212038156657.000000
-0.131104 -0.983398 0.297119 3.172086 3.111084 -2.440066 212038159731.000000
-0.124268 -0.989014 0.297119 3.050082 3.355091 -2.135058 212038162812.000000
-0.123047 -0.992676 0.294922 3.233087 3.538096 -2.196059 212038165892.000000
-0.117188 -0.997803 0.297363 3.111084 3.843104 -2.135058 212038168972.000000
-0.110596 -1.006836 0.299561 2.989081 3.904105 -2.318063 212038172189.000000
-0.110596 -1.014160 0.301025 3.416092 3.843104 -2.257061 212038175286.000000
-0.105225 -1.021240 0.306396 3.355091 3.965107 -2.440066 212038178380.000000
-0.101074 -1.031250 0.300781 3.416092 3.904105 -2.379064 212038181485.000000
-0.097900 -1.041748 0.298096 3.416092 4.453120 -2.745074 212038184581.000000
-0.093750 -1.045166 0.302734 3.538096 4.453120 -2.684072 212038187678.000000
-0.088135 -1.050049 0.304688 3.111084 4.880132 -2.745074 212038190784.000000
-0.084229 -1.053467 0.298096 3.538096 5.002135 -2.989081 212038193880.000000
-0.078857 -1.055176 0.304443 3.172086 5.429147 -3.538096 212038196973.000000
-0.079102 -1.054688 0.299072 3.233087 5.368145 -3.111084 212038200089.000000
-0.071777 -1.054443 0.306885 3.660099 5.307143 -3.355091 212038203181.000000
-0.076660 -1.049805 0.307617 3.477094 5.185140 -3.843104 212038206280.000000
-0.073242 -1.043701 0.310547 3.355091 5.551150 -3.355091 212038209387.000000
-0.072754 -1.036621 0.309326 3.233087 5.429147 -3.843104 212038212479.000000
-0.068604 -1.032959 0.310303 3.172086 5.124138 -4.270115 212038215570.000000
-0.065674 -1.028320 0.313477 3.477094 5.307143 -3.904105 212038218664.000000
-0.063232 -1.015625 0.315430 3.538096 5.002135 -4.026109 212038221765.000000
-0.064453 -1.013428 0.314941 3.416092 4.758128 -4.758128 212038224861.000000
-0.059082 -1.004395 0.310791 3.172086 4.819130 -4.270115 212038227948.000000
-0.062256 -0.996338 0.307129 2.806076 4.331117 -4.819130 212038231036.000000
-0.067139 -0.988281 0.307861 2.867077 4.514122 -4.941133 212038234111.000000
-0.066406 -0.985107 0.302490 2.501068 4.209114 -5.185140 212038237189.000000
