0.031982 -0.969482 -0.229004 -16.836455 -9.760264 1.647044 200941812472.000000
0.031250 -0.968750 -0.227051 -16.653450 -9.882267 1.830049 200941814275.000000
0.030762 -0.968262 -0.227539 -16.592448 -9.516257 2.196059 200941816079.000000
0.034180 -0.968750 -0.234863 -16.470445 -9.211249 2.074056 200941817883.000000
0.027832 -0.971191 -0.234375 -16.287440 -9.089245 2.379064 200941819687.000000
0.028076 -0.970459 -0.234375 -16.409443 -9.089245 2.440066 200941821489.000000
0.027832 -0.973389 -0.232666 -16.104435 -9.028244 2.623071 200941823292.000000
0.029541 -0.975830 -0.236572 -15.982432 -8.784237 2.623071 200941825096.000000
0.027832 -0.975586 -0.234863 -16.287440 -8.540231 2.989081 200941826900.000000
0.026367 -0.971436 -0.239990 -16.104435 -8.662234 2.989081 200941828704.000000
0.025146 -0.972168 -0.248535 -15.982432 -8.601232 2.928079 200941830507.000000
0.027344 -0.976318 -0.250732 -15.738425 -8.540231 2.745074 200941832312.000000
0.028564 -0.976563 -0.252197 -15.860428 -8.540231 3.050082 200941834115.000000
0.023193 -0.980957 -0.252930 -15.677423 -8.296224 2.989081 200941835919.000000
0.020508 -0.977295 -0.252197 -15.677423 -8.723236 2.928079 200941837723.000000
0.015137 -0.978760 -0.250977 -15.433417 -8.357226 2.928079 200941839527.000000
0.013428 -0.977539 -0.243408 -15.616422 -8.601232 2.989081 200941841330.000000
0.012207 -0.977783 -0.246582 -15.616422 -8.479229 3.294089 200941843134.000000
0.013184 -0.979004 -0.251953 -15.433417 -8.784237 3.111084 200941844940.000000
0.013672 -0.980713 -0.252930 -15.250412 -8.662234 3.111084 200941846745.000000
0.015869 -0.982422 -0.253662 -15.006405 -8.845239 3.538096 200941848551.000000
0.016602 -0.980469 -0.255615 -14.945404 -9.333252 3.416092 200941850354.000000
0.014893 -0.983398 -0.256592 -14.884402 -9.394254 3.599097 200941852157.000000
0.010254 -0.979248 -0.262939 -14.884402 -9.150247 3.599097 200941853959.000000
0.012695 -0.983154 -0.257080 -14.579394 -9.455255 3.538096 200941855763.000000
0.015625 -0.982910 -0.258789 -14.518392 -9.760264 3.660099 200941857568.000000
0.017334 -0.978271 -0.254395 -14.396389 -9.516257 3.416092 200941859371.000000
0.014160 -0.976074 -0.256104 -14.396389 -9.577259 3.294089 200941861176.000000
0.013428 -0.979248 -0.260010 -14.274385 -9.699262 3.233087 200941862980.000000
0.017578 -0.974365 -0.267578 -14.213384 -9.699262 3.416092 200941864784.000000
0.011963 -0.972656 -0.264648 -14.091380 -9.516257 3.660099 200941866588.000000
0.010010 -0.974609 -0.261963 -14.091380 -9.577259 3.599097 200941868386.000000
0.007568 -0.972168 -0.265137 -13.786372 -9.455255 3.721100 200941870186.000000
0.004150 -0.973633 -0.263428 -13.359361 -9.760264 3.599097 200941871986.000000
0.002197 -0.972412 -0.261719 -13.481364 -9.821265 3.538096 200941873785.000000
0.003906 -0.971924 -0.267578 -13.481364 -9.882267 3.721100 200941875584.000000
0.007813 -0.973389 -0.270020 -12.993351 -10.553285 3.782102 200941877388.000000
0.009766 -0.973877 -0.273682 -12.871348 -10.248277 3.904105 200941879193.000000
0.003174 -0.975342 -0.266357 -12.932349 -10.797292 3.843104 200941880997.000000
0.001953 -0.973633 -0.269775 -12.566339 -10.614287 3.721100 200941882799.000000
0.005615 -0.977783 -0.270996 -12.566339 -10.919295 4.026109 200941884603.000000
0.007568 -0.979248 -0.268066 -12.383334 -11.224303 3.965107 200941886407.000000
0.006348 -0.981445 -0.262695 -12.017324 -11.651315 3.904105 200941888211.000000
0.004395 -0.979980 -0.261475 -12.078326 -11.407308 3.721100 200941890014.000000
0.005371 -0.976563 -0.261475 -11.712316 -12.078326 3.782102 200941891822.000000
0.007568 -0.976563 -0.270508 -11.651315 -12.139328 3.660099 200941893623.000000
-0.001465 -0.978027 -0.267822 -11.590313 -12.322333 4.026109 200941895426.000000
0.001953 -0.981445 -0.270508 -11.163301 -12.383334 3.965107 200941897231.000000
0.001709 -0.978271 -0.270020 -11.041298 -12.444336 3.965107 200941899035.000000
0.002686 -0.977295 -0.271484 -11.041298 -12.566339 3.843104 200941900839.000000
0.001221 -0.978027 -0.269287 -10.980296 -12.810346 3.965107 200941902642.000000
0.003418 -0.978516 -0.274902 -10.736290 -12.810346 4.087110 200941904446.000000
0.004395 -0.977783 -0.271484 -10.492283 -12.688343 3.904105 200941906249.000000
0.008057 -0.979736 -0.268799 -10.492283 -13.054352 3.965107 200941908067.000000
0.007813 -0.980225 -0.274902 -10.248277 -12.993351 3.782102 200941909870.000000
0.011475 -0.976074 -0.275879 -10.065272 -12.993351 4.026109 200941911673.000000
0.010742 -0.981445 -0.272705 -10.126273 -13.054352 3.904105 200941913476.000000
0.010254 -0.978027 -0.276367 -9.760264 -12.993351 4.514122 200941915280.000000
0.008057 -0.978027 -0.274170 -9.516257 -13.420362 4.331117 200941917085.000000
0.005859 -0.977783 -0.272949 -9.455255 -13.115354 4.575124 200941918888.000000
0.010498 -0.980713 -0.270508 -9.211249 -13.176356 4.331117 200941920692.000000
0.007324 -0.977539 -0.269043 -9.089245 -12.993351 4.636125 200941922495.000000
0.010010 -0.977783 -0.278320 -8.784237 -13.054352 4.392119 200941924298.000000
0.012695 -0.977051 -0.276123 -8.784237 -13.298359 4.331117 200941926100.000000
0.008057 -0.980713 -0.271484 -8.601232 -13.298359 4.453120 200941927905.000000
0.009033 -0.977295 -0.273682 -8.357226 -13.298359 4.514122 200941929709.000000
0.006836 -0.973145 -0.274414 -8.357226 -13.176356 4.514122 200941931511.000000
0.005127 -0.974121 -0.270752 -8.113219 -13.176356 4.636125 200941933320.000000
0.005127 -0.974854 -0.276855 -7.747209 -13.542366 4.636125 200941935123.000000
0.002686 -0.968994 -0.271240 -7.686208 -13.237357 4.514122 200941936928.000000
0.000244 -0.973145 -0.275635 -7.503203 -13.542366 4.697127 200941938730.000000
-0.000488 -0.968750 -0.271729 -7.564204 -13.786372 4.758128 200941940533.000000
-0.002441 -0.969971 -0.272705 -7.198194 -13.847374 4.636125 200941942336.000000
-0.006104 -0.973145 -0.271973 -7.076191 -13.725371 4.514122 200941944138.000000
-0.006104 -0.972656 -0.276855 -6.954188 -14.152382 4.697127 200941945942.000000
-0.006592 -0.970459 -0.273682 -6.771183 -14.335387 4.636125 200941947745.000000
-0.009033 -0.969727 -0.281982 -6.588178 -14.762399 4.514122 200941949549.000000
-0.006592 -0.975830 -0.273193 -6.283170 -14.823400 4.880132 200941951351.000000
-0.006348 -0.975098 -0.269287 -6.283170 -15.189410 4.819130 200941953154.000000
-0.002686 -0.975342 -0.276367 -5.734155 -15.189410 4.575124 200941954961.000000
-0.003906 -0.979248 -0.281006 -5.673153 -15.616422 4.819130 200941956764.000000
-0.007568 -0.981201 -0.285889 -5.673153 -15.921430 4.575124 200941958567.000000
-0.003174 -0.982666 -0.284912 -5.246142 -16.043433 5.002135 200941960369.000000
-0.000977 -0.984375 -0.281738 -4.941133 -16.226438 4.941133 200941962173.000000
-0.004639 -0.981689 -0.276611 -5.063137 -16.348441 4.575124 200941963974.000000
-0.005859 -0.987305 -0.277344 -4.697127 -16.531446 4.453120 200941965778.000000
-0.007080 -0.986328 -0.276367 -4.697127 -16.836455 4.941133 200941967586.000000
-0.006348 -0.981201 -0.282959 -4.575124 -16.897456 4.514122 200941969390.000000
-0.007324 -0.984619 -0.281982 -4.209114 -17.202464 4.697127 200941971192.000000
-0.006592 -0.983398 -0.277588 -4.087110 -17.385469 4.514122 200941972997.000000
-0.009521 -0.977051 -0.289795 -3.965107 -17.446471 4.575124 200941974801.000000
-0.014404 -0.973389 -0.279297 -3.904105 -17.507473 4.575124 200941976605.000000
-0.011475 -0.972168 -0.273926 -3.538096 -17.751479 4.087110 200941978410.000000
-0.016113 -0.968994 -0.281494 -3.477094 -17.934484 4.148112 200941980215.000000
-0.014160 -0.967041 -0.280518 -3.477094 -18.544501 4.087110 200941982018.000000
-0.015137 -0.966797 -0.279053 -3.294089 -18.300494 3.721100 200941983822.000000
-0.014893 -0.968262 -0.280029 -3.111084 -18.544501 4.087110 200941985625.000000
-0.022217 -0.967041 -0.278320 -2.928079 -19.093516 4.270115 200941987430.000000
-0.020264 -0.962891 -0.283203 -2.806076 -19.337522 4.453120 200941989233.000000
-0.022461 -0.964844 -0.281250 -2.684072 -19.459525 4.270115 200941991036.000000
-0.019287 -0.968506 -0.272217 -2.562069 -19.703532 4.209114 200941992840.000000
-0.022461 -0.966309 -0.283447 -2.501068 -19.520527 4.209114 200941994643.000000
-0.018066 -0.964355 -0.281494 -2.623071 -19.642530 4.026109 200941996448.000000
-0.017578 -0.967529 -0.280273 -2.440066 -19.764534 4.026109 200941998254.000000
-0.016357 -0.967773 -0.280762 -1.952053 -19.764534 4.087110 200942000058.000000
-0.019043 -0.965820 -0.282471 -2.135058 -19.886537 4.270115 200942001865.000000
-0.016602 -0.968018 -0.277344 -1.830049 -19.825535 4.148112 200942003667.000000
-0.020020 -0.965820 -0.282715 -1.647044 -19.764534 4.148112 200942005471.000000
-0.020508 -0.971680 -0.279541 -1.830049 -19.703532 3.904105 200942007276.000000
-0.019287 -0.967773 -0.276855 -1.708046 -20.069542 4.453120 200942009078.000000
-0.019287 -0.972900 -0.279541 -1.525041 -20.008540 4.087110 200942010882.000000
-0.020264 -0.969971 -0.274170 -1.525041 -19.947539 4.026109 200942012686.000000
-0.021484 -0.977051 -0.274902 -1.159031 -20.069542 4.270115 200942014490.000000
-0.015625 -0.982422 -0.275146 -1.037028 -19.825535 4.392119 200942016295.000000
-0.018799 -0.981689 -0.276855 -0.976026 -20.069542 4.514122 200942018099.000000
-0.017334 -0.986084 -0.270020 -0.732020 -20.374550 4.392119 200942019903.000000
-0.018066 -0.984863 -0.272217 -0.854023 -20.679558 4.392119 200942021706.000000
-0.021484 -0.991211 -0.271240 -0.610016 -20.374550 4.575124 200942023509.000000
-0.019531 -0.994385 -0.273682 -0.305008 -20.496553 4.331117 200942025313.000000
-0.018799 -0.994873 -0.269775 -0.366010 -20.496553 4.514122 200942027118.000000
-0.020752 -0.994141 -0.269775 -0.488013 -20.496553 4.453120 200942028921.000000
-0.019775 -0.990479 -0.276367 -0.244007 -20.740560 4.392119 200942030723.000000
-0.022705 -0.993164 -0.278076 -0.366010 -20.984567 4.392119 200942032527.000000
-0.024414 -0.993408 -0.282471 -0.305008 -20.740560 4.270115 200942034329.000000
-0.022949 -0.993408 -0.276855 -0.183005 -20.801562 4.331117 200942036133.000000
-0.022461 -0.989990 -0.272949 -0.244007 -21.228573 4.148112 200942037938.000000
-0.021729 -0.990234 -0.270508 -0.122003 -21.594583 4.148112 200942039745.000000
-0.021729 -0.990234 -0.268799 -0.244007 -21.960593 3.965107 200942041549.000000
-0.025635 -0.988770 -0.268799 -0.061002 -22.082596 4.087110 200942043353.000000
-0.025146 -0.989258 -0.270020 -0.122003 -22.265601 3.904105 200942045157.000000
-0.025391 -0.988037 -0.270508 -0.061002 -22.692613 4.026109 200942046961.000000
-0.032227 -0.985107 -0.264893 -0.061002 -22.997621 3.904105 200942048764.000000
-0.028809 -0.984863 -0.261475 -0.183005 -23.180626 3.843104 200942050567.000000
-0.027588 -0.982178 -0.268799 0.122003 -23.790642 3.660099 200942052371.000000
-0.022705 -0.980713 -0.256104 0.244007 -23.912646 3.843104 200942054174.000000
-0.022949 -0.980713 -0.254395 0.183005 -23.973647 3.782102 200942055978.000000
-0.021729 -0.979248 -0.254883 0.061002 -24.217654 3.904105 200942057782.000000
-0.018799 -0.984131 -0.259033 0.305008 -24.583664 3.721100 200942059586.000000
-0.025146 -0.980713 -0.257324 0.366010 -24.888672 3.660099 200942061389.000000
-0.023926 -0.983643 -0.254150 0.671018 -25.010675 3.599097 200942063193.000000
-0.022949 -0.984863 -0.253174 0.671018 -25.498688 3.660099 200942064997.000000
-0.023682 -0.981689 -0.257813 0.854023 -25.803697 3.355091 200942066801.000000
-0.020508 -0.991211 -0.251221 1.037028 -26.169707 3.294089 200942068604.000000
-0.020020 -0.992188 -0.252686 1.159031 -26.169707 3.050082 200942070407.000000
-0.023926 -0.996582 -0.249512 1.281035 -26.413713 3.111084 200942072210.000000
-0.022217 -0.996826 -0.240234 1.708046 -26.901726 3.172086 200942074014.000000
-0.020508 -1.001465 -0.242188 1.464040 -27.389740 2.928079 200942075820.000000
-0.018066 -1.008789 -0.239746 2.013054 -27.572744 2.928079 200942077623.000000
-0.022949 -1.013916 -0.243896 2.135058 -27.877753 2.867077 200942079422.000000
-0.020508 -1.020996 -0.246582 2.318063 -27.938754 2.745074 200942081221.000000
-0.017090 -1.024902 -0.250977 2.562069 -28.365766 2.501068 200942083020.000000
-0.015137 -1.025635 -0.246338 2.684072 -28.914781 2.501068 200942084819.000000
-0.014160 -1.037109 -0.245850 2.928079 -29.036784 2.379064 200942086620.000000
-0.018066 -1.039551 -0.246582 3.050082 -29.158787 2.013054 200942088425.000000
-0.019043 -1.041748 -0.247559 3.355091 -29.646800 1.952053 200942090229.000000
-0.017090 -1.042725 -0.247314 3.477094 -29.707802 1.891051 200942092032.000000
-0.021240 -1.048096 -0.240723 3.660099 -30.073812 1.708046 200942093835.000000
-0.023926 -1.049316 -0.246094 3.782102 -30.317819 1.342036 200942095640.000000
-0.027100 -1.051758 -0.243652 4.087110 -30.683828 1.037028 200942097444.000000
-0.026123 -1.058838 -0.245117 4.392119 -31.049838 0.915025 200942099247.000000
-0.028564 -1.055664 -0.252197 4.636125 -31.598853 0.793021 200942101054.000000
-0.033447 -1.058594 -0.246094 4.941133 -31.659855 0.427012 200942102858.000000
-0.037354 -1.054443 -0.246338 5.368145 -32.086866 0.305008 200942104662.000000
-0.035645 -1.060547 -0.247070 5.734155 -33.062893 0.305008 200942106468.000000
-0.040283 -1.062500 -0.242676 6.100165 -33.245898 0.793021 200942108272.000000
-0.045654 -1.062988 -0.246826 6.832184 -33.184896 1.098030 200942110077.000000
-0.059814 -1.067627 -0.237061 7.747209 -33.184896 1.586043 200942111880.000000
-0.066895 -1.076904 -0.219971 9.272250 -31.842860 2.318063 200942113683.000000
-0.101318 -1.091553 -0.194580 11.041298 -29.768804 3.538096 200942115486.000000
-0.135742 -1.104980 -0.159668 13.420362 -26.718721 5.063137 200942117292.000000
-0.145996 -1.111572 -0.146240 15.860428 -24.217654 6.344171 200942119095.000000
-0.138184 -1.114014 -0.154297 17.507473 -21.655585 7.381199 200942120899.000000
-0.086914 -1.104248 -0.170898 18.666504 -18.666504 6.893186 200942122702.000000
-0.041748 -1.097412 -0.195557 19.154517 -16.043433 6.466175 200942124506.000000
-0.015381 -1.080566 -0.217529 19.459525 -13.237357 5.551150 200942126312.000000
0.005615 -1.060303 -0.231689 19.886537 -12.200329 4.941133 200942128113.000000
0.029541 -1.028564 -0.262207 19.825535 -11.285305 4.453120 200942129916.000000
0.035400 -1.016602 -0.269043 19.886537 -10.675288 3.660099 200942131719.000000
0.023926 -0.999268 -0.277344 19.642530 -9.516257 3.477094 200942133523.000000
0.006348 -0.986816 -0.268799 19.520527 -8.174221 3.050082 200942135326.000000
0.001709 -0.983154 -0.261230 19.215519 -7.564204 3.172086 200942137131.000000
-0.009277 -0.977539 -0.251221 19.398524 -7.198194 3.355091 200942138934.000000
-0.020020 -0.973877 -0.255371 19.337522 -6.771183 3.477094 200942141329.000000
-0.007813 -0.963379 -0.257813 18.971512 -6.283170 3.477094 200942143156.000000
-0.004150 -0.958740 -0.254150 18.483499 -5.856158 3.416092 200942144962.000000
0.002197 -0.956055 -0.265381 17.568474 -5.795156 2.989081 200942146768.000000
0.006348 -0.950195 -0.264893 16.836455 -5.734155 2.318063 200942148573.000000
0.013916 -0.941895 -0.274414 15.860428 -6.344171 1.769048 200942150383.000000
0.021240 -0.940186 -0.261719 15.128408 -6.954188 1.281035 200942152188.000000
0.030273 -0.936768 -0.256836 14.274385 -8.357226 0.793021 200942153992.000000
0.033691 -0.934570 -0.243408 13.786372 -10.431282 -0.305008 200942155794.000000
0.045898 -0.954834 -0.221191 13.542366 -11.834320 -0.610016 200942157598.000000
0.063721 -0.960938 -0.218994 13.298359 -13.420362 -1.403038 200942159401.000000
0.073730 -0.970215 -0.218018 13.054352 -14.152382 -2.257061 200942161204.000000
0.079834 -0.973877 -0.208984 12.505338 -14.823400 -3.599097 200942163007.000000
0.087646 -0.978516 -0.215820 11.895321 -14.945404 -4.880132 200942164811.000000
0.097412 -0.972168 -0.222656 11.407308 -14.945404 -5.490148 200942166616.000000
0.089111 -0.959229 -0.239746 10.675288 -14.518392 -6.100165 200942168419.000000
0.072510 -0.948486 -0.243164 10.492283 -13.359361 -6.222168 200942170222.000000
0.071533 -0.946777 -0.241211 10.065272 -12.078326 -6.283170 200942172025.000000
0.058350 -0.938232 -0.237793 9.577259 -10.858293 -5.795156 200942173831.000000
0.058350 -0.923340 -0.274414 8.723236 -9.150247 -5.063137 200942175635.000000
0.051514 -0.912109 -0.298096 7.137193 -8.113219 -4.575124 200942177439.000000
0.047607 -0.898682 -0.337402 5.490148 -6.039163 -4.209114 200942179243.000000
0.049561 -0.896729 -0.347168 3.599097 -4.209114 -3.782102 200942181046.000000
0.049316 -0.890625 -0.365234 1.708046 -1.708046 -3.416092 200942182849.000000
0.047607 -0.891113 -0.357178 0.366010 0.671018 -3.172086 200942184653.000000
0.041260 -0.892822 -0.350098 -0.671018 2.379064 -2.806076 200942186668.000000
0.041748 -0.905273 -0.336914 -1.220033 3.721100 -2.135058 200942189633.000000
0.022461 -0.929199 -0.304688 -1.403038 4.148112 -1.647044 200942192554.000000
0.018555 -0.956543 -0.295410 -1.281035 5.368145 -1.281035 200942195474.000000
0.021729 -0.976563 -0.281250 -1.586043 7.198194 -1.586043 200942198397.000000
0.029053 -0.980469 -0.283447 -1.830049 8.967242 -2.135058 200942201317.000000
0.024902 -0.978027 -0.302002 -2.562069 11.346306 -2.440066 200942204236.000000
0.024902 -0.969238 -0.304199 -3.416092 13.664369 -3.172086 200942207157.000000
0.011963 -0.972900 -0.312256 -4.026109 15.860428 -3.355091 200942210076.000000
-0.008545 -0.976074 -0.306885 -4.697127 17.568474 -3.172086 200942212996.000000
-0.036133 -0.980713 -0.303955 -5.185140 17.751479 -2.867077 200942215914.000000
-0.076904 -0.989990 -0.292969 -5.307143 18.117489 -2.684072 200942218835.000000
-0.125000 -0.993164 -0.269287 -5.551150 17.019460 -2.196059 200942221755.000000
-0.165039 -1.003418 -0.258057 -5.307143 15.189410 -1.830049 200942224673.000000
-0.204834 -1.008789 -0.233398 -4.575124 12.993351 -2.318063 200942227594.000000
-0.237061 -1.013428 -0.228760 -4.514122 9.638260 -2.623071 200942230512.000000
-0.270020 -1.013672 -0.213867 -4.026109 5.917160 -3.233087 200942233429.000000
-0.313232 -1.005615 -0.214111 -3.904105 1.769048 -3.599097 200942236351.000000
-0.350342 -1.000244 -0.234863 -3.904105 -1.952053 -4.087110 200942239270.000000
-0.372803 -0.989014 -0.239014 -4.270115 -5.978161 -4.575124 200942242200.000000
-0.384766 -0.984131 -0.241455 -3.660099 -9.943268 -5.307143 200942245121.000000
-0.390869 -0.992676 -0.214600 -2.745074 -14.213384 -5.856158 200942248043.000000
-0.395508 -1.009521 -0.191162 -0.793021 -17.690478 -6.161166 200942250962.000000
-0.387451 -1.018799 -0.169678 1.403038 -19.703532 -6.832184 200942253881.000000
-0.383057 -1.018799 -0.212402 1.708046 -21.472580 -6.893186 200942256800.000000
-0.393799 -0.968018 -0.336426 0.122003 -22.387604 -6.649180 200942259718.000000
-0.382080 -0.927734 -0.414551 -2.379064 -24.217654 -6.344171 200942262635.000000
-0.369629 -0.905518 -0.435059 -3.599097 -28.365766 -5.795156 200942265552.000000
-0.425781 -0.901367 -0.453125 -4.758128 -33.916916 -4.819130 200942268475.000000
-0.519287 -0.904053 -0.484131 -6.283170 -39.407064 -2.379064 200942271395.000000
-0.619629 -0.902100 -0.496826 -7.869212 -44.714207 1.037028 200942274326.000000
-0.683105 -0.919189 -0.508545 -9.577259 -50.875374 3.660099 200942277256.000000
-0.709229 -0.937500 -0.515869 -10.492283 -57.219545 5.246142 200942280175.000000
-0.721436 -0.942383 -0.511719 -11.651315 -64.173733 5.673153 200942283093.000000
-0.723145 -0.950195 -0.502686 -12.078326 -72.896968 5.307143 200942286040.000000
-0.740234 -0.975342 -0.495361 -12.505338 -81.437199 4.941133 200942288959.000000
-0.751465 -0.980957 -0.506104 -13.054352 -89.367413 4.636125 200942291873.000000
-0.750732 -0.977539 -0.516846 -13.847374 -96.321601 4.514122 200942294785.000000
-0.730225 -0.976074 -0.505859 -14.762399 -102.665772 4.209114 200942297784.000000
-0.694336 -0.982422 -0.510010 -15.433417 -107.850912 4.087110 200942300705.000000
-0.655029 -0.981934 -0.503906 -15.921430 -111.511011 4.148112 200942303631.000000
-0.620850 -0.987793 -0.494141 -16.165436 -114.073080 4.392119 200942306552.000000
-0.587402 -0.999023 -0.487793 -16.470445 -116.086134 5.490148 200942309470.000000
-0.550049 -0.995117 -0.475830 -16.409443 -116.696151 6.466175 200942312389.000000
-0.533936 -1.005615 -0.472168 -16.836455 -114.195083 7.686208 200942315309.000000
-0.513428 -1.020996 -0.461670 -17.995486 -109.680961 8.906240 200942318229.000000
-0.471680 -1.007080 -0.448975 -18.971512 -105.471848 10.614287 200942321148.000000
-0.445313 -0.997314 -0.445068 -19.276520 -103.092784 12.749344 200942324065.000000
-0.407715 -1.003418 -0.442139 -19.398524 -99.676691 14.701397 200942326986.000000
-0.393311 -1.010986 -0.447754 -19.764534 -95.711584 16.714451 200942329902.000000
-0.374756 -1.008057 -0.439941 -19.459525 -92.234490 18.727506 200942332820.000000
-0.365234 -1.004395 -0.436035 -19.947539 -87.659367 20.374550 200942335738.000000
-0.355225 -1.005859 -0.423828 -20.130544 -82.047215 21.838590 200942338657.000000
-0.333252 -0.996826 -0.411865 -20.801562 -77.716098 23.485634 200942341576.000000
-0.321289 -0.997803 -0.401855 -20.618557 -73.872995 25.254682 200942344494.000000
-0.313232 -0.998535 -0.402100 -20.618557 -69.175868 26.596718 200942347413.000000
-0.308350 -0.998779 -0.388184 -20.801562 -63.319710 28.243763 200942350335.000000
-0.299316 -0.987305 -0.383545 -20.862563 -58.866589 29.768804 200942353250.000000
-0.285889 -0.984619 -0.379150 -20.679558 -54.718477 30.988837 200942356169.000000
-0.280273 -0.984375 -0.370361 -20.557555 -49.838346 32.696883 200942359091.000000
-0.268799 -0.985596 -0.364746 -20.374550 -45.751235 34.282926 200942362012.000000
-0.268311 -0.987061 -0.362061 -19.947539 -41.603123 35.563960 200942364932.000000
-0.260986 -0.991699 -0.351318 -19.825535 -35.868968 36.966998 200942367852.000000
-0.255127 -0.991211 -0.351563 -19.398524 -31.354847 38.187031 200942370770.000000
-0.246094 -0.985596 -0.338135 -19.337522 -27.389740 39.468066 200942373689.000000
-0.234619 -0.993164 -0.344238 -18.666504 -22.875618 40.566095 200942376612.000000
-0.231689 -0.994629 -0.338623 -18.422497 -18.239492 41.359117 200942379531.000000
-0.222168 -0.995361 -0.333008 -17.873483 -13.603367 42.518148 200942382452.000000
-0.214111 -1.002930 -0.322021 -17.568474 -9.760264 43.067163 200942385373.000000
-0.211914 -1.008057 -0.323242 -17.141463 -5.673153 43.677179 200942388293.000000
-0.213135 -1.007324 -0.325195 -16.775453 -1.769048 44.714207 200942391211.000000
-0.222412 -1.012207 -0.338867 -16.531446 1.525041 45.385225 200942394128.000000
-0.220459 -1.013184 -0.334473 -15.921430 5.368145 46.422253 200942397049.000000
-0.219971 -1.021484 -0.333008 -15.982432 8.113219 46.910267 200942399967.000000
-0.224609 -1.025146 -0.336670 -15.616422 11.163301 47.581285 200942402888.000000
-0.235596 -1.028564 -0.339355 -15.555420 13.908376 48.740316 200942405807.000000
-0.250732 -1.028564 -0.333252 -15.372415 15.982432 49.411334 200942408728.000000
-0.259277 -1.033691 -0.339111 -15.128408 17.934484 49.899347 200942411646.000000
-0.262695 -1.037598 -0.340332 -15.128408 19.032514 50.387360 200942414564.000000
-0.278564 -1.037354 -0.332275 -15.006405 20.374550 50.936375 200942417485.000000
-0.288818 -1.043945 -0.337891 -15.006405 20.374550 51.180382 200942420403.000000
-0.301514 -1.035889 -0.331787 -14.884402 20.557555 51.241384 200942423321.000000
-0.315186 -1.037842 -0.345703 -14.823400 20.252547 51.485390 200942426242.000000
-0.336426 -1.032227 -0.329834 -14.884402 19.520527 51.424388 200942429192.000000
-0.358398 -1.033203 -0.333496 -14.884402 18.178491 51.851400 200942432111.000000
-0.365723 -1.029541 -0.328369 -14.701397 16.409443 52.034405 200942435029.000000
-0.380371 -1.028564 -0.328369 -14.701397 14.030379 52.034405 200942437949.000000
-0.396240 -1.027588 -0.335693 -14.884402 11.956323 51.729397 200942440870.000000
-0.434814 -1.019043 -0.326416 -14.640395 3.965107 51.485390 200942448250.000000
-0.449219 -1.020020 -0.320801 -14.640395 0.000000 51.607393 200942451374.000000
-0.453857 -1.020020 -0.309814 -14.579394 -4.209114 50.875374 200942454298.000000
-0.468506 -1.016602 -0.310547 -14.579394 -8.357226 51.363387 200942457232.000000
-0.474121 -1.016357 -0.309326 -14.640395 -11.956323 51.241384 200942460279.000000
-0.484131 -1.021973 -0.307861 -14.579394 -16.653450 50.936375 200942463272.000000
-0.482178 -1.017822 -0.300293 -14.396389 -20.496553 50.936375 200942466188.000000
-0.485596 -1.026123 -0.308838 -14.518392 -24.644665 50.814372 200942469201.000000
-0.487305 -1.031250 -0.305420 -14.274385 -28.548771 50.570365 200942472139.000000
-0.489258 -1.033447 -0.306641 -14.457390 -31.781858 50.387360 200942475058.000000
-0.486816 -1.037598 -0.306396 -13.969377 -35.014945 50.021351 200942477989.000000
-0.480957 -1.036377 -0.315430 -14.091380 -38.797048 49.289331 200942480906.000000
-0.474121 -1.038818 -0.317871 -14.213384 -41.725127 49.045324 200942483839.000000
-0.467529 -1.035889 -0.312988 -14.152382 -44.531202 48.557311 200942486758.000000
-0.457031 -1.043213 -0.318359 -14.213384 -47.398280 48.252303 200942489682.000000
-0.449707 -1.046875 -0.312012 -14.335387 -50.631367 47.764290 200942492595.000000
-0.453613 -1.048096 -0.316406 -13.969377 -52.522418 47.886293 200942495514.000000
-0.440430 -1.042969 -0.310303 -14.823400 -55.023486 47.886293 200942498427.000000
-0.429443 -1.050537 -0.317871 -14.884402 -56.609528 48.374306 200942501343.000000
-0.417236 -1.051270 -0.308838 -15.067407 -57.829561 48.557311 200942504254.000000
-0.406982 -1.051514 -0.315430 -15.067407 -59.110596 49.167328 200942507181.000000
-0.401611 -1.050293 -0.313477 -14.884402 -59.903617 49.472336 200942510101.000000
-0.386963 -1.049316 -0.312500 -15.006405 -61.123650 50.326359 200942513012.000000
-0.373291 -1.047363 -0.316406 -14.030379 -63.319710 51.241384 200942515923.000000
-0.374023 -1.055664 -0.320313 -14.945404 -62.099677 50.814372 200942518835.000000
-0.386963 -1.061279 -0.304688 -15.616422 -60.757640 51.546392 200942521750.000000
-0.369629 -1.040527 -0.314941 -15.799427 -61.184652 52.827426 200942524665.000000
-0.361328 -1.046875 -0.319336 -16.226438 -62.526688 53.559446 200942527577.000000
-0.358643 -1.044189 -0.324219 -16.226438 -62.221680 54.474471 200942530489.000000
-0.357422 -1.058105 -0.331787 -16.775453 -61.062649 54.779479 200942533400.000000
-0.355469 -1.047607 -0.331055 -16.714451 -60.513634 55.389496 200942536335.000000
-0.350342 -1.043457 -0.333496 -17.263466 -60.513634 56.487525 200942539251.000000
-0.350098 -1.042480 -0.330078 -18.239492 -59.232599 57.097542 200942542168.000000
-0.347168 -1.036865 -0.321777 -18.300494 -59.232599 58.134570 200942545080.000000
-0.340820 -1.040039 -0.330078 -18.971512 -58.622583 58.622583 200942547999.000000
-0.345459 -1.041992 -0.317627 -19.581529 -56.792533 59.720612 200942550923.000000
-0.343018 -1.041016 -0.309326 -20.069542 -55.877509 60.208626 200942553845.000000
-0.334961 -1.041992 -0.303467 -20.557555 -55.450497 61.428659 200942556774.000000
-0.331787 -1.044189 -0.306396 -20.557555 -54.657476 62.099677 200942559705.000000
-0.325195 -1.045898 -0.295410 -20.862563 -53.254438 63.014701 200942562627.000000
-0.325439 -1.046143 -0.296631 -20.557555 -52.583420 64.051729 200942565549.000000
-0.318115 -1.044678 -0.289307 -20.069542 -52.217410 64.966754 200942568471.000000
-0.310303 -1.048096 -0.283936 -19.703532 -51.180382 65.271762 200942571391.000000
-0.311523 -1.048340 -0.280518 -19.337522 -49.838346 65.576771 200942574322.000000
-0.311523 -1.043213 -0.262207 -19.459525 -47.520283 65.454767 200942577254.000000
-0.313232 -1.030762 -0.263672 -19.703532 -46.788263 66.186787 200942580188.000000
-0.292480 -1.024658 -0.245605 -19.703532 -47.032270 66.369792 200942583111.000000
-0.281738 -1.025146 -0.232666 -19.520527 -46.849265 65.881779 200942586032.000000
-0.268799 -1.024658 -0.230469 -18.971512 -45.934240 65.332764 200942588924.000000
-0.253906 -1.019531 -0.205078 -18.117489 -45.324224 64.600744 200942590747.000000
-0.246094 -1.019043 -0.206299 -17.385469 -44.836211 63.929726 200942592554.000000
-0.234375 -1.015869 -0.201904 -16.470445 -44.226194 63.258708 200942594362.000000
-0.231201 -1.013184 -0.201660 -15.616422 -43.067163 62.465687 200942596167.000000
-0.230469 -1.008789 -0.189453 -14.762399 -41.786128 61.672665 200942597973.000000
-0.229736 -1.006592 -0.189941 -13.908376 -40.993107 61.123650 200942599778.000000
-0.235107 -0.999512 -0.189209 -13.115354 -40.749100 60.452632 200942601589.000000
-0.236084 -1.001709 -0.196045 -12.261331 -39.651071 60.086622 200942603536.000000
-0.248535 -0.997559 -0.190674 -11.468310 -38.797048 59.903617 200942605530.000000
-0.261475 -0.992676 -0.205811 -10.614287 -37.882023 59.110596 200942607437.000000
-0.277588 -0.988770 -0.200439 -9.821265 -37.577015 59.110596 200942609275.000000
-0.302734 -0.983398 -0.208008 -9.333252 -37.272006 59.476606 200942611088.000000
-0.311035 -0.984863 -0.205566 -8.784237 -37.272006 59.476606 200942612897.000000
-0.323975 -0.982666 -0.208740 -8.540231 -37.760020 59.354603 200942614702.000000
-0.348877 -0.980225 -0.205078 -7.869212 -38.370036 59.293601 200942616507.000000
-0.366211 -0.980225 -0.204590 -7.320198 -39.651071 59.659611 200942618315.000000
-0.383057 -0.985596 -0.201172 -6.954188 -40.871104 59.537608 200942620119.000000
-0.394775 -0.986816 -0.196777 -6.527176 -42.579150 59.354603 200942621923.000000
-0.413818 -0.981934 -0.188721 -6.161166 -44.531202 59.232599 200942623728.000000
-0.421875 -0.989502 -0.185303 -5.307143 -46.544257 58.988593 200942625531.000000
-0.433594 -0.992188 -0.181396 -4.636125 -48.496309 59.110596 200942627336.000000
-0.446289 -0.994629 -0.168701 -4.453120 -50.692369 58.927591 200942629140.000000
-0.450684 -0.995361 -0.167236 -3.904105 -52.888428 58.805588 200942630944.000000
-0.461914 -0.996338 -0.160889 -3.294089 -55.145489 58.866589 200942632747.000000
-0.455566 -0.996094 -0.160400 -2.684072 -56.914537 58.378576 200942634552.000000
-0.453857 -1.005371 -0.160645 -2.196059 -58.866589 58.256573 200942636358.000000
-0.447021 -1.006104 -0.167969 -1.403038 -60.391631 57.890563 200942638161.000000
-0.445313 -1.006104 -0.168945 -0.732020 -62.404685 57.585555 200942639966.000000
-0.442383 -1.006348 -0.164795 -0.244007 -63.807723 57.463552 200942641770.000000
-0.434814 -1.015381 -0.167725 0.061002 -64.905752 57.097542 200942643573.000000
-0.424316 -1.015381 -0.175537 0.915025 -65.820777 56.975538 200942645382.000000
-0.415771 -1.013428 -0.166260 1.342036 -67.040810 57.280547 200942647189.000000
-0.410645 -1.014160 -0.160156 2.196059 -67.772830 56.975538 200942648992.000000
-0.403809 -1.018311 -0.165039 2.623071 -67.833832 57.341548 200942650795.000000
-0.393799 -1.019287 -0.164307 3.172086 -68.077838 57.463552 200942652599.000000
-0.381104 -1.018799 -0.163086 3.782102 -68.504850 57.280547 200942654404.000000
-0.371826 -1.025635 -0.167725 4.148112 -68.199841 57.646556 200942656208.000000
-0.366455 -1.023193 -0.166992 4.880132 -67.772830 57.646556 200942658012.000000
-0.360596 -1.022705 -0.165771 5.551150 -66.979808 57.646556 200942659816.000000
-0.349609 -1.023926 -0.175537 6.100165 -65.942780 57.829561 200942661621.000000
-0.353516 -1.021973 -0.169434 6.466175 -65.271762 58.256573 200942663424.000000
-0.353271 -1.017822 -0.166748 6.832184 -63.868724 58.439578 200942665228.000000
-0.348633 -1.015381 -0.161865 7.564204 -62.953700 58.622583 200942667033.000000
-0.351318 -1.010986 -0.163574 7.930214 -61.733667 59.232599 200942668837.000000
-0.348145 -1.007813 -0.166260 8.052217 -60.635637 59.598609 200942670639.000000
-0.349365 -1.005371 -0.168457 8.723236 -59.537608 59.842616 200942672442.000000
-0.350342 -1.000244 -0.159912 9.272250 -58.561581 60.208626 200942674248.000000
-0.350342 -0.993408 -0.167725 9.516257 -57.402550 60.635637 200942676055.000000
-0.350830 -0.991943 -0.164307 9.943268 -56.670530 60.879644 200942677860.000000
-0.359375 -0.985107 -0.165527 10.126273 -56.182517 61.184652 200942679664.000000
-0.365967 -0.982178 -0.167236 10.919295 -55.694504 61.855670 200942681468.000000
-0.373779 -0.973877 -0.162842 11.407308 -55.389496 61.794668 200942683271.000000
-0.382813 -0.970703 -0.165527 11.590313 -55.084487 62.282682 200942685075.000000
-0.388916 -0.967041 -0.160400 11.712316 -55.084487 62.465687 200942686881.000000
-0.405029 -0.963867 -0.153809 12.505338 -55.206491 62.526688 200942688684.000000
-0.411377 -0.956787 -0.154541 12.932349 -55.511499 62.892698 200942690487.000000
-0.415283 -0.951416 -0.155273 13.359361 -56.243519 63.014701 200942692291.000000
-0.424316 -0.945801 -0.157227 13.481364 -56.975538 63.319710 200942694095.000000
-0.427002 -0.946533 -0.146973 14.030379 -57.890563 63.502715 200942695899.000000
-0.430176 -0.941162 -0.149658 14.213384 -59.049594 63.258708 200942697705.000000
-0.424805 -0.944336 -0.142334 14.823400 -60.147624 63.685720 200942699509.000000
-0.416504 -0.943848 -0.136963 15.372415 -61.245654 63.258708 200942701314.000000
-0.408691 -0.938721 -0.137939 15.555420 -62.282682 63.563716 200942703123.000000
-0.402344 -0.940918 -0.131592 15.921430 -63.319710 63.197706 200942704927.000000
-0.398193 -0.942383 -0.128418 16.348441 -64.173733 62.892698 200942706735.000000
-0.384521 -0.942871 -0.137939 16.714451 -65.027756 62.770695 200942708535.000000
-0.371338 -0.942627 -0.136719 17.507473 -65.759776 62.404685 200942710335.000000
-0.354736 -0.946777 -0.135254 17.690478 -66.064784 62.160678 200942712134.000000
-0.345459 -0.947754 -0.135010 18.056488 -66.918807 62.038675 200942713934.000000
-0.335693 -0.946045 -0.140381 18.300494 -66.979808 62.038675 200942715733.000000
-0.314941 -0.946533 -0.132080 18.544501 -67.345818 61.489660 200942717537.000000
-0.298340 -0.951904 -0.139404 18.788507 -67.223815 61.367657 200942719342.000000
-0.281738 -0.950195 -0.134766 19.032514 -66.979808 61.184652 200942721149.000000
-0.265625 -0.949951 -0.147705 18.971512 -66.735802 61.306655 200942722953.000000
-0.255615 -0.952881 -0.145996 19.093516 -66.247789 60.818642 200942724757.000000
-0.241699 -0.952637 -0.142822 19.581529 -65.698774 60.391631 200942726562.000000
-0.229492 -0.947754 -0.142334 19.764534 -64.905752 60.635637 200942728364.000000
-0.214600 -0.949707 -0.139648 20.069542 -64.051729 60.330629 200942730169.000000
-0.203369 -0.950928 -0.140869 20.130544 -62.892698 60.208626 200942731972.000000
-0.195801 -0.947998 -0.136475 20.252547 -61.916672 59.964619 200942733776.000000
-0.186523 -0.941650 -0.132568 20.557555 -61.306655 59.598609 200942735579.000000
-0.176514 -0.939209 -0.128906 20.862563 -60.330629 59.415604 200942737383.000000
-0.168213 -0.933594 -0.127930 20.740560 -58.988593 59.476606 200942739187.000000
-0.162842 -0.933350 -0.122314 21.045568 -58.134570 59.171598 200942740990.000000
-0.158936 -0.934326 -0.121582 21.228573 -56.914537 58.988593 200942742795.000000
-0.152588 -0.931641 -0.120117 21.594583 -56.060514 58.744586 200942744599.000000
-0.148193 -0.921143 -0.114990 21.777588 -55.206491 58.622583 200942746403.000000
-0.138428 -0.916260 -0.114746 22.021595 -54.108461 58.073568 200942748207.000000
-0.128662 -0.905762 -0.117188 22.387604 -53.559446 57.829561 200942750010.000000
-0.127441 -0.903809 -0.116699 22.753614 -52.522418 57.463552 200942751814.000000
-0.127197 -0.902588 -0.109619 22.814616 -51.668395 57.036540 200942753619.000000
-0.117188 -0.894287 -0.108643 23.058623 -50.997377 56.853535 200942755422.000000
-0.116699 -0.885010 -0.110596 23.180626 -50.631367 56.182517 200942757228.000000
-0.113770 -0.882080 -0.114258 23.241628 -50.021351 55.877509 200942759032.000000
-0.113037 -0.879883 -0.112305 23.363631 -49.777344 55.755505 200942760835.000000
-0.103516 -0.872559 -0.109131 23.424632 -49.045324 55.328494 200942762641.000000
-0.094238 -0.872803 -0.106201 23.851644 -48.801318 54.779479 200942764444.000000
-0.084229 -0.864502 -0.108887 23.851644 -48.801318 54.230464 200942766250.000000
-0.083740 -0.859619 -0.110596 24.095651 -48.557311 53.864454 200942768072.000000
-0.080811 -0.856445 -0.107666 23.912646 -48.008296 53.315440 200942769876.000000
-0.072266 -0.854004 -0.104736 23.851644 -47.947295 52.461416 200942771680.000000
-0.067871 -0.844727 -0.103516 24.156652 -48.374306 52.095407 200942773483.000000
-0.059814 -0.840332 -0.107666 24.217654 -47.825291 51.729397 200942775287.000000
-0.046631 -0.837646 -0.107422 24.400659 -47.825291 51.119380 200942777093.000000
-0.037354 -0.832520 -0.097412 24.278656 -47.825291 50.814372 200942778896.000000
-0.032715 -0.830566 -0.095947 24.461660 -47.825291 50.265357 200942780700.000000
-0.018555 -0.822021 -0.093750 24.583664 -47.764290 49.533337 200942782504.000000
-0.010254 -0.816162 -0.095215 24.522662 -47.825291 49.289331 200942784308.000000
-0.003662 -0.812012 -0.096191 24.644665 -46.849265 48.923321 200942786113.000000
0.012451 -0.802490 -0.101318 24.644665 -46.544257 48.496309 200942787918.000000
0.019287 -0.798584 -0.107666 24.644665 -45.751235 47.825291 200942789722.000000
0.044189 -0.797119 -0.114258 24.461660 -45.141219 47.276276 200942791526.000000
0.067383 -0.791016 -0.123291 24.522662 -43.982188 46.727262 200942793329.000000
0.091797 -0.781982 -0.125732 24.522662 -43.006161 45.995242 200942795132.000000
0.116943 -0.776611 -0.132080 24.217654 -41.908132 45.141219 200942796937.000000
0.130615 -0.774170 -0.136475 24.034649 -40.932105 44.226194 200942798740.000000
0.155273 -0.765869 -0.133545 23.729641 -40.078082 43.738181 200942800543.000000
0.169434 -0.754150 -0.141357 23.546636 -38.675044 42.762155 200942802347.000000
0.189453 -0.747559 -0.138672 23.058623 -37.028000 42.091136 200942804151.000000
0.203857 -0.741455 -0.140381 22.875618 -35.624962 41.237113 200942805954.000000
0.208252 -0.739746 -0.138672 22.448606 -33.489904 40.810102 200942807759.000000
0.213379 -0.735352 -0.140381 22.082596 -31.720856 40.322089 200942809561.000000
0.227295 -0.735352 -0.135742 21.716586 -30.134814 39.468066 200942811364.000000
0.224365 -0.729248 -0.135498 21.350576 -27.755749 38.980052 200942813168.000000
0.231934 -0.729248 -0.137939 21.106570 -25.559690 38.675044 200942814971.000000
0.231445 -0.726807 -0.135986 20.801562 -23.119624 38.248033 200942816776.000000
0.234131 -0.724609 -0.131348 20.313548 -20.252547 37.699018 200942818580.000000
0.229248 -0.716309 -0.135742 20.252547 -17.324468 37.333008 200942820384.000000
0.233398 -0.716309 -0.131592 20.008540 -15.311413 37.211005 200942822186.000000
0.233398 -0.714600 -0.135498 19.825535 -13.725371 36.966998 200942823991.000000
0.230225 -0.716064 -0.136963 19.825535 -11.468310 36.600988 200942825794.000000
0.239258 -0.710205 -0.137939 20.069542 -9.943268 35.929970 200942827601.000000
0.234619 -0.715576 -0.132324 20.069542 -8.357226 35.258952 200942829405.000000
0.225098 -0.708984 -0.135986 20.252547 -6.893186 35.014945 200942831208.000000
0.226318 -0.709961 -0.131592 20.130544 -5.185140 34.343927 200942833012.000000
0.225098 -0.709473 -0.130859 20.252547 -4.026109 33.611908 200942834815.000000
0.217285 -0.709717 -0.122803 20.374550 -2.501068 33.245898 200942836620.000000
0.210449 -0.707520 -0.119385 20.618557 -2.440066 32.757884 200942838422.000000
0.207031 -0.698730 -0.121826 20.801562 -2.440066 32.269871 200942840226.000000
0.194092 -0.701660 -0.108154 20.984567 -2.623071 31.781858 200942842031.000000
0.193359 -0.704834 -0.112061 21.411578 -2.257061 30.988837 200942843834.000000
0.191162 -0.704590 -0.109619 21.533581 -1.891051 30.317819 200942845638.000000
0.183594 -0.697266 -0.104980 21.960593 -1.647044 29.341792 200942847442.000000
0.179688 -0.694580 -0.104980 22.387604 -2.257061 28.426768 200942849247.000000
0.175537 -0.695801 -0.095459 22.570609 -2.867077 27.877753 200942851050.000000
0.174316 -0.690186 -0.099365 22.997621 -3.965107 27.023730 200942852854.000000
0.167969 -0.690918 -0.100098 23.424632 -4.636125 25.681693 200942854658.000000
0.167725 -0.690674 -0.095947 23.851644 -6.344171 24.949674 200942856463.000000
0.164307 -0.691650 -0.093750 24.583664 -8.052217 23.668639 200942858266.000000
0.161865 -0.688965 -0.093994 24.766669 -9.699262 22.631611 200942860069.000000
0.164063 -0.692871 -0.088867 25.742695 -11.590313 21.533581 200942861873.000000
0.162354 -0.693604 -0.086182 26.291710 -13.847374 20.435552 200942863676.000000
0.161133 -0.696777 -0.085693 26.840725 -15.433417 18.788507 200942865479.000000
0.159668 -0.692139 -0.082520 27.511743 -16.958458 17.446471 200942867284.000000
0.163818 -0.704102 -0.079590 27.938754 -17.995486 15.799427 200942869088.000000
0.173096 -0.700928 -0.073486 28.853779 -20.069542 14.335387 200942870891.000000
0.175293 -0.704834 -0.072266 29.524797 -21.716586 12.505338 200942872697.000000
0.180908 -0.706299 -0.072510 30.195815 -22.997621 10.675288 200942874503.000000
0.193359 -0.715576 -0.070313 30.927835 -24.522662 8.784237 200942876308.000000
0.206299 -0.718018 -0.075439 31.781858 -26.047703 6.832184 200942878113.000000
0.212402 -0.721436 -0.075928 32.452876 -27.206735 5.368145 200942879917.000000
0.221680 -0.722168 -0.080811 33.245898 -28.670774 3.233087 200942881719.000000
0.226563 -0.721680 -0.083252 33.733911 -30.195815 1.525041 200942883523.000000
0.236328 -0.721680 -0.091797 34.038919 -31.232843 -0.305008 200942885326.000000
0.244873 -0.726074 -0.095703 34.892942 -32.391875 -2.013054 200942887130.000000
0.245850 -0.731689 -0.103027 35.136949 -33.733911 -3.721100 200942888935.000000
0.246582 -0.730225 -0.104248 35.563960 -35.075947 -5.551150 200942890742.000000
0.251953 -0.732910 -0.106201 35.807967 -36.295980 -6.893186 200942892549.000000
0.252930 -0.735352 -0.114258 36.173977 -37.699018 -8.418227 200942894357.000000
0.257568 -0.732666 -0.119141 36.417983 -38.492039 -10.004270 200942896163.000000
0.261719 -0.734619 -0.117676 36.417983 -39.773074 -11.834320 200942897971.000000
0.266113 -0.736572 -0.120605 36.722992 -41.115110 -13.420362 200942899776.000000
0.263184 -0.736328 -0.127686 36.539987 -42.396145 -14.762399 200942901584.000000
0.266602 -0.742920 -0.124756 36.905996 -43.677179 -16.714451 200942903389.000000
0.273193 -0.740723 -0.128906 36.905996 -44.775209 -18.117489 200942905193.000000
0.274170 -0.742432 -0.129883 36.722992 -46.178247 -20.008540 200942906998.000000
0.274170 -0.739258 -0.133057 36.722992 -47.215275 -21.777588 200942908801.000000
0.281006 -0.741943 -0.135986 36.600988 -48.191301 -23.729641 200942910604.000000
0.290039 -0.743164 -0.137939 36.356982 -49.045324 -25.315684 200942912408.000000
0.291260 -0.741211 -0.142822 36.356982 -50.143354 -27.023730 200942914215.000000
0.298828 -0.740479 -0.143066 36.417983 -50.753370 -28.792777 200942916018.000000
0.306396 -0.737061 -0.149414 35.990972 -51.241384 -30.500824 200942917822.000000
0.314941 -0.736816 -0.138184 35.929970 -51.424388 -32.452876 200942919622.000000
0.322021 -0.733154 -0.145752 35.685964 -51.485390 -34.343927 200942921421.000000
0.328369 -0.733887 -0.151123 35.441957 -51.729397 -36.173977 200942923221.000000
0.337891 -0.734863 -0.157471 35.197950 -51.485390 -37.821021 200942925021.000000
0.340576 -0.735352 -0.153809 34.770939 -51.363387 -39.590069 200942926824.000000
0.350830 -0.740234 -0.161133 34.587934 -50.631367 -41.481120 200942928628.000000
0.361328 -0.737305 -0.162354 34.038919 -49.899347 -43.250168 200942930432.000000
0.362305 -0.734375 -0.165039 33.611908 -49.228329 -45.568230 200942932236.000000
0.365967 -0.740723 -0.164063 33.062893 -48.191301 -46.483255 200942934039.000000
0.372803 -0.742432 -0.169922 32.391875 -46.971268 -48.252303 200942935842.000000
0.374512 -0.743652 -0.170410 32.086866 -45.934240 -49.899347 200942937647.000000
0.380859 -0.744629 -0.174805 31.476850 -44.043189 -51.058379 200942939452.000000
0.378418 -0.748291 -0.177979 30.683828 -42.640151 -53.010431 200942941255.000000
0.382080 -0.754639 -0.181885 30.134814 -40.627097 -53.864454 200942943060.000000
0.384521 -0.758301 -0.187256 29.341792 -38.614043 -55.145489 200942944864.000000
0.386230 -0.760498 -0.184570 28.548771 -36.722992 -56.670530 200942946669.000000
0.387451 -0.759521 -0.182861 27.694748 -34.343927 -57.829561 200942948475.000000
0.386963 -0.763428 -0.192627 26.901726 -32.208870 -59.232599 200942950278.000000
0.384521 -0.760498 -0.200439 25.742695 -29.524797 -60.391631 200942952082.000000
0.383545 -0.764893 -0.198730 25.010675 -27.328738 -61.306655 200942953886.000000
0.385254 -0.764648 -0.198975 24.034649 -24.827670 -62.343683 200942955690.000000
0.381348 -0.770752 -0.204590 23.058623 -21.960593 -63.441713 200942957495.000000
0.377441 -0.766357 -0.197998 22.143598 -19.520527 -64.539743 200942959299.000000
0.373047 -0.766357 -0.202881 21.045568 -16.775453 -65.454767 200942961102.000000
0.375488 -0.767090 -0.201904 20.191545 -14.457390 -66.247789 200942962908.000000
0.372070 -0.773438 -0.209717 19.093516 -11.590313 -67.162813 200942964712.000000
0.366699 -0.782471 -0.201416 17.690478 -9.028244 -68.199841 200942966516.000000
0.362793 -0.778564 -0.205811 16.775453 -5.795156 -69.114866 200942968319.000000
0.356445 -0.785156 -0.203125 15.921430 -2.989081 -69.541878 200942970123.000000
0.352051 -0.785889 -0.208984 14.823400 -0.183005 -70.700909 200942971927.000000
0.349365 -0.788574 -0.213379 13.542366 2.928079 -71.493930 200942973730.000000
0.345215 -0.792236 -0.199219 12.505338 5.612152 -72.042945 200942975535.000000
0.342773 -0.799072 -0.205078 11.407308 8.601232 -73.140975 200942977340.000000
0.336182 -0.798828 -0.217041 10.309278 12.139328 -73.689990 200942979142.000000
0.329102 -0.806641 -0.205566 9.333252 14.945404 -74.422009 200942980946.000000
0.327148 -0.810547 -0.209717 7.930214 17.507473 -74.910023 200942982750.000000
0.319336 -0.817383 -0.215332 7.076191 20.496553 -75.642042 200942984554.000000
0.321045 -0.826172 -0.216309 5.978161 23.424632 -76.618069 200942986358.000000
0.317383 -0.824707 -0.220703 4.941133 26.352712 -77.167084 200942988162.000000
0.307861 -0.836670 -0.221191 3.721100 29.585799 -77.533093 200942989965.000000
0.304932 -0.839111 -0.220215 2.684072 32.330873 -78.265113 200942991769.000000
0.304688 -0.851318 -0.216309 1.769048 35.136949 -78.753126 200942993571.000000
0.301025 -0.856934 -0.220947 0.915025 38.004026 -79.607149 200942995375.000000
0.301758 -0.865723 -0.226074 -0.305008 41.298115 -80.339169 200942997180.000000
0.295898 -0.869629 -0.229248 -1.342036 44.409199 -81.254194 200942998983.000000
0.294434 -0.877930 -0.230713 -2.379064 47.581285 -81.742207 200943000786.000000
0.298096 -0.882080 -0.235596 -3.294089 50.936375 -82.779235 200943002591.000000
0.292969 -0.883301 -0.242188 -4.514122 54.474471 -83.694260 200943004395.000000
0.301514 -0.887207 -0.248047 -5.551150 57.646556 -84.182273 200943006197.000000
0.298828 -0.895752 -0.257080 -6.344171 61.184652 -85.463308 200943008003.000000
0.304932 -0.894043 -0.268066 -7.442201 64.966754 -86.439334 200943009810.000000
0.303711 -0.895508 -0.269043 -8.662234 68.260843 -87.049350 200943011613.000000
0.306885 -0.898193 -0.267578 -9.882267 71.432929 -87.903373 200943013417.000000
0.303223 -0.898682 -0.279297 -10.492283 74.849021 -88.940401 200943015221.000000
0.311035 -0.902588 -0.286865 -11.834320 77.777100 -89.855426 200943017026.000000
0.309082 -0.908936 -0.292725 -12.749344 81.498200 -90.404441 200943018829.000000
0.308105 -0.908203 -0.291748 -13.847374 84.914293 -91.502471 200943020633.000000
0.304443 -0.911865 -0.306152 -14.823400 88.147380 -92.112487 200943022439.000000
0.311035 -0.917236 -0.313721 -15.860428 91.441469 -92.783505 200943024245.000000
0.322510 -0.914063 -0.328125 -16.775453 95.284573 -93.637528 200943026049.000000
0.335693 -0.915283 -0.344482 -17.934484 99.066675 -94.613555 200943027854.000000
0.343750 -0.911621 -0.349854 -19.337522 102.299762 -95.772586 200943029659.000000
0.368408 -0.907471 -0.366211 -20.618557 105.898859 -96.870616 200943031463.000000
0.389893 -0.907227 -0.378906 -21.960593 109.558958 -97.907644 200943033267.000000
0.412109 -0.905518 -0.388184 -22.997621 113.097054 -99.737693 200943035071.000000
0.426758 -0.906738 -0.397949 -23.729641 116.574148 -101.201732 200943036876.000000
0.431152 -0.908936 -0.401367 -24.827670 120.539255 -102.726774 200943038681.000000
0.442383 -0.920410 -0.411133 -25.681693 124.016348 -103.885805 200943040485.000000
0.448730 -0.929932 -0.409424 -26.291710 128.286464 -104.922833 200943042290.000000
0.445801 -0.934326 -0.420410 -27.023730 132.495577 -105.837858 200943044094.000000
0.434082 -0.945068 -0.427002 -27.633746 136.887696 -106.264869 200943045897.000000
0.427246 -0.953613 -0.428955 -28.060758 142.438846 -106.935887 200943047702.000000
0.395752 -0.969238 -0.433105 -28.548771 148.111999 -106.996889 200943049506.000000
0.364014 -0.981689 -0.443115 -28.731776 154.578174 -106.569877 200943051311.000000
0.318604 -0.992432 -0.444580 -29.280791 160.190325 -105.776856 200943053116.000000
0.282959 -1.007324 -0.445068 -29.890807 166.656500 -104.922833 200943054920.000000
0.258789 -1.014160 -0.449707 -30.256817 172.512658 -104.068810 200943056724.000000
0.217773 -1.029541 -0.445801 -30.561825 178.612823 -103.092784 200943058527.000000
0.167480 -1.040771 -0.435547 -31.049838 184.834991 -101.262734 200943060331.000000
0.124268 -1.056641 -0.432373 -31.049838 190.691149 -99.920698 200943062134.000000
0.095703 -1.075195 -0.417969 -30.988837 196.364302 -98.456658 200943063937.000000
0.077148 -1.087158 -0.419922 -30.927835 201.366437 -97.175624 200943065744.000000
0.041748 -1.101807 -0.409668 -30.744830 206.307570 -95.833588 200943067548.000000
0.003174 -1.125244 -0.393799 -30.439822 211.553712 -94.613555 200943069352.000000
-0.026855 -1.138672 -0.379639 -29.585799 216.677850 -93.271518 200943071158.000000
-0.046387 -1.149658 -0.353027 -29.097786 221.008967 -92.478497 200943072962.000000
-0.055420 -1.158691 -0.353271 -28.487769 225.584091 -91.624474 200943074768.000000
-0.069580 -1.169189 -0.344238 -27.572744 229.122186 -90.343439 200943076574.000000
-0.066650 -1.176514 -0.348877 -26.474715 231.928262 -89.367413 200943078377.000000
-0.058350 -1.204590 -0.370605 -25.742695 235.344354 -88.574392 200943080182.000000
-0.039063 -1.218506 -0.398438 -25.315684 238.150430 -88.330385 200943081986.000000
-0.033447 -1.226074 -0.445313 -24.705667 241.200512 -88.208382 200943083792.000000
-0.018555 -1.229736 -0.463867 -24.217654 243.640578 -88.757396 200943085597.000000
-0.013672 -1.230713 -0.496338 -25.559690 247.910694 -90.648448 200943087401.000000
-0.016602 -1.237549 -0.531006 -26.352712 252.485817 -92.478497 200943089205.000000
0.011963 -1.204590 -0.552246 -25.986702 252.241811 -91.990484 200943091008.000000
0.029541 -1.172119 -0.629639 -25.559690 250.289758 -92.783505 200943092814.000000
0.043213 -1.200439 -0.636719 -27.450741 250.777771 -95.345574 200943094618.000000
0.028809 -1.207031 -0.602539 -28.121759 254.437870 -98.456658 200943096423.000000
0.009766 -1.200684 -0.604004 -28.060758 258.280974 -101.018728 200943098227.000000
0.002930 -1.188232 -0.576660 -28.975782 261.209053 -103.519795 200943100031.000000
0.011963 -1.201904 -0.544922 -29.097786 261.880071 -106.020863 200943101834.000000
0.019531 -1.205566 -0.520508 -28.243763 261.331056 -108.277924 200943103637.000000
0.014404 -1.220703 -0.518799 -26.596718 260.233026 -109.741963 200943105440.000000
0.019531 -1.223633 -0.512451 -25.315684 258.951992 -110.412981 200943107245.000000
0.039795 -1.221680 -0.501953 -23.912646 256.511926 -111.572012 200943109048.000000
0.013672 -1.255371 -0.496094 -22.875618 255.718904 -113.524065 200943110852.000000
-0.001953 -1.265137 -0.497314 -21.106570 256.145916 -114.317087 200943112655.000000
-0.034912 -1.272217 -0.514893 -20.008540 257.792960 -115.293113 200943114458.000000
-0.054199 -1.268799 -0.519775 -19.947539 259.562008 -116.025133 200943116261.000000
-0.063721 -1.261475 -0.525879 -19.764534 260.538035 -116.452144 200943118080.000000
-0.102783 -1.255371 -0.541748 -19.398524 261.941072 -116.879156 200943119884.000000
-0.114746 -1.250732 -0.552246 -18.910511 262.856097 -117.306167 200943121688.000000
-0.157227 -1.253174 -0.561523 -18.849509 264.625145 -117.245166 200943123492.000000
-0.202881 -1.259766 -0.573242 -19.032514 266.394193 -117.123162 200943125297.000000
-0.243652 -1.253174 -0.583740 -19.154517 267.858232 -117.123162 200943127101.000000
-0.292969 -1.250488 -0.597900 -19.032514 269.932288 -117.062161 200943128900.000000
-0.312744 -1.255859 -0.598145 -18.605502 270.420301 -116.635149 200943130699.000000
-0.343018 -1.258789 -0.596436 -18.361496 269.627280 -116.452144 200943132499.000000
-0.375977 -1.249268 -0.603271 -17.629476 268.346245 -115.598121 200943134298.000000
-0.403564 -1.256592 -0.618164 -17.080461 266.821204 -114.927103 200943136097.000000
-0.419922 -1.238525 -0.635742 -16.226438 264.137132 -114.683096 200943137902.000000
-0.434082 -1.243408 -0.647705 -16.348441 261.636064 -114.317087 200943139707.000000
-0.464844 -1.238281 -0.664307 -16.470445 258.097969 -114.073080 200943141510.000000
-0.490723 -1.225098 -0.691162 -16.409443 254.315867 -114.012078 200943143315.000000
-0.511475 -1.219238 -0.701416 -16.775453 250.228756 -113.707070 200943145124.000000
-0.533691 -1.211670 -0.711426 -16.958458 244.677606 -113.524065 200943146929.000000
-0.545166 -1.208008 -0.707031 -17.568474 238.760447 -113.524065 200943148732.000000
-0.564209 -1.203125 -0.720947 -17.629476 232.050265 -113.646068 200943150536.000000
-0.575684 -1.197510 -0.731201 -18.239492 225.767096 -113.890075 200943152339.000000
-0.596680 -1.197021 -0.739990 -19.154517 218.385896 -113.829073 200943154143.000000
-0.609375 -1.205811 -0.750244 -19.398524 211.431709 -113.951077 200943155947.000000
-0.621338 -1.214355 -0.745850 -19.398524 203.257488 -114.378088 200943157751.000000
-0.624268 -1.218506 -0.745605 -19.154517 195.998292 -114.805100 200943159555.000000
-0.631592 -1.232666 -0.747803 -18.727506 189.105106 -115.232111 200943161358.000000
-0.629150 -1.236816 -0.760742 -18.666504 181.235893 -115.842128 200943163161.000000
-0.632080 -1.239258 -0.783936 -18.788507 174.037699 -116.513146 200943164966.000000
-0.641357 -1.232178 -0.811035 -19.337522 167.266516 -117.245166 200943166770.000000
-0.647949 -1.227539 -0.823975 -19.886537 160.251327 -117.855182 200943168574.000000
-0.660400 -1.214111 -0.843262 -21.106570 153.114134 -118.099189 200943170378.000000
-0.679688 -1.212891 -0.873779 -22.021595 146.769963 -118.404197 200943172183.000000
-0.699463 -1.210938 -0.881836 -23.180626 139.998780 -118.648204 200943173989.000000
-0.713135 -1.210205 -0.887939 -23.973647 133.837614 -118.831208 200943175794.000000
-0.723877 -1.208008 -0.891357 -24.949674 127.554444 -119.136217 200943177599.000000
-0.751465 -1.207520 -0.902832 -25.986702 121.088269 -119.258220 200943179402.000000
-0.771240 -1.205566 -0.908203 -27.084731 114.988105 -119.197218 200943181204.000000
-0.798096 -1.203369 -0.913574 -28.304764 108.094919 -119.258220 200943183008.000000
-0.822510 -1.198975 -0.916992 -28.914781 101.750747 -119.319222 200943184812.000000
-0.834473 -1.199951 -0.913330 -30.012810 94.552553 -119.014213 200943186616.000000
-0.855957 -1.203369 -0.911865 -30.744830 87.293357 -119.441225 200943188419.000000
-0.873291 -1.199951 -0.914307 -31.354847 79.973159 -119.929238 200943190223.000000
-0.887451 -1.192627 -0.895020 -32.208870 71.737937 -120.173245 200943192026.000000
-0.906006 -1.193359 -0.892334 -32.879888 63.746721 -120.661258 200943193829.000000
-0.915283 -1.193848 -0.882324 -33.489904 54.291466 -121.149271 200943195632.000000
-0.932129 -1.192139 -0.875244 -33.916916 45.446227 -121.576283 200943197437.000000
-0.941895 -1.193848 -0.864746 -34.343927 35.929970 -121.698286 200943199239.000000
-0.943604 -1.188965 -0.852539 -34.648936 26.657720 -122.125297 200943201632.000000
-0.944092 -1.195313 -0.839844 -35.258952 14.396389 -122.979320 200943203455.000000
-0.930176 -1.197754 -0.824463 -35.624962 4.758128 -123.467334 200943205259.000000
-0.913086 -1.197510 -0.822266 -35.990972 -4.270115 -123.955347 200943207065.000000
-0.897949 -1.198730 -0.810791 -36.478985 -12.810346 -124.199353 200943208869.000000
-0.890625 -1.201660 -0.807861 -36.722992 -21.228573 -124.199353 200943210672.000000
-0.868896 -1.205078 -0.791260 -37.272006 -29.585799 -124.382358 200943212476.000000
-0.840820 -1.207764 -0.798584 -37.516013 -36.722992 -124.321357 200943214280.000000
-0.771973 -1.217773 -0.783691 -37.211005 -43.311169 -124.870372 200943216083.000000
-0.652344 -1.236328 -0.737793 -35.807967 -50.326359 -126.334411 200943217892.000000
-0.578857 -1.250244 -0.708008 -33.123894 -56.609528 -128.652474 200943219696.000000
-0.411133 -1.310059 -0.600342 -27.938754 -63.319710 -131.763558 200943221500.000000
-0.270752 -1.407959 -0.387695 -22.631611 -70.212896 -134.935643 200943223303.000000
-0.257324 -1.505127 -0.227783 -20.008540 -75.947051 -137.314707 200943225106.000000
-0.402588 -1.475830 -0.270996 -21.655585 -79.790154 -135.484658 200943226911.000000
-0.537354 -1.387451 -0.346924 -26.352712 -82.169219 -129.750503 200943228714.000000
-0.938965 -1.328369 -0.547607 -35.380955 -78.631123 -121.088269 200943230517.000000
-1.358398 -1.368408 -0.613281 -42.762155 -76.801074 -111.328006 200943232320.000000
-1.648926 -1.347900 -0.630615 -47.276276 -75.886049 -97.480632 200943234124.000000
-1.781250 -1.343018 -0.526123 -48.557311 -80.461172 -85.463308 200943235927.000000
-1.808594 -1.441162 -0.388428 -47.703288 -89.001403 -77.472092 200943237731.000000
-1.835449 -1.495361 -0.284180 -47.215275 -97.602635 -72.835967 200943239535.000000
-1.853027 -1.505371 -0.103516 -43.067163 -107.362899 -70.456902 200943241338.000000
-1.910889 -1.525635 0.087891 -39.834076 -116.574148 -69.724883 200943243140.000000
-1.999023 -1.546875 0.218018 -37.211005 -128.408467 -68.687855 200943244944.000000
-2.071777 -1.518066 0.305176 -33.062893 -143.658879 -66.369792 200943246748.000000
-2.090576 -1.497559 0.342285 -29.036784 -158.665284 -63.868724 200943248552.000000
-2.096191 -1.471191 0.365234 -23.302629 -173.183676 -61.367657 200943250355.000000
-2.073486 -1.470215 0.395508 -19.032514 -185.078997 -59.232599 200943252158.000000
-1.975586 -1.453857 0.428711 -13.969377 -196.059294 -58.561581 200943253962.000000
-1.806396 -1.429199 0.479004 -8.662234 -205.392546 -59.171598 200943255765.000000
-1.702148 -1.421143 0.505859 -2.806076 -213.017751 -61.062649 200943257570.000000
-1.489014 -1.398682 0.562744 3.538096 -218.385896 -64.051729 200943259373.000000
-1.289551 -1.365723 0.578369 9.211249 -219.239919 -67.467822 200943261177.000000
-1.138672 -1.312988 0.551758 14.823400 -218.202891 -71.432929 200943262981.000000
-1.007080 -1.258057 0.495850 17.995486 -215.274812 -75.032026 200943264785.000000
-0.946045 -1.213867 0.471924 21.411578 -211.126700 -78.326115 200943266590.000000
-0.841064 -1.152832 0.469727 24.827670 -205.697554 -79.363143 200943268393.000000
-0.800293 -1.133057 0.512695 28.792777 -198.682364 -78.387116 200943270197.000000
-0.785889 -1.147705 0.532715 33.672909 -191.972183 -74.788019 200943272000.000000
-0.751709 -1.146484 0.556641 37.211005 -185.689014 -69.968889 200943273803.000000
-0.738770 -1.147949 0.541992 40.139084 -178.551821 -64.356738 200943275606.000000
-0.718994 -1.145508 0.492920 40.627097 -170.743610 -58.378576 200943277412.000000
-0.683350 -1.125732 0.416016 40.505094 -161.776368 -53.132435 200943279216.000000
-0.658691 -1.106445 0.369873 40.383090 -154.334167 -47.886293 200943281019.000000
-0.643799 -1.098145 0.378906 40.749100 -147.257976 -41.969133 200943282822.000000
-0.634766 -1.098633 0.383789 41.969133 -140.974806 -36.478985 200943284626.000000
-0.587891 -1.108887 0.389648 42.945160 -134.203623 -31.415848 200943286431.000000
-0.536865 -1.127930 0.346191 44.104191 -125.541390 -27.572744 200943288233.000000
-0.452881 -1.126709 0.255859 44.531202 -116.391143 -24.827670 200943290037.000000
-0.344238 -1.093262 0.135986 44.775209 -105.715854 -23.363631 200943291841.000000
-0.298584 -1.070313 0.074707 44.409199 -94.918563 -22.753614 200943293850.000000
-0.172607 -0.980957 -0.116699 43.616178 -81.071189 -22.631611 200943296816.000000
-0.121582 -0.916260 -0.239990 42.335143 -64.417739 -22.265601 200943299739.000000
-0.070801 -0.848145 -0.394775 40.444092 -48.435308 -20.313548 200943302660.000000
-0.065430 -0.803223 -0.496338 38.065028 -33.733911 -17.690478 200943305579.000000
-0.084229 -0.812256 -0.564453 31.842860 -16.409443 -12.139328 200943308500.000000
-0.169922 -0.874512 -0.628906 29.890807 -6.283170 -7.442201 200943311423.000000
-0.078125 -0.925537 -0.646484 27.389740 1.281035 -3.904105 200943314341.000000
-0.072754 -0.976563 -0.727783 22.814616 6.527176 -0.793021 200943317264.000000
-0.062256 -0.994873 -0.807129 18.788507 10.309278 0.549015 200943320182.000000
-0.067139 -1.017822 -0.872070 15.250412 12.261331 1.708046 200943323102.000000
-0.078125 -1.019775 -0.949463 11.102300 12.993351 2.013054 200943326020.000000
-0.077637 -1.012695 -1.042969 6.649180 14.396389 0.244007 200943328939.000000
-0.073242 -0.969482 -1.106445 2.440066 13.542366 -2.745074 200943331859.000000
-0.064453 -0.933838 -1.173828 -0.488013 9.882267 -4.941133 200943334778.000000
-0.067383 -0.933350 -1.164307 -3.599097 4.819130 -9.882267 200943337722.000000
-0.127930 -0.926025 -1.146729 -5.978161 0.000000 -13.237357 200943340635.000000
-0.143066 -0.906982 -1.125488 -9.211249 -7.564204 -17.507473 200943343546.000000
-0.167725 -0.891357 -1.122803 -13.298359 -14.335387 -21.350576 200943346470.000000
-0.206787 -0.906250 -0.977051 -15.372415 -22.814616 -25.254682 200943349391.000000
-0.292236 -0.918701 -0.905029 -17.568474 -31.049838 -27.267736 200943352310.000000
-0.393555 -0.942383 -0.786621 -19.154517 -40.444092 -27.450741 200943355228.000000
-0.478516 -0.984131 -0.672363 -19.093516 -48.435308 -27.145733 200943358151.000000
-0.545410 -1.013184 -0.561523 -18.300494 -55.206491 -27.694748 200943361070.000000
-0.595703 -1.039795 -0.452148 -16.714451 -60.208626 -28.426768 200943363989.000000
-0.626465 -1.067627 -0.361572 -14.274385 -65.027756 -29.524797 200943366909.000000
-0.652344 -1.086426 -0.263916 -11.529311 -68.870860 -30.378820 200943369826.000000
-0.662598 -1.092041 -0.181152 -9.455255 -71.127920 -30.378820 200943372746.000000
-0.680176 -1.098877 -0.144531 -6.954188 -71.371927 -29.158787 200943375667.000000
-0.676514 -1.100586 -0.104736 -4.636125 -69.175868 -26.779723 200943378590.000000
-0.633301 -1.110352 -0.096436 -2.745074 -64.173733 -24.461660 200943381511.000000
-0.556641 -1.096680 -0.151855 -1.830049 -56.853535 -21.594583 200943384431.000000
-0.445801 -1.083008 -0.242432 -1.586043 -47.276276 -19.459525 200943387353.000000
-0.319336 -1.059326 -0.356201 -1.952053 -37.638016 -17.080461 200943390273.000000
-0.166504 -1.037109 -0.460693 -3.416092 -26.657720 -16.348441 200943393222.000000
-0.024170 -1.037354 -0.543457 -5.246142 -16.836455 -17.202464 200943396143.000000
0.072021 -1.022461 -0.614258 -7.503203 -7.564204 -17.446471 200943399066.000000
0.110107 -1.020264 -0.659912 -9.333252 -0.183005 -16.470445 200943401986.000000
0.112305 -1.035156 -0.657471 -10.370280 6.771183 -15.006405 200943404907.000000
0.089600 -1.053223 -0.617676 -11.590313 13.115354 -13.481364 200943407836.000000
0.057617 -1.077881 -0.555176 -11.529311 17.629476 -11.834320 200943410757.000000
0.020508 -1.093262 -0.496338 -11.712316 21.106570 -10.675288 200943413677.000000
-0.042969 -1.107910 -0.431152 -11.407308 24.400659 -9.638260 200943416598.000000
-0.094482 -1.114990 -0.366699 -11.163301 26.596718 -9.577259 200943419518.000000
-0.135498 -1.107910 -0.320801 -10.736290 27.755749 -9.211249 200943422444.000000
-0.155518 -1.093506 -0.287842 -11.163301 28.792777 -9.943268 200943425364.000000
-0.152344 -1.068604 -0.270752 -11.285305 28.792777 -10.370280 200943428285.000000
-0.127197 -1.048828 -0.278320 -11.712316 27.816751 -10.248277 200943431205.000000
-0.086426 -1.027588 -0.306641 -12.261331 26.596718 -9.089245 200943434121.000000
-0.043945 -1.016113 -0.329102 -13.542366 27.633746 -8.662234 200943437040.000000
-0.007324 -0.996826 -0.363037 -14.762399 31.049838 -6.954188 200943439958.000000
0.016602 -0.968750 -0.392822 -16.470445 35.990972 -4.697127 200943442876.000000
0.027832 -0.939697 -0.428711 -17.934484 41.969133 -1.586043 200943445801.000000
0.044189 -0.926270 -0.445557 -19.642530 48.069298 1.037028 200943448722.000000
0.059814 -0.921875 -0.432861 -20.496553 53.803453 3.355091 200943451642.000000
0.066406 -0.912354 -0.410400 -21.411578 59.293601 5.307143 200943454562.000000
0.065186 -0.897949 -0.390869 -21.594583 65.271762 6.283170 200943457484.000000
0.050293 -0.890869 -0.358887 -21.655585 70.639907 7.076191 200943460403.000000
0.031006 -0.881592 -0.342773 -21.716586 74.727018 7.747209 200943463323.000000
0.020996 -0.862061 -0.328125 -21.533581 77.960105 7.747209 200943466242.000000
0.004883 -0.847656 -0.309082 -20.923565 79.546148 7.564204 200943469194.000000
-0.015381 -0.847168 -0.301758 -20.557555 80.217166 6.771183 200943472116.000000
-0.061035 -0.848389 -0.286133 -19.276520 76.923077 5.002135 200943479872.000000
-0.062744 -0.855225 -0.286133 -19.276520 73.933996 4.331117 200943483022.000000
-0.055176 -0.863037 -0.291748 -19.581529 71.188922 3.416092 200943485980.000000
-0.046143 -0.870117 -0.291748 -19.642530 67.650827 2.806076 200943488907.000000
-0.024658 -0.883301 -0.296143 -19.459525 64.966754 1.952053 200943491939.000000
0.004150 -0.899414 -0.288818 -19.642530 62.160678 1.647044 200943495001.000000
0.030762 -0.911865 -0.286865 -19.276520 59.598609 1.037028 200943497929.000000
0.051758 -0.930176 -0.290771 -19.032514 57.585555 0.732020 200943500851.000000
0.076172 -0.938232 -0.282227 -18.971512 55.999512 -0.305008 200943503768.000000
0.101563 -0.951172 -0.277100 -18.544501 53.986458 -1.281035 200943506687.000000
0.111816 -0.958740 -0.275146 -18.056488 52.278412 -1.952053 200943509603.000000
0.118164 -0.964355 -0.260498 -17.568474 50.387360 -2.989081 200943512516.000000
0.129639 -0.975342 -0.250000 -17.080461 48.130300 -4.270115 200943515461.000000
0.139893 -0.984863 -0.225586 -16.714451 45.690234 -5.429147 200943518383.000000
0.142334 -0.995605 -0.218994 -15.799427 43.494174 -6.893186 200943521328.000000
0.138428 -0.997314 -0.208008 -15.311413 41.481120 -7.686208 200943524242.000000
0.133789 -1.009033 -0.200684 -14.762399 38.980052 -8.601232 200943527162.000000
0.140869 -1.010986 -0.197510 -14.213384 36.783993 -9.394254 200943530078.000000
0.151123 -1.011475 -0.200195 -13.481364 34.282926 -9.760264 200943532990.000000
0.161377 -1.015137 -0.202881 -13.298359 32.330873 -10.614287 200943535905.000000
0.173096 -1.017090 -0.201172 -12.627341 30.256817 -10.675288 200943538819.000000
0.188477 -1.017334 -0.196289 -12.139328 28.487769 -10.858293 200943541734.000000
0.191650 -1.018555 -0.198975 -11.529311 26.962728 -11.163301 200943544645.000000
0.198486 -1.017090 -0.200684 -10.919295 25.864698 -11.407308 200943547572.000000
0.201416 -1.015137 -0.202881 -10.553285 24.522662 -11.956323 200943550488.000000
0.201904 -1.011230 -0.206787 -10.187275 23.546636 -12.078326 200943553401.000000
0.204590 -1.003418 -0.208008 -9.577259 22.509608 -12.200329 200943556383.000000
0.201660 -0.999023 -0.216797 -8.906240 21.350576 -12.810346 200943559313.000000
0.194580 -0.989990 -0.221924 -8.296224 19.947539 -12.993351 200943562237.000000
0.185059 -0.979004 -0.233643 -7.625206 18.788507 -13.481364 200943565161.000000
0.174805 -0.970215 -0.236816 -7.076191 17.324468 -13.908376 200943568091.000000
0.156006 -0.960205 -0.248779 -6.588178 15.372415 -14.579394 200943571014.000000
0.135254 -0.946289 -0.263184 -6.161166 13.481364 -14.945404 200943573935.000000
0.115723 -0.933838 -0.281738 -5.795156 11.224303 -15.128408 200943576869.000000
0.096191 -0.922607 -0.298096 -5.734155 9.211249 -15.250412 200943579800.000000
0.072021 -0.919922 -0.304932 -5.673153 7.015189 -15.189410 200943582722.000000
0.066162 -0.917480 -0.307861 -6.100165 5.368145 -15.250412 200943585643.000000
0.059082 -0.920654 -0.314697 -6.222168 3.538096 -15.494418 200943588576.000000
0.057373 -0.922852 -0.319580 -6.344171 2.013054 -15.433417 200943591506.000000
0.058105 -0.921143 -0.317871 -6.344171 1.464040 -15.494418 200943594511.000000
0.069336 -0.928223 -0.320068 -6.649180 0.122003 -15.494418 200943596754.000000
0.066895 -0.930664 -0.317139 -6.527176 0.061002 -15.372415 200943598562.000000
0.072021 -0.934082 -0.317871 -6.771183 0.183005 -15.677423 200943600369.000000
0.072021 -0.931885 -0.317383 -6.710181 0.427012 -15.860428 200943602174.000000
0.075684 -0.932373 -0.319092 -6.832184 0.549015 -15.799427 200943603978.000000
0.078613 -0.937012 -0.321777 -6.893186 0.366010 -15.555420 200943605787.000000
0.082520 -0.941406 -0.329590 -6.954188 0.854023 -15.616422 200943607594.000000
0.078369 -0.941895 -0.331299 -7.076191 1.098030 -15.738425 200943609400.000000
0.075195 -0.942627 -0.323242 -7.259196 1.159031 -15.677423 200943611207.000000
0.076416 -0.935791 -0.327881 -7.381199 1.342036 -15.433417 200943613014.000000
0.082520 -0.939941 -0.321289 -7.381199 1.098030 -15.494418 200943614819.000000
0.078125 -0.936523 -0.317139 -7.686208 1.647044 -15.555420 200943616624.000000
0.076172 -0.937988 -0.320557 -7.564204 1.708046 -15.494418 200943618429.000000
0.079834 -0.937744 -0.322266 -7.808211 1.830049 -15.555420 200943620235.000000
0.070068 -0.940674 -0.312744 -7.564204 1.830049 -15.250412 200943622099.000000
0.072754 -0.943359 -0.318359 -7.747209 2.074056 -15.250412 200943624101.000000
0.068848 -0.940186 -0.315186 -7.686208 2.257061 -15.433417 200943626019.000000
0.074463 -0.943604 -0.312744 -7.991216 2.074056 -15.372415 200943627886.000000
0.076172 -0.940918 -0.318604 -8.052217 1.830049 -15.494418 200943629697.000000
0.076904 -0.939453 -0.318115 -7.991216 2.257061 -15.250412 200943631502.000000
0.077637 -0.941650 -0.321289 -8.113219 2.379064 -15.128408 200943633308.000000
0.077881 -0.943359 -0.323486 -8.174221 2.379064 -15.189410 200943635111.000000
0.081543 -0.951416 -0.325684 -8.296224 2.562069 -15.067407 200943636917.000000
0.087158 -0.955322 -0.324463 -8.479229 2.562069 -14.884402 200943638722.000000
0.086426 -0.953857 -0.320068 -8.479229 2.867077 -14.945404 200943640524.000000
0.089111 -0.955078 -0.321289 -8.540231 2.867077 -14.945404 200943642328.000000
0.090820 -0.958252 -0.321777 -8.784237 3.599097 -14.823400 200943644132.000000
0.093018 -0.963135 -0.328857 -8.845239 3.904105 -14.762399 200943645935.000000
0.101074 -0.964111 -0.329346 -8.662234 4.331117 -14.579394 200943647742.000000
0.100342 -0.964600 -0.329590 -9.150247 4.453120 -14.457390 200943649546.000000
0.102051 -0.962891 -0.326904 -8.906240 4.941133 -14.274385 200943651351.000000
0.099854 -0.961914 -0.326904 -8.906240 5.063137 -14.152382 200943653163.000000
0.100830 -0.963867 -0.327881 -8.967242 5.368145 -14.152382 200943654970.000000
0.099609 -0.965332 -0.330566 -9.028244 5.612152 -14.091380 200943656775.000000
0.101807 -0.962646 -0.327637 -9.211249 5.978161 -14.030379 200943658578.000000
0.104004 -0.960449 -0.332031 -8.967242 6.466175 -13.847374 200943660382.000000
0.099854 -0.958984 -0.337402 -9.089245 6.466175 -13.664369 200943662186.000000
0.104492 -0.959961 -0.339111 -9.150247 6.405173 -13.603367 200943663990.000000
0.104736 -0.955566 -0.336670 -9.150247 6.832184 -13.664369 200943665798.000000
0.106445 -0.948975 -0.339600 -8.906240 6.466175 -13.420362 200943667602.000000
0.103760 -0.947021 -0.346436 -8.845239 6.893186 -13.420362 200943669405.000000
0.106689 -0.949707 -0.345459 -8.723236 6.893186 -13.542366 200943671207.000000
0.105713 -0.944580 -0.348145 -8.601232 6.466175 -13.481364 200943673012.000000
0.102051 -0.940430 -0.350098 -8.601232 6.588178 -13.359361 200943674816.000000
0.099854 -0.940186 -0.344727 -8.540231 6.771183 -13.176356 200943676622.000000
0.096191 -0.938232 -0.345215 -8.174221 6.161166 -13.420362 200943678425.000000
0.093262 -0.935059 -0.344482 -8.235222 5.978161 -13.420362 200943680230.000000
0.092041 -0.932373 -0.346436 -8.174221 5.978161 -12.993351 200943682033.000000
0.089844 -0.935059 -0.344727 -7.991216 5.734155 -13.115354 200943683837.000000
0.088379 -0.933594 -0.350586 -7.991216 5.673153 -13.115354 200943685640.000000
0.088867 -0.935303 -0.346191 -7.686208 5.734155 -12.749344 200943687445.000000
0.090332 -0.930176 -0.349365 -7.930214 5.734155 -12.749344 200943689249.000000
0.096436 -0.932861 -0.354004 -7.564204 6.100165 -12.566339 200943691053.000000
0.096924 -0.937256 -0.352051 -7.564204 5.612152 -12.139328 200943692861.000000
0.103516 -0.933594 -0.351318 -7.320198 5.917160 -12.017324 200943694665.000000
0.106934 -0.933594 -0.353027 -7.076191 5.734155 -11.834320 200943696470.000000
0.110596 -0.937256 -0.350098 -7.137193 5.856158 -11.651315 200943698273.000000
0.111816 -0.932617 -0.351807 -7.076191 5.978161 -11.834320 200943700076.000000
0.114746 -0.939209 -0.350830 -6.954188 5.917160 -11.529311 200943701879.000000
0.114746 -0.935303 -0.345703 -6.954188 6.039163 -11.407308 200943703688.000000
0.115967 -0.938477 -0.345947 -6.649180 6.222168 -11.407308 200943705492.000000
0.118896 -0.940674 -0.342773 -6.405173 6.283170 -11.285305 200943707296.000000
0.119141 -0.937744 -0.350098 -6.344171 6.283170 -11.285305 200943709100.000000
0.115234 -0.939697 -0.346436 -6.222168 6.283170 -11.102300 200943710902.000000
0.112549 -0.942627 -0.344238 -6.222168 6.649180 -11.224303 200943712709.000000
0.111328 -0.942627 -0.345947 -6.161166 6.527176 -10.980296 200943714516.000000
0.114258 -0.941895 -0.346680 -5.978161 6.954188 -10.858293 200943716321.000000
0.114502 -0.943115 -0.347656 -5.856158 7.015189 -10.736290 200943718125.000000
0.117676 -0.939209 -0.338623 -5.856158 7.015189 -10.797292 200943719929.000000
0.114258 -0.940186 -0.337646 -5.795156 7.137193 -10.492283 200943721733.000000
0.118164 -0.933838 -0.347900 -5.490148 7.015189 -10.370280 200943723539.000000
0.113525 -0.936279 -0.345947 -5.673153 7.381199 -10.553285 200943725343.000000
0.117676 -0.938965 -0.339844 -5.673153 7.259196 -10.492283 200943727148.000000
0.118652 -0.935547 -0.341797 -5.307143 7.381199 -10.248277 200943728951.000000
0.117920 -0.935791 -0.346191 -5.307143 7.625206 -10.065272 200943730754.000000
0.113037 -0.933350 -0.340820 -5.063137 7.747209 -9.943268 200943732563.000000
0.114746 -0.933594 -0.347656 -5.063137 7.625206 -9.882267 200943734368.000000
0.115967 -0.935791 -0.344971 -5.002135 8.235222 -9.760264 200943736171.000000
0.116211 -0.934082 -0.347412 -4.758128 8.357226 -9.577259 200943737978.000000
0.112793 -0.937256 -0.351563 -4.880132 8.296224 -9.760264 200943739785.000000
0.122314 -0.932861 -0.354980 -4.575124 8.540231 -9.394254 200943741590.000000
0.119873 -0.930420 -0.349365 -4.514122 8.296224 -9.455255 200943743398.000000
0.112549 -0.933594 -0.347168 -4.575124 8.357226 -9.333252 200943745202.000000
0.120605 -0.932861 -0.346191 -4.392119 8.845239 -9.150247 200943747008.000000
0.117188 -0.935791 -0.347900 -4.331117 8.601232 -8.906240 200943748811.000000
0.117920 -0.939209 -0.345215 -4.270115 8.296224 -8.723236 200943750614.000000
0.116943 -0.940918 -0.343506 -4.148112 8.540231 -8.967242 200943752423.000000
0.119629 -0.941162 -0.342285 -3.843104 8.235222 -8.784237 200943754227.000000
0.120605 -0.940674 -0.338135 -4.026109 8.235222 -8.784237 200943756031.000000
0.123779 -0.941406 -0.340820 -3.782102 8.357226 -8.540231 200943757834.000000
0.126221 -0.944824 -0.343506 -3.538096 8.479229 -8.601232 200943759634.000000
0.127930 -0.944092 -0.339111 -3.233087 8.296224 -8.784237 200943761434.000000
0.132324 -0.941650 -0.338623 -3.233087 8.296224 -8.113219 200943763237.000000
0.131348 -0.943604 -0.343506 -3.111084 7.991216 -8.174221 200943765037.000000
0.138916 -0.937988 -0.345703 -3.172086 7.808211 -8.235222 200943766839.000000
0.139648 -0.938965 -0.341553 -2.623071 8.052217 -7.991216 200943768645.000000
0.137207 -0.939697 -0.342529 -2.562069 7.808211 -8.052217 200943770449.000000
0.141846 -0.937500 -0.336182 -2.562069 7.564204 -7.869212 200943772253.000000
0.143066 -0.938232 -0.340332 -2.318063 7.381199 -8.052217 200943774064.000000
0.141113 -0.940430 -0.341553 -2.196059 7.320198 -8.052217 200943775868.000000
0.140869 -0.937988 -0.344971 -1.952053 7.259196 -7.747209 200943777674.000000
0.136475 -0.938477 -0.342041 -1.708046 7.076191 -8.235222 200943779478.000000
0.132080 -0.941895 -0.337891 -1.525041 6.771183 -8.296224 200943781281.000000
0.132568 -0.940186 -0.343018 -1.403038 6.344171 -8.052217 200943783084.000000
0.133057 -0.934570 -0.338867 -1.281035 5.978161 -8.174221 200943784888.000000
0.124756 -0.931641 -0.340576 -1.098030 5.795156 -8.235222 200943786693.000000
0.122803 -0.930664 -0.339355 -0.732020 5.429147 -8.540231 200943788496.000000
0.118408 -0.932373 -0.343750 -0.610016 5.124138 -8.357226 200943790300.000000
0.112793 -0.930420 -0.347168 -0.549015 4.636125 -8.357226 200943792103.000000
0.109131 -0.926758 -0.349609 -0.427012 4.270115 -8.296224 200943793909.000000
0.108154 -0.926758 -0.347656 -0.122003 4.209114 -8.235222 200943795715.000000
0.106445 -0.931885 -0.347656 -0.061002 3.904105 -8.418227 200943797520.000000
0.105469 -0.933350 -0.350830 -0.122003 3.416092 -7.991216 200943799324.000000
0.109863 -0.929443 -0.350830 0.061002 3.294089 -8.052217 200943801128.000000
0.110596 -0.934082 -0.353760 0.244007 3.233087 -8.113219 200943802933.000000
0.114502 -0.929688 -0.349365 0.366010 3.111084 -8.052217 200943804737.000000
0.118652 -0.929199 -0.354736 0.427012 2.928079 -7.991216 200943806546.000000
0.121826 -0.928711 -0.354248 0.488013 3.172086 -8.174221 200943808349.000000
0.124268 -0.930420 -0.354980 0.854023 3.599097 -7.808211 200943810152.000000
0.125488 -0.931152 -0.353271 1.037028 3.416092 -7.686208 200943811955.000000
0.129639 -0.936768 -0.350830 1.159031 3.538096 -7.503203 200943813758.000000
0.127930 -0.936279 -0.353027 1.220033 3.477094 -7.381199 200943815563.000000
0.132324 -0.935303 -0.357910 1.586043 3.843104 -7.381199 200943817368.000000
0.134277 -0.939697 -0.347900 1.830049 3.965107 -7.015189 200943819171.000000
0.129395 -0.939209 -0.344727 1.830049 4.331117 -7.198194 200943820974.000000
0.134521 -0.943359 -0.354492 2.074056 4.575124 -7.076191 200943822777.000000
0.130127 -0.944824 -0.347900 2.379064 4.514122 -6.771183 200943824580.000000
0.129639 -0.942871 -0.348145 2.623071 4.575124 -6.649180 200943826384.000000
0.135986 -0.947998 -0.353271 2.745074 4.819130 -6.710181 200943828189.000000
0.136230 -0.941650 -0.354980 3.111084 4.819130 -6.527176 200943829994.000000
0.139160 -0.944580 -0.360107 3.111084 4.941133 -6.405173 200943831803.000000
0.134521 -0.942871 -0.352783 3.111084 4.880132 -6.466175 200943833606.000000
0.137451 -0.939453 -0.346436 3.477094 4.880132 -6.283170 200943835409.000000
0.137451 -0.944336 -0.354980 3.843104 5.002135 -6.344171 200943837214.000000
0.136719 -0.941406 -0.362305 3.965107 5.063137 -6.100165 200943839020.000000
0.135498 -0.937256 -0.360840 4.148112 4.880132 -5.856158 200943840822.000000
0.134766 -0.939941 -0.352783 4.392119 4.697127 -5.734155 200943842626.000000
0.133545 -0.935547 -0.350830 4.453120 4.941133 -5.917160 200943844430.000000
0.128174 -0.932373 -0.359131 4.758128 4.636125 -5.795156 200943846234.000000
0.129639 -0.933350 -0.355225 5.002135 4.575124 -5.856158 200943848053.000000
0.124512 -0.927002 -0.356934 5.063137 4.819130 -5.917160 200943849857.000000
0.124756 -0.926758 -0.363281 5.551150 4.453120 -5.673153 200943851661.000000
0.122314 -0.927979 -0.353271 5.795156 4.270115 -6.039163 200943853464.000000
0.119141 -0.924072 -0.358154 5.856158 4.331117 -5.795156 200943855267.000000
0.118896 -0.922852 -0.362549 6.161166 4.392119 -5.307143 200943857071.000000
0.118408 -0.920410 -0.364258 6.161166 4.453120 -5.185140 200943858874.000000
0.113281 -0.919189 -0.361328 6.161166 4.758128 -5.551150 200943860680.000000
0.113281 -0.918457 -0.354736 6.405173 4.087110 -5.368145 200943862484.000000
0.114258 -0.918945 -0.358887 6.649180 4.453120 -5.246142 200943864287.000000
0.118408 -0.915527 -0.357910 6.954188 4.392119 -5.307143 200943866089.000000
0.119141 -0.915527 -0.361084 7.137193 4.575124 -5.063137 200943867893.000000
0.119141 -0.915771 -0.358887 7.503203 4.575124 -4.880132 200943869697.000000
0.122559 -0.912842 -0.362549 7.625206 4.758128 -4.880132 200943871503.000000
0.121094 -0.917236 -0.360840 7.564204 4.697127 -4.941133 200943873306.000000
0.124756 -0.917236 -0.352295 7.808211 4.941133 -4.392119 200943875109.000000
0.124268 -0.918945 -0.360352 8.174221 5.185140 -4.209114 200943876913.000000
0.130371 -0.915283 -0.354004 8.357226 5.185140 -4.514122 200943878716.000000
0.129395 -0.919922 -0.351807 8.540231 5.307143 -4.148112 200943880520.000000
0.132080 -0.921631 -0.353027 8.845239 5.185140 -3.782102 200943882324.000000
0.132813 -0.923584 -0.352295 9.028244 5.795156 -3.721100 200943884130.000000
0.136719 -0.932373 -0.349854 9.455255 5.856158 -3.477094 200943885933.000000
0.140381 -0.932129 -0.352783 9.577259 6.039163 -3.416092 200943887738.000000
0.138916 -0.932617 -0.341064 9.882267 6.649180 -3.050082 200943889544.000000
0.142578 -0.934570 -0.344482 9.943268 6.771183 -2.867077 200943891347.000000
0.147705 -0.936768 -0.351318 10.065272 7.015189 -2.684072 200943893151.000000
0.147461 -0.938721 -0.349609 10.370280 7.564204 -2.745074 200943894954.000000
0.145264 -0.933594 -0.350098 10.675288 7.869212 -2.440066 200943896757.000000
0.148193 -0.934570 -0.353271 10.858293 8.479229 -2.379064 200943898560.000000
0.146240 -0.934814 -0.352783 10.980296 8.784237 -2.074056 200943900364.000000
0.144531 -0.932617 -0.357178 11.468310 9.272250 -2.135058 200943902167.000000
0.142334 -0.932129 -0.353027 11.407308 9.882267 -2.013054 200943903970.000000
0.136963 -0.931152 -0.355469 11.834320 10.370280 -2.074056 200943905773.000000
0.135254 -0.929199 -0.354004 12.017324 10.065272 -1.891051 200943907577.000000
0.132080 -0.928467 -0.362793 12.444336 10.248277 -1.464040 200943909381.000000
0.126709 -0.932373 -0.362793 12.383334 10.553285 -1.281035 200943911183.000000
0.122070 -0.933105 -0.369629 12.810346 10.492283 -0.976026 200943912987.000000
0.119141 -0.933594 -0.366699 12.932349 10.675288 -1.098030 200943914791.000000
0.120117 -0.929932 -0.371826 13.237357 10.858293 -0.671018 200943916595.000000
0.118652 -0.928955 -0.369141 13.237357 10.797292 -0.610016 200943918398.000000
0.121582 -0.936279 -0.365723 13.542366 10.675288 -0.671018 200943920202.000000
0.115234 -0.938232 -0.364990 13.359361 10.065272 -0.671018 200943922005.000000
0.118408 -0.937744 -0.360596 13.847374 9.699262 -0.610016 200943923806.000000
0.114258 -0.941162 -0.346924 14.091380 9.455255 -0.488013 200943925613.000000
0.116211 -0.940430 -0.342773 14.030379 8.784237 -0.915025 200943927422.000000
0.112305 -0.942383 -0.339600 14.518392 8.479229 -0.610016 200943929226.000000
0.113281 -0.941162 -0.338623 14.701397 8.235222 -0.488013 200943931029.000000
0.117920 -0.945068 -0.329834 15.006405 7.747209 -0.549015 200943932833.000000
0.128906 -0.945557 -0.331055 15.128408 7.808211 -0.427012 200943934637.000000
0.129395 -0.947021 -0.326416 15.250412 7.686208 -0.610016 200943936441.000000
0.135986 -0.948242 -0.322266 15.677423 7.259196 -0.366010 200943938244.000000
0.142822 -0.949219 -0.330811 15.738425 6.893186 -0.488013 200943940048.000000
0.145508 -0.949463 -0.326904 15.921430 7.015189 -0.305008 200943941852.000000
0.148438 -0.950195 -0.322021 16.287440 7.076191 -0.427012 200943943655.000000
0.153076 -0.949219 -0.326416 16.409443 7.198194 0.183005 200943945462.000000
0.153320 -0.945557 -0.323730 16.592448 7.259196 0.427012 200943947267.000000
0.156250 -0.951416 -0.318604 17.019460 7.320198 0.183005 200943949074.000000
0.161621 -0.947510 -0.318604 17.080461 7.625206 0.366010 200943950880.000000
0.162109 -0.953125 -0.322510 17.263466 7.869212 0.610016 200943952685.000000
0.161865 -0.948242 -0.322266 17.751479 7.991216 0.915025 200943954487.000000
0.158447 -0.952393 -0.320557 17.934484 8.418227 1.220033 200943956294.000000
0.165771 -0.954102 -0.317627 18.117489 8.601232 1.342036 200943958098.000000
0.159912 -0.950928 -0.321533 18.605502 8.967242 1.647044 200943959902.000000
0.163330 -0.954590 -0.324463 19.032514 8.906240 1.769048 200943961705.000000
0.159424 -0.956055 -0.320313 18.971512 9.089245 1.647044 200943963508.000000
0.156006 -0.958008 -0.323242 19.276520 9.211249 2.013054 200943965312.000000
0.154785 -0.955322 -0.316406 19.398524 8.784237 2.013054 200943967116.000000
0.151611 -0.960693 -0.329834 19.520527 8.967242 2.501068 200943968915.000000
0.149414 -0.955811 -0.321533 20.191545 9.333252 2.440066 200943970715.000000
0.142090 -0.957520 -0.329834 20.374550 9.028244 2.379064 200943972515.000000
0.138184 -0.960449 -0.332520 20.435552 8.967242 2.867077 200943974313.000000
0.138184 -0.959473 -0.326416 20.679558 8.723236 2.806076 200943976112.000000
0.139648 -0.964355 -0.325439 20.801562 8.601232 2.623071 200943977917.000000
0.136230 -0.960693 -0.323242 21.045568 8.357226 2.806076 200943979723.000000
0.133545 -0.961914 -0.325928 21.289575 8.174221 2.684072 200943981526.000000
0.133057 -0.961914 -0.325439 21.533581 7.930214 2.623071 200943983330.000000
0.131104 -0.965576 -0.322021 21.594583 7.930214 2.684072 200943985133.000000
0.133057 -0.962646 -0.320557 21.899591 7.381199 2.684072 200943986938.000000
0.127930 -0.967041 -0.314453 22.204600 7.381199 2.867077 200943988741.000000
0.124268 -0.965820 -0.321289 22.143598 7.137193 2.623071 200943990544.000000
0.125244 -0.965332 -0.316650 22.387604 7.137193 2.257061 200943992347.000000
0.122070 -0.965820 -0.315186 22.570609 7.015189 2.745074 200943994150.000000
0.117920 -0.962891 -0.313232 22.631611 6.466175 2.562069 200943995953.000000
0.118408 -0.963623 -0.312744 22.936619 6.466175 2.501068 200943997759.000000
0.121826 -0.958496 -0.323730 22.997621 6.527176 2.684072 200943999564.000000
0.120117 -0.962646 -0.315674 23.119624 6.527176 2.501068 200944001368.000000
0.118652 -0.959229 -0.318115 23.363631 6.283170 2.440066 200944003172.000000
0.122070 -0.955566 -0.310059 23.485634 6.161166 2.562069 200944004976.000000
0.124268 -0.957275 -0.312012 23.729641 6.161166 2.440066 200944006781.000000
0.117676 -0.959961 -0.314697 23.790642 6.344171 2.257061 200944008587.000000
0.119629 -0.955078 -0.315674 24.034649 6.039163 2.440066 200944010391.000000
0.117188 -0.956055 -0.310059 24.156652 5.978161 2.196059 200944012195.000000
0.115967 -0.956299 -0.308838 24.278656 6.527176 1.952053 200944013999.000000
0.114014 -0.953369 -0.307617 24.400659 6.100165 2.074056 200944015802.000000
0.115967 -0.950195 -0.309326 24.583664 6.222168 2.379064 200944017607.000000
0.111816 -0.950684 -0.307617 24.400659 6.344171 2.257061 200944019411.000000
0.109131 -0.956055 -0.302490 24.644665 6.527176 2.440066 200944021215.000000
0.112305 -0.957275 -0.301514 24.949674 6.954188 2.135058 200944023019.000000
0.113037 -0.958008 -0.300049 24.949674 6.954188 2.257061 200944024822.000000
0.117432 -0.954346 -0.302246 24.949674 7.015189 2.196059 200944026627.000000
0.121582 -0.960205 -0.291748 25.132679 7.320198 2.684072 200944028431.000000
0.122559 -0.959473 -0.291992 25.071677 7.381199 2.440066 200944030235.000000
0.129639 -0.958496 -0.294189 25.071677 7.686208 2.562069 200944032038.000000
0.131104 -0.968262 -0.291016 25.254682 7.869212 2.501068 200944033848.000000
0.138184 -0.964600 -0.286377 25.193680 8.235222 2.318063 200944035656.000000
0.137451 -0.968506 -0.288086 25.315684 8.235222 2.562069 200944037461.000000
0.138428 -0.963623 -0.285889 25.437687 8.113219 2.684072 200944039268.000000
0.145752 -0.965088 -0.283691 25.071677 8.540231 2.623071 200944041073.000000
0.142578 -0.964600 -0.282715 25.498688 8.418227 2.562069 200944042877.000000
0.140869 -0.973877 -0.274658 25.437687 8.235222 2.684072 200944044682.000000
0.141602 -0.970703 -0.272949 25.559690 8.174221 2.684072 200944046486.000000
0.137451 -0.971680 -0.273438 25.559690 8.113219 2.318063 200944048290.000000
0.134521 -0.970947 -0.265381 25.803697 8.174221 2.562069 200944050094.000000
0.135254 -0.966797 -0.261963 25.620692 7.747209 2.684072 200944051898.000000
0.132324 -0.971924 -0.262207 25.559690 7.503203 2.501068 200944053702.000000
0.131348 -0.964600 -0.257568 25.498688 7.076191 2.501068 200944055505.000000
0.127930 -0.964844 -0.254639 25.742695 6.954188 2.501068 200944057310.000000
0.132080 -0.968018 -0.261719 25.559690 6.527176 2.684072 200944059114.000000
0.127441 -0.966064 -0.254150 25.315684 6.466175 2.318063 200944060918.000000
0.128906 -0.961914 -0.261230 25.437687 5.856158 2.562069 200944062721.000000
0.130371 -0.958008 -0.251953 25.498688 5.551150 2.379064 200944064524.000000
0.131592 -0.954590 -0.248779 25.437687 5.429147 2.196059 200944066328.000000
0.132813 -0.961182 -0.250244 25.193680 5.307143 2.440066 200944068133.000000
0.132324 -0.958008 -0.244629 25.132679 5.124138 2.196059 200944069936.000000
0.135986 -0.958496 -0.251221 25.254682 4.636125 2.135058 200944071740.000000
0.135986 -0.958496 -0.249512 25.193680 4.758128 2.501068 200944073543.000000
0.135254 -0.957764 -0.252197 25.132679 5.124138 2.257061 200944075348.000000
0.136963 -0.958252 -0.245117 25.315684 5.124138 2.074056 200944077152.000000
0.139893 -0.955078 -0.243652 25.010675 4.880132 2.196059 200944078969.000000
0.139648 -0.958252 -0.245850 25.193680 4.880132 2.196059 200944080786.000000
0.138672 -0.958496 -0.246094 25.010675 5.368145 2.318063 200944082591.000000
0.138184 -0.962158 -0.242920 25.132679 5.551150 2.257061 200944084395.000000
0.136475 -0.961914 -0.246338 25.071677 5.368145 2.135058 200944086198.000000
0.137939 -0.962646 -0.240479 25.010675 5.551150 2.562069 200944088004.000000
0.131592 -0.959229 -0.243896 25.010675 5.429147 2.379064 200944089808.000000
0.130615 -0.961182 -0.243896 25.010675 5.734155 2.379064 200944091611.000000
0.126709 -0.965820 -0.248291 24.949674 5.368145 2.623071 200944093414.000000
0.128906 -0.966797 -0.242920 24.827670 5.307143 2.135058 200944095218.000000
0.124268 -0.974609 -0.241943 24.949674 5.673153 2.196059 200944097023.000000
0.121338 -0.968018 -0.238281 24.888672 5.612152 2.196059 200944098826.000000
0.121826 -0.968750 -0.240967 24.888672 5.795156 2.013054 200944100629.000000
0.120850 -0.971436 -0.237793 24.705667 5.673153 2.074056 200944102437.000000
0.119385 -0.970703 -0.239746 24.583664 5.673153 2.196059 200944104240.000000
0.119873 -0.973877 -0.236572 24.644665 5.612152 2.013054 200944106043.000000
0.118408 -0.967773 -0.243896 24.766669 5.368145 2.074056 200944107848.000000
0.120605 -0.971924 -0.242676 24.522662 5.856158 1.830049 200944109652.000000
0.118408 -0.970947 -0.242188 24.522662 5.551150 2.135058 200944111454.000000
0.117920 -0.968262 -0.246582 24.522662 5.734155 2.013054 200944113258.000000
0.119873 -0.974121 -0.242920 24.522662 5.856158 2.074056 200944115060.000000
0.122070 -0.971436 -0.238037 24.278656 5.978161 1.891051 200944116865.000000
0.118164 -0.975342 -0.239990 24.156652 5.795156 1.708046 200944118668.000000
0.122803 -0.972900 -0.235352 23.973647 6.039163 2.013054 200944120472.000000
0.127686 -0.973389 -0.234863 24.095651 5.734155 2.135058 200944122275.000000
0.125977 -0.972900 -0.239502 24.156652 5.429147 2.135058 200944124077.000000
0.126709 -0.976807 -0.231689 24.156652 5.368145 2.013054 200944125884.000000
0.126465 -0.978027 -0.229492 23.790642 5.063137 1.952053 200944127689.000000
0.129883 -0.976807 -0.226318 23.668639 5.368145 2.074056 200944129492.000000
0.125488 -0.976807 -0.227783 23.973647 5.063137 1.952053 200944131295.000000
0.126953 -0.980225 -0.224854 23.668639 4.941133 1.952053 200944133098.000000
0.128906 -0.971924 -0.222168 23.302629 4.941133 1.891051 200944134900.000000
0.133057 -0.976563 -0.222656 23.241628 5.246142 1.891051 200944136704.000000
0.135498 -0.976563 -0.223389 23.241628 5.246142 2.013054 200944138508.000000
0.135742 -0.973389 -0.219727 23.058623 5.307143 2.318063 200944140312.000000
0.138916 -0.971924 -0.215332 22.936619 5.673153 2.074056 200944142115.000000
0.138916 -0.967773 -0.218750 22.875618 6.100165 2.196059 200944143919.000000
0.138428 -0.965820 -0.212646 22.692613 6.100165 2.135058 200944145723.000000
0.143311 -0.966797 -0.212891 22.570609 6.100165 2.440066 200944147527.000000
0.141602 -0.969482 -0.207031 22.387604 6.222168 2.684072 200944149330.000000
0.140381 -0.966064 -0.206543 22.265601 6.527176 2.501068 200944151133.000000
0.145752 -0.964600 -0.198975 22.021595 6.771183 2.440066 200944152937.000000
0.140625 -0.965820 -0.180176 21.594583 6.588178 2.745074 200944154741.000000
0.141357 -0.961182 -0.212646 21.655585 7.625206 2.745074 200944156544.000000
0.142090 -0.967773 -0.209473 21.838590 8.052217 2.867077 200944158347.000000
0.137695 -0.968262 -0.194336 21.350576 8.052217 2.806076 200944160150.000000
0.143311 -0.968262 -0.190186 21.167572 7.808211 2.867077 200944161953.000000
0.137451 -0.961670 -0.200928 21.228573 7.930214 2.989081 200944163754.000000
0.133789 -0.955811 -0.201904 21.045568 8.052217 3.050082 200944165560.000000
0.128662 -0.954346 -0.202637 20.740560 8.174221 3.172086 200944167363.000000
0.126465 -0.956787 -0.188477 20.374550 7.808211 3.050082 200944169165.000000
0.114014 -0.954834 -0.187012 20.008540 7.015189 2.745074 200944170968.000000
0.107666 -0.955078 -0.185303 20.191545 6.710181 2.745074 200944172773.000000
0.104492 -0.954590 -0.177246 19.825535 5.978161 2.562069 200944174577.000000
0.101074 -0.958740 -0.177246 19.398524 5.185140 2.562069 200944176380.000000
0.100098 -0.959717 -0.176270 19.093516 4.636125 2.562069 200944178180.000000
0.094971 -0.954102 -0.166992 18.788507 3.477094 2.257061 200944179981.000000
0.098389 -0.952881 -0.168213 18.361496 2.928079 1.769048 200944181780.000000
0.094971 -0.958252 -0.163086 17.995486 2.623071 1.830049 200944183580.000000
0.097168 -0.961670 -0.162598 17.385469 1.708046 1.586043 200944185382.000000
0.100098 -0.959229 -0.164795 16.897456 1.281035 1.525041 200944187218.000000
0.102539 -0.958252 -0.156494 16.653450 0.915025 1.220033 200944189026.000000
0.105225 -0.955566 -0.158203 16.409443 0.488013 1.159031 200944190829.000000
0.113770 -0.959229 -0.153809 15.799427 0.244007 0.366010 200944192629.000000
0.115234 -0.961182 -0.148193 15.128408 0.183005 0.488013 200944194431.000000
0.119873 -0.958984 -0.147461 15.067407 -0.122003 0.610016 200944196230.000000
0.123535 -0.957764 -0.148193 14.518392 -0.244007 0.427012 200944198048.000000
0.126221 -0.961426 -0.143066 13.725371 -0.061002 0.488013 200944199849.000000
0.132813 -0.959717 -0.142578 13.603367 0.244007 0.366010 200944201648.000000
0.129150 -0.959229 -0.144287 12.932349 0.366010 0.122003 200944203448.000000
0.133789 -0.959473 -0.139648 12.505338 0.366010 0.122003 200944205248.000000
0.133301 -0.963135 -0.144287 12.261331 1.098030 0.366010 200944207050.000000
0.138672 -0.959473 -0.137451 11.529311 0.976026 0.488013 200944208850.000000
0.135742 -0.959961 -0.133789 11.102300 1.220033 0.305008 200944210649.000000
0.139893 -0.963379 -0.143311 10.797292 1.525041 0.671018 200944212451.000000
0.139160 -0.962402 -0.142334 10.309278 2.196059 0.488013 200944214250.000000
0.140381 -0.960449 -0.139160 10.004270 2.379064 0.793021 200944216051.000000
0.139648 -0.961670 -0.135742 9.577259 2.318063 0.793021 200944217852.000000
0.140137 -0.961914 -0.135498 9.394254 3.050082 0.976026 200944219652.000000
0.141602 -0.958252 -0.139160 8.662234 3.111084 0.854023 200944221453.000000
0.141357 -0.959229 -0.140381 8.357226 3.782102 0.549015 200944223882.000000
0.139404 -0.960205 -0.143311 7.930214 3.721100 0.915025 200944225703.000000
0.138916 -0.958740 -0.139648 7.564204 4.270115 1.342036 200944227507.000000
0.136719 -0.959717 -0.142090 7.137193 4.209114 1.281035 200944229315.000000
0.138916 -0.963379 -0.144531 6.710181 4.575124 1.281035 200944231124.000000
0.136963 -0.965088 -0.145752 6.466175 4.453120 1.220033 200944232929.000000
0.135986 -0.967041 -0.148193 6.161166 4.331117 1.342036 200944234733.000000
0.138184 -0.969238 -0.154297 5.856158 4.331117 1.220033 200944236541.000000
0.135254 -0.965576 -0.151855 5.673153 4.453120 1.403038 200944238344.000000
0.133057 -0.967773 -0.154297 5.124138 4.575124 1.464040 200944240146.000000
0.134033 -0.965576 -0.152100 4.697127 4.331117 1.403038 200944241950.000000
0.126953 -0.968262 -0.157715 4.514122 4.087110 1.342036 200944243753.000000
0.126465 -0.964355 -0.171631 4.392119 3.965107 1.403038 200944245563.000000
0.122803 -0.969971 -0.161377 3.965107 3.538096 1.647044 200944247371.000000
0.122314 -0.967285 -0.158447 3.965107 3.538096 1.525041 200944249178.000000
0.123535 -0.965576 -0.164307 3.477094 3.111084 1.342036 200944250981.000000
0.123291 -0.968750 -0.168213 3.660099 2.684072 1.464040 200944252785.000000
0.124268 -0.968994 -0.167480 3.477094 2.684072 1.525041 200944254589.000000
