0.135254 -0.995605 0.161621 3.294089 -3.843104 0.366010 193343074685.000000
0.136719 -0.995605 0.160156 3.416092 -3.843104 -0.061002 193343077612.000000
0.134033 -0.998779 0.160645 3.294089 -3.782102 0.122003 193343080529.000000
0.130859 -0.992188 0.161377 3.416092 -3.721100 0.061002 193343083444.000000
0.132568 -0.994629 0.159668 3.233087 -3.477094 0.061002 193343086366.000000
0.135498 -0.998535 0.164307 3.416092 -3.660099 0.122003 193343089286.000000
0.132324 -0.998291 0.158691 3.050082 -3.416092 0.122003 193343092205.000000
0.134277 -1.003662 0.164551 3.538096 -3.355091 0.061002 193343095117.000000
0.135254 -0.998779 0.164063 3.172086 -3.233087 0.122003 193343098025.000000
0.135742 -1.000488 0.160889 3.111084 -3.111084 0.000000 193343100938.000000
0.140137 -1.002197 0.159180 3.050082 -3.050082 0.244007 193343103845.000000
0.133789 -1.002441 0.156006 3.233087 -2.989081 0.305008 193343106754.000000
0.132568 -1.000244 0.161621 3.111084 -2.745074 0.183005 193343109661.000000
0.136719 -1.000488 0.156006 2.867077 -2.501068 0.122003 193343112567.000000
0.136719 -1.003906 0.157471 3.294089 -2.806076 0.122003 193343115472.000000
0.134277 -1.002197 0.157715 2.867077 -2.440066 0.244007 193343118394.000000
0.134766 -1.005859 0.157715 2.806076 -2.562069 0.305008 193343121304.000000
0.133789 -1.003906 0.155762 2.867077 -2.501068 0.244007 193343124212.000000
0.137207 -1.006104 0.154297 2.562069 -2.684072 0.122003 193343127134.000000
0.131104 -1.010254 0.158203 2.745074 -2.501068 0.000000 193343130046.000000
0.135986 -1.006836 0.151611 2.745074 -2.501068 -0.122003 193343132954.000000
0.135254 -1.006592 0.159668 2.684072 -2.623071 0.061002 193343135866.000000
0.132568 -1.009277 0.161621 2.684072 -2.684072 -0.122003 193343138781.000000
0.130615 -1.006104 0.154541 2.501068 -2.684072 0.000000 193343141696.000000
0.130615 -1.010986 0.156250 2.440066 -2.623071 -0.061002 193343144611.000000
0.134033 -1.012451 0.154297 2.501068 -2.745074 -0.122003 193343147536.000000
0.135254 -1.014404 0.154053 2.074056 -2.745074 0.061002 193343150451.000000
0.134033 -1.017334 0.150146 2.135058 -2.989081 -0.183005 193343153366.000000
0.133545 -1.012207 0.156982 2.074056 -2.928079 -0.122003 193343156286.000000
0.131592 -1.011475 0.161133 2.013054 -2.806076 -0.183005 193343159204.000000
0.132080 -1.016846 0.154053 2.196059 -3.111084 -0.488013 193343162119.000000
0.132324 -1.014404 0.162109 1.586043 -3.294089 -0.183005 193343165038.000000
0.130859 -1.013428 0.161865 1.830049 -3.111084 -0.122003 193343167963.000000
0.131104 -1.012695 0.152344 2.013054 -3.416092 0.000000 193343170880.000000
0.132813 -1.009277 0.157959 1.830049 -3.294089 -0.061002 193343173794.000000
0.132568 -1.014648 0.157715 1.891051 -3.721100 0.000000 193343176715.000000
0.129150 -1.014648 0.158936 1.647044 -3.660099 -0.122003 193343179632.000000
0.135254 -1.014160 0.159180 1.769048 -3.721100 0.061002 193343182546.000000
0.129883 -1.013672 0.173828 1.708046 -3.904105 0.305008 193343185459.000000
0.132813 -1.010742 0.167725 1.525041 -3.843104 0.000000 193343188382.000000
0.133057 -1.010986 0.165527 1.830049 -3.965107 0.366010 193343191327.000000
0.132324 -1.007080 0.169678 1.525041 -4.087110 0.122003 193343194240.000000
0.131104 -1.004150 0.167480 1.647044 -3.660099 0.305008 193343197157.000000
0.133789 -1.005615 0.173340 1.830049 -3.843104 0.000000 193343200066.000000
0.132568 -1.008789 0.167480 1.647044 -4.270115 -0.061002 193343202974.000000
0.134277 -1.005371 0.168701 1.525041 -3.904105 0.244007 193343205882.000000
0.139404 -1.001465 0.170898 1.525041 -3.904105 0.183005 193343208788.000000
0.137207 -1.002441 0.166992 1.281035 -3.538096 0.122003 193343211694.000000
0.138672 -0.998779 0.167969 1.403038 -3.599097 0.244007 193343214601.000000
0.135254 -1.000000 0.169434 1.220033 -3.172086 -0.122003 193343217510.000000
0.139160 -0.997803 0.165283 1.403038 -3.233087 0.061002 193343220418.000000
0.132324 -1.003174 0.172119 1.281035 -3.172086 0.122003 193343223326.000000
0.134033 -0.998047 0.163086 0.854023 -2.684072 0.183005 193343226235.000000
0.133545 -0.997559 0.168213 1.037028 -2.684072 0.183005 193343229144.000000
0.134033 -0.998291 0.166504 1.098030 -2.135058 0.183005 193343232051.000000
0.131348 -0.996338 0.165039 0.793021 -2.135058 0.366010 193343234957.000000
0.132813 -0.992676 0.160889 1.098030 -1.891051 0.183005 193343237875.000000
0.134277 -0.994141 0.165527 1.037028 -1.891051 0.427012 193343240791.000000
0.132080 -0.997070 0.158203 0.732020 -2.013054 0.244007 193343243707.000000
0.132080 -0.995850 0.153564 1.098030 -1.830049 0.427012 193343246630.000000
0.129639 -0.996338 0.160156 1.098030 -1.769048 0.366010 193343249548.000000
0.132324 -0.994629 0.156738 1.098030 -1.952053 0.488013 193343252462.000000
0.131348 -0.989746 0.159180 0.915025 -1.769048 0.366010 193343255377.000000
0.129883 -0.993652 0.158203 1.342036 -1.586043 0.122003 193343258302.000000
0.131592 -0.985596 0.158936 1.159031 -1.403038 0.244007 193343261218.000000
0.129639 -0.994873 0.158936 1.464040 -1.342036 0.000000 193343264134.000000
0.127197 -0.993896 0.158936 1.098030 -1.159031 0.122003 193343267053.000000
0.131104 -0.992676 0.158447 1.281035 -1.037028 0.183005 193343269971.000000
0.129639 -0.987549 0.158691 1.281035 -0.976026 0.122003 193343272883.000000
0.128906 -0.993408 0.161133 1.342036 -0.793021 0.122003 193343275800.000000
0.126953 -0.988525 0.154053 1.220033 -0.549015 -0.061002 193343278714.000000
0.126465 -0.991455 0.163574 1.220033 -0.549015 -0.061002 193343281630.000000
0.130371 -0.994873 0.161865 1.098030 -0.061002 -0.183005 193343284545.000000
0.121826 -0.995850 0.157959 1.037028 0.061002 -0.244007 193343287460.000000
0.124512 -0.996826 0.163086 1.098030 0.244007 -0.183005 193343290401.000000
0.119141 -1.003662 0.153809 0.854023 0.549015 -0.366010 193343293323.000000
0.115234 -1.002930 0.162842 0.793021 0.671018 -0.366010 193343296236.000000
0.117676 -1.002686 0.161133 0.976026 0.732020 -0.366010 193343299146.000000
0.111816 -1.000977 0.165039 1.342036 0.793021 -0.183005 193343302053.000000
0.118408 -1.002441 0.161133 0.976026 0.793021 -0.244007 193343304962.000000
0.108643 -0.996582 0.169922 0.976026 0.854023 -0.366010 193343307871.000000
0.106201 -1.001221 0.165771 1.098030 0.671018 -0.244007 193343310780.000000
0.104492 -1.001953 0.162354 1.159031 0.366010 0.000000 193343313686.000000
0.097656 -0.997559 0.165771 1.281035 0.244007 -0.122003 193343316594.000000
0.098877 -0.999023 0.158936 1.403038 -0.061002 0.000000 193343319514.000000
0.096436 -0.995361 0.164063 1.220033 -0.305008 -0.122003 193343322423.000000
0.093506 -0.996094 0.163086 1.464040 -0.732020 0.061002 193343325330.000000
0.091797 -0.998047 0.164795 1.037028 -1.586043 -0.122003 193343328241.000000
0.088623 -0.993652 0.163818 1.220033 -1.830049 -0.122003 193343331150.000000
0.088135 -0.992188 0.163330 0.976026 -2.257061 0.122003 193343334058.000000
0.088623 -0.991211 0.162598 1.342036 -2.806076 -0.183005 193343336973.000000
0.084473 -0.994873 0.166748 1.281035 -3.294089 -0.061002 193343339887.000000
0.086426 -0.992432 0.156250 1.098030 -4.148112 0.000000 193343342801.000000
0.084229 -0.991699 0.164551 1.159031 -4.636125 -0.061002 193343345722.000000
0.088135 -0.996338 0.165771 1.037028 -5.002135 -0.122003 193343348640.000000
0.090332 -0.999268 0.161865 1.403038 -5.673153 -0.183005 193343351569.000000
0.099365 -0.997070 0.165527 1.281035 -5.978161 -0.305008 193343354484.000000
0.100342 -0.995605 0.159424 0.915025 -6.283170 -0.122003 193343357409.000000
0.102295 -1.002686 0.164307 1.098030 -7.259196 0.183005 193343365015.000000
0.105469 -1.001953 0.167480 1.159031 -7.259196 0.061002 193343368181.000000
0.105713 -1.006104 0.162598 0.793021 -7.015189 0.061002 193343371128.000000
0.113770 -1.005615 0.162842 0.610016 -7.381199 0.366010 193343374053.000000
0.114014 -1.003906 0.163330 0.610016 -7.198194 0.305008 193343377144.000000
0.118164 -1.006348 0.160889 0.854023 -7.015189 0.427012 193343380152.000000
0.119141 -1.010254 0.166992 0.671018 -7.015189 0.427012 193343383065.000000
0.121826 -1.008545 0.164795 0.366010 -6.588178 0.427012 193343385986.000000
0.129395 -1.010986 0.165039 0.488013 -6.222168 0.244007 193343388896.000000
0.121338 -1.011475 0.169434 0.610016 -6.100165 0.549015 193343391867.000000
0.126953 -1.010254 0.171875 0.610016 -5.673153 0.000000 193343394800.000000
0.127930 -1.009277 0.169922 0.488013 -5.490148 0.244007 193343397714.000000
0.125000 -1.011475 0.171631 0.427012 -4.941133 0.427012 193343400648.000000
0.129395 -1.011230 0.166504 0.915025 -4.636125 0.183005 193343403576.000000
0.128418 -1.017578 0.168457 0.610016 -4.148112 0.183005 193343406489.000000
0.122559 -1.011963 0.173340 0.793021 -4.209114 0.244007 193343409414.000000
0.124268 -1.014893 0.174316 1.098030 -3.904105 0.305008 193343412322.000000
0.127441 -1.014893 0.177490 0.793021 -3.721100 0.305008 193343415230.000000
0.121826 -1.015381 0.168213 0.976026 -3.294089 0.549015 193343418147.000000
0.119385 -1.013672 0.174072 1.464040 -3.355091 0.366010 193343421059.000000
0.123535 -1.016846 0.178467 1.037028 -2.806076 0.671018 193343423976.000000
0.114746 -1.011963 0.182617 1.098030 -3.172086 0.854023 193343426887.000000
0.112549 -1.014160 0.179688 1.342036 -3.538096 1.159031 193343429797.000000
0.111816 -1.014893 0.182617 1.281035 -3.599097 1.098030 193343432705.000000
0.110352 -1.014648 0.181641 1.342036 -3.477094 1.342036 193343435611.000000
0.109863 -1.012939 0.179199 1.281035 -3.660099 1.403038 193343438599.000000
0.107666 -1.010498 0.189453 1.403038 -4.270115 1.464040 193343441511.000000
0.111816 -1.006348 0.188477 1.403038 -4.392119 1.525041 193343444452.000000
0.107178 -1.011230 0.184570 1.769048 -4.880132 1.891051 193343447364.000000
0.107910 -1.012939 0.189941 1.769048 -4.758128 1.891051 193343450280.000000
0.113770 -1.008545 0.194824 1.708046 -5.307143 1.952053 193343453190.000000
0.107910 -1.007324 0.190430 1.464040 -5.246142 2.196059 193343456106.000000
0.108398 -1.002197 0.193604 1.647044 -5.978161 2.196059 193343459033.000000
0.105225 -1.008545 0.193604 1.769048 -6.405173 2.318063 193343461950.000000
0.108398 -1.006348 0.201904 1.647044 -6.344171 2.074056 193343464866.000000
0.112061 -1.007813 0.197754 1.769048 -6.832184 2.562069 193343467786.000000
0.108887 -1.001953 0.211182 1.647044 -7.320198 2.562069 193343470711.000000
0.114014 -1.004150 0.202148 1.769048 -7.564204 2.440066 193343473627.000000
0.113281 -1.004639 0.205322 1.830049 -7.808211 2.562069 193343476555.000000
0.110352 -1.006348 0.209961 1.830049 -8.418227 2.440066 193343479473.000000
0.113525 -1.011963 0.204590 1.830049 -8.540231 2.623071 193343482422.000000
0.118164 -1.013184 0.208740 1.891051 -9.028244 2.745074 193343485339.000000
0.117188 -1.014648 0.209717 2.257061 -9.272250 3.050082 193343488258.000000
0.118652 -1.018066 0.211182 2.196059 -9.821265 2.928079 193343491420.000000
0.113770 -1.018799 0.208008 2.928079 -10.126273 2.806076 193343494436.000000
0.117432 -1.019775 0.217529 2.562069 -10.370280 3.233087 193343496325.000000
0.118408 -1.020264 0.211914 2.745074 -10.736290 3.233087 193343498130.000000
0.117188 -1.021240 0.210449 3.294089 -10.858293 3.599097 193343499929.000000
0.121582 -1.022705 0.218994 2.989081 -11.224303 3.416092 193343501728.000000
0.121094 -1.020996 0.225830 3.355091 -11.468310 3.538096 193343503532.000000
0.116943 -1.022461 0.220947 3.294089 -12.139328 3.721100 193343505331.000000
0.121094 -1.020264 0.217773 3.721100 -12.505338 3.843104 193343507130.000000
0.122803 -1.016602 0.220459 3.843104 -12.932349 3.782102 193343508930.000000
0.123291 -1.019287 0.216309 3.416092 -13.298359 3.782102 193343510732.000000
0.120605 -1.016846 0.214355 3.782102 -13.359361 4.026109 193343512531.000000
0.120361 -1.020264 0.221436 3.660099 -13.969377 4.087110 193343514380.000000
0.118896 -1.017578 0.216553 3.965107 -14.457390 4.148112 193343516330.000000
0.122559 -1.019775 0.218262 3.965107 -14.701397 4.270115 193343518248.000000
0.119385 -1.018311 0.218994 3.904105 -15.189410 4.331117 193343520140.000000
0.123047 -1.011475 0.215576 3.782102 -15.311413 4.453120 193343521941.000000
0.122559 -1.012695 0.215820 4.209114 -15.738425 4.514122 193343523739.000000
0.125977 -1.010742 0.212402 4.087110 -16.165436 4.758128 193343525538.000000
0.124023 -1.010986 0.220947 4.026109 -16.775453 4.636125 193343527343.000000
0.127686 -1.010498 0.212891 3.782102 -17.324468 4.514122 193343529152.000000
0.129150 -1.007324 0.209961 3.721100 -17.385469 4.575124 193343530951.000000
0.130127 -1.011963 0.217041 3.904105 -17.873483 4.758128 193343532755.000000
0.128906 -1.006348 0.215332 4.087110 -18.239492 4.758128 193343534560.000000
0.136230 -1.005371 0.218018 3.843104 -18.239492 4.880132 193343536433.000000
0.131104 -1.009766 0.216553 4.026109 -18.971512 4.880132 193343538237.000000
0.131836 -1.009766 0.221436 4.148112 -19.154517 5.063137 193343540040.000000
0.136719 -1.008057 0.227295 4.148112 -19.215519 5.002135 193343541843.000000
0.139404 -1.006104 0.216064 4.270115 -19.825535 4.758128 193343543646.000000
0.138428 -1.009766 0.212891 4.392119 -19.581529 5.246142 193343545447.000000
0.140869 -1.007813 0.221436 4.453120 -19.886537 5.002135 193343547253.000000
0.142578 -1.011475 0.222900 4.636125 -20.191545 5.185140 193343549053.000000
0.143311 -1.017334 0.218506 4.575124 -20.191545 5.490148 193343550851.000000
0.144043 -1.012695 0.218018 4.697127 -20.374550 5.124138 193343552648.000000
0.153076 -1.013184 0.211670 5.002135 -20.557555 4.941133 193343554446.000000
0.154053 -1.013184 0.216064 4.697127 -20.740560 5.063137 193343556251.000000
0.162109 -1.011230 0.218018 4.697127 -20.496553 4.575124 193343558054.000000
0.162598 -1.010742 0.219238 5.063137 -20.435552 4.514122 193343559856.000000
0.163086 -1.005127 0.221924 5.002135 -20.801562 4.880132 193343561658.000000
0.159912 -1.000244 0.223389 5.429147 -20.618557 4.880132 193343563464.000000
0.166992 -0.995605 0.216797 5.063137 -20.374550 4.880132 193343565270.000000
0.172607 -0.994141 0.209473 4.941133 -20.191545 4.575124 193343567072.000000
0.173340 -0.992920 0.208496 5.002135 -19.886537 4.697127 193343568870.000000
0.177979 -0.990723 0.215332 5.063137 -20.008540 4.819130 193343570667.000000
0.176758 -0.988281 0.222656 4.880132 -19.642530 4.758128 193343572464.000000
0.181641 -0.989502 0.223633 4.880132 -19.337522 4.819130 193343574265.000000
0.180176 -0.988037 0.219727 4.880132 -18.910511 4.819130 193343576066.000000
0.179443 -0.987793 0.222168 4.758128 -18.544501 5.063137 193343577869.000000
0.180664 -0.985596 0.217773 4.331117 -17.934484 5.185140 193343579671.000000
0.175293 -0.986084 0.216309 4.331117 -17.751479 5.368145 193343581473.000000
0.172852 -0.983398 0.225830 4.453120 -17.324468 5.429147 193343583278.000000
0.173828 -0.991455 0.223389 4.270115 -16.714451 5.429147 193343585079.000000
0.175781 -0.992920 0.217285 4.209114 -16.592448 5.185140 193343586887.000000
0.179932 -0.991455 0.218506 3.721100 -15.982432 5.429147 193343588693.000000
0.175781 -0.993652 0.220703 3.660099 -15.494418 5.551150 193343590504.000000
0.177490 -0.991211 0.218262 3.721100 -15.006405 5.551150 193343592310.000000
0.181641 -0.989258 0.221924 3.599097 -14.457390 5.429147 193343594115.000000
0.182617 -0.990479 0.218750 3.477094 -13.969377 5.612152 193343595918.000000
0.174072 -0.991943 0.218506 3.355091 -13.725371 5.429147 193343597720.000000
0.179199 -0.995117 0.223389 3.233087 -13.115354 5.307143 193343599522.000000
0.176758 -0.991211 0.217041 3.050082 -12.749344 5.246142 193343601323.000000
0.180176 -0.990234 0.218262 2.928079 -12.261331 5.063137 193343603129.000000
0.175049 -0.992920 0.217285 2.989081 -11.651315 5.124138 193343604932.000000
0.179932 -0.990479 0.221191 2.745074 -11.407308 5.307143 193343606733.000000
0.181885 -0.987549 0.217773 2.867077 -10.675288 5.063137 193343608532.000000
0.177002 -0.988525 0.224365 2.745074 -10.431282 5.063137 193343610329.000000
0.179932 -0.993652 0.224609 2.623071 -10.126273 5.063137 193343612127.000000
0.181885 -0.992188 0.228271 2.928079 -9.638260 4.758128 193343613925.000000
0.181152 -0.990967 0.224365 2.745074 -9.333252 5.063137 193343615726.000000
0.179443 -0.990234 0.221924 2.501068 -8.723236 4.880132 193343617528.000000
0.186035 -0.991943 0.224854 2.440066 -8.296224 4.880132 193343619330.000000
0.179443 -0.989014 0.229004 2.562069 -7.991216 4.575124 193343621133.000000
0.180420 -0.993896 0.229980 2.379064 -7.564204 4.575124 193343622940.000000
0.185059 -0.988281 0.226563 2.440066 -7.137193 4.697127 193343624744.000000
0.182129 -0.985107 0.235596 2.257061 -7.015189 4.636125 193343626548.000000
0.177246 -0.987793 0.228271 2.257061 -6.466175 4.575124 193343628346.000000
0.181641 -0.987549 0.235107 2.440066 -6.100165 4.819130 193343630144.000000
0.178467 -0.989014 0.235352 2.257061 -5.673153 4.880132 193343631943.000000
0.175537 -0.987061 0.228760 2.074056 -5.124138 4.819130 193343633745.000000
0.175781 -0.985840 0.239258 2.257061 -4.941133 4.941133 193343635543.000000
0.176025 -0.988770 0.227295 2.379064 -4.819130 4.758128 193343637346.000000
0.177490 -0.987061 0.235107 2.013054 -4.209114 4.819130 193343639149.000000
0.180908 -0.985107 0.235107 2.318063 -3.660099 4.941133 193343640951.000000
0.178955 -0.983398 0.242676 2.013054 -3.416092 5.063137 193343642752.000000
0.178467 -0.982910 0.239502 2.318063 -2.867077 4.880132 193343644560.000000
0.172852 -0.984131 0.231934 2.135058 -2.318063 4.758128 193343646370.000000
0.176514 -0.985840 0.238037 2.379064 -2.013054 4.758128 193343648170.000000
0.174072 -0.985352 0.233643 2.135058 -1.464040 4.758128 193343649975.000000
0.174561 -0.983643 0.238037 2.196059 -1.098030 4.819130 193343651779.000000
0.174805 -0.988037 0.239990 2.135058 -0.671018 4.514122 193343653587.000000
0.173584 -0.988281 0.244873 2.379064 -0.488013 4.392119 193343655390.000000
0.170654 -0.987793 0.237793 2.257061 0.244007 4.514122 193343657193.000000
0.168701 -0.985596 0.244141 2.257061 0.366010 4.453120 193343658994.000000
0.169434 -0.986572 0.243652 2.257061 0.488013 4.331117 193343660796.000000
0.166260 -0.986816 0.239990 2.318063 0.915025 4.148112 193343662605.000000
0.166260 -0.989746 0.249756 2.318063 1.220033 3.965107 193343664406.000000
0.163574 -0.988037 0.250488 2.196059 1.769048 3.965107 193343666212.000000
0.163086 -0.987793 0.246338 2.135058 2.196059 3.660099 193343668011.000000
0.166016 -0.987305 0.249756 2.196059 2.379064 3.782102 193343669813.000000
0.167725 -0.989258 0.256348 2.257061 2.745074 3.538096 193343671614.000000
0.158936 -0.989746 0.254639 2.074056 3.416092 3.538096 193343673415.000000
0.164307 -0.988037 0.251953 2.318063 3.721100 2.989081 193343675217.000000
0.162598 -0.985840 0.247559 2.257061 4.148112 3.050082 193343677028.000000
0.161377 -0.987793 0.252441 1.830049 4.514122 3.172086 193343678831.000000
0.156982 -0.988281 0.253906 2.074056 4.697127 2.745074 193343680633.000000
0.156982 -0.989990 0.256348 2.379064 5.002135 2.684072 193343682435.000000
0.157471 -0.992432 0.260010 2.440066 5.551150 2.745074 193343684236.000000
0.157715 -0.989502 0.262695 2.440066 6.039163 2.501068 193343686044.000000
0.157959 -0.991455 0.263184 2.440066 6.527176 2.501068 193343687845.000000
0.156982 -0.992920 0.259033 2.257061 6.954188 2.379064 193343689647.000000
0.158691 -0.994141 0.259766 2.257061 7.442201 1.952053 193343691449.000000
0.155029 -0.991699 0.264404 2.318063 7.869212 1.891051 193343693251.000000
0.153564 -0.990234 0.258789 2.501068 8.479229 2.013054 193343695053.000000
0.151855 -0.993164 0.264893 2.867077 9.028244 1.769048 193343696855.000000
0.152588 -0.993164 0.270508 2.562069 9.577259 1.525041 193343698661.000000
0.153076 -0.995361 0.265625 2.623071 9.943268 1.464040 193343700462.000000
0.151855 -0.992676 0.271973 2.257061 10.492283 1.281035 193343702265.000000
0.146973 -0.996338 0.266602 2.684072 10.553285 0.915025 193343704066.000000
0.143066 -0.990967 0.270996 2.928079 11.285305 0.915025 193343705869.000000
0.144287 -0.988525 0.263916 2.928079 11.712316 0.976026 193343707671.000000
0.141113 -0.993896 0.263916 2.623071 11.895321 0.915025 193343709476.000000
0.138184 -0.992432 0.259766 2.257061 12.566339 0.427012 193343711282.000000
0.136719 -0.989014 0.272949 2.867077 12.932349 0.427012 193343713083.000000
0.128662 -0.990479 0.272705 3.050082 13.115354 0.366010 193343714884.000000
0.132813 -0.988770 0.274658 3.111084 13.603367 0.061002 193343716688.000000
0.133545 -0.991455 0.271484 2.928079 13.664369 -0.061002 193343718497.000000
0.127197 -0.986572 0.272949 3.050082 14.030379 -0.244007 193343720300.000000
0.122559 -0.987305 0.267822 2.806076 14.335387 -0.488013 193343722101.000000
0.125977 -0.983643 0.272705 2.989081 14.335387 -0.915025 193343723902.000000
0.124512 -0.986084 0.272949 3.721100 14.579394 -0.915025 193343725711.000000
0.115234 -0.987061 0.272461 3.599097 14.701397 -1.342036 193343727513.000000
0.117676 -0.982178 0.274170 3.477094 14.823400 -1.647044 193343729314.000000
0.111816 -0.981934 0.267334 3.477094 14.823400 -1.586043 193343731119.000000
0.109375 -0.981689 0.271973 3.416092 14.945404 -1.952053 193343732921.000000
0.107910 -0.979248 0.267578 3.904105 14.945404 -2.013054 193343734724.000000
0.104004 -0.983154 0.270508 4.087110 15.006405 -2.135058 193343736526.000000
0.105713 -0.979248 0.275879 3.965107 14.823400 -2.318063 193343738328.000000
0.104980 -0.981689 0.276123 4.087110 14.823400 -2.623071 193343740129.000000
0.101074 -0.979248 0.271484 4.148112 14.762399 -2.806076 193343741932.000000
0.101563 -0.979248 0.276123 4.209114 14.701397 -3.050082 193343743734.000000
0.098633 -0.978516 0.271484 4.331117 14.457390 -3.294089 193343745540.000000
0.093018 -0.978760 0.273193 4.636125 14.030379 -3.355091 193343747348.000000
0.089600 -0.980957 0.274414 4.514122 14.152382 -3.660099 193343749151.000000
0.093750 -0.977783 0.281250 4.880132 13.847374 -3.599097 193343750953.000000
0.090576 -0.981201 0.280273 4.758128 13.847374 -4.026109 193343752757.000000
0.087158 -0.980225 0.276611 4.514122 13.847374 -4.209114 193343754561.000000
0.089844 -0.982910 0.282715 5.063137 13.481364 -4.331117 193343756367.000000
0.086914 -0.983398 0.287354 5.185140 13.054352 -4.453120 193343758172.000000
0.080811 -0.986572 0.281250 5.063137 12.993351 -4.392119 193343759974.000000
0.079346 -0.986816 0.277588 5.612152 12.627341 -4.575124 193343761775.000000
0.075684 -0.982178 0.272705 5.490148 12.505338 -4.758128 193343763578.000000
0.077393 -0.986328 0.284424 5.490148 11.956323 -4.758128 193343765379.000000
0.074219 -0.986572 0.283203 5.734155 11.773318 -4.819130 193343767183.000000
0.074463 -0.984375 0.285645 6.161166 11.529311 -4.758128 193343768988.000000
0.073730 -0.984131 0.280029 5.917160 11.346306 -4.880132 193343770790.000000
0.072754 -0.984375 0.287109 6.161166 10.858293 -4.697127 193343772592.000000
0.070801 -0.985352 0.280518 6.222168 10.736290 -5.002135 193343774395.000000
0.071289 -0.983398 0.288818 6.100165 10.370280 -5.124138 193343776201.000000
0.068604 -0.986328 0.285156 6.588178 9.882267 -5.185140 193343778005.000000
0.070557 -0.981689 0.288086 6.771183 9.699262 -5.551150 193343779807.000000
0.071533 -0.985107 0.296631 6.893186 9.394254 -5.246142 193343781609.000000
0.073975 -0.980713 0.292969 6.771183 8.967242 -5.368145 193343783411.000000
0.071289 -0.980957 0.285889 7.259196 8.845239 -5.429147 193343785213.000000
0.066406 -0.980957 0.291016 7.259196 8.540231 -5.795156 193343787021.000000
0.070801 -0.977295 0.288818 7.686208 7.869212 -5.734155 193343788829.000000
0.070068 -0.978271 0.289063 7.564204 7.808211 -5.978161 193343790632.000000
0.068115 -0.976074 0.289307 7.930214 7.869212 -5.856158 193343792433.000000
0.066895 -0.972656 0.293701 7.869212 7.442201 -6.100165 193343794234.000000
0.071777 -0.974121 0.291260 8.113219 7.259196 -6.161166 193343796041.000000
0.069336 -0.970703 0.294434 7.930214 6.527176 -6.588178 193343797844.000000
0.068359 -0.972656 0.296875 8.479229 6.771183 -6.405173 193343799646.000000
0.069336 -0.973877 0.291016 8.601232 6.405173 -6.527176 193343801449.000000
0.068848 -0.972168 0.288330 8.235222 5.978161 -6.893186 193343803250.000000
0.066650 -0.970459 0.287109 8.540231 5.734155 -6.954188 193343805051.000000
0.065430 -0.972900 0.295410 8.601232 5.734155 -7.076191 193343806858.000000
0.068115 -0.969482 0.291992 8.723236 5.307143 -7.381199 193343808660.000000
0.067871 -0.972656 0.285400 8.723236 5.185140 -7.381199 193343810461.000000
0.071045 -0.973389 0.293457 8.723236 4.636125 -7.686208 193343812262.000000
0.071777 -0.970947 0.284424 8.845239 4.758128 -8.052217 193343814064.000000
0.075439 -0.972900 0.292480 9.333252 4.575124 -8.052217 193343815868.000000
0.076660 -0.970459 0.288330 9.028244 4.331117 -7.808211 193343817669.000000
0.074463 -0.970703 0.281494 8.845239 3.904105 -8.418227 193343819470.000000
0.073730 -0.972412 0.290771 8.906240 3.782102 -8.479229 193343821273.000000
0.076660 -0.971436 0.282959 9.333252 3.416092 -8.540231 193343823075.000000
0.071533 -0.970215 0.288818 9.333252 3.355091 -8.540231 193343824876.000000
0.066406 -0.971191 0.291992 9.089245 3.111084 -8.845239 193343826681.000000
0.067383 -0.968506 0.287598 9.150247 2.745074 -8.723236 193343828484.000000
0.068115 -0.968018 0.285400 9.272250 2.745074 -8.784237 193343830286.000000
0.071533 -0.974854 0.292725 9.333252 2.501068 -8.845239 193343832092.000000
0.069336 -0.973633 0.289551 9.394254 2.074056 -8.845239 193343833894.000000
0.069336 -0.974609 0.293945 9.272250 1.586043 -8.845239 193343835696.000000
0.071289 -0.972900 0.293945 9.516257 1.525041 -8.967242 193343837503.000000
0.066895 -0.973389 0.299805 9.455255 1.220033 -9.333252 193343839305.000000
0.068848 -0.971436 0.292725 9.211249 1.037028 -9.577259 193343841106.000000
0.067139 -0.969482 0.291504 9.638260 0.793021 -9.089245 193343842908.000000
0.063965 -0.969727 0.297852 9.760264 0.793021 -9.455255 193343844715.000000
0.063721 -0.971191 0.298584 9.699262 0.427012 -9.577259 193343846521.000000
0.061035 -0.971191 0.295410 9.638260 0.122003 -9.516257 193343848320.000000
0.059814 -0.968018 0.302979 9.821265 -0.122003 -9.638260 193343850122.000000
0.060059 -0.967773 0.300049 9.821265 -0.610016 -9.455255 193343851923.000000
0.054932 -0.971924 0.304932 9.577259 -0.610016 -9.638260 193343853725.000000
0.054932 -0.974121 0.309570 9.577259 -1.159031 -9.638260 193343855527.000000
0.051758 -0.968750 0.311279 9.821265 -1.464040 -9.516257 193343857336.000000
0.055176 -0.971436 0.307373 9.699262 -1.952053 -9.699262 193343859138.000000
0.054688 -0.966553 0.310059 9.760264 -2.501068 -10.004270 193343860940.000000
0.056152 -0.966553 0.311523 9.577259 -3.477094 -9.577259 193343862742.000000
0.053223 -0.968262 0.310059 10.004270 -3.782102 -9.516257 193343864543.000000
0.057373 -0.968262 0.319336 9.943268 -4.331117 -10.187275 193343866349.000000
0.054443 -0.965088 0.317871 9.821265 -5.307143 -9.760264 193343868148.000000
0.055664 -0.966797 0.319824 9.943268 -6.161166 -9.943268 193343869950.000000
0.060059 -0.967285 0.316406 9.760264 -6.405173 -9.943268 193343871752.000000
0.062256 -0.966309 0.316162 9.638260 -7.076191 -10.187275 193343873554.000000
0.055176 -0.968262 0.314941 9.882267 -7.808211 -10.248277 193343875355.000000
0.054932 -0.967041 0.323975 10.004270 -8.540231 -10.126273 193343877158.000000
0.050049 -0.969482 0.313965 10.492283 -9.394254 -9.943268 193343878960.000000
0.049805 -0.974121 0.325928 10.431282 -9.577259 -10.004270 193343880761.000000
0.048828 -0.972168 0.322510 10.553285 -10.309278 -9.821265 193343882563.000000
0.048584 -0.972168 0.313232 10.675288 -11.224303 -9.760264 193343884365.000000
0.051758 -0.978027 0.317871 11.224303 -11.834320 -9.882267 193343886171.000000
0.052734 -0.974121 0.327393 11.346306 -12.688343 -10.004270 193343887976.000000
0.052002 -0.981201 0.330566 11.346306 -13.176356 -9.882267 193343889782.000000
0.055664 -0.979736 0.327393 11.651315 -13.969377 -9.882267 193343891583.000000
0.058105 -0.973877 0.312988 11.712316 -14.884402 -10.126273 193343893385.000000
0.059814 -0.979492 0.323242 11.773318 -15.677423 -10.187275 193343895186.000000
0.063477 -0.978027 0.320068 12.078326 -16.104435 -10.187275 193343896989.000000
0.070068 -0.982178 0.316406 12.505338 -17.019460 -10.309278 193343898791.000000
0.068115 -0.983887 0.317871 12.383334 -17.629476 -10.431282 193343900593.000000
0.073486 -0.979980 0.314697 12.749344 -18.544501 -10.187275 193343902394.000000
0.073242 -0.978760 0.320313 12.993351 -19.398524 -10.675288 193343904195.000000
0.081055 -0.985107 0.306641 13.237357 -20.008540 -10.675288 193343906001.000000
0.084961 -0.989502 0.309326 13.481364 -20.801562 -10.553285 193343907803.000000
0.085693 -0.987305 0.307373 13.359361 -21.472580 -10.675288 193343909605.000000
0.089844 -0.989990 0.305420 13.420362 -22.143598 -10.553285 193343911407.000000
0.091797 -0.996094 0.310059 14.030379 -22.814616 -10.675288 193343913210.000000
0.097168 -0.997070 0.309570 14.213384 -23.363631 -10.797292 193343915012.000000
0.104248 -0.997559 0.308105 14.579394 -23.912646 -10.736290 193343916815.000000
0.104980 -0.998779 0.308105 14.335387 -24.522662 -11.041298 193343918623.000000
0.112305 -1.002930 0.306396 14.274385 -25.071677 -11.041298 193343920424.000000
0.115723 -1.003906 0.304932 14.579394 -25.132679 -10.797292 193343922226.000000
0.117432 -1.002441 0.297363 14.945404 -25.559690 -10.858293 193343924027.000000
0.122070 -1.005127 0.293945 14.945404 -26.108705 -10.797292 193343925830.000000
0.124268 -1.007080 0.293945 14.945404 -26.474715 -10.858293 193343927632.000000
0.123047 -1.006836 0.303467 14.640395 -26.596718 -10.675288 193343929434.000000
0.128906 -1.004395 0.297363 14.640395 -26.901726 -10.614287 193343931235.000000
0.133057 -1.011475 0.294922 14.823400 -27.206735 -10.431282 193343933036.000000
0.135010 -1.001465 0.292236 14.762399 -27.267736 -10.248277 193343934838.000000
0.140137 -1.004639 0.285156 14.762399 -27.572744 -10.065272 193343936640.000000
0.139160 -1.005859 0.294678 14.884402 -27.450741 -10.065272 193343938441.000000
0.142578 -1.000244 0.289063 14.701397 -27.572744 -9.821265 193343940242.000000
0.148193 -0.992920 0.289795 14.274385 -27.633746 -9.699262 193343942048.000000
0.145264 -0.999268 0.275879 14.274385 -27.145733 -9.455255 193343943850.000000
0.148193 -0.994141 0.283447 14.274385 -27.328738 -9.333252 193343945651.000000
0.148682 -0.995117 0.288818 14.457390 -27.145733 -9.028244 193343947488.000000
0.151123 -0.991455 0.290039 14.396389 -26.962728 -8.784237 193343949291.000000
0.152832 -0.985596 0.279541 14.335387 -26.840725 -8.540231 193343951097.000000
0.147217 -0.988281 0.283447 13.847374 -26.535716 -8.418227 193343952899.000000
0.149170 -0.981689 0.280518 13.542366 -26.291710 -8.052217 193343954701.000000
0.150635 -0.979736 0.279541 13.298359 -26.108705 -7.808211 193343956506.000000
0.147461 -0.977051 0.279785 13.115354 -25.986702 -7.564204 193343958306.000000
0.150635 -0.971680 0.282715 13.176356 -25.803697 -7.442201 193343960108.000000
0.145264 -0.971191 0.279297 13.176356 -25.254682 -7.381199 193343961909.000000
0.141846 -0.974365 0.280273 12.383334 -25.071677 -7.015189 193343963710.000000
0.141113 -0.971436 0.280518 12.505338 -24.949674 -6.893186 193343965512.000000
0.146240 -0.968750 0.274902 12.322333 -24.644665 -6.710181 193343967320.000000
0.141357 -0.966064 0.277100 11.834320 -24.095651 -6.161166 193343969122.000000
0.143555 -0.961914 0.279297 12.078326 -23.790642 -6.161166 193343970924.000000
0.138428 -0.966309 0.273682 11.529311 -23.607637 -5.978161 193343972726.000000
0.138428 -0.959717 0.279541 11.468310 -23.546636 -5.856158 193343974529.000000
0.135986 -0.959961 0.283203 11.773318 -23.302629 -5.429147 193343976335.000000
0.142578 -0.953369 0.277100 11.285305 -22.448606 -5.429147 193343978139.000000
0.135010 -0.952393 0.276855 11.163301 -22.326603 -5.063137 193343979940.000000
0.136719 -0.955811 0.279297 11.102300 -22.265601 -4.819130 193343981742.000000
0.132568 -0.955078 0.278809 10.736290 -22.021595 -4.880132 193343983543.000000
0.130615 -0.951416 0.281006 10.675288 -21.533581 -4.819130 193343985345.000000
0.132813 -0.954346 0.278564 10.492283 -21.411578 -4.392119 193343987151.000000
0.133057 -0.947021 0.284668 10.736290 -21.045568 -4.209114 193343988954.000000
0.131836 -0.950928 0.281982 10.553285 -20.618557 -3.965107 193343990756.000000
0.132324 -0.951904 0.283203 10.492283 -20.435552 -3.782102 193343992558.000000
0.129883 -0.950684 0.281982 10.675288 -19.703532 -3.538096 193343994360.000000
0.130371 -0.948486 0.285400 10.126273 -19.520527 -3.416092 193343996162.000000
0.132080 -0.944824 0.292969 10.065272 -19.215519 -3.111084 193343997965.000000
0.126221 -0.945068 0.291016 10.553285 -18.788507 -2.806076 193343999767.000000
0.126709 -0.944580 0.288818 10.370280 -18.483499 -2.867077 193344001568.000000
0.125977 -0.946045 0.290527 10.126273 -18.117489 -2.623071 193344003373.000000
0.129639 -0.938965 0.291016 10.126273 -17.629476 -2.318063 193344005174.000000
0.130127 -0.945557 0.291992 10.309278 -17.141463 -2.379064 193344006978.000000
0.127686 -0.939209 0.295166 10.248277 -16.836455 -2.318063 193344008779.000000
0.130127 -0.936035 0.298340 10.431282 -16.348441 -1.952053 193344010581.000000
0.127930 -0.934326 0.296143 10.431282 -15.921430 -1.708046 193344012382.000000
0.127441 -0.935791 0.297119 10.492283 -15.250412 -1.769048 193344014184.000000
0.127197 -0.931885 0.304688 10.614287 -15.128408 -1.586043 193344015986.000000
0.128906 -0.930176 0.299316 10.553285 -14.396389 -1.525041 193344017789.000000
0.129150 -0.928711 0.308838 10.492283 -14.274385 -1.464040 193344019589.000000
0.126709 -0.924316 0.306396 10.431282 -13.786372 -1.525041 193344021390.000000
0.128662 -0.929932 0.309326 10.614287 -13.481364 -1.464040 193344023190.000000
0.126465 -0.927734 0.310547 10.797292 -12.810346 -1.159031 193344024992.000000
0.125000 -0.928955 0.306396 10.614287 -12.627341 -1.220033 193344026794.000000
0.120361 -0.924316 0.315918 10.614287 -12.017324 -1.159031 193344028595.000000
0.121338 -0.922852 0.315918 10.492283 -11.651315 -0.976026 193344030397.000000
0.118896 -0.928223 0.306396 10.614287 -11.285305 -0.793021 193344032198.000000
0.116943 -0.925537 0.320313 10.370280 -10.736290 -0.732020 193344033999.000000
0.110352 -0.928467 0.318604 10.492283 -10.919295 -0.427012 193344035801.000000
0.106201 -0.925293 0.322754 10.431282 -10.187275 -0.366010 193344037603.000000
0.106201 -0.923340 0.325195 10.187275 -10.126273 -0.244007 193344039406.000000
0.107178 -0.920898 0.318359 10.736290 -10.004270 -0.122003 193344041208.000000
0.105469 -0.924561 0.325684 10.675288 -9.943268 -0.122003 193344043010.000000
0.101563 -0.924316 0.321533 10.614287 -9.760264 0.000000 193344044812.000000
0.096436 -0.921631 0.325195 10.614287 -9.638260 0.000000 193344046622.000000
0.094727 -0.924805 0.327881 10.858293 -9.455255 -0.061002 193344048423.000000
0.090332 -0.928223 0.325684 10.980296 -9.211249 0.122003 193344050225.000000
0.086670 -0.924561 0.321533 10.980296 -9.516257 0.061002 193344052027.000000
0.086182 -0.929443 0.323486 11.102300 -9.638260 0.122003 193344053829.000000
0.084473 -0.930176 0.324219 11.041298 -9.577259 0.183005 193344055634.000000
0.083252 -0.934082 0.326172 11.102300 -9.882267 0.000000 193344057459.000000
0.078125 -0.937500 0.328613 11.102300 -9.943268 0.122003 193344059261.000000
0.072754 -0.940186 0.325684 11.468310 -10.065272 0.427012 193344061062.000000
0.068604 -0.944824 0.324463 11.102300 -10.492283 0.793021 193344062865.000000
0.068359 -0.947266 0.328613 11.712316 -10.614287 1.037028 193344064666.000000
0.068848 -0.949707 0.330811 11.895321 -10.797292 1.281035 193344066475.000000
0.066162 -0.957520 0.328369 11.712316 -11.163301 1.525041 193344068275.000000
0.065674 -0.956543 0.329834 11.590313 -11.712316 1.464040 193344070077.000000
0.066650 -0.955811 0.337646 11.895321 -12.200329 1.708046 193344071879.000000
0.063721 -0.960449 0.328613 11.834320 -12.688343 2.013054 193344073681.000000
0.061279 -0.960693 0.328613 11.468310 -12.810346 2.196059 193344075483.000000
0.062256 -0.962646 0.343018 11.834320 -13.542366 2.379064 193344077291.000000
0.063232 -0.968994 0.339111 11.834320 -14.213384 2.501068 193344079093.000000
0.059082 -0.965332 0.336426 11.407308 -14.762399 2.684072 193344080896.000000
0.057861 -0.961914 0.342285 11.224303 -15.433417 3.050082 193344082698.000000
0.055420 -0.964600 0.343994 11.407308 -16.226438 3.233087 193344084499.000000
0.053467 -0.963867 0.343750 11.407308 -17.263466 3.599097 193344086305.000000
0.052246 -0.965820 0.346191 11.163301 -17.995486 3.904105 193344088105.000000
0.052734 -0.960693 0.349609 11.041298 -18.788507 3.904105 193344089907.000000
0.051514 -0.965088 0.349365 10.919295 -19.642530 4.514122 193344091720.000000
0.051514 -0.963135 0.354492 10.919295 -20.557555 4.697127 193344093534.000000
0.049805 -0.963379 0.354736 10.675288 -21.533581 4.880132 193344095339.000000
0.048828 -0.967529 0.348145 10.309278 -22.204600 5.185140 193344097144.000000
0.051270 -0.965332 0.355957 10.431282 -23.119624 5.124138 193344098949.000000
0.049072 -0.965332 0.350342 10.492283 -24.217654 5.429147 193344100752.000000
0.054443 -0.966309 0.345947 10.431282 -24.583664 5.551150 193344102554.000000
0.054199 -0.965088 0.343506 10.309278 -25.620692 5.917160 193344104356.000000
0.052979 -0.962158 0.358154 10.492283 -26.474715 5.734155 193344106159.000000
0.052246 -0.962158 0.351807 10.492283 -27.145733 5.673153 193344107960.000000
0.052979 -0.964844 0.355225 10.248277 -28.243763 5.917160 193344109763.000000
0.052002 -0.962891 0.348145 10.431282 -28.670774 5.978161 193344111565.000000
0.053955 -0.962402 0.345703 10.370280 -28.914781 6.039163 193344113977.000000
0.058594 -0.963379 0.353516 10.736290 -30.317819 6.100165 193344115801.000000
0.060059 -0.963379 0.353516 10.736290 -30.805832 5.917160 193344117608.000000
0.057129 -0.960693 0.354980 10.858293 -31.171842 6.283170 193344119410.000000
0.055420 -0.961914 0.352783 10.980296 -31.903861 6.710181 193344121212.000000
0.058594 -0.954834 0.352051 11.041298 -32.757884 6.832184 193344123012.000000
0.053223 -0.955566 0.354004 11.163301 -33.367901 6.771183 193344124816.000000
0.060547 -0.955078 0.352051 11.285305 -34.099921 7.076191 193344126626.000000
0.061035 -0.953857 0.347168 11.651315 -34.892942 7.137193 193344128428.000000
0.062744 -0.949951 0.348389 11.834320 -35.441957 7.015189 193344130229.000000
0.063477 -0.946777 0.353516 11.712316 -36.234978 7.320198 193344132031.000000
0.069092 -0.947754 0.352051 12.017324 -37.455011 7.137193 193344133833.000000
0.073730 -0.943359 0.347656 12.261331 -38.065028 7.259196 193344135634.000000
0.072021 -0.945801 0.350830 12.200329 -39.285061 7.381199 193344137463.000000
0.075195 -0.946533 0.348877 12.444336 -40.078082 7.198194 193344139265.000000
0.077393 -0.940674 0.355713 12.566339 -40.871104 7.015189 193344141067.000000
0.086182 -0.946289 0.344727 12.688343 -42.091136 7.137193 193344142869.000000
0.082764 -0.934326 0.347412 13.054352 -43.189166 7.076191 193344144671.000000
0.082764 -0.932861 0.343994 13.115354 -44.226194 7.015189 193344146476.000000
0.084473 -0.931152 0.341064 13.176356 -45.385225 7.015189 193344148280.000000
0.086914 -0.936768 0.340820 13.237357 -46.300250 6.954188 193344150081.000000
0.091553 -0.934570 0.339111 13.359361 -47.520283 6.771183 193344151884.000000
0.094482 -0.928711 0.341553 12.993351 -48.740316 6.527176 193344153685.000000
0.095703 -0.931885 0.347412 12.932349 -49.716342 6.710181 193344155486.000000
0.098389 -0.929932 0.341309 13.359361 -51.180382 6.527176 193344157290.000000
0.104736 -0.931885 0.339111 12.993351 -52.217410 6.283170 193344159092.000000
0.110840 -0.932129 0.343262 12.932349 -53.254438 6.100165 193344160893.000000
0.118652 -0.930176 0.337646 12.993351 -54.352468 5.734155 193344162694.000000
0.117676 -0.930664 0.336426 13.054352 -55.755505 5.429147 193344164495.000000
0.121582 -0.931885 0.333496 13.054352 -56.609528 5.124138 193344166301.000000
0.127930 -0.935059 0.337646 12.688343 -57.524553 5.002135 193344168105.000000
0.131592 -0.939209 0.344238 12.688343 -58.500580 5.124138 193344169907.000000
0.135254 -0.936035 0.335449 12.322333 -59.537608 4.636125 193344171709.000000
0.137451 -0.938721 0.335693 12.566339 -60.513634 4.392119 193344173511.000000
0.137207 -0.943359 0.337891 12.688343 -61.123650 4.392119 193344175312.000000
0.146729 -0.945068 0.337402 12.261331 -61.794668 4.392119 193344177115.000000
0.146484 -0.948242 0.334961 12.383334 -62.465687 4.453120 193344178916.000000
0.150391 -0.951904 0.330566 12.505338 -63.075703 4.392119 193344180718.000000
0.154541 -0.956055 0.333496 12.322333 -63.807723 4.392119 193344182520.000000
0.153564 -0.954102 0.327637 12.261331 -63.685720 4.331117 193344184322.000000
0.153076 -0.962891 0.334717 12.383334 -64.112731 4.331117 193344186135.000000
0.158447 -0.964600 0.332275 12.444336 -64.356738 4.331117 193344187934.000000
0.164307 -0.968018 0.333252 12.871348 -64.539743 4.697127 193344189736.000000
0.165771 -0.972168 0.328369 12.932349 -64.234734 4.636125 193344191540.000000
0.165283 -0.971680 0.326172 12.871348 -64.112731 4.697127 193344193342.000000
0.176758 -0.976563 0.330566 13.237357 -63.990728 4.880132 193344195144.000000
0.179932 -0.973633 0.326416 13.542366 -63.685720 5.063137 193344196947.000000
0.186035 -0.977783 0.333008 13.542366 -63.380711 5.063137 193344198750.000000
0.190430 -0.975098 0.326904 13.603367 -63.075703 5.124138 193344200701.000000
0.188965 -0.977539 0.326660 13.603367 -62.343683 5.002135 193344203618.000000
0.197754 -0.968018 0.326904 14.091380 -61.550662 5.368145 193344206539.000000
0.202881 -0.967041 0.322510 14.335387 -60.452632 5.368145 193344209455.000000
0.205566 -0.960938 0.324219 14.640395 -59.598609 5.856158 193344212380.000000
0.216797 -0.956787 0.323975 14.518392 -58.500580 5.978161 193344215296.000000
0.220459 -0.945313 0.317383 14.274385 -57.524553 5.917160 193344218212.000000
0.230469 -0.941406 0.317871 14.396389 -56.426524 5.917160 193344221129.000000
0.235107 -0.934570 0.318604 14.335387 -55.023486 5.490148 193344224045.000000
0.240723 -0.926270 0.318359 14.274385 -53.925456 5.490148 193344226963.000000
0.243164 -0.926514 0.320557 13.542366 -52.766425 5.185140 193344229878.000000
0.239746 -0.918945 0.314209 14.030379 -51.241384 5.063137 193344232794.000000
0.248047 -0.920166 0.316650 13.847374 -50.448362 4.880132 193344235712.000000
0.248047 -0.922363 0.318604 13.237357 -48.984323 4.697127 193344238628.000000
0.245605 -0.922607 0.320068 13.298359 -48.130300 4.697127 193344241544.000000
0.258545 -0.923096 0.310303 13.054352 -46.605258 4.514122 193344244458.000000
0.255859 -0.923828 0.309082 12.261331 -45.690234 4.270115 193344247385.000000
0.258789 -0.926270 0.309570 12.261331 -44.592204 3.660099 193344250301.000000
0.257324 -0.928223 0.305420 11.773318 -43.677179 3.965107 193344253217.000000
0.260010 -0.932373 0.309326 11.590313 -42.762155 3.721100 193344256135.000000
0.255615 -0.937012 0.299072 10.919295 -41.786128 3.904105 193344259051.000000
0.256592 -0.934814 0.300781 10.675288 -40.871104 3.843104 193344261966.000000
0.254639 -0.934326 0.300293 10.492283 -40.444092 4.087110 193344264882.000000
0.259766 -0.939941 0.292480 10.004270 -39.285061 4.148112 193344267807.000000
0.259766 -0.938477 0.293213 9.882267 -38.309034 4.453120 193344270723.000000
0.262939 -0.941406 0.290527 9.882267 -37.638016 4.453120 193344273639.000000
0.266602 -0.945557 0.288574 9.394254 -36.966998 4.575124 193344276559.000000
0.268066 -0.935303 0.291504 9.272250 -35.990972 4.575124 193344279488.000000
0.268066 -0.940430 0.290771 9.150247 -35.563960 4.453120 193344282403.000000
0.266846 -0.940186 0.279541 8.479229 -34.831940 4.636125 193344285319.000000
0.266602 -0.939209 0.281982 8.174221 -34.343927 4.575124 193344288244.000000
0.272705 -0.936035 0.279785 8.296224 -33.977917 4.636125 193344291161.000000
0.272217 -0.936035 0.285156 7.686208 -33.428903 4.148112 193344294079.000000
0.271973 -0.934082 0.283203 7.564204 -33.123894 4.026109 193344296999.000000
0.269531 -0.934814 0.281738 7.381199 -33.245898 3.965107 193344299941.000000
0.269043 -0.928711 0.284180 7.198194 -32.940889 3.538096 193344302860.000000
0.269775 -0.930420 0.281738 6.893186 -33.123894 3.538096 193344305778.000000
0.269043 -0.932129 0.287598 6.527176 -33.428903 2.623071 193344308693.000000
0.272705 -0.927734 0.285400 6.283170 -33.306899 2.501068 193344311622.000000
0.272217 -0.927734 0.281738 5.978161 -33.428903 2.257061 193344314538.000000
0.276123 -0.924316 0.283936 5.673153 -33.550906 1.708046 193344317456.000000
0.277832 -0.927979 0.290527 5.307143 -33.916916 1.342036 193344320372.000000
0.280029 -0.931396 0.287598 4.880132 -34.404929 0.976026 193344323287.000000
0.286377 -0.925049 0.289063 4.514122 -34.648936 0.488013 193344326207.000000
0.287354 -0.925537 0.284424 4.148112 -34.831940 0.427012 193344329122.000000
0.293457 -0.930420 0.283203 3.721100 -35.197950 0.000000 193344332039.000000
0.293701 -0.928711 0.285400 3.172086 -35.380955 -0.427012 193344334955.000000
0.294189 -0.921387 0.283691 2.562069 -35.563960 -0.610016 193344337871.000000
0.302490 -0.925049 0.281738 2.257061 -35.807967 -0.854023 193344340787.000000
0.305664 -0.925293 0.281494 1.647044 -35.990972 -0.732020 193344343714.000000
0.304199 -0.923340 0.282227 0.915025 -36.234978 -1.037028 193344346634.000000
0.311523 -0.924316 0.280518 0.549015 -36.112975 -1.281035 193344349554.000000
0.313721 -0.922852 0.280273 0.122003 -36.356982 -1.525041 193344352469.000000
0.317871 -0.923340 0.284668 -0.244007 -36.356982 -1.586043 193344355382.000000
0.324951 -0.922119 0.285645 -0.976026 -36.417983 -1.891051 193344358300.000000
0.333008 -0.922363 0.284912 -1.464040 -35.990972 -1.769048 193344361216.000000
0.332764 -0.923340 0.287354 -1.647044 -35.380955 -1.769048 193344364131.000000
0.334717 -0.922607 0.279053 -1.891051 -35.380955 -2.013054 193344367055.000000
0.335205 -0.917236 0.288574 -2.135058 -34.404929 -2.196059 193344369974.000000
0.339600 -0.915039 0.286133 -2.806076 -33.977917 -1.830049 193344372892.000000
0.340820 -0.916748 0.284668 -3.233087 -33.367901 -1.952053 193344375810.000000
0.345459 -0.913330 0.281982 -3.538096 -32.635881 -1.891051 193344378726.000000
0.345215 -0.915771 0.282959 -3.965107 -31.781858 -2.074056 193344381642.000000
0.346924 -0.911865 0.273926 -4.148112 -30.866833 -1.708046 193344384557.000000
0.349609 -0.909912 0.284180 -4.270115 -29.890807 -2.074056 193344387482.000000
0.351807 -0.904297 0.280273 -4.880132 -27.694748 -1.708046 193344394981.000000
0.354004 -0.905762 0.276855 -5.124138 -26.779723 -1.952053 193344398166.000000
0.355957 -0.909668 0.279297 -5.185140 -25.620692 -2.074056 193344401143.000000
0.359131 -0.912842 0.285400 -5.063137 -24.583664 -1.830049 193344404060.000000
0.361328 -0.913330 0.282471 -5.307143 -23.607637 -2.013054 193344407045.000000
0.357666 -0.909912 0.287109 -5.368145 -22.387604 -2.135058 193344410060.000000
0.355225 -0.911377 0.285889 -5.490148 -20.984567 -2.379064 193344412985.000000
0.361816 -0.913818 0.283203 -5.490148 -20.374550 -2.013054 193344415899.000000
0.359863 -0.916260 0.292969 -5.612152 -19.093516 -2.135058 193344418812.000000
0.361572 -0.919678 0.302002 -5.795156 -17.934484 -2.135058 193344421730.000000
0.363281 -0.923096 0.287598 -5.612152 -16.958458 -2.440066 193344424639.000000
0.360596 -0.918945 0.298828 -5.673153 -15.616422 -2.379064 193344427548.000000
0.364990 -0.924561 0.305664 -5.978161 -14.762399 -2.135058 193344430462.000000
0.368896 -0.923340 0.302246 -6.283170 -13.664369 -1.952053 193344433381.000000
0.365723 -0.927490 0.303711 -6.466175 -12.810346 -2.013054 193344436292.000000
0.374512 -0.928223 0.313721 -6.588178 -11.712316 -1.769048 193344439204.000000
0.371582 -0.927002 0.304443 -7.015189 -10.736290 -1.952053 193344442116.000000
0.377441 -0.929443 0.320068 -7.076191 -9.333252 -2.013054 193344445025.000000
0.371338 -0.930420 0.316162 -7.137193 -8.113219 -2.013054 193344447938.000000
0.378906 -0.933594 0.322998 -7.503203 -6.893186 -1.769048 193344450857.000000
0.382080 -0.933350 0.329590 -7.503203 -5.124138 -2.074056 193344453766.000000
0.382568 -0.933594 0.326904 -7.442201 -3.416092 -1.952053 193344456692.000000
0.384521 -0.931396 0.333984 -7.747209 -2.440066 -1.586043 193344459606.000000
0.382568 -0.928467 0.323730 -7.808211 -0.488013 -1.403038 193344462520.000000
0.375488 -0.930176 0.331543 -7.686208 0.854023 -1.281035 193344465429.000000
0.380859 -0.927490 0.331787 -8.357226 2.318063 -1.098030 193344468354.000000
0.372314 -0.923096 0.330078 -8.784237 4.026109 -0.976026 193344471275.000000
0.372559 -0.924561 0.324707 -8.662234 5.551150 -0.549015 193344474191.000000
0.374268 -0.917236 0.330566 -8.967242 6.893186 -0.366010 193344477111.000000
0.365967 -0.920410 0.329346 -9.455255 8.235222 -0.427012 193344480030.000000
0.365234 -0.915283 0.328125 -9.211249 9.516257 -0.183005 193344482946.000000
0.362061 -0.912598 0.322998 -9.394254 10.919295 0.122003 193344485865.000000
0.352783 -0.911377 0.329590 -9.394254 11.956323 0.366010 193344488783.000000
0.351074 -0.904541 0.327637 -9.516257 13.054352 0.671018 193344491701.000000
0.347900 -0.900391 0.324707 -9.699262 14.457390 0.549015 193344494621.000000
0.338379 -0.897461 0.327881 -9.882267 15.555420 0.732020 193344497548.000000
0.335693 -0.891113 0.322754 -9.760264 16.714451 0.549015 193344500467.000000
0.336426 -0.890137 0.321289 -9.638260 17.690478 1.098030 193344503484.000000
0.334229 -0.885010 0.323486 -9.577259 18.483499 1.159031 193344505382.000000
0.326172 -0.883057 0.318359 -9.394254 18.971512 0.915025 193344507187.000000
0.325928 -0.882813 0.316650 -9.760264 19.703532 0.610016 193344508992.000000
0.320801 -0.883301 0.321045 -9.760264 20.191545 0.732020 193344510794.000000
0.318359 -0.878174 0.318359 -9.760264 20.801562 0.793021 193344512596.000000
0.317871 -0.876953 0.317139 -9.638260 21.472580 0.488013 193344514398.000000
0.312744 -0.875732 0.316406 -9.699262 21.960593 0.488013 193344516202.000000
0.309326 -0.875000 0.321777 -9.760264 22.570609 0.427012 193344518006.000000
0.308838 -0.875488 0.319092 -9.699262 23.241628 0.549015 193344519814.000000
0.306152 -0.872559 0.314697 -9.943268 23.607637 0.183005 193344521617.000000
0.307373 -0.876709 0.317627 -9.699262 24.156652 0.244007 193344523419.000000
0.300049 -0.872070 0.317139 -9.699262 24.522662 0.000000 193344525221.000000
0.300537 -0.871338 0.322266 -9.882267 25.010675 0.000000 193344527026.000000
0.299316 -0.876709 0.309326 -9.882267 25.620692 -0.244007 193344528831.000000
0.291992 -0.871826 0.312744 -10.004270 25.803697 -0.610016 193344530633.000000
0.294678 -0.875732 0.317383 -10.065272 26.291710 -0.549015 193344532440.000000
0.291992 -0.873535 0.312500 -9.882267 26.779723 -0.671018 193344534300.000000
0.285889 -0.875000 0.303223 -10.248277 26.840725 -1.037028 193344536261.000000
0.287354 -0.877930 0.313232 -10.553285 27.694748 -1.342036 193344538225.000000
0.283691 -0.883789 0.319824 -10.309278 28.060758 -1.586043 193344540130.000000
0.277344 -0.885742 0.312744 -9.821265 28.304764 -1.647044 193344541953.000000
0.277832 -0.885010 0.310303 -10.431282 28.609772 -1.708046 193344543757.000000
0.275391 -0.886475 0.310547 -10.797292 28.792777 -1.769048 193344545558.000000
0.268799 -0.888672 0.306396 -10.370280 29.158787 -2.074056 193344547360.000000
0.267090 -0.889404 0.300293 -10.919295 29.524797 -2.257061 193344549162.000000
0.268066 -0.890381 0.297852 -10.858293 29.707802 -2.379064 193344550968.000000
0.265137 -0.894287 0.304443 -11.041298 29.585799 -2.501068 193344552770.000000
0.254395 -0.895020 0.303955 -10.858293 30.012810 -2.745074 193344554571.000000
0.251953 -0.895996 0.306641 -11.224303 29.646800 -3.111084 193344556374.000000
0.251953 -0.897217 0.309570 -11.224303 29.524797 -2.989081 193344558175.000000
0.251709 -0.899170 0.305420 -11.529311 29.219789 -3.294089 193344559976.000000
0.248535 -0.902100 0.301758 -11.895321 29.097786 -3.477094 193344561777.000000
0.245850 -0.905273 0.296387 -11.895321 29.036784 -3.721100 193344563578.000000
0.243652 -0.903564 0.301514 -11.956323 28.975782 -3.660099 193344565381.000000
0.239014 -0.905273 0.301025 -12.139328 28.426768 -3.782102 193344567184.000000
0.239014 -0.909912 0.299561 -12.139328 27.999756 -3.965107 193344568986.000000
0.235840 -0.912354 0.302246 -12.444336 27.633746 -4.087110 193344570787.000000
0.231445 -0.913086 0.303711 -12.322333 27.084731 -4.148112 193344572588.000000
0.232178 -0.915283 0.298340 -12.444336 26.596718 -4.270115 193344574389.000000
0.229492 -0.921387 0.300293 -12.444336 26.230708 -4.514122 193344576191.000000
0.227783 -0.921875 0.293457 -12.444336 25.498688 -4.514122 193344577993.000000
0.225830 -0.923828 0.297119 -12.749344 24.766669 -4.636125 193344579795.000000
0.224609 -0.924805 0.302979 -12.993351 24.339657 -4.575124 193344581597.000000
0.221924 -0.933594 0.308105 -12.505338 23.485634 -4.697127 193344583399.000000
0.215820 -0.936035 0.309082 -12.627341 22.692613 -4.941133 193344585199.000000
0.218750 -0.944824 0.304932 -13.176356 22.021595 -5.002135 193344587001.000000
0.220459 -0.946777 0.309570 -12.993351 21.411578 -5.002135 193344588802.000000
0.220703 -0.950439 0.308594 -12.932349 20.862563 -5.368145 193344590618.000000
0.213623 -0.953125 0.307617 -12.993351 20.069542 -5.368145 193344592421.000000
0.215332 -0.960205 0.307617 -13.237357 19.215519 -5.612152 193344594222.000000
0.221924 -0.960693 0.308838 -13.115354 18.666504 -5.612152 193344596025.000000
0.221680 -0.963867 0.308838 -13.176356 17.873483 -5.856158 193344597827.000000
0.222168 -0.970459 0.314697 -13.786372 17.202464 -5.734155 193344599629.000000
0.222412 -0.970215 0.303955 -14.030379 16.592448 -6.100165 193344601430.000000
0.223877 -0.969727 0.303467 -14.213384 16.043433 -6.039163 193344603232.000000
0.227051 -0.979004 0.303711 -14.152382 15.616422 -6.039163 193344605033.000000
0.227295 -0.978271 0.305664 -14.579394 14.823400 -6.283170 193344606837.000000
0.231201 -0.982910 0.307129 -14.945404 14.518392 -6.588178 193344608638.000000
0.234131 -0.973877 0.305664 -15.372415 14.152382 -6.405173 193344610440.000000
0.231445 -0.976074 0.309814 -15.250412 13.725371 -6.405173 193344612240.000000
0.241211 -0.981201 0.302979 -15.677423 13.542366 -6.710181 193344614041.000000
0.239502 -0.979248 0.302734 -16.531446 13.542366 -6.649180 193344615844.000000
0.239258 -0.973633 0.309326 -16.470445 12.932349 -6.527176 193344617644.000000
0.240967 -0.980225 0.303467 -16.958458 12.749344 -6.649180 193344619446.000000
0.243652 -0.979248 0.303467 -17.507473 12.993351 -6.588178 193344621248.000000
0.244141 -0.981201 0.305908 -17.324468 12.688343 -6.344171 193344623049.000000
0.249268 -0.981445 0.308105 -17.873483 12.749344 -6.527176 193344624850.000000
0.252930 -0.982666 0.310547 -18.056488 13.115354 -6.710181 193344626653.000000
0.258057 -0.978760 0.308838 -18.605502 13.481364 -6.588178 193344628462.000000
0.256836 -0.983887 0.310303 -18.910511 13.908376 -6.527176 193344630268.000000
0.260498 -0.983887 0.309814 -19.154517 14.152382 -6.649180 193344632070.000000
0.259277 -0.988281 0.310547 -19.642530 14.518392 -6.344171 193344633870.000000
0.256104 -0.987793 0.310547 -19.886537 15.189410 -6.283170 193344635674.000000
0.260254 -0.994385 0.308350 -19.825535 15.616422 -6.344171 193344637475.000000
0.257324 -0.994629 0.317139 -20.435552 16.165436 -5.856158 193344639276.000000
0.249756 -1.000244 0.305908 -20.740560 16.592448 -5.917160 193344641077.000000
0.248535 -1.000000 0.315186 -20.801562 17.141463 -5.551150 193344642878.000000
0.246582 -1.000000 0.321533 -21.167572 17.934484 -5.551150 193344644679.000000
0.246094 -1.009033 0.327393 -21.228573 18.605502 -5.307143 193344646492.000000
0.240234 -1.012695 0.328369 -21.533581 19.215519 -5.002135 193344648297.000000
0.236328 -1.014648 0.327148 -21.838590 19.703532 -4.392119 193344650099.000000
0.238037 -1.017822 0.340820 -21.899591 20.069542 -4.331117 193344651899.000000
0.239014 -1.025146 0.334229 -22.021595 20.618557 -4.209114 193344653706.000000
0.238037 -1.029053 0.329346 -22.448606 21.167572 -4.026109 193344655508.000000
0.235352 -1.027588 0.335938 -22.326603 21.716586 -4.026109 193344657315.000000
0.231445 -1.032959 0.332520 -22.509608 22.570609 -3.721100 193344659117.000000
0.228516 -1.031982 0.335693 -22.448606 22.936619 -3.599097 193344660919.000000
0.228271 -1.032715 0.339111 -22.448606 23.363631 -3.294089 193344662721.000000
0.234375 -1.029785 0.343506 -22.875618 24.034649 -3.355091 193344664522.000000
0.227051 -1.031982 0.339600 -22.814616 24.461660 -3.111084 193344666328.000000
0.229248 -1.031738 0.335938 -22.692613 25.132679 -3.050082 193344668126.000000
0.228271 -1.029053 0.341064 -22.814616 25.620692 -3.050082 193344669927.000000
0.226074 -1.031006 0.343506 -22.997621 26.291710 -2.989081 193344671732.000000
0.225830 -1.032715 0.343994 -22.753614 26.901726 -3.050082 193344673534.000000
0.223633 -1.025146 0.350342 -22.814616 27.206735 -2.989081 193344675335.000000
0.230713 -1.028076 0.345947 -22.875618 27.938754 -2.989081 193344677143.000000
0.227051 -1.022461 0.346680 -22.692613 28.426768 -3.111084 193344678945.000000
0.227295 -1.020020 0.350342 -22.814616 28.975782 -3.233087 193344680745.000000
0.219482 -1.019287 0.356934 -22.570609 29.280791 -3.599097 193344682546.000000
0.223633 -1.017578 0.356201 -22.692613 29.951809 -3.660099 193344684347.000000
0.224854 -1.014648 0.361084 -22.204600 30.073812 -3.721100 193344686152.000000
0.221924 -1.015625 0.368652 -22.082596 30.500824 -3.782102 193344687951.000000
0.220459 -1.012695 0.368652 -21.655585 30.805832 -3.904105 193344689751.000000
0.211182 -1.010010 0.369141 -21.899591 31.171842 -3.904105 193344691553.000000
0.208740 -1.008545 0.372314 -21.655585 31.659855 -4.087110 193344693354.000000
0.208252 -1.006348 0.378418 -21.594583 31.720856 -4.148112 193344695155.000000
0.201660 -1.005127 0.379150 -21.289575 32.025865 -4.270115 193344696957.000000
0.201172 -1.007324 0.376465 -21.411578 32.147868 -4.026109 193344698758.000000
0.196777 -1.003906 0.386719 -21.106570 32.147868 -4.026109 193344700559.000000
0.194336 -1.001221 0.385986 -20.984567 32.391875 -4.148112 193344702360.000000
0.186035 -0.993164 0.395020 -21.045568 32.452876 -4.087110 193344704161.000000
0.180420 -0.991211 0.393799 -20.740560 32.574880 -3.965107 193344705969.000000
0.178955 -0.990967 0.393066 -20.679558 32.452876 -4.026109 193344707773.000000
0.173340 -0.993652 0.399170 -21.045568 32.757884 -3.965107 193344709580.000000
0.170898 -0.990479 0.397217 -20.435552 32.513878 -3.904105 193344711386.000000
0.163086 -0.988037 0.400146 -20.496553 32.513878 -3.843104 193344713188.000000
0.161621 -0.981201 0.404053 -20.801562 32.818886 -3.843104 193344714988.000000
0.160889 -0.980957 0.402832 -20.618557 32.757884 -3.477094 193344716790.000000
0.148438 -0.978760 0.410400 -20.557555 32.696883 -3.477094 193344718600.000000
0.152100 -0.974121 0.414307 -20.496553 32.208870 -3.111084 193344720400.000000
0.147461 -0.969482 0.410156 -20.618557 32.513878 -3.172086 193344722201.000000
0.138184 -0.967773 0.409424 -20.252547 32.513878 -3.111084 193344724001.000000
0.136719 -0.967773 0.408936 -20.252547 32.391875 -2.928079 193344725804.000000
0.139648 -0.959961 0.416016 -20.435552 32.269871 -3.050082 193344727604.000000
0.136963 -0.958984 0.416016 -20.252547 32.391875 -2.745074 193344729405.000000
0.122803 -0.957031 0.412842 -20.374550 32.574880 -2.257061 193344731205.000000
0.127930 -0.954590 0.416748 -20.130544 32.574880 -2.135058 193344733007.000000
0.126709 -0.954102 0.418213 -20.008540 32.513878 -2.074056 193344734808.000000
0.124268 -0.952148 0.409912 -19.947539 32.879888 -2.074056 193344736609.000000
0.119141 -0.949707 0.415771 -19.581529 33.184896 -1.769048 193344738410.000000
0.114502 -0.946045 0.422119 -19.398524 33.367901 -1.830049 193344740211.000000
0.113525 -0.951660 0.414551 -19.459525 33.672909 -1.647044 193344742012.000000
0.114746 -0.952393 0.413086 -19.276520 33.855914 -1.708046 193344743813.000000
0.112061 -0.950195 0.416992 -19.032514 34.221924 -1.647044 193344745614.000000
0.104248 -0.946045 0.413086 -18.727506 34.709937 -1.525041 193344747446.000000
0.107666 -0.952393 0.413086 -18.788507 34.953944 -1.281035 193344749248.000000
0.106689 -0.948975 0.403809 -18.666504 35.319954 -1.342036 193344751049.000000
0.106934 -0.952393 0.405029 -18.544501 35.502959 -1.281035 193344752850.000000
0.107910 -0.951172 0.406250 -18.727506 35.929970 -0.854023 193344754660.000000
0.101318 -0.946045 0.403076 -18.300494 36.051973 -0.915025 193344756468.000000
0.103027 -0.950928 0.400391 -18.544501 36.356982 -0.976026 193344758271.000000
0.105225 -0.956543 0.396240 -18.422497 37.028000 -0.915025 193344760077.000000
0.101074 -0.953369 0.390137 -18.605502 37.211005 -0.610016 193344761882.000000
0.109375 -0.951660 0.393799 -18.483499 37.516013 -0.610016 193344763686.000000
0.103027 -0.951904 0.387939 -18.544501 37.821021 -0.488013 193344765488.000000
0.112549 -0.953369 0.387451 -18.483499 38.248033 -0.427012 193344767295.000000
0.113037 -0.954590 0.376709 -18.483499 38.919051 -0.427012 193344769103.000000
0.119141 -0.957031 0.375244 -18.361496 39.529067 -0.183005 193344770905.000000
0.116455 -0.957275 0.373535 -18.361496 40.078082 -0.305008 193344772712.000000
0.121582 -0.963623 0.378906 -18.239492 40.749100 -0.122003 193344774514.000000
0.120117 -0.964355 0.369629 -18.788507 40.871104 0.244007 193344776319.000000
0.119141 -0.965576 0.363281 -18.910511 41.542122 0.244007 193344778119.000000
0.123047 -0.967041 0.357666 -18.727506 42.274141 0.427012 193344779920.000000
0.122314 -0.970703 0.357422 -18.727506 42.640151 0.793021 193344781724.000000
0.115967 -0.970215 0.351318 -18.483499 42.823156 0.854023 193344783526.000000
0.116211 -0.979736 0.350830 -18.971512 43.372171 1.220033 193344785327.000000
0.116455 -0.979736 0.348145 -18.849509 43.555176 1.342036 193344787134.000000
0.113281 -0.979736 0.344238 -18.849509 43.738181 1.708046 193344788937.000000
0.109375 -0.979004 0.343018 -19.337522 43.799183 1.891051 193344790738.000000
0.108398 -0.983398 0.336670 -19.398524 43.738181 2.257061 193344792539.000000
0.106445 -0.986084 0.339355 -19.093516 43.799183 2.684072 193344794339.000000
0.104980 -0.985596 0.329834 -19.337522 43.494174 3.050082 193344796141.000000
0.097412 -0.985596 0.323730 -19.459525 43.372171 3.355091 193344797942.000000
0.100830 -0.989990 0.321289 -19.520527 43.128164 3.782102 193344799744.000000
0.098633 -0.990723 0.317627 -19.520527 42.518148 4.087110 193344801545.000000
0.091553 -0.991211 0.322021 -19.276520 42.030135 4.636125 193344803347.000000
0.093262 -0.989990 0.313477 -19.154517 41.420118 4.575124 193344805148.000000
0.088623 -0.990967 0.319336 -18.910511 40.444092 5.368145 193344806952.000000
0.089355 -0.989258 0.311279 -19.154517 39.407064 5.856158 193344808753.000000
0.083008 -0.986328 0.308594 -19.154517 38.370036 6.100165 193344810554.000000
0.081055 -0.994141 0.301514 -19.154517 37.028000 6.588178 193344812355.000000
0.077881 -0.989746 0.307373 -18.971512 35.990972 6.954188 193344814157.000000
0.067627 -0.991699 0.302490 -19.032514 34.587934 7.259196 193344815959.000000
0.074219 -0.987793 0.308350 -18.422497 33.184896 7.747209 193344817761.000000
0.071777 -0.987549 0.304199 -17.934484 31.354847 8.174221 193344819562.000000
0.067627 -0.979248 0.307373 -17.995486 29.585799 8.418227 193344821363.000000
0.060547 -0.983887 0.316406 -17.568474 27.999756 9.028244 193344823168.000000
0.059326 -0.980225 0.317627 -17.141463 25.925700 9.577259 193344824972.000000
0.057373 -0.983643 0.317627 -17.080461 24.217654 9.821265 193344826776.000000
0.055420 -0.981445 0.318604 -16.409443 22.204600 10.065272 193344828581.000000
0.051514 -0.979736 0.322998 -16.043433 20.252547 10.492283 193344830384.000000
0.051270 -0.977539 0.325928 -15.799427 18.422497 10.980296 193344832185.000000
0.048340 -0.973389 0.324463 -15.433417 16.043433 11.651315 193344833987.000000
0.048340 -0.965332 0.330078 -14.823400 13.847374 11.712316 193344835789.000000
0.052246 -0.965576 0.332764 -14.640395 11.651315 12.017324 193344837591.000000
0.041504 -0.963867 0.334473 -14.457390 9.577259 12.444336 193344839392.000000
0.041260 -0.958496 0.335938 -13.847374 7.564204 13.176356 193344841192.000000
0.047607 -0.953125 0.337891 -13.054352 5.185140 13.542366 193344842993.000000
0.045654 -0.949707 0.353516 -12.993351 3.172086 13.847374 193344844795.000000
0.044189 -0.944580 0.354004 -12.627341 0.976026 14.091380 193344846611.000000
0.044434 -0.939209 0.355469 -11.956323 -1.281035 14.823400 193344848412.000000
0.047363 -0.934082 0.352295 -11.956323 -3.294089 14.945404 193344850213.000000
0.050049 -0.933350 0.355713 -11.773318 -5.124138 15.128408 193344852014.000000
0.057373 -0.929688 0.358398 -11.224303 -7.442201 15.433417 193344853816.000000
0.059570 -0.929443 0.353760 -11.041298 -8.967242 15.799427 193344855618.000000
0.065186 -0.925049 0.362305 -10.919295 -10.858293 15.860428 193344857440.000000
0.072510 -0.927002 0.361084 -10.431282 -12.078326 16.043433 193344859243.000000
0.078857 -0.929443 0.360352 -10.736290 -13.420362 16.165436 193344861045.000000
0.084717 -0.928467 0.360107 -10.614287 -14.945404 15.799427 193344862847.000000
0.089111 -0.925049 0.359619 -10.492283 -15.982432 15.799427 193344864648.000000
0.091064 -0.928467 0.357422 -10.004270 -17.141463 15.555420 193344866453.000000
0.101563 -0.931641 0.353516 -9.943268 -17.873483 15.799427 193344868252.000000
0.110107 -0.935791 0.347168 -10.004270 -18.239492 15.921430 193344870054.000000
0.114502 -0.943115 0.345947 -9.760264 -18.666504 15.860428 193344871855.000000
0.118164 -0.943359 0.343994 -9.699262 -18.971512 16.104435 193344873658.000000
0.123291 -0.947998 0.332764 -9.577259 -19.093516 15.921430 193344875459.000000
0.125977 -0.951904 0.339600 -9.455255 -19.032514 16.348441 193344877260.000000
0.130859 -0.951660 0.328857 -9.821265 -19.154517 16.592448 193344879062.000000
0.133301 -0.958252 0.324707 -9.577259 -19.032514 16.348441 193344880863.000000
0.135986 -0.963379 0.325684 -9.455255 -18.605502 16.836455 193344882663.000000
0.134521 -0.967041 0.322998 -9.516257 -18.239492 17.141463 193344884474.000000
0.142578 -0.964111 0.313721 -9.821265 -17.873483 17.263466 193344886280.000000
0.141357 -0.975586 0.306885 -9.699262 -17.629476 17.690478 193344888083.000000
0.142090 -0.982422 0.308594 -9.821265 -17.019460 18.117489 193344889885.000000
0.146729 -0.985840 0.309082 -9.455255 -16.043433 18.544501 193344891686.000000
0.147949 -0.986084 0.308594 -9.455255 -15.616422 19.032514 193344893487.000000
0.145020 -0.987549 0.296387 -9.211249 -15.128408 19.398524 193344895290.000000
0.147949 -0.990479 0.292969 -9.028244 -14.213384 19.764534 193344897092.000000
0.151855 -0.996338 0.293457 -9.028244 -13.176356 20.496553 193344898893.000000
0.150391 -0.994141 0.285400 -9.028244 -12.505338 20.618557 193344900701.000000
0.152100 -0.995850 0.287598 -8.784237 -11.651315 21.228573 193344902502.000000
0.151855 -1.000000 0.279053 -8.418227 -10.858293 21.838590 193344904304.000000
0.153320 -1.001221 0.279297 -8.662234 -9.882267 22.021595 193344906106.000000
0.152100 -1.003418 0.282715 -8.113219 -8.967242 22.509608 193344907907.000000
0.155029 -1.001221 0.271973 -8.235222 -7.930214 23.363631 193344909714.000000
0.151611 -0.999512 0.268799 -8.052217 -6.893186 23.729641 193344911515.000000
0.147461 -1.000488 0.263428 -7.869212 -5.917160 24.095651 193344913316.000000
0.151123 -1.000488 0.268799 -8.052217 -5.002135 24.583664 193344915117.000000
0.149902 -1.000000 0.267578 -7.808211 -3.965107 25.071677 193344916920.000000
0.149658 -0.997559 0.273438 -7.686208 -3.355091 25.254682 193344918722.000000
0.152588 -0.994873 0.268066 -7.259196 -1.952053 25.559690 193344920522.000000
0.145020 -0.992920 0.262939 -7.381199 -0.854023 26.047703 193344922323.000000
0.143799 -0.993408 0.262939 -7.259196 -0.122003 26.291710 193344924124.000000
0.145996 -0.991943 0.262939 -7.076191 0.854023 26.657720 193344925927.000000
0.141602 -0.992432 0.260498 -7.198194 1.891051 26.962728 193344927728.000000
0.142090 -0.991211 0.259277 -7.198194 3.233087 27.145733 193344929530.000000
0.141113 -0.992920 0.267822 -6.649180 4.087110 27.267736 193344931330.000000
0.136963 -0.991943 0.259033 -6.344171 5.063137 27.694748 193344933135.000000
0.139648 -0.988281 0.262939 -6.588178 5.978161 27.755749 193344934937.000000
0.134521 -0.984863 0.254150 -6.527176 7.259196 27.938754 193344936740.000000
0.132813 -0.985596 0.252441 -6.527176 7.930214 27.938754 193344938541.000000
0.130127 -0.987549 0.264893 -6.283170 8.723236 28.243763 193344940343.000000
0.127686 -0.983154 0.253906 -6.344171 10.004270 28.304764 193344942146.000000
0.124268 -0.984619 0.253662 -6.344171 10.919295 28.365766 193344943948.000000
0.120117 -0.984375 0.256836 -6.039163 11.712316 28.426768 193344945753.000000
0.120850 -0.981445 0.255127 -6.222168 12.688343 28.548771 193344947557.000000
0.117920 -0.984619 0.251953 -6.344171 13.847374 28.670774 193344949358.000000
0.109131 -0.986816 0.248291 -6.344171 14.762399 28.853779 193344951163.000000
0.111084 -0.985596 0.250732 -6.588178 15.799427 28.914781 193344952964.000000
0.103516 -0.986084 0.250244 -6.161166 16.470445 28.853779 193344954766.000000
0.093750 -0.984619 0.249512 -6.222168 17.202464 29.097786 193344956569.000000
0.095459 -0.980957 0.247070 -6.466175 17.690478 29.280791 193344958370.000000
0.094727 -0.979736 0.240234 -6.588178 18.849509 29.219789 193344960172.000000
0.090088 -0.984863 0.240967 -7.015189 19.459525 29.219789 193344961974.000000
0.084229 -0.977539 0.244873 -6.954188 20.374550 29.341792 193344963775.000000
0.084961 -0.980225 0.246582 -6.710181 21.106570 29.463796 193344965582.000000
0.080078 -0.979492 0.243896 -6.649180 21.594583 29.585799 193344967390.000000
0.073486 -0.977295 0.247803 -7.015189 22.082596 29.646800 193344969191.000000
0.067383 -0.974609 0.247559 -7.198194 22.448606 29.463796 193344970992.000000
0.058105 -0.970947 0.242188 -7.503203 22.936619 29.585799 193344972793.000000
0.054199 -0.974365 0.236816 -7.686208 23.241628 29.890807 193344974601.000000
0.052734 -0.971680 0.241211 -7.686208 23.363631 30.134814 193344976409.000000
0.045166 -0.979492 0.236572 -7.625206 23.668639 30.012810 193344978207.000000
0.038330 -0.975098 0.231689 -8.296224 23.790642 29.890807 193344980008.000000
0.034424 -0.975342 0.229980 -8.113219 23.790642 30.012810 193344981810.000000
0.025635 -0.970703 0.235107 -8.418227 23.851644 30.195815 193344983611.000000
0.021729 -0.967773 0.231689 -8.540231 23.668639 30.134814 193344985414.000000
0.016846 -0.972412 0.234375 -8.601232 23.668639 29.707802 193344987217.000000
0.011230 -0.973145 0.225586 -8.906240 22.814616 29.951809 193344989018.000000
0.009277 -0.976074 0.227051 -8.967242 22.631611 30.073812 193344990820.000000
0.004639 -0.976074 0.218506 -9.455255 22.021595 29.585799 193344992622.000000
0.002197 -0.976563 0.223145 -9.455255 21.411578 29.646800 193344994423.000000
-0.004883 -0.979004 0.220215 -10.126273 20.252547 29.585799 193344996225.000000
-0.003906 -0.985352 0.215088 -10.248277 20.008540 29.280791 193344998027.000000
-0.009277 -0.984619 0.217285 -10.004270 19.154517 29.036784 193344999830.000000
-0.015625 -0.984619 0.211426 -10.370280 18.483499 28.731776 193345001631.000000
-0.019043 -0.987305 0.212158 -10.492283 17.202464 28.670774 193345003434.000000
-0.013916 -0.993408 0.205078 -10.553285 16.043433 28.304764 193345005235.000000
-0.018799 -0.996094 0.203369 -10.797292 15.189410 28.182761 193345007042.000000
-0.017822 -0.998535 0.203369 -11.346306 14.152382 27.755749 193345008843.000000
-0.014648 -1.006104 0.190918 -11.529311 13.115354 27.145733 193345010644.000000
-0.015381 -1.008789 0.189941 -11.224303 12.017324 27.145733 193345012449.000000
-0.017822 -1.017334 0.186035 -11.224303 10.980296 26.779723 193345014254.000000
-0.020264 -1.016113 0.189941 -11.651315 9.455255 26.291710 193345016057.000000
-0.024902 -1.028320 0.173584 -11.529311 8.784237 26.108705 193345017859.000000
-0.019775 -1.031982 0.176514 -11.773318 7.320198 25.681693 193345019660.000000
-0.021729 -1.032959 0.173340 -11.773318 6.222168 25.437687 193345021462.000000
-0.019287 -1.040283 0.172607 -11.834320 5.002135 25.315684 193345023262.000000
-0.020996 -1.048096 0.164063 -11.956323 3.721100 25.132679 193345025064.000000
-0.019775 -1.053467 0.171875 -12.017324 2.562069 24.766669 193345026867.000000
-0.020508 -1.059814 0.157715 -11.956323 1.220033 24.522662 193345028668.000000
-0.022461 -1.062988 0.157959 -12.017324 0.061002 24.400659 193345030477.000000
-0.021729 -1.066162 0.153320 -12.017324 -1.098030 24.400659 193345032279.000000
-0.023438 -1.071289 0.148438 -12.261331 -2.562069 24.339657 193345034081.000000
-0.021729 -1.076172 0.155762 -12.200329 -3.843104 23.973647 193345035884.000000
-0.016113 -1.084961 0.149902 -12.505338 -4.941133 24.156652 193345037686.000000
-0.019775 -1.086182 0.150635 -12.261331 -6.283170 24.095651 193345039487.000000
-0.018066 -1.085693 0.146484 -12.200329 -7.625206 24.339657 193345041288.000000
-0.019531 -1.085938 0.146729 -12.444336 -8.723236 24.095651 193345043089.000000
-0.015381 -1.086426 0.141846 -12.078326 -10.187275 24.400659 193345044891.000000
-0.012695 -1.092529 0.141113 -12.017324 -11.346306 24.583664 193345046699.000000
-0.010986 -1.087891 0.142090 -12.017324 -12.627341 24.522662 193345048501.000000
-0.010010 -1.090332 0.140869 -12.078326 -13.786372 24.888672 193345050302.000000
-0.010986 -1.087646 0.142334 -12.505338 -15.189410 25.010675 193345052103.000000
-0.008301 -1.086670 0.141113 -12.017324 -16.714451 25.071677 193345053905.000000
-0.006592 -1.086182 0.130615 -11.834320 -17.568474 25.071677 193345055711.000000
-0.001221 -1.080322 0.140137 -11.834320 -19.032514 25.193680 193345057510.000000
0.000244 -1.081299 0.139404 -11.651315 -19.886537 25.254682 193345059311.000000
0.002686 -1.080811 0.136475 -11.651315 -21.106570 25.498688 193345061112.000000
0.003174 -1.075684 0.130127 -11.407308 -22.204600 25.559690 193345062913.000000
0.008545 -1.074219 0.132813 -11.529311 -23.363631 25.620692 193345064713.000000
0.011230 -1.072021 0.134521 -11.285305 -24.339657 25.681693 193345066518.000000
0.012939 -1.071777 0.139160 -11.285305 -25.315684 25.620692 193345068317.000000
0.020996 -1.063721 0.131836 -11.163301 -25.864698 25.742695 193345070122.000000
0.021484 -1.061523 0.129883 -10.980296 -26.779723 25.437687 193345071923.000000
0.025146 -1.058838 0.129395 -10.980296 -27.450741 25.498688 193345073724.000000
0.031982 -1.055664 0.132568 -10.248277 -27.938754 25.376685 193345075530.000000
0.031738 -1.052979 0.128418 -10.431282 -28.487769 25.681693 193345077333.000000
0.035645 -1.048340 0.134033 -9.943268 -29.036784 25.620692 193345079135.000000
0.043213 -1.039795 0.125977 -9.821265 -29.341792 25.803697 193345080939.000000
0.044922 -1.037354 0.120850 -9.882267 -30.012810 25.559690 193345082741.000000
0.054443 -1.031006 0.117432 -9.394254 -30.134814 25.376685 193345084545.000000
0.057861 -1.026123 0.118652 -9.272250 -30.378820 25.315684 193345086351.000000
0.059326 -1.020264 0.122559 -9.028244 -30.683828 25.193680 193345088150.000000
0.068115 -1.015381 0.123291 -8.967242 -30.805832 24.766669 193345089952.000000
0.071533 -1.012695 0.123779 -8.662234 -30.927835 24.766669 193345091753.000000
0.073486 -1.007568 0.128906 -8.662234 -31.049838 24.705667 193345093556.000000
0.074951 -1.002197 0.123047 -8.601232 -30.988837 24.461660 193345095358.000000
0.083252 -0.995850 0.127686 -8.296224 -30.805832 24.522662 193345097160.000000
0.085693 -0.990723 0.124512 -8.296224 -30.500824 24.278656 193345098962.000000
0.088623 -0.986328 0.127930 -8.296224 -30.378820 24.034649 193345100764.000000
0.095215 -0.982910 0.131592 -7.747209 -30.073812 23.912646 193345102566.000000
0.095947 -0.981201 0.126709 -8.052217 -29.890807 23.668639 193345104367.000000
0.094971 -0.974609 0.125000 -7.747209 -29.280791 23.729641 193345106169.000000
0.099365 -0.973877 0.128174 -7.808211 -28.914781 23.363631 193345107970.000000
0.103027 -0.967773 0.126221 -7.625206 -28.487769 23.302629 193345109771.000000
0.105469 -0.960205 0.128174 -7.381199 -27.816751 23.241628 193345111573.000000
0.105713 -0.961182 0.128174 -7.320198 -27.328738 22.936619 193345113374.000000
0.116699 -0.959961 0.132080 -6.954188 -26.779723 22.997621 193345115176.000000
0.111816 -0.958984 0.125000 -6.954188 -26.169707 22.753614 193345116979.000000
0.118896 -0.952148 0.134521 -7.015189 -25.193680 22.082596 193345118781.000000
0.120605 -0.953613 0.124512 -7.015189 -24.278656 22.143598 193345120583.000000
0.120361 -0.953857 0.128418 -7.015189 -24.095651 22.082596 193345122383.000000
0.126953 -0.945801 0.131348 -7.198194 -23.241628 21.655585 193345124185.000000
0.126709 -0.944336 0.130615 -6.893186 -22.509608 21.411578 193345125987.000000
0.125244 -0.944824 0.132324 -6.710181 -21.899591 21.228573 193345127792.000000
0.133301 -0.945801 0.131348 -7.137193 -21.167572 21.106570 193345129593.000000
0.128418 -0.941162 0.131348 -7.015189 -20.435552 20.557555 193345131395.000000
0.131836 -0.940430 0.134521 -7.015189 -20.130544 20.618557 193345133197.000000
0.137207 -0.941162 0.131104 -6.832184 -18.971512 20.374550 193345135579.000000
0.145996 -0.939697 0.131592 -7.259196 -17.995486 19.520527 193345137401.000000
0.143311 -0.943848 0.130859 -7.198194 -17.263466 19.459525 193345139207.000000
0.146240 -0.944092 0.126465 -7.076191 -16.348441 19.154517 193345141010.000000
0.152588 -0.940918 0.133545 -7.442201 -15.616422 18.605502 193345142811.000000
0.151367 -0.945068 0.123779 -7.686208 -14.762399 18.178491 193345144614.000000
0.156738 -0.945801 0.125000 -7.381199 -13.786372 17.995486 193345146420.000000
0.157471 -0.943604 0.128662 -7.564204 -13.115354 17.629476 193345148223.000000
0.157227 -0.949707 0.132324 -7.869212 -12.383334 17.141463 193345150025.000000
0.159912 -0.951660 0.132813 -7.869212 -11.468310 16.470445 193345151825.000000
0.159912 -0.951904 0.126953 -7.930214 -10.614287 16.409443 193345153627.000000
0.165527 -0.958740 0.129150 -7.869212 -9.943268 16.165436 193345155427.000000
0.168457 -0.962646 0.125488 -7.503203 -9.394254 15.433417 193345157230.000000
0.169434 -0.957764 0.123779 -8.052217 -8.479229 15.189410 193345159031.000000
0.167480 -0.961914 0.128662 -7.747209 -7.747209 14.640395 193345160832.000000
0.170410 -0.969482 0.130127 -7.930214 -7.015189 14.152382 193345162634.000000
0.169922 -0.971436 0.120361 -7.869212 -6.283170 13.969377 193345164435.000000
0.167969 -0.972168 0.125732 -8.052217 -5.490148 13.847374 193345166240.000000
0.176025 -0.972412 0.126953 -7.808211 -5.002135 13.420362 193345168040.000000
0.178223 -0.978516 0.127197 -7.808211 -4.026109 12.932349 193345169842.000000
0.178955 -0.981445 0.123535 -8.174221 -3.294089 12.505338 193345171643.000000
0.176270 -0.983643 0.122314 -8.052217 -2.623071 12.383334 193345173444.000000
0.175537 -0.983643 0.125488 -7.869212 -1.830049 12.078326 193345175245.000000
0.178711 -0.982910 0.122070 -8.174221 -0.915025 11.956323 193345177048.000000
0.181396 -0.988037 0.116455 -7.991216 -0.305008 11.712316 193345178849.000000
0.181885 -0.991455 0.124512 -8.052217 0.305008 11.651315 193345180650.000000
0.182861 -0.992188 0.126465 -7.991216 1.403038 11.224303 193345182459.000000
0.179932 -0.992432 0.128174 -8.296224 1.952053 11.102300 193345184260.000000
0.178955 -0.993896 0.116699 -7.991216 2.684072 10.858293 193345186065.000000
0.179199 -0.998535 0.128906 -8.052217 3.721100 10.431282 193345187863.000000
0.178467 -1.000732 0.122559 -8.174221 4.575124 10.431282 193345189665.000000
0.181152 -1.001953 0.114746 -8.174221 5.124138 9.882267 193345191467.000000
0.180176 -1.002197 0.120361 -8.296224 5.734155 9.638260 193345193268.000000
0.180420 -1.002441 0.117188 -8.296224 6.710181 9.638260 193345195079.000000
0.184326 -1.007324 0.116699 -8.357226 7.808211 9.516257 193345196882.000000
0.173584 -1.003174 0.115479 -8.723236 8.540231 8.967242 193345198684.000000
0.175781 -1.012207 0.104248 -8.723236 9.516257 8.662234 193345200485.000000
0.174072 -1.013916 0.102295 -9.028244 10.431282 8.418227 193345202286.000000
0.171875 -1.011719 0.107666 -9.089245 11.285305 8.235222 193345204087.000000
0.173584 -1.012451 0.105713 -9.333252 12.078326 8.052217 193345205899.000000
0.169922 -1.015869 0.105957 -9.455255 13.176356 7.869212 193345207747.000000
0.166260 -1.015381 0.100342 -9.638260 14.213384 7.564204 193345210219.000000
0.163574 -1.016602 0.103271 -9.699262 15.372415 7.076191 193345213137.000000
0.158691 -1.019043 0.100830 -10.309278 16.836455 6.954188 193345216057.000000
0.154297 -1.020508 0.095703 -10.370280 18.239492 6.771183 193345218974.000000
0.149414 -1.026855 0.102539 -10.492283 19.276520 6.222168 193345221889.000000
0.146729 -1.026367 0.108398 -10.675288 20.374550 5.856158 193345224803.000000
0.141357 -1.027588 0.100342 -10.797292 21.716586 5.795156 193345227719.000000
0.129395 -1.027588 0.107422 -11.102300 22.570609 4.941133 193345230635.000000
0.125977 -1.028809 0.101807 -11.163301 23.546636 4.758128 193345233551.000000
0.117920 -1.025146 0.105713 -11.285305 24.034649 4.392119 193345236468.000000
0.117432 -1.028809 0.102295 -11.651315 25.010675 4.026109 193345239383.000000
0.116455 -1.025879 0.104980 -11.773318 25.376685 3.355091 193345242298.000000
0.105957 -1.024170 0.106934 -11.834320 25.925700 3.111084 193345245213.000000
0.097168 -1.026855 0.107178 -12.139328 26.474715 2.440066 193345248139.000000
0.093018 -1.026611 0.106201 -12.139328 26.779723 2.135058 193345251055.000000
0.090332 -1.021484 0.101807 -11.895321 27.084731 1.403038 193345253982.000000
0.084473 -1.031250 0.106445 -12.017324 27.267736 1.037028 193345256905.000000
0.081299 -1.029053 0.111328 -12.261331 27.450741 0.488013 193345259825.000000
0.074219 -1.025146 0.117676 -12.139328 27.816751 0.000000 193345262739.000000
0.075928 -1.026367 0.112793 -12.383334 27.511743 -0.183005 193345265652.000000
0.065674 -1.027588 0.116699 -12.261331 27.755749 -0.793021 193345268612.000000
0.059570 -1.029785 0.119141 -12.322333 27.694748 -1.342036 193345271540.000000
0.059082 -1.027344 0.121338 -12.200329 27.755749 -1.403038 193345274455.000000
0.059082 -1.023438 0.116455 -12.566339 27.877753 -2.013054 193345277386.000000
0.055176 -1.029541 0.120850 -12.627341 27.633746 -2.257061 193345280302.000000
0.054443 -1.030029 0.125977 -12.688343 27.633746 -2.623071 193345283223.000000
0.044922 -1.029053 0.125977 -12.383334 27.755749 -3.172086 193345286156.000000
0.045410 -1.024902 0.122314 -12.322333 27.755749 -3.294089 193345289075.000000
0.043945 -1.025879 0.123779 -12.810346 27.938754 -3.538096 193345291989.000000
0.043701 -1.025391 0.121826 -12.749344 27.938754 -4.087110 193345294904.000000
0.040039 -1.020996 0.123291 -12.871348 27.999756 -4.148112 193345297825.000000
0.040527 -1.022217 0.125488 -12.749344 27.694748 -4.697127 193345300743.000000
0.032227 -1.020264 0.129883 -12.688343 27.572744 -4.697127 193345303672.000000
0.029053 -1.021973 0.128662 -12.566339 28.121759 -5.002135 193345306589.000000
0.026611 -1.024658 0.129883 -12.627341 27.877753 -5.124138 193345309533.000000
0.031494 -1.020752 0.125000 -12.505338 27.816751 -5.612152 193345312448.000000
0.020996 -1.021729 0.129639 -12.139328 27.999756 -5.856158 193345315363.000000
0.020020 -1.021240 0.131592 -11.956323 27.877753 -6.039163 193345318282.000000
0.020264 -1.022705 0.127441 -11.956323 27.877753 -6.222168 193345321196.000000
0.020996 -1.021240 0.124756 -11.712316 27.877753 -6.771183 193345324114.000000
0.013672 -1.024902 0.125488 -11.590313 27.816751 -6.649180 193345327031.000000
0.013672 -1.020752 0.127441 -11.468310 27.755749 -7.076191 193345329946.000000
0.004150 -1.021240 0.128662 -10.980296 27.389740 -7.381199 193345332863.000000
0.005371 -1.020264 0.122803 -10.736290 27.389740 -7.686208 193345335784.000000
0.005615 -1.015381 0.118408 -10.614287 27.023730 -7.747209 193345338699.000000
-0.005615 -1.014648 0.126465 -10.370280 26.962728 -8.235222 193345341612.000000
-0.003662 -1.019287 0.126709 -10.187275 26.779723 -8.296224 193345344526.000000
-0.008545 -1.017578 0.125000 -9.943268 26.474715 -8.357226 193345347452.000000
-0.010986 -1.013672 0.126465 -9.516257 26.047703 -8.784237 193345350369.000000
-0.015137 -1.014404 0.122314 -9.150247 25.620692 -8.906240 193345353292.000000
-0.015869 -1.012939 0.120117 -9.272250 25.132679 -8.967242 193345356214.000000
-0.018555 -1.010742 0.117188 -8.845239 24.217654 -9.028244 193345359133.000000
-0.024170 -1.007568 0.120850 -8.662234 24.095651 -9.394254 193345362047.000000
-0.023926 -1.011963 0.124756 -8.540231 22.997621 -9.699262 193345364963.000000
-0.031494 -1.006836 0.118164 -8.418227 22.326603 -9.821265 193345367891.000000
-0.029053 -1.010010 0.127930 -8.052217 21.777588 -10.004270 193345370806.000000
-0.029785 -1.004883 0.115967 -8.296224 20.435552 -10.126273 193345373722.000000
-0.031494 -1.003418 0.114746 -7.869212 19.764534 -10.004270 193345376643.000000
-0.031982 -1.003418 0.119141 -7.930214 18.971512 -10.492283 193345379557.000000
-0.033203 -1.005615 0.115234 -7.747209 17.812481 -10.370280 193345382473.000000
-0.038574 -1.006348 0.117920 -7.747209 17.080461 -10.431282 193345385387.000000
-0.037842 -1.005127 0.111328 -7.686208 15.860428 -10.553285 193345388312.000000
-0.034180 -1.008545 0.110596 -7.320198 14.579394 -10.614287 193345391228.000000
-0.033447 -1.010010 0.109619 -7.930214 13.908376 -10.614287 193345394143.000000
-0.031982 -1.011963 0.109863 -7.686208 12.627341 -10.736290 193345397062.000000
-0.032471 -1.009766 0.104736 -7.747209 11.590313 -10.858293 193345399977.000000
-0.029297 -1.008057 0.108154 -7.869212 10.431282 -10.675288 193345402891.000000
-0.028809 -1.012939 0.113281 -7.808211 9.455255 -10.431282 193345405808.000000
-0.025635 -1.009521 0.107910 -7.747209 8.357226 -10.797292 193345408748.000000
-0.023926 -1.012207 0.106445 -7.686208 7.503203 -10.675288 193345411664.000000
-0.025391 -1.018311 0.109619 -7.869212 6.344171 -10.675288 193345414584.000000
-0.020508 -1.013916 0.105713 -7.686208 5.429147 -10.736290 193345417501.000000
-0.011719 -1.013672 0.111816 -7.442201 2.867077 -10.309278 193345425235.000000
-0.010254 -1.015625 0.112061 -7.503203 1.769048 -10.309278 193345428384.000000
-0.005371 -1.013916 0.109131 -7.259196 1.159031 -10.065272 193345431346.000000
0.000732 -1.010010 0.114258 -7.381199 0.549015 -10.004270 193345434279.000000
0.003174 -1.011475 0.121582 -7.198194 -0.244007 -9.699262 193345437278.000000
0.007324 -1.012695 0.110352 -7.320198 -1.159031 -9.882267 193345440280.000000
0.007813 -1.004883 0.119385 -7.381199 -1.220033 -9.943268 193345443193.000000
0.014160 -1.008301 0.112061 -7.198194 -2.013054 -9.699262 193345446132.000000
0.017822 -1.007813 0.114502 -7.320198 -2.196059 -9.699262 193345449053.000000
0.023193 -1.003906 0.113281 -7.381199 -2.745074 -9.577259 193345451970.000000
0.027832 -0.999756 0.114746 -7.320198 -2.440066 -9.760264 193345454889.000000
0.029785 -0.999756 0.118164 -7.381199 -2.989081 -9.699262 193345457801.000000
0.030762 -1.000977 0.124023 -7.503203 -2.745074 -9.455255 193345460739.000000
0.035889 -0.994629 0.113037 -7.686208 -3.050082 -9.455255 193345463688.000000
0.036621 -0.998047 0.114014 -7.503203 -2.989081 -9.272250 193345466600.000000
0.034912 -0.997559 0.118164 -8.113219 -2.989081 -9.150247 193345469532.000000
0.035889 -0.999512 0.122314 -7.625206 -3.111084 -8.784237 193345472444.000000
0.035645 -0.995117 0.122314 -7.808211 -2.928079 -8.723236 193345475352.000000
0.034668 -0.995850 0.127441 -7.991216 -3.294089 -8.418227 193345478276.000000
0.037842 -0.996094 0.128906 -8.113219 -3.294089 -8.174221 193345481187.000000
0.034424 -0.997803 0.119629 -8.296224 -3.294089 -7.808211 193345484101.000000
0.038086 -1.000000 0.128662 -7.930214 -3.172086 -7.503203 193345487012.000000
0.040527 -1.000732 0.126709 -8.601232 -3.416092 -7.564204 193345489923.000000
0.037842 -1.001709 0.133545 -8.601232 -3.477094 -7.381199 193345492841.000000
0.036621 -0.999268 0.132080 -8.723236 -3.660099 -7.076191 193345495751.000000
0.042725 -1.000488 0.127930 -9.089245 -3.843104 -7.015189 193345498685.000000
0.043701 -0.999023 0.129150 -8.723236 -3.660099 -6.832184 193345501598.000000
0.044678 -1.000732 0.126465 -8.967242 -4.148112 -6.893186 193345504508.000000
0.052979 -1.003418 0.126465 -8.845239 -3.782102 -6.710181 193345507416.000000
0.058838 -0.999512 0.134521 -9.028244 -3.782102 -6.710181 193345510416.000000
0.059326 -0.993164 0.128174 -8.723236 -3.416092 -6.832184 193345512313.000000
0.060059 -0.997070 0.124023 -8.967242 -3.477094 -6.771183 193345514111.000000
0.063965 -0.996582 0.127197 -9.028244 -3.416092 -6.649180 193345515917.000000
0.061523 -0.994873 0.126465 -9.028244 -2.928079 -7.015189 193345517723.000000
0.063965 -0.990723 0.124023 -9.028244 -2.745074 -6.893186 193345519529.000000
0.066650 -0.994141 0.123291 -8.967242 -2.440066 -6.710181 193345521333.000000
0.068848 -0.994873 0.127930 -9.028244 -1.769048 -6.710181 193345523141.000000
0.067383 -0.996826 0.130127 -9.150247 -1.403038 -6.710181 193345524945.000000
0.068604 -0.993164 0.118652 -8.967242 -1.281035 -6.649180 193345526756.000000
0.065918 -0.990234 0.122803 -8.845239 -0.732020 -6.527176 193345528560.000000
0.072021 -0.989014 0.121338 -8.845239 -0.488013 -6.588178 193345530378.000000
0.075928 -0.994141 0.119141 -8.662234 0.305008 -6.649180 193345532182.000000
0.075439 -0.993652 0.115234 -8.967242 0.549015 -6.466175 193345533990.000000
0.073242 -0.991699 0.117920 -8.967242 0.793021 -6.466175 193345535795.000000
0.072510 -0.989746 0.118652 -9.028244 1.220033 -6.649180 193345537604.000000
0.070801 -0.984863 0.124756 -9.089245 1.952053 -6.222168 193345539408.000000
0.076416 -0.991211 0.123291 -9.028244 2.013054 -6.222168 193345541211.000000
0.076172 -0.989746 0.116699 -9.272250 2.684072 -6.344171 193345543014.000000
0.076660 -0.989258 0.116699 -9.211249 2.806076 -6.161166 193345544817.000000
0.074707 -0.987793 0.117188 -9.394254 3.294089 -6.039163 193345546625.000000
0.071289 -0.988770 0.111084 -9.272250 3.782102 -5.978161 193345548429.000000
0.074951 -0.989502 0.115479 -9.455255 4.087110 -5.856158 193345550233.000000
0.072021 -0.987305 0.117676 -9.272250 4.453120 -5.978161 193345552041.000000
0.069336 -0.989746 0.113037 -9.394254 4.575124 -6.039163 193345553948.000000
0.075928 -0.998047 0.110107 -9.150247 5.063137 -5.612152 193345555896.000000
0.076172 -0.987549 0.110596 -9.272250 5.551150 -5.551150 193345557799.000000
0.070313 -0.987793 0.113037 -9.577259 5.917160 -5.795156 193345559662.000000
0.068848 -0.989746 0.112793 -9.333252 6.039163 -5.490148 193345561467.000000
0.071777 -0.988525 0.107910 -9.516257 6.344171 -5.429147 193345563278.000000
0.073486 -0.990723 0.112305 -9.577259 6.832184 -5.551150 193345565080.000000
0.074219 -0.992676 0.110840 -9.394254 6.954188 -5.429147 193345566886.000000
0.070313 -0.986816 0.101807 -9.760264 7.320198 -5.429147 193345568688.000000
0.074951 -0.987793 0.106689 -9.760264 7.808211 -5.429147 193345570490.000000
0.072021 -0.987061 0.109131 -10.126273 8.052217 -5.490148 193345572294.000000
0.072021 -0.989990 0.101318 -9.699262 8.479229 -5.734155 193345574097.000000
0.074707 -0.990234 0.099365 -10.248277 8.479229 -5.673153 193345575904.000000
0.077148 -0.989746 0.104248 -10.248277 8.845239 -5.551150 193345577706.000000
0.081055 -0.988525 0.108643 -10.187275 9.089245 -5.734155 193345579508.000000
0.074951 -0.991455 0.100586 -10.248277 9.394254 -5.795156 193345581312.000000
0.075439 -0.993896 0.100098 -10.187275 9.516257 -5.734155 193345583118.000000
0.075439 -0.995605 0.094482 -10.309278 9.943268 -5.917160 193345584919.000000
0.077637 -0.993652 0.091309 -10.797292 10.614287 -6.039163 193345586722.000000
0.073730 -0.996094 0.098145 -10.614287 10.797292 -6.100165 193345588523.000000
0.073486 -0.994873 0.099609 -10.736290 10.858293 -6.283170 193345590328.000000
0.075195 -1.000244 0.098145 -10.797292 11.163301 -5.978161 193345592131.000000
0.076904 -0.997803 0.102295 -10.614287 11.407308 -6.283170 193345593932.000000
0.074463 -0.997559 0.101074 -10.858293 11.651315 -5.978161 193345595735.000000
0.077881 -0.998047 0.095215 -11.285305 11.895321 -5.917160 193345597537.000000
0.073730 -0.997803 0.095703 -11.346306 12.200329 -6.161166 193345599344.000000
0.075928 -0.997559 0.092529 -11.102300 12.444336 -6.039163 193345601146.000000
0.073242 -0.998535 0.091064 -11.468310 12.810346 -6.161166 193345602948.000000
0.075928 -1.000732 0.091064 -11.651315 12.932349 -6.161166 193345604749.000000
0.070068 -1.004639 0.091797 -11.590313 13.115354 -5.917160 193345606561.000000
0.073975 -1.000488 0.090332 -11.834320 13.237357 -6.161166 193345608368.000000
0.069824 -1.001709 0.087891 -11.712316 13.664369 -6.100165 193345610170.000000
0.069336 -1.002197 0.087402 -12.078326 13.725371 -6.222168 193345611971.000000
0.067871 -1.005371 0.084473 -11.712316 13.847374 -6.039163 193345613773.000000
0.065674 -1.003906 0.087891 -12.139328 13.908376 -6.100165 193345615574.000000
0.066406 -1.005127 0.091309 -12.139328 14.274385 -6.100165 193345617380.000000
0.062988 -1.003418 0.088623 -12.383334 14.274385 -6.222168 193345619182.000000
0.064453 -0.999756 0.087891 -12.261331 14.396389 -6.100165 193345620984.000000
0.060791 -0.999756 0.088135 -12.566339 14.335387 -5.978161 193345622786.000000
0.061768 -1.004150 0.089844 -12.505338 14.518392 -5.978161 193345624587.000000
0.057617 -1.007324 0.083984 -12.383334 14.457390 -6.222168 193345626393.000000
0.055664 -1.003662 0.092041 -12.749344 14.396389 -5.856158 193345628194.000000
0.060059 -1.006348 0.087158 -12.139328 14.396389 -6.039163 193345629996.000000
0.056396 -1.002930 0.086182 -12.383334 14.823400 -5.978161 193345631798.000000
0.055908 -1.003174 0.086914 -12.627341 14.823400 -6.100165 193345633599.000000
0.053467 -1.003662 0.087402 -12.505338 15.006405 -6.100165 193345635402.000000
0.053223 -1.004639 0.087402 -12.261331 14.762399 -5.917160 193345637209.000000
0.048584 -1.008789 0.085205 -12.383334 14.762399 -5.856158 193345639014.000000
0.049805 -1.007568 0.091309 -12.261331 14.762399 -5.978161 193345640816.000000
0.052490 -1.003418 0.087646 -12.322333 14.518392 -5.795156 193345642617.000000
0.045898 -1.004883 0.084229 -12.383334 14.274385 -5.673153 193345644425.000000
0.046143 -1.003906 0.091797 -12.444336 14.152382 -5.856158 193345646231.000000
0.042725 -1.006348 0.085693 -12.688343 14.274385 -5.673153 193345648032.000000
0.041016 -1.006348 0.085693 -12.444336 13.908376 -5.673153 193345649834.000000
0.040771 -1.002441 0.091064 -12.566339 13.847374 -5.490148 193345651636.000000
0.040771 -1.000244 0.083008 -12.017324 13.603367 -5.185140 193345653439.000000
0.035889 -1.001709 0.090332 -12.444336 13.359361 -5.429147 193345655241.000000
0.039795 -1.003906 0.087646 -12.383334 13.298359 -5.429147 193345657045.000000
0.039063 -1.005859 0.090820 -12.322333 12.749344 -5.307143 193345658846.000000
0.040283 -1.005127 0.092285 -12.505338 12.505338 -5.429147 193345660648.000000
0.035156 -1.009033 0.092529 -12.383334 12.261331 -5.124138 193345662457.000000
0.040527 -1.008301 0.090088 -12.261331 12.322333 -5.368145 193345664258.000000
0.032227 -1.009766 0.088623 -12.444336 11.834320 -5.124138 193345666067.000000
0.036133 -1.010986 0.086426 -12.383334 11.529311 -5.063137 193345667869.000000
