0.122803 -0.972656 0.329834 -6.466175 15.982432 -11.651315 201852096603.000000
0.122803 -0.975586 0.323975 -6.283170 16.348441 -12.200329 201852099518.000000
0.118408 -0.974121 0.321533 -6.405173 16.165436 -11.773318 201852102431.000000
0.126221 -0.973389 0.320068 -6.344171 16.165436 -12.261331 201852105358.000000
0.126465 -0.965576 0.320801 -6.405173 16.287440 -12.627341 201852108270.000000
0.122070 -0.974609 0.313965 -6.527176 16.470445 -12.627341 201852111183.000000
0.122070 -0.971924 0.319092 -6.954188 16.897456 -13.359361 201852114098.000000
0.124512 -0.976563 0.311523 -7.015189 16.775453 -13.481364 201852117014.000000
0.124756 -0.977051 0.306396 -6.954188 17.019460 -13.725371 201852119927.000000
0.125977 -0.981201 0.303711 -7.076191 17.446471 -13.969377 201852122853.000000
0.123779 -0.975830 0.307373 -6.893186 17.202464 -14.396389 201852125772.000000
0.123779 -0.978271 0.301270 -7.198194 17.629476 -14.518392 201852128688.000000
0.123047 -0.981201 0.310303 -7.381199 17.873483 -14.762399 201852131602.000000
0.120361 -0.975830 0.311279 -7.564204 18.056488 -15.128408 201852134577.000000
0.126953 -0.975830 0.307861 -7.869212 18.239492 -15.128408 201852137497.000000
0.118652 -0.975586 0.308105 -8.418227 18.605502 -15.372415 201852140413.000000
0.122314 -0.976074 0.316406 -8.540231 18.239492 -15.555420 201852143327.000000
0.123535 -0.975342 0.314453 -8.967242 18.605502 -15.677423 201852146250.000000
0.121826 -0.972656 0.318359 -8.906240 18.727506 -15.677423 201852149168.000000
0.128662 -0.970703 0.316650 -9.089245 18.910511 -15.738425 201852152086.000000
0.127197 -0.972900 0.317139 -9.638260 18.666504 -16.165436 201852155002.000000
0.127197 -0.975830 0.316650 -9.089245 18.788507 -16.226438 201852158018.000000
0.129883 -0.973633 0.315674 -9.394254 18.910511 -16.348441 201852160939.000000
0.127197 -0.976563 0.314697 -9.638260 19.337522 -16.104435 201852163856.000000
0.129639 -0.971680 0.318604 -9.638260 18.971512 -16.409443 201852166780.000000
0.129639 -0.968994 0.314209 -9.943268 19.032514 -16.226438 201852169700.000000
0.135498 -0.971436 0.325439 -9.760264 19.276520 -16.409443 201852172615.000000
0.134521 -0.974121 0.320313 -9.943268 19.520527 -16.470445 201852175531.000000
0.137939 -0.974365 0.315186 -10.248277 19.398524 -16.958458 201852178445.000000
0.141602 -0.976318 0.315674 -10.309278 19.398524 -17.324468 201852181357.000000
0.144287 -0.974609 0.319336 -10.492283 19.764534 -17.019460 201852184271.000000
0.143799 -0.976074 0.317139 -10.309278 19.825535 -17.446471 201852187188.000000
0.146973 -0.976074 0.311035 -10.431282 20.130544 -17.751479 201852190101.000000
0.147949 -0.980469 0.316895 -10.126273 20.313548 -17.873483 201852193015.000000
0.149658 -0.980469 0.316406 -10.065272 20.557555 -18.361496 201852195932.000000
0.145996 -0.977295 0.316895 -10.126273 20.679558 -18.544501 201852198844.000000
0.153564 -0.981445 0.314453 -9.943268 21.106570 -18.849509 201852201759.000000
0.152588 -0.980225 0.310303 -9.882267 21.106570 -19.032514 201852204674.000000
0.153076 -0.986816 0.303955 -10.187275 21.228573 -19.337522 201852207590.000000
0.157227 -0.986572 0.307617 -9.882267 21.411578 -19.642530 201852210505.000000
0.158936 -0.986328 0.302979 -10.065272 21.594583 -19.459525 201852213418.000000
0.160645 -0.988525 0.296631 -9.882267 21.777588 -19.642530 201852216335.000000
0.161865 -0.991211 0.295410 -10.004270 21.777588 -19.642530 201852219251.000000
0.161621 -0.993164 0.302002 -9.882267 22.143598 -20.069542 201852222165.000000
0.164063 -0.995361 0.294189 -9.943268 22.509608 -20.496553 201852225087.000000
0.172119 -0.996826 0.287842 -10.065272 22.509608 -20.984567 201852228002.000000
0.173096 -0.997314 0.290771 -10.126273 22.814616 -20.862563 201852230916.000000
0.174561 -1.000000 0.288818 -10.248277 22.753614 -21.228573 201852233831.000000
0.182861 -0.998291 0.279785 -10.187275 22.631611 -21.472580 201852236756.000000
0.182861 -1.003418 0.280518 -10.004270 22.814616 -22.082596 201852239670.000000
0.185059 -1.000244 0.277344 -10.431282 22.997621 -22.448606 201852242584.000000
0.186768 -0.998535 0.281006 -10.980296 23.058623 -22.509608 201852245506.000000
0.196533 -0.999023 0.270996 -10.858293 23.790642 -22.936619 201852248431.000000
0.195801 -0.997314 0.276611 -11.346306 23.912646 -23.058623 201852251346.000000
0.199707 -0.998291 0.276123 -11.834320 23.729641 -23.668639 201852254260.000000
0.200439 -0.992920 0.275391 -12.200329 23.973647 -23.607637 201852257185.000000
0.202637 -0.989014 0.270508 -12.810346 24.095651 -24.156652 201852260104.000000
0.206055 -0.988037 0.276367 -13.176356 24.400659 -24.156652 201852263018.000000
0.204346 -0.987549 0.277588 -13.542366 24.522662 -24.766669 201852265941.000000
0.210938 -0.983887 0.273926 -13.969377 24.827670 -24.644665 201852268856.000000
0.208984 -0.981201 0.280518 -14.274385 25.193680 -24.827670 201852271778.000000
0.207764 -0.985107 0.285889 -14.762399 24.949674 -25.071677 201852274706.000000
0.206787 -0.980957 0.281494 -15.128408 25.559690 -25.437687 201852277624.000000
0.208740 -0.979248 0.279297 -15.616422 25.681693 -25.498688 201852280541.000000
0.207031 -0.985840 0.279785 -16.043433 25.742695 -25.437687 201852283456.000000
0.208008 -0.990479 0.292236 -16.470445 26.230708 -25.742695 201852286373.000000
0.208252 -0.989502 0.288086 -16.653450 26.230708 -25.925700 201852289289.000000
0.207031 -0.989990 0.287354 -17.141463 26.352712 -26.169707 201852292204.000000
0.206055 -0.987793 0.288086 -17.141463 26.169707 -25.803697 201852295120.000000
0.204834 -0.989258 0.292725 -17.629476 26.169707 -25.986702 201852298036.000000
0.209717 -0.990234 0.298828 -17.507473 26.230708 -25.925700 201852300950.000000
0.208496 -0.989990 0.288818 -17.507473 25.925700 -26.047703 201852303863.000000
0.207031 -0.986816 0.298096 -17.385469 25.803697 -26.352712 201852306793.000000
0.214600 -0.988037 0.294189 -17.263466 25.742695 -25.803697 201852309709.000000
0.208984 -0.986084 0.298340 -17.507473 25.254682 -26.413713 201852312624.000000
0.212158 -0.982422 0.292480 -17.324468 25.193680 -26.352712 201852315552.000000
0.213867 -0.980469 0.292969 -17.385469 25.071677 -26.779723 201852318472.000000
0.209961 -0.980957 0.289307 -17.446471 25.071677 -26.901726 201852321387.000000
0.213623 -0.972656 0.292725 -17.446471 24.522662 -26.962728 201852324300.000000
0.216064 -0.969971 0.285645 -17.568474 24.217654 -27.145733 201852327224.000000
0.210938 -0.968506 0.287354 -17.324468 24.217654 -27.694748 201852330139.000000
0.214844 -0.968506 0.286865 -17.324468 24.278656 -27.938754 201852333053.000000
0.212646 -0.963623 0.293945 -17.324468 24.705667 -28.060758 201852335973.000000
0.213379 -0.963867 0.295898 -17.446471 24.400659 -28.121759 201852338883.000000
0.209961 -0.961914 0.289795 -16.958458 24.888672 -28.365766 201852341796.000000
0.212402 -0.959473 0.295898 -16.958458 24.766669 -27.816751 201852344712.000000
0.214355 -0.960449 0.298828 -16.714451 25.315684 -28.243763 201852347638.000000
0.216064 -0.955811 0.295898 -16.714451 25.132679 -28.182761 201852350555.000000
0.217285 -0.952148 0.291016 -17.080461 25.254682 -28.304764 201852353471.000000
0.218750 -0.948975 0.282471 -16.897456 25.498688 -28.060758 201852356393.000000
0.217041 -0.946045 0.277832 -17.629476 26.352712 -28.060758 201852359311.000000
0.224121 -0.942139 0.284180 -17.751479 25.864698 -28.365766 201852362231.000000
0.223633 -0.937744 0.280273 -18.239492 25.559690 -28.121759 201852365149.000000
0.230713 -0.940918 0.285889 -18.483499 24.766669 -28.609772 201852368074.000000
0.229248 -0.936768 0.278320 -18.788507 24.461660 -28.365766 201852370990.000000
0.239014 -0.936279 0.283691 -18.971512 24.278656 -28.365766 201852373904.000000
0.237793 -0.939209 0.270996 -18.788507 24.644665 -28.548771 201852376821.000000
0.239990 -0.937744 0.269531 -18.666504 24.888672 -28.243763 201852379735.000000
0.238281 -0.943115 0.274658 -18.971512 25.132679 -28.609772 201852382649.000000
0.242676 -0.936523 0.279541 -18.849509 25.254682 -28.426768 201852385567.000000
0.239258 -0.941895 0.273926 -18.788507 25.559690 -28.548771 201852388484.000000
0.244141 -0.938477 0.277100 -18.788507 25.559690 -28.304764 201852391400.000000
0.248047 -0.941406 0.284424 -18.605502 24.888672 -28.365766 201852394315.000000
0.246826 -0.942627 0.291016 -18.544501 24.583664 -28.365766 201852397230.000000
0.243896 -0.944580 0.292236 -18.361496 24.888672 -28.121759 201852400146.000000
0.249756 -0.947021 0.297852 -17.995486 24.522662 -27.694748 201852403059.000000
0.249756 -0.947266 0.297119 -17.629476 24.766669 -27.877753 201852405974.000000
0.260986 -0.953613 0.301025 -16.958458 24.156652 -27.328738 201852408887.000000
0.263184 -0.955811 0.307617 -16.836455 24.095651 -27.206735 201852411802.000000
0.265869 -0.955322 0.300781 -16.470445 24.400659 -27.267736 201852414715.000000
0.270508 -0.958740 0.301270 -16.165436 24.217654 -27.145733 201852417631.000000
0.281006 -0.961670 0.296875 -15.616422 24.339657 -27.084731 201852420547.000000
0.283691 -0.962402 0.300049 -15.006405 24.583664 -27.145733 201852423461.000000
0.288330 -0.964355 0.301514 -14.579394 24.217654 -27.023730 201852426385.000000
0.287109 -0.963379 0.306152 -14.213384 24.400659 -27.206735 201852429306.000000
0.296387 -0.959717 0.296387 -13.420362 24.278656 -27.267736 201852432221.000000
0.303223 -0.960205 0.297119 -13.054352 23.973647 -27.145733 201852435145.000000
0.303711 -0.956787 0.287354 -12.566339 23.973647 -27.328738 201852438062.000000
0.306396 -0.954102 0.280518 -12.261331 24.034649 -27.267736 201852440976.000000
0.311279 -0.952881 0.278320 -11.712316 23.485634 -27.511743 201852443890.000000
0.318115 -0.947998 0.270996 -11.285305 23.180626 -27.572744 201852446814.000000
0.321533 -0.944092 0.264893 -11.590313 22.387604 -27.389740 201852449729.000000
0.325195 -0.941162 0.261475 -11.224303 21.838590 -27.450741 201852452641.000000
0.325195 -0.941895 0.258301 -11.285305 21.167572 -28.060758 201852455562.000000
0.323730 -0.937744 0.252441 -11.529311 21.167572 -27.694748 201852458486.000000
0.321777 -0.932617 0.258301 -11.529311 20.496553 -27.999756 201852461404.000000
0.324463 -0.933105 0.255371 -12.017324 19.581529 -27.877753 201852464320.000000
0.319580 -0.935059 0.258789 -12.444336 19.337522 -28.060758 201852467239.000000
0.321045 -0.929443 0.254639 -12.261331 18.239492 -27.633746 201852470152.000000
0.317383 -0.928955 0.258789 -12.749344 17.690478 -27.450741 201852473139.000000
0.315674 -0.932373 0.253174 -12.810346 17.568474 -27.206735 201852476058.000000
0.313965 -0.932617 0.259766 -12.688343 17.080461 -27.206735 201852478973.000000
0.310059 -0.936279 0.257568 -12.627341 16.592448 -26.657720 201852481890.000000
0.310791 -0.932861 0.265381 -12.810346 16.043433 -26.230708 201852484803.000000
0.306885 -0.937988 0.261963 -12.505338 15.311413 -26.047703 201852487719.000000
0.311279 -0.935303 0.265381 -12.505338 14.762399 -25.132679 201852490652.000000
0.305176 -0.937988 0.271729 -12.017324 14.518392 -24.461660 201852493566.000000
0.304443 -0.935303 0.268066 -11.468310 14.518392 -24.217654 201852496521.000000
0.302979 -0.933105 0.273438 -11.041298 14.152382 -23.424632 201852499439.000000
0.303467 -0.936768 0.275391 -10.614287 13.603367 -22.753614 201852502353.000000
0.302490 -0.935303 0.281494 -10.614287 12.749344 -22.143598 201852505271.000000
0.294922 -0.940430 0.274902 -10.309278 12.688343 -21.533581 201852508186.000000
0.296875 -0.939453 0.275146 -9.821265 12.444336 -20.984567 201852511100.000000
0.294678 -0.944092 0.271729 -9.516257 12.383334 -20.313548 201852514015.000000
0.295166 -0.944092 0.274658 -9.333252 11.956323 -19.398524 201852516940.000000
0.299316 -0.947998 0.271729 -8.723236 11.895321 -19.276520 201852519855.000000
0.298340 -0.951416 0.267822 -8.174221 11.773318 -18.117489 201852522783.000000
0.295410 -0.951904 0.271729 -7.930214 11.224303 -17.568474 201852525707.000000
0.301758 -0.954834 0.271484 -7.076191 10.980296 -17.202464 201852528625.000000
0.298096 -0.956543 0.268555 -6.954188 10.492283 -16.287440 201852531540.000000
0.297363 -0.952637 0.273193 -6.527176 10.187275 -15.738425 201852534453.000000
0.296631 -0.956299 0.271484 -6.039163 9.455255 -15.189410 201852537378.000000
0.297852 -0.958252 0.268066 -5.795156 9.211249 -14.762399 201852540293.000000
0.301758 -0.957275 0.264893 -5.429147 8.540231 -14.152382 201852543206.000000
0.305420 -0.953125 0.268066 -5.124138 8.357226 -13.420362 201852546127.000000
0.307861 -0.951172 0.269287 -4.758128 7.930214 -13.054352 201852549046.000000
0.307617 -0.952881 0.263916 -4.636125 7.503203 -12.749344 201852551969.000000
0.316406 -0.950195 0.265869 -5.002135 6.771183 -12.017324 201852554889.000000
0.316406 -0.948486 0.267822 -4.636125 6.649180 -11.712316 201852557813.000000
0.317383 -0.948242 0.268311 -5.002135 6.344171 -11.041298 201852560733.000000
0.324707 -0.954102 0.264648 -5.063137 6.283170 -10.675288 201852563647.000000
0.328613 -0.949951 0.268799 -5.124138 6.161166 -10.126273 201852566564.000000
0.330811 -0.950195 0.258545 -5.124138 5.856158 -9.699262 201852569480.000000
0.337402 -0.947266 0.267090 -4.880132 5.490148 -9.333252 201852572395.000000
0.338379 -0.950928 0.262207 -5.063137 5.673153 -8.662234 201852575342.000000
0.343506 -0.950439 0.254639 -4.697127 5.307143 -8.540231 201852578260.000000
0.343750 -0.949951 0.257568 -4.941133 5.246142 -7.564204 201852581174.000000
0.346680 -0.949463 0.269287 -4.575124 5.368145 -6.954188 201852584090.000000
0.347412 -0.948242 0.269775 -4.758128 5.185140 -6.466175 201852587009.000000
0.355713 -0.942627 0.264160 -4.880132 4.819130 -5.856158 201852589923.000000
0.354980 -0.945557 0.268799 -5.124138 5.063137 -5.673153 201852592840.000000
0.356201 -0.942871 0.272217 -5.063137 4.575124 -5.429147 201852595758.000000
0.356934 -0.940186 0.274658 -5.002135 4.880132 -4.758128 201852598672.000000
0.361328 -0.940918 0.276611 -5.246142 4.880132 -4.575124 201852601587.000000
0.357422 -0.942627 0.264404 -5.063137 4.819130 -4.026109 201852604501.000000
0.352783 -0.944580 0.262207 -4.758128 5.551150 -3.416092 201852607417.000000
0.355469 -0.944824 0.259033 -4.270115 5.124138 -3.111084 201852610333.000000
0.354736 -0.945313 0.274658 -3.904105 5.002135 -2.501068 201852613247.000000
0.353027 -0.944092 0.274658 -2.989081 4.392119 -2.379064 201852616165.000000
0.355713 -0.936035 0.274170 -2.928079 4.270115 -2.013054 201852619079.000000
0.357422 -0.934814 0.253418 -2.379064 3.965107 -1.647044 201852621991.000000
0.359131 -0.931396 0.253906 -2.074056 4.087110 -1.281035 201852624905.000000
0.360107 -0.924316 0.250488 -2.379064 4.148112 -0.854023 201852627829.000000
0.361084 -0.917480 0.242188 -2.135058 3.721100 -0.488013 201852630742.000000
0.360107 -0.921143 0.241455 -2.318063 3.782102 -0.793021 201852633656.000000
0.358154 -0.914795 0.232666 -2.135058 3.721100 -0.061002 201852636580.000000
0.359863 -0.911377 0.232422 -2.562069 3.782102 -0.122003 201852639495.000000
0.353760 -0.911621 0.225830 -2.745074 4.148112 0.244007 201852642411.000000
0.350830 -0.911377 0.229736 -3.355091 4.392119 0.793021 201852645339.000000
0.344727 -0.911133 0.233643 -3.416092 4.636125 0.854023 201852648258.000000
0.346436 -0.916016 0.232910 -3.782102 4.758128 1.525041 201852651178.000000
0.346436 -0.917725 0.246338 -4.331117 4.880132 1.891051 201852654092.000000
0.340332 -0.917725 0.245117 -4.697127 4.514122 2.013054 201852657017.000000
0.342041 -0.920654 0.244629 -4.880132 4.331117 2.623071 201852659932.000000
0.339355 -0.920654 0.251221 -5.063137 4.392119 2.867077 201852662847.000000
0.342529 -0.923096 0.253662 -5.124138 3.965107 3.050082 201852665764.000000
0.343262 -0.922119 0.253174 -5.368145 3.843104 3.599097 201852668679.000000
0.341553 -0.926758 0.259033 -5.368145 3.965107 4.148112 201852671592.000000
0.338379 -0.927734 0.255615 -5.490148 3.355091 4.636125 201852674534.000000
0.343018 -0.926758 0.260742 -5.490148 3.111084 5.246142 201852677452.000000
0.338379 -0.927002 0.273193 -5.185140 2.928079 5.307143 201852680368.000000
0.344727 -0.930420 0.270508 -5.185140 2.501068 5.917160 201852683285.000000
0.343750 -0.930664 0.263672 -4.697127 2.379064 6.222168 201852686201.000000
0.339355 -0.926025 0.263184 -4.331117 1.647044 6.588178 201852689114.000000
0.340820 -0.927490 0.267090 -4.026109 1.769048 7.015189 201852692026.000000
0.343262 -0.924561 0.263184 -3.721100 1.525041 7.625206 201852694939.000000
0.342041 -0.930420 0.260986 -3.416092 0.976026 7.137193 201852697855.000000
0.339355 -0.927002 0.259521 -2.989081 0.671018 7.808211 201852700770.000000
0.342529 -0.929199 0.260254 -2.623071 0.122003 7.991216 201852703682.000000
0.339111 -0.918457 0.261230 -2.318063 0.122003 8.418227 201852706600.000000
0.333984 -0.917969 0.254639 -1.891051 -0.488013 8.296224 201852709514.000000
0.332764 -0.916504 0.254150 -1.769048 -0.732020 8.296224 201852712428.000000
0.334473 -0.914795 0.250732 -1.403038 -0.793021 8.906240 201852715350.000000
0.327637 -0.913574 0.243896 -1.281035 -0.793021 8.723236 201852718267.000000
0.327881 -0.913574 0.243652 -1.220033 -1.098030 8.662234 201852721182.000000
0.327148 -0.907471 0.236084 -1.159031 -0.915025 8.845239 201852724096.000000
0.325928 -0.906738 0.236328 -1.403038 -0.732020 8.784237 201852727011.000000
0.330078 -0.908936 0.232666 -1.525041 -0.793021 9.211249 201852729926.000000
0.332764 -0.907715 0.227783 -1.830049 -0.610016 9.089245 201852732840.000000
0.327881 -0.908447 0.226074 -2.135058 -0.244007 8.784237 201852735769.000000
0.333984 -0.909180 0.231445 -2.013054 -0.061002 9.516257 201852738702.000000
0.335449 -0.913574 0.222900 -2.501068 -0.488013 9.333252 201852741616.000000
0.331299 -0.915039 0.224121 -2.440066 -0.244007 9.272250 201852744530.000000
0.336426 -0.919434 0.222168 -2.745074 -0.427012 9.150247 201852747455.000000
0.330811 -0.918701 0.223877 -2.562069 -0.366010 9.394254 201852750376.000000
0.338867 -0.922363 0.230713 -2.867077 -0.610016 9.272250 201852753291.000000
0.338623 -0.922363 0.232422 -2.623071 -0.915025 9.699262 201852756213.000000
0.341553 -0.920898 0.229248 -3.416092 -1.098030 9.333252 201852759131.000000
0.341797 -0.927979 0.237793 -3.660099 -1.464040 9.882267 201852762046.000000
0.346680 -0.927490 0.239258 -3.721100 -1.586043 9.455255 201852764960.000000
0.348145 -0.929199 0.245605 -4.148112 -1.891051 9.882267 201852767916.000000
0.347656 -0.931152 0.240234 -4.087110 -2.013054 9.516257 201852770847.000000
0.350586 -0.933594 0.248291 -4.331117 -1.952053 9.882267 201852773760.000000
0.353271 -0.936035 0.248047 -4.148112 -2.196059 9.760264 201852776678.000000
0.350586 -0.944336 0.244385 -4.331117 -2.257061 10.004270 201852779591.000000
0.345703 -0.941406 0.252441 -3.843104 -2.379064 10.126273 201852782504.000000
0.348877 -0.941895 0.251953 -3.660099 -2.684072 9.760264 201852785422.000000
0.345215 -0.946777 0.256836 -3.172086 -3.233087 9.882267 201852788336.000000
0.344238 -0.937744 0.263428 -2.745074 -3.294089 10.187275 201852791249.000000
0.341309 -0.943359 0.260254 -2.318063 -3.721100 9.638260 201852794163.000000
0.341797 -0.943115 0.260742 -2.135058 -3.294089 9.516257 201852797081.000000
0.344727 -0.941895 0.256592 -1.708046 -3.660099 9.272250 201852799996.000000
0.336182 -0.940918 0.251953 -1.769048 -3.416092 9.455255 201852802911.000000
0.333740 -0.944336 0.254395 -1.647044 -3.904105 9.333252 201852805835.000000
0.334717 -0.942383 0.255615 -1.586043 -3.660099 8.723236 201852808750.000000
0.333496 -0.942627 0.258301 -1.769048 -3.782102 8.723236 201852812750.000000
0.327148 -0.947998 0.260010 -1.769048 -3.660099 8.113219 201852815695.000000
0.327148 -0.950928 0.253174 -1.769048 -3.721100 7.564204 201852818636.000000
0.327881 -0.955078 0.252441 -1.586043 -3.782102 7.259196 201852821556.000000
0.325928 -0.958252 0.249512 -1.769048 -4.026109 7.198194 201852824470.000000
0.326172 -0.954102 0.250732 -1.281035 -4.087110 6.771183 201852827396.000000
0.333740 -0.954834 0.248047 -1.098030 -4.392119 6.283170 201852830311.000000
0.323975 -0.951660 0.252441 -1.403038 -4.392119 6.100165 201852833237.000000
0.326416 -0.954834 0.254395 -1.159031 -4.575124 5.429147 201852836157.000000
0.323730 -0.951660 0.250732 -1.281035 -5.124138 5.673153 201852839073.000000
0.324951 -0.950928 0.259766 -1.098030 -5.063137 5.185140 201852841986.000000
0.323242 -0.950439 0.254395 -1.220033 -4.880132 5.063137 201852844902.000000
0.325439 -0.947266 0.255615 -1.647044 -5.063137 5.002135 201852847835.000000
0.327393 -0.950439 0.254150 -1.220033 -5.063137 4.758128 201852850762.000000
0.327148 -0.953857 0.251953 -1.159031 -4.697127 4.575124 201852853675.000000
0.326172 -0.945801 0.259521 -1.159031 -4.453120 4.453120 201852856610.000000
0.330811 -0.948975 0.261475 -0.854023 -4.392119 4.514122 201852859526.000000
0.328613 -0.947998 0.270752 -0.793021 -4.270115 4.392119 201852862440.000000
0.333984 -0.949951 0.272461 -0.488013 -3.721100 4.819130 201852865367.000000
0.332031 -0.950928 0.276123 -0.610016 -3.538096 4.453120 201852868284.000000
0.331055 -0.950928 0.269043 -0.488013 -3.355091 4.819130 201852871199.000000
0.334961 -0.951660 0.265381 -0.122003 -3.538096 4.758128 201852874113.000000
0.333740 -0.944824 0.266602 -0.061002 -3.477094 4.758128 201852877029.000000
0.334961 -0.943848 0.269531 0.000000 -3.782102 4.758128 201852879955.000000
0.337646 -0.944092 0.267578 -0.183005 -3.660099 4.941133 201852882869.000000
0.336426 -0.937500 0.262451 -0.183005 -4.026109 4.575124 201852885784.000000
0.335205 -0.941406 0.261719 -0.244007 -4.514122 4.819130 201852888700.000000
0.338135 -0.937256 0.246582 -0.427012 -5.124138 4.331117 201852891613.000000
0.339600 -0.935791 0.247314 -0.488013 -5.551150 4.636125 201852894526.000000
0.341064 -0.933594 0.240723 -0.122003 -5.917160 4.453120 201852897441.000000
0.332031 -0.937256 0.239990 0.244007 -4.758128 3.660099 201852900355.000000
0.327393 -0.933838 0.239990 0.427012 -4.880132 3.355091 201852903269.000000
0.331055 -0.934326 0.250244 0.000000 -4.697127 2.867077 201852906185.000000
0.329590 -0.932617 0.251221 0.122003 -4.697127 3.111084 201852909098.000000
0.329834 -0.934570 0.245850 -0.183005 -4.087110 2.135058 201852912010.000000
0.329346 -0.937012 0.255615 -0.854023 -4.636125 1.952053 201852914932.000000
0.329834 -0.928955 0.242432 -0.976026 -4.331117 1.769048 201852917855.000000
0.326904 -0.935791 0.257568 -1.220033 -4.392119 1.464040 201852920771.000000
0.332031 -0.936768 0.265869 -1.037028 -4.575124 1.464040 201852923685.000000
0.333984 -0.938721 0.266357 -0.854023 -4.514122 1.403038 201852926608.000000
0.331299 -0.942871 0.273926 -0.610016 -4.819130 0.976026 201852929522.000000
0.328369 -0.946289 0.276367 -0.427012 -4.697127 1.159031 201852932437.000000
0.333984 -0.942627 0.273193 -0.305008 -4.880132 0.732020 201852935359.000000
0.326660 -0.941162 0.273438 -0.061002 -4.819130 0.854023 201852938278.000000
0.328369 -0.943115 0.271729 0.549015 -4.941133 0.671018 201852941191.000000
0.326660 -0.943115 0.283936 0.549015 -5.063137 0.610016 201852944106.000000
0.332275 -0.940918 0.274170 0.549015 -4.880132 0.549015 201852947031.000000
0.332275 -0.941162 0.267822 0.793021 -4.941133 0.671018 201852949955.000000
0.328613 -0.935303 0.260742 0.915025 -5.246142 0.671018 201852952870.000000
0.328857 -0.937988 0.254150 1.403038 -5.307143 0.671018 201852955791.000000
0.329102 -0.939453 0.249023 1.464040 -5.734155 0.671018 201852958709.000000
0.327881 -0.934082 0.252686 1.586043 -6.222168 0.854023 201852961624.000000
0.330566 -0.933594 0.240723 1.830049 -6.893186 0.854023 201852964538.000000
0.331055 -0.922852 0.236084 1.830049 -7.320198 0.671018 201852967453.000000
0.328857 -0.923340 0.231201 1.769048 -8.296224 0.610016 201852970367.000000
0.326172 -0.923096 0.230957 1.586043 -8.845239 0.488013 201852973282.000000
0.325439 -0.918457 0.224365 1.403038 -9.516257 0.915025 201852976229.000000
0.323730 -0.914307 0.225342 0.488013 -9.943268 0.671018 201852979145.000000
0.322266 -0.911621 0.217041 0.122003 -10.553285 0.915025 201852982067.000000
0.312744 -0.909668 0.219727 -0.488013 -10.736290 0.671018 201852984982.000000
0.314697 -0.912842 0.222412 -1.098030 -11.041298 0.915025 201852987937.000000
0.312988 -0.910156 0.219727 -1.281035 -11.346306 1.098030 201852990851.000000
0.308105 -0.911865 0.223633 -1.830049 -12.078326 1.037028 201852993765.000000
0.304199 -0.912109 0.227295 -2.074056 -12.322333 1.464040 201852996683.000000
0.301270 -0.915283 0.235107 -2.196059 -12.932349 1.220033 201852999596.000000
0.302490 -0.911621 0.236816 -1.952053 -13.359361 1.769048 201853002510.000000
0.298340 -0.911621 0.244385 -1.952053 -14.030379 1.037028 201853005429.000000
0.297852 -0.916992 0.241211 -1.891051 -14.274385 1.830049 201853008343.000000
0.297363 -0.916016 0.244629 -1.464040 -14.396389 1.708046 201853011259.000000
0.299805 -0.916992 0.243408 -1.525041 -15.006405 1.769048 201853014173.000000
0.300049 -0.920166 0.247559 -1.342036 -15.250412 1.952053 201853017091.000000
0.296631 -0.915283 0.249512 -1.220033 -15.738425 2.013054 201853020007.000000
0.291016 -0.922363 0.254150 -0.732020 -16.043433 2.135058 201853022920.000000
0.291016 -0.923096 0.252197 -0.671018 -15.982432 2.196059 201853025839.000000
0.294189 -0.923340 0.245850 -0.732020 -16.043433 2.440066 201853028757.000000
0.290527 -0.923584 0.252197 -0.549015 -16.043433 2.501068 201853031673.000000
0.287354 -0.928955 0.247559 -0.366010 -15.982432 2.440066 201853034588.000000
0.288330 -0.932617 0.254150 -0.610016 -16.043433 2.501068 201853037514.000000
0.285156 -0.937012 0.255859 0.183005 -16.104435 2.745074 201853040429.000000
0.285645 -0.936523 0.254150 -0.061002 -16.470445 2.928079 201853043343.000000
0.286133 -0.937012 0.251221 0.122003 -16.470445 2.684072 201853046264.000000
0.284180 -0.940186 0.254395 0.793021 -16.836455 2.989081 201853049185.000000
0.287354 -0.941162 0.255859 1.037028 -17.202464 3.294089 201853052099.000000
0.284912 -0.935547 0.257324 1.403038 -17.873483 3.294089 201853055012.000000
0.293945 -0.934570 0.252197 1.891051 -17.629476 3.599097 201853057976.000000
0.298828 -0.932861 0.254395 1.830049 -17.873483 3.904105 201853060890.000000
0.295898 -0.936035 0.252930 1.769048 -17.751479 4.026109 201853063817.000000
0.299805 -0.936279 0.248291 1.342036 -17.446471 4.148112 201853066741.000000
0.303223 -0.934326 0.248779 1.342036 -17.446471 4.148112 201853069654.000000
0.306152 -0.936768 0.249268 1.159031 -17.568474 4.270115 201853072569.000000
0.303955 -0.939209 0.254883 1.403038 -17.690478 4.880132 201853075495.000000
0.309082 -0.942383 0.262939 1.708046 -18.056488 5.063137 201853078438.000000
0.306152 -0.939453 0.260986 2.196059 -18.422497 5.246142 201853081366.000000
0.300049 -0.941650 0.262695 2.318063 -18.971512 5.490148 201853084281.000000
0.305908 -0.946045 0.261230 2.928079 -19.032514 5.429147 201853087197.000000
0.308350 -0.951172 0.248291 2.928079 -19.398524 5.856158 201853090112.000000
0.312744 -0.951660 0.253662 3.172086 -19.642530 5.551150 201853093028.000000
0.315430 -0.954346 0.253174 3.172086 -19.825535 5.429147 201853095957.000000
0.318115 -0.961670 0.252197 3.416092 -20.008540 5.429147 201853098872.000000
0.319580 -0.953369 0.252441 3.782102 -20.252547 5.185140 201853101787.000000
0.323730 -0.959229 0.253174 3.660099 -20.496553 4.941133 201853104702.000000
0.326660 -0.963379 0.247314 3.721100 -20.557555 4.575124 201853107617.000000
0.331299 -0.966309 0.242676 4.209114 -20.984567 4.392119 201853110529.000000
0.328613 -0.969971 0.252930 4.148112 -21.289575 4.270115 201853113443.000000
0.333252 -0.969482 0.254639 4.697127 -21.533581 3.721100 201853116361.000000
0.333252 -0.968506 0.250244 4.819130 -21.472580 3.599097 201853119274.000000
0.334473 -0.967041 0.249512 5.185140 -21.533581 3.477094 201853122189.000000
0.330566 -0.967285 0.251709 5.795156 -21.838590 3.111084 201853125112.000000
0.332031 -0.963135 0.237061 6.222168 -21.472580 3.416092 201853128031.000000
0.333252 -0.962158 0.235840 6.893186 -20.557555 3.294089 201853130944.000000
0.312744 -0.961426 0.244385 8.418227 -19.093516 3.904105 201853133857.000000
0.332764 -0.950195 0.252930 7.991216 -20.923565 4.148112 201853136771.000000
0.341797 -0.959717 0.250000 8.113219 -22.753614 4.331117 201853139686.000000
0.365234 -0.955811 0.236572 6.344171 -19.581529 4.270115 201853147389.000000
0.370850 -0.959473 0.239258 5.856158 -20.008540 4.514122 201853150544.000000
0.373535 -0.958496 0.240967 5.551150 -19.276520 4.331117 201853153487.000000
0.367920 -0.965820 0.236328 5.551150 -18.544501 3.782102 201853156422.000000
0.373779 -0.963135 0.246338 5.795156 -19.093516 4.392119 201853159429.000000
0.369629 -0.963623 0.243652 6.588178 -20.008540 4.453120 201853162412.000000
0.366211 -0.964355 0.252686 7.686208 -20.801562 4.331117 201853165331.000000
0.362061 -0.957764 0.250244 8.418227 -21.472580 4.697127 201853168245.000000
0.358887 -0.953369 0.250000 9.333252 -21.655585 5.185140 201853171166.000000
0.355225 -0.954102 0.256348 9.760264 -22.875618 5.063137 201853174096.000000
0.347656 -0.950195 0.248291 9.760264 -22.753614 5.429147 201853177052.000000
0.348389 -0.954102 0.252686 9.760264 -23.058623 5.673153 201853179988.000000
0.347900 -0.955566 0.249268 9.089245 -23.302629 5.429147 201853182911.000000
0.350830 -0.948975 0.249268 9.333252 -23.851644 5.978161 201853185824.000000
0.344727 -0.954590 0.260742 9.272250 -24.095651 5.795156 201853188762.000000
0.342041 -0.949463 0.258301 9.577259 -24.583664 5.856158 201853191686.000000
0.342285 -0.953369 0.264648 9.699262 -24.766669 5.734155 201853194594.000000
0.341064 -0.952148 0.267578 10.553285 -25.315684 5.795156 201853197511.000000
0.339600 -0.959717 0.271973 10.675288 -25.925700 5.551150 201853200420.000000
0.338379 -0.954102 0.281006 11.468310 -26.169707 5.368145 201853203329.000000
0.333984 -0.956299 0.284424 11.712316 -26.230708 5.368145 201853206237.000000
0.331787 -0.955811 0.285645 12.322333 -26.230708 5.368145 201853209152.000000
0.330566 -0.957764 0.287354 12.444336 -25.681693 5.795156 201853212063.000000
0.333496 -0.957275 0.292236 12.322333 -25.132679 5.551150 201853214987.000000
0.330811 -0.959717 0.290771 12.749344 -24.522662 5.551150 201853217943.000000
0.332520 -0.961914 0.288574 12.993351 -23.668639 5.429147 201853220854.000000
0.339355 -0.964111 0.293457 13.237357 -23.119624 5.856158 201853223763.000000
0.336914 -0.964600 0.293945 13.054352 -22.387604 6.161166 201853226696.000000
0.343262 -0.964600 0.292480 13.481364 -21.960593 6.100165 201853229623.000000
0.356934 -0.959961 0.295898 13.237357 -20.923565 6.771183 201853232540.000000
0.365479 -0.959717 0.288818 13.054352 -20.008540 7.137193 201853235460.000000
0.366699 -0.963135 0.288086 12.932349 -19.154517 7.198194 201853238380.000000
0.376465 -0.960938 0.287598 12.688343 -18.849509 8.357226 201853241296.000000
0.382080 -0.963135 0.281982 12.871348 -17.995486 8.845239 201853244210.000000
0.384277 -0.960449 0.279785 13.054352 -17.995486 9.028244 201853247137.000000
0.387451 -0.960693 0.283203 13.298359 -18.178491 9.638260 201853250054.000000
0.389893 -0.960938 0.279297 13.664369 -18.422497 10.370280 201853252969.000000
0.391357 -0.957764 0.283936 14.091380 -18.727506 10.431282 201853255895.000000
0.390137 -0.958008 0.281982 14.762399 -19.276520 11.285305 201853258837.000000
0.392334 -0.955811 0.280273 14.945404 -19.825535 11.590313 201853261753.000000
0.393799 -0.954102 0.279785 15.006405 -19.825535 12.078326 201853264675.000000
0.392090 -0.947266 0.274414 14.945404 -20.191545 11.773318 201853267595.000000
0.387695 -0.946045 0.279297 15.067407 -20.435552 12.017324 201853270519.000000
0.385010 -0.940674 0.273926 15.067407 -20.862563 12.322333 201853273447.000000
0.376953 -0.930908 0.280029 15.128408 -20.923565 11.956323 201853276373.000000
0.373779 -0.930908 0.281250 15.067407 -20.984567 11.773318 201853279379.000000
0.369873 -0.925537 0.289307 15.250412 -21.411578 11.712316 201853282301.000000
0.362061 -0.925537 0.285645 14.945404 -20.984567 11.590313 201853285222.000000
0.354248 -0.925781 0.286377 15.677423 -20.984567 11.102300 201853288138.000000
0.348633 -0.920410 0.290283 15.799427 -20.923565 10.980296 201853291063.000000
0.340332 -0.914063 0.287598 15.860428 -20.740560 11.102300 201853293979.000000
0.329834 -0.917236 0.290771 15.982432 -20.557555 11.224303 201853296897.000000
0.324951 -0.916748 0.290039 16.714451 -20.191545 11.163301 201853299826.000000
0.319336 -0.914551 0.290039 16.653450 -19.947539 11.773318 201853302747.000000
0.314941 -0.918945 0.277100 17.263466 -19.581529 11.468310 201853305666.000000
0.314453 -0.914063 0.278076 17.324468 -19.459525 11.712316 201853308575.000000
0.306396 -0.913330 0.274170 17.385469 -18.849509 11.956323 201853311482.000000
0.303711 -0.913818 0.271484 17.263466 -18.971512 12.444336 201853314391.000000
0.298096 -0.914795 0.276367 17.629476 -18.239492 12.932349 201853317385.000000
0.295410 -0.914795 0.267090 17.446471 -18.300494 13.298359 201853320504.000000
0.295654 -0.910889 0.272461 17.019460 -18.361496 14.213384 201853323574.000000
0.291992 -0.908447 0.266113 16.897456 -17.629476 14.396389 201853326606.000000
0.291016 -0.906494 0.263916 16.531446 -17.385469 14.884402 201853329542.000000
0.286133 -0.903564 0.253418 16.287440 -17.202464 15.555420 201853332474.000000
0.287354 -0.905762 0.267090 15.799427 -17.202464 16.470445 201853335390.000000
0.282959 -0.903564 0.247803 15.067407 -16.836455 17.507473 201853338298.000000
0.279297 -0.901123 0.252930 14.823400 -16.348441 18.056488 201853341206.000000
0.282227 -0.895752 0.248047 14.091380 -16.287440 19.276520 201853344114.000000
0.279053 -0.894531 0.251709 13.969377 -16.287440 19.703532 201853347032.000000
0.284668 -0.891602 0.241455 13.359361 -16.226438 20.252547 201853349950.000000
0.281738 -0.885742 0.240967 12.932349 -16.287440 20.740560 201853352866.000000
0.281982 -0.885498 0.237061 12.627341 -15.921430 21.350576 201853355784.000000
0.281494 -0.878906 0.238281 12.017324 -15.677423 21.838590 201853358690.000000
0.280273 -0.876221 0.234619 10.980296 -15.372415 22.326603 201853361598.000000
0.280762 -0.872070 0.234619 10.675288 -15.250412 22.692613 201853364504.000000
0.276855 -0.862549 0.235352 9.882267 -14.884402 23.302629 201853367419.000000
0.275391 -0.857666 0.240234 9.577259 -14.030379 23.119624 201853370338.000000
0.271484 -0.851807 0.241211 8.723236 -14.274385 23.973647 201853373254.000000
0.271973 -0.848633 0.232178 8.235222 -13.481364 23.607637 201853376177.000000
0.272705 -0.846191 0.227051 7.503203 -13.054352 23.851644 201853379094.000000
0.264160 -0.842285 0.232666 6.954188 -12.383334 24.583664 201853382008.000000
0.260498 -0.848145 0.235352 6.344171 -11.895321 24.827670 201853384924.000000
0.259277 -0.849365 0.223145 5.490148 -11.163301 25.437687 201853387844.000000
0.256348 -0.853271 0.226318 4.758128 -10.370280 25.803697 201853390768.000000
0.256348 -0.859863 0.224121 3.904105 -9.333252 26.047703 201853393676.000000
0.249756 -0.867432 0.233643 3.294089 -8.906240 26.474715 201853396593.000000
0.249512 -0.875000 0.229004 2.928079 -8.235222 26.413713 201853399510.000000
0.249268 -0.883057 0.235352 2.867077 -7.503203 26.901726 201853402426.000000
0.244141 -0.887939 0.242188 2.806076 -6.954188 26.962728 201853405344.000000
0.241211 -0.895996 0.240234 3.050082 -7.137193 26.901726 201853408258.000000
0.237305 -0.898193 0.247803 2.989081 -6.893186 27.023730 201853411165.000000
0.237549 -0.899414 0.246094 2.867077 -6.527176 27.328738 201853414071.000000
0.236328 -0.908203 0.243652 2.806076 -6.283170 27.267736 201853416988.000000
0.234375 -0.908691 0.244141 2.562069 -6.649180 27.206735 201853419904.000000
0.236084 -0.915527 0.240479 2.562069 -6.710181 26.474715 201853422825.000000
0.228516 -0.918457 0.242188 2.318063 -6.771183 27.023730 201853425747.000000
0.234375 -0.917480 0.239258 1.159031 -7.503203 26.840725 201853428665.000000
0.236816 -0.928711 0.228027 1.464040 -7.320198 25.864698 201853431578.000000
0.237305 -0.928223 0.247314 1.342036 -6.466175 25.925700 201853434493.000000
0.225830 -0.929688 0.248535 0.976026 -5.551150 25.559690 201853437419.000000
0.213379 -0.933350 0.265381 0.671018 -6.100165 25.864698 201853440345.000000
0.211914 -0.939209 0.269043 0.122003 -5.917160 25.071677 201853443260.000000
0.201172 -0.944824 0.259277 -0.061002 -6.100165 24.644665 201853446182.000000
0.200684 -0.958740 0.267334 -1.098030 -5.978161 24.400659 201853449102.000000
0.197998 -0.968750 0.264893 -1.769048 -6.344171 24.217654 201853452022.000000
0.195068 -0.986084 0.263916 -2.135058 -6.100165 24.034649 201853454935.000000
0.187744 -1.007813 0.274902 -2.379064 -6.100165 23.424632 201853457852.000000
0.187500 -1.025391 0.266113 -2.928079 -5.795156 23.119624 201853460768.000000
0.182617 -1.049561 0.267578 -3.111084 -5.612152 22.387604 201853463680.000000
0.191895 -1.067139 0.268555 -3.050082 -5.978161 22.265601 201853466606.000000
0.189209 -1.081543 0.273926 -3.111084 -6.161166 20.984567 201853469521.000000
0.196045 -1.095215 0.275146 -3.416092 -6.222168 20.618557 201853472446.000000
0.195801 -1.108887 0.279541 -3.416092 -6.283170 19.520527 201853475365.000000
0.198730 -1.126465 0.284180 -3.294089 -6.527176 18.422497 201853478278.000000
0.194580 -1.131836 0.305176 -2.806076 -7.076191 17.507473 201853481198.000000
0.195801 -1.136719 0.313721 -2.745074 -8.296224 16.897456 201853484113.000000
0.196045 -1.146240 0.319580 -2.928079 -8.174221 16.226438 201853487042.000000
0.189453 -1.150879 0.320557 -3.294089 -8.113219 15.311413 201853489959.000000
0.177734 -1.154785 0.316406 -3.416092 -8.418227 14.762399 201853492873.000000
0.166260 -1.146484 0.331055 -2.379064 -9.150247 14.945404 201853495789.000000
0.143311 -1.147949 0.335938 -1.952053 -8.479229 14.518392 201853498716.000000
0.127686 -1.136475 0.334961 -1.586043 -8.113219 14.579394 201853501629.000000
0.114990 -1.137207 0.338623 -0.610016 -7.808211 14.884402 201853504544.000000
0.095215 -1.127441 0.343262 0.061002 -7.564204 15.860428 201853507460.000000
0.078125 -1.119873 0.333496 1.281035 -6.893186 15.921430 201853510373.000000
0.051514 -1.108154 0.337402 2.440066 -6.283170 16.226438 201853513287.000000
0.041504 -1.098877 0.334229 3.355091 -5.673153 17.141463 201853516203.000000
0.028564 -1.095215 0.330078 4.331117 -5.246142 17.995486 201853519122.000000
0.014648 -1.082520 0.326172 5.002135 -4.331117 18.361496 201853522046.000000
0.007080 -1.076660 0.327148 5.307143 -3.843104 19.520527 201853524961.000000
0.000244 -1.065430 0.319824 5.612152 -2.989081 20.313548 201853527935.000000
-0.001465 -1.055664 0.323730 5.917160 -2.440066 21.289575 201853530852.000000
-0.000488 -1.048828 0.323486 6.039163 -1.464040 22.936619 201853533766.000000
-0.007324 -1.042969 0.317871 6.405173 -0.854023 24.217654 201853536691.000000
-0.003418 -1.035645 0.328369 6.771183 -0.427012 25.437687 201853539607.000000
-0.009766 -1.033691 0.335205 7.442201 -0.610016 26.291710 201853542521.000000
-0.004883 -1.021484 0.334473 8.296224 0.000000 27.450741 201853545444.000000
0.000244 -1.017578 0.338135 8.967242 -0.305008 28.182761 201853548363.000000
-0.001953 -1.003418 0.344971 10.126273 -0.488013 29.280791 201853551277.000000
0.003174 -1.000000 0.347656 10.919295 -1.464040 30.378820 201853554191.000000
0.013672 -0.991455 0.346924 12.200329 -1.220033 30.439822 201853557123.000000
0.017334 -0.990723 0.341553 13.115354 -1.830049 30.927835 201853560037.000000
0.025391 -0.981689 0.343018 14.213384 -2.318063 31.110840 201853562952.000000
0.028320 -0.976807 0.339600 14.762399 -3.416092 31.110840 201853565876.000000
0.033936 -0.970459 0.343994 15.372415 -3.904105 30.744830 201853568795.000000
0.038574 -0.967773 0.331055 16.165436 -4.453120 30.683828 201853571711.000000
0.041504 -0.962158 0.324463 16.531446 -4.697127 30.317819 201853574631.000000
0.048096 -0.960449 0.328125 16.897456 -5.124138 29.524797 201853577549.000000
0.046875 -0.954590 0.320557 17.507473 -5.307143 29.219789 201853580463.000000
0.052979 -0.953857 0.320557 17.446471 -5.795156 28.487769 201853583383.000000
0.051270 -0.952881 0.318848 17.385469 -6.283170 27.938754 201853586306.000000
0.057129 -0.947266 0.310059 17.202464 -6.405173 27.328738 201853589221.000000
0.059326 -0.950439 0.313721 17.202464 -6.527176 26.352712 201853592142.000000
0.064697 -0.949707 0.312256 16.775453 -7.015189 25.254682 201853595089.000000
0.067139 -0.946777 0.309326 16.470445 -7.320198 24.278656 201853598008.000000
0.066650 -0.945557 0.306152 16.226438 -7.686208 23.424632 201853600922.000000
0.063965 -0.948486 0.305908 15.677423 -7.747209 23.058623 201853603837.000000
0.058838 -0.944092 0.298584 15.372415 -7.808211 22.326603 201853606753.000000
0.058350 -0.952148 0.298584 14.762399 -8.235222 22.265601 201853609669.000000
0.055176 -0.956299 0.296631 14.335387 -8.296224 21.472580 201853612583.000000
0.061768 -0.962402 0.297119 13.786372 -8.845239 20.801562 201853615500.000000
0.058838 -0.967773 0.296143 13.298359 -9.821265 20.191545 201853618415.000000
0.060791 -0.967041 0.289795 12.932349 -10.187275 19.093516 201853621329.000000
0.060791 -0.964844 0.270996 11.834320 -11.041298 18.239492 201853624243.000000
0.055176 -0.967041 0.276367 11.102300 -11.346306 17.751479 201853627160.000000
0.051025 -0.967285 0.273926 9.638260 -11.651315 16.531446 201853630074.000000
0.048828 -0.961182 0.272461 9.150247 -12.627341 16.226438 201853632988.000000
0.048828 -0.958496 0.273682 7.869212 -12.932349 15.555420 201853635905.000000
0.049072 -0.951904 0.267090 7.259196 -13.481364 14.579394 201853638819.000000
0.043701 -0.954102 0.266113 5.856158 -14.457390 13.969377 201853641735.000000
0.043213 -0.948242 0.266357 4.453120 -15.128408 13.664369 201853644657.000000
0.039307 -0.952393 0.264160 3.233087 -15.128408 13.176356 201853647582.000000
0.033447 -0.957764 0.260986 1.769048 -15.433417 12.932349 201853650496.000000
0.026367 -0.956787 0.253662 0.122003 -15.555420 12.749344 201853653411.000000
0.024170 -0.953613 0.261719 -1.037028 -15.250412 12.139328 201853656327.000000
0.018799 -0.953857 0.262451 -1.952053 -15.433417 12.505338 201853659242.000000
0.007324 -0.957031 0.266113 -2.684072 -14.640395 12.017324 201853662163.000000
0.001709 -0.958984 0.264893 -3.355091 -14.091380 12.871348 201853665085.000000
-0.003906 -0.969238 0.268799 -3.538096 -13.664369 12.810346 201853667999.000000
-0.013916 -0.969727 0.282715 -3.721100 -12.932349 13.176356 201853670914.000000
-0.018799 -0.975586 0.291016 -4.148112 -12.932349 13.786372 201853673835.000000
-0.016602 -0.979248 0.297119 -4.392119 -12.993351 14.091380 201853676753.000000
-0.012451 -0.988525 0.292236 -3.904105 -12.688343 14.152382 201853679673.000000
-0.012451 -0.983887 0.289795 -3.965107 -12.871348 14.274385 201853682596.000000
-0.015381 -0.994385 0.287354 -3.599097 -12.505338 14.091380 201853685513.000000
-0.020020 -0.994873 0.289795 -3.233087 -12.200329 14.152382 201853688430.000000
-0.016113 -1.001709 0.296387 -2.745074 -12.017324 14.640395 201853691345.000000
-0.018799 -1.003418 0.291016 -2.013054 -11.529311 14.518392 201853694259.000000
-0.018555 -1.003906 0.295166 -1.159031 -11.224303 14.640395 201853697183.000000
-0.017090 -0.999512 0.293213 -0.549015 -10.614287 14.762399 201853700097.000000
-0.018799 -1.002686 0.303711 0.549015 -10.248277 15.555420 201853703011.000000
-0.017822 -1.006592 0.306396 1.098030 -9.272250 15.677423 201853705928.000000
-0.021240 -0.999268 0.302246 2.013054 -9.699262 16.165436 201853708840.000000
-0.023438 -0.996826 0.301758 2.440066 -9.394254 16.714451 201853711754.000000
-0.025391 -0.995361 0.311768 2.928079 -8.845239 16.958458 201853714688.000000
-0.025391 -0.991455 0.307129 2.745074 -8.601232 17.324468 201853717604.000000
-0.026367 -0.988037 0.307129 3.050082 -8.235222 17.751479 201853720519.000000
-0.022217 -0.984375 0.312500 3.233087 -7.930214 18.178491 201853723436.000000
-0.027100 -0.977539 0.308350 3.843104 -7.503203 18.178491 201853726358.000000
-0.020020 -0.981445 0.309326 4.209114 -6.893186 18.178491 201853729276.000000
-0.022461 -0.975342 0.310303 5.246142 -6.893186 18.117489 201853732192.000000
-0.022461 -0.976563 0.314209 5.490148 -6.832184 18.117489 201853735113.000000
-0.017090 -0.971191 0.313721 5.917160 -7.076191 17.751479 201853738032.000000
-0.015137 -0.967285 0.307861 6.344171 -6.649180 17.873483 201853740946.000000
-0.010254 -0.968750 0.311768 6.344171 -7.137193 17.507473 201853743860.000000
-0.000488 -0.966553 0.315918 6.649180 -6.954188 17.385469 201853746791.000000
-0.000488 -0.963623 0.309082 6.710181 -7.076191 16.897456 201853749705.000000
-0.002441 -0.964111 0.306396 6.344171 -7.198194 16.409443 201853752617.000000
-0.000244 -0.971924 0.306152 6.954188 -7.320198 15.921430 201853755539.000000
0.008301 -0.968506 0.302002 7.198194 -8.052217 15.494418 201853758455.000000
0.011475 -0.969971 0.306152 7.076191 -8.174221 14.762399 201853761373.000000
0.013916 -0.967285 0.302002 6.893186 -8.235222 14.030379 201853764293.000000
0.015625 -0.967529 0.294189 7.137193 -8.235222 13.359361 201853767217.000000
0.015381 -0.963623 0.300537 7.076191 -8.174221 12.566339 201853770133.000000
0.017578 -0.963379 0.289063 6.771183 -8.357226 12.139328 201853773054.000000
0.020020 -0.968750 0.298096 7.015189 -7.930214 11.346306 201853775972.000000
0.022949 -0.963379 0.293457 6.527176 -8.174221 10.431282 201853778887.000000
0.023438 -0.966553 0.286865 6.161166 -7.930214 9.882267 201853781806.000000
0.020020 -0.971191 0.291992 6.100165 -7.930214 9.272250 201853784721.000000
0.024414 -0.969727 0.288086 5.307143 -7.808211 8.906240 201853787638.000000
0.019531 -0.974609 0.289063 5.368145 -7.381199 8.296224 201853790552.000000
0.025146 -0.972168 0.292725 5.063137 -7.869212 7.625206 201853793465.000000
0.021240 -0.973145 0.291016 5.368145 -7.503203 6.771183 201853796381.000000
0.022461 -0.971191 0.298340 5.124138 -7.625206 6.344171 201853799295.000000
0.021973 -0.979736 0.292969 5.124138 -8.052217 5.673153 201853802211.000000
0.028320 -0.985596 0.294678 4.819130 -7.869212 4.880132 201853805128.000000
0.028320 -0.987305 0.294434 4.026109 -7.442201 4.941133 201853808041.000000
0.025146 -0.989258 0.298584 3.477094 -7.381199 4.087110 201853810954.000000
0.026611 -0.995850 0.300537 3.172086 -7.503203 3.660099 201853813867.000000
0.027344 -0.999268 0.308594 2.989081 -7.564204 3.111084 201853816784.000000
0.027832 -1.003906 0.310547 2.928079 -7.686208 2.867077 201853819697.000000
0.024414 -1.006592 0.308350 2.989081 -7.747209 2.501068 201853822613.000000
0.021240 -1.012695 0.308105 2.745074 -7.503203 2.135058 201853825536.000000
0.024170 -1.009521 0.315186 2.867077 -7.381199 1.830049 201853828454.000000
0.027832 -1.013672 0.304443 2.562069 -7.259196 1.403038 201853831367.000000
0.019531 -1.013672 0.312500 2.867077 -7.076191 1.159031 201853834281.000000
0.015137 -1.011719 0.316650 2.928079 -6.954188 1.037028 201853837206.000000
0.016846 -1.007813 0.316162 3.172086 -7.137193 0.549015 201853840121.000000
0.016846 -1.006836 0.312500 2.989081 -6.832184 0.183005 201853843035.000000
0.010498 -1.006592 0.308838 3.172086 -6.466175 0.549015 201853845957.000000
0.004395 -1.002441 0.313965 3.172086 -6.344171 -0.122003 201853848875.000000
0.004395 -1.000977 0.317871 3.477094 -6.466175 -0.061002 201853851789.000000
-0.000977 -0.995850 0.315918 3.111084 -5.856158 -0.183005 201853854703.000000
0.001221 -0.991699 0.313232 3.416092 -5.795156 0.244007 201853857626.000000
-0.004395 -0.992920 0.314453 3.172086 -5.368145 0.427012 201853860541.000000
-0.003418 -0.986084 0.313721 3.172086 -5.246142 0.488013 201853863454.000000
-0.005371 -0.979248 0.311279 3.172086 -4.819130 0.671018 201853866372.000000
-0.003906 -0.986328 0.314209 3.355091 -4.636125 0.854023 201853869286.000000
-0.007324 -0.983154 0.310547 3.477094 -4.392119 1.281035 201853872201.000000
-0.002930 -0.973877 0.313965 3.355091 -4.148112 1.159031 201853875118.000000
-0.001709 -0.976318 0.313721 3.599097 -3.965107 1.342036 201853878034.000000
-0.006836 -0.969482 0.309814 3.904105 -3.477094 1.525041 201853880957.000000
-0.005615 -0.966553 0.314209 3.843104 -3.233087 1.891051 201853883872.000000
-0.000244 -0.959717 0.315918 4.026109 -3.355091 2.135058 201853886786.000000
0.003906 -0.954590 0.313232 4.087110 -2.867077 2.135058 201853889700.000000
0.010498 -0.953857 0.309082 3.843104 -2.440066 2.074056 201853892616.000000
0.013672 -0.947998 0.308105 3.965107 -2.318063 2.257061 201853895532.000000
0.013916 -0.942139 0.306152 3.904105 -2.318063 2.623071 201853898448.000000
0.020752 -0.943848 0.310059 3.660099 -2.013054 2.806076 201853901362.000000
0.021729 -0.938965 0.307129 3.843104 -1.952053 2.684072 201853904278.000000
0.025879 -0.934814 0.304688 3.660099 -1.830049 3.050082 201853907193.000000
0.029541 -0.929688 0.307373 3.538096 -1.647044 3.050082 201853910105.000000
0.038574 -0.934326 0.312988 3.538096 -1.464040 2.867077 201853913018.000000
0.040039 -0.927734 0.310791 3.294089 -1.220033 3.294089 201853915944.000000
0.045898 -0.929443 0.314697 3.355091 -0.976026 3.111084 201853918872.000000
