0.249023 -0.950195 -0.143555 1.525041 -21.472580 -4.941133 173731142639.000000
0.248535 -0.953369 -0.140137 2.135058 -22.082596 -5.124138 173731145554.000000
0.248535 -0.953125 -0.135498 1.830049 -22.631611 -5.063137 173731148469.000000
0.243652 -0.953857 -0.134521 2.135058 -22.936619 -5.185140 173731151384.000000
0.251709 -0.956299 -0.130371 2.257061 -22.936619 -5.124138 173731154316.000000
0.243896 -0.952148 -0.131592 2.257061 -23.729641 -5.429147 173731157232.000000
0.245605 -0.950439 -0.133545 2.501068 -24.095651 -5.368145 173731160145.000000
0.249512 -0.948975 -0.137207 2.867077 -24.339657 -5.490148 173731163067.000000
0.255859 -0.945313 -0.131836 2.684072 -24.766669 -5.307143 173731165986.000000
0.248047 -0.944580 -0.129883 2.684072 -24.705667 -5.063137 173731168898.000000
0.249756 -0.938721 -0.131836 2.684072 -24.949674 -5.124138 173731171814.000000
0.252686 -0.941406 -0.130127 2.318063 -24.583664 -5.429147 173731174739.000000
0.253418 -0.941406 -0.128418 2.562069 -25.010675 -5.307143 173731177654.000000
0.250488 -0.937988 -0.133545 2.379064 -24.949674 -5.307143 173731180574.000000
0.261719 -0.935303 -0.131104 2.318063 -24.644665 -5.490148 173731183490.000000
0.252197 -0.934570 -0.128418 2.013054 -24.400659 -5.307143 173731186404.000000
0.252197 -0.934082 -0.132813 2.013054 -24.522662 -5.490148 173731189317.000000
0.250732 -0.936768 -0.128418 1.769048 -24.095651 -5.124138 173731192237.000000
0.254150 -0.939453 -0.129883 1.586043 -23.973647 -5.368145 173731195157.000000
0.255859 -0.939941 -0.133057 1.403038 -23.607637 -5.124138 173731198070.000000
0.255615 -0.946289 -0.127930 1.586043 -23.363631 -5.124138 173731200983.000000
0.254883 -0.948242 -0.131104 1.586043 -23.180626 -4.941133 173731203901.000000
0.259766 -0.948486 -0.127930 1.159031 -22.631611 -5.002135 173731206815.000000
0.260254 -0.950928 -0.131592 1.464040 -22.204600 -5.002135 173731209729.000000
0.255615 -0.952148 -0.131104 1.281035 -22.326603 -5.063137 173731212646.000000
0.254883 -0.954346 -0.132080 1.159031 -22.204600 -5.002135 173731215561.000000
0.251221 -0.955078 -0.139160 1.464040 -22.387604 -4.819130 173731218476.000000
0.252197 -0.954590 -0.137451 1.342036 -22.814616 -4.636125 173731221390.000000
0.249512 -0.959229 -0.135254 1.647044 -23.058623 -4.575124 173731224306.000000
0.247803 -0.959229 -0.131592 1.891051 -23.546636 -4.697127 173731227220.000000
0.249756 -0.960938 -0.131104 2.013054 -24.156652 -4.636125 173731230134.000000
0.245361 -0.961914 -0.133545 2.257061 -24.949674 -4.392119 173731233050.000000
0.245605 -0.962646 -0.134766 2.379064 -25.559690 -3.965107 173731235964.000000
0.247070 -0.966309 -0.136475 3.050082 -26.535716 -4.270115 173731238879.000000
0.242920 -0.965820 -0.140137 3.233087 -27.084731 -4.087110 173731241793.000000
0.248047 -0.966553 -0.133545 3.538096 -28.487769 -3.782102 173731244709.000000
0.250244 -0.964355 -0.135986 3.904105 -29.097786 -4.087110 173731247631.000000
0.249023 -0.962891 -0.137451 4.331117 -29.890807 -4.148112 173731250551.000000
0.248047 -0.959473 -0.130859 4.636125 -30.622827 -3.843104 173731253476.000000
0.249756 -0.959473 -0.131836 4.819130 -30.988837 -3.599097 173731256388.000000
0.251465 -0.952637 -0.143066 4.697127 -31.415848 -3.416092 173731259301.000000
0.254883 -0.945068 -0.139404 5.124138 -31.171842 -3.111084 173731262218.000000
0.257324 -0.942383 -0.135254 4.514122 -30.805832 -2.623071 173731265131.000000
0.261475 -0.936523 -0.134766 4.880132 -30.378820 -2.257061 173731268044.000000
0.266602 -0.933105 -0.142334 4.392119 -28.975782 -2.013054 173731270958.000000
0.269287 -0.928955 -0.136963 4.087110 -28.426768 -2.013054 173731273884.000000
0.271973 -0.922852 -0.139648 3.477094 -27.084731 -1.586043 173731276800.000000
0.272461 -0.919434 -0.139648 2.989081 -25.681693 -1.525041 173731279713.000000
0.272949 -0.916504 -0.137451 2.501068 -24.339657 -1.220033 173731282634.000000
0.272461 -0.912598 -0.131836 2.074056 -22.814616 -1.525041 173731285553.000000
0.275391 -0.911865 -0.136963 1.281035 -21.533581 -0.671018 173731288468.000000
0.270996 -0.912842 -0.134033 1.037028 -19.947539 -0.549015 173731291383.000000
0.268066 -0.910156 -0.135986 0.244007 -18.849509 -0.610016 173731294309.000000
0.271240 -0.912598 -0.128174 0.000000 -17.995486 -0.366010 173731297224.000000
0.272949 -0.908691 -0.129395 -0.915025 -16.897456 0.122003 173731300153.000000
0.271484 -0.913818 -0.139648 -1.037028 -15.799427 0.061002 173731303143.000000
0.270020 -0.915283 -0.140137 -1.159031 -15.616422 0.244007 173731306061.000000
0.268311 -0.917725 -0.133301 -1.586043 -14.640395 0.122003 173731308977.000000
0.262695 -0.918213 -0.135986 -1.586043 -14.335387 0.427012 173731311891.000000
0.260986 -0.916260 -0.139648 -1.708046 -14.274385 0.671018 173731314850.000000
0.256592 -0.924561 -0.133301 -1.403038 -14.030379 0.305008 173731317765.000000
0.258301 -0.920654 -0.138672 -1.586043 -14.640395 0.305008 173731320683.000000
0.252686 -0.918945 -0.137207 -1.525041 -14.640395 0.732020 173731323599.000000
0.253662 -0.926758 -0.138916 -0.915025 -15.006405 0.610016 173731326513.000000
0.255615 -0.928467 -0.139160 -1.037028 -15.372415 0.549015 173731329431.000000
0.257080 -0.930664 -0.145508 -0.427012 -15.677423 0.549015 173731332352.000000
0.259033 -0.927734 -0.148438 0.061002 -16.104435 0.610016 173731335264.000000
0.256592 -0.936768 -0.141846 0.305008 -16.897456 0.732020 173731338177.000000
0.263672 -0.929688 -0.147461 0.549015 -16.836455 0.427012 173731341090.000000
0.261475 -0.928955 -0.144043 0.854023 -16.897456 0.793021 173731344012.000000
0.259766 -0.933105 -0.139648 1.281035 -16.897456 0.732020 173731346927.000000
0.263184 -0.927734 -0.147705 1.647044 -17.019460 0.854023 173731349847.000000
0.266357 -0.924805 -0.145264 1.647044 -16.531446 1.098030 173731352771.000000
0.271240 -0.926270 -0.151123 1.647044 -15.555420 1.586043 173731355695.000000
0.270508 -0.924805 -0.150635 1.830049 -15.128408 1.586043 173731358608.000000
0.278564 -0.918457 -0.152100 1.891051 -14.762399 1.830049 173731361527.000000
0.279541 -0.917969 -0.151611 1.647044 -13.420362 1.830049 173731364453.000000
0.280029 -0.918457 -0.148438 1.525041 -12.200329 2.135058 173731367366.000000
0.282227 -0.917969 -0.150391 1.403038 -11.224303 2.318063 173731370280.000000
0.282227 -0.912842 -0.151855 1.220033 -9.943268 2.623071 173731373202.000000
0.283936 -0.910889 -0.153076 0.854023 -8.235222 2.684072 173731376120.000000
0.280029 -0.911133 -0.155029 0.488013 -7.320198 2.989081 173731379034.000000
0.285156 -0.905518 -0.156982 -0.244007 -6.039163 3.111084 173731381949.000000
0.278320 -0.903320 -0.156006 0.000000 -4.575124 3.294089 173731384905.000000
0.282959 -0.901855 -0.164795 -1.098030 -3.538096 3.599097 173731387819.000000
0.277832 -0.902100 -0.161377 -1.037028 -3.233087 4.087110 173731390734.000000
0.275146 -0.898438 -0.165283 -1.769048 -1.769048 3.538096 173731393660.000000
0.278076 -0.900391 -0.168945 -2.318063 -1.342036 4.026109 173731396573.000000
0.269775 -0.897705 -0.173584 -2.440066 -0.610016 3.904105 173731399492.000000
0.268555 -0.901123 -0.165283 -2.867077 -0.610016 3.965107 173731402408.000000
0.261719 -0.903076 -0.175293 -3.111084 -0.305008 4.087110 173731405322.000000
0.265381 -0.905762 -0.176514 -3.233087 -0.671018 3.965107 173731408235.000000
0.264404 -0.903809 -0.170410 -3.599097 -0.854023 3.965107 173731411148.000000
0.265381 -0.905029 -0.178467 -3.477094 -1.098030 4.148112 173731414063.000000
0.257324 -0.908936 -0.176025 -3.477094 -1.769048 4.087110 173731416976.000000
0.260254 -0.915283 -0.181885 -3.538096 -2.562069 4.087110 173731419891.000000
0.261475 -0.916748 -0.179932 -3.416092 -2.745074 4.392119 173731422807.000000
0.259521 -0.917236 -0.180176 -3.538096 -3.477094 4.026109 173731425729.000000
0.262207 -0.923096 -0.175293 -3.172086 -4.331117 4.270115 173731428645.000000
0.260254 -0.928955 -0.185791 -2.989081 -4.941133 4.636125 173731431559.000000
0.257324 -0.931152 -0.181396 -2.867077 -5.185140 4.575124 173731434476.000000
0.262695 -0.937256 -0.183594 -2.989081 -5.795156 4.941133 173731437393.000000
0.265381 -0.935547 -0.184814 -2.562069 -6.466175 5.246142 173731440305.000000
0.269775 -0.936768 -0.193115 -2.440066 -6.771183 5.185140 173731443224.000000
0.288574 -0.941895 -0.185547 -2.074056 -6.100165 4.575124 173731446139.000000
0.281250 -0.938232 -0.185059 -1.952053 -6.161166 5.124138 173731449059.000000
0.274414 -0.946777 -0.183594 -1.647044 -5.551150 5.246142 173731451974.000000
0.273926 -0.945068 -0.181641 -1.281035 -5.246142 5.734155 173731454932.000000
0.278809 -0.946289 -0.191162 -1.708046 -4.697127 6.283170 173731457847.000000
0.279541 -0.945313 -0.192383 -1.708046 -4.514122 6.466175 173731460763.000000
0.282715 -0.949951 -0.182129 -1.647044 -4.209114 7.198194 173731463679.000000
0.291016 -0.952148 -0.184570 -1.708046 -4.575124 7.198194 173731466597.000000
0.296631 -0.953613 -0.186523 -1.647044 -3.904105 7.930214 173731469509.000000
0.295166 -0.956055 -0.185547 -1.464040 -3.965107 7.930214 173731472430.000000
0.298096 -0.954102 -0.189941 -1.281035 -3.172086 8.540231 173731475347.000000
0.299561 -0.953857 -0.186035 -1.220033 -2.745074 8.845239 173731478263.000000
0.297607 -0.952637 -0.195068 -1.464040 -1.342036 8.906240 173731481175.000000
0.299072 -0.955322 -0.191650 -1.342036 -0.915025 9.211249 173731484114.000000
0.293701 -0.954590 -0.196289 -1.586043 -0.061002 9.760264 173731487028.000000
0.298340 -0.953613 -0.195557 -2.135058 1.281035 9.821265 173731489942.000000
0.300293 -0.950684 -0.197510 -2.440066 2.074056 10.065272 173731492992.000000
0.299805 -0.948730 -0.199707 -2.562069 2.074056 10.248277 173731495915.000000
0.303467 -0.953369 -0.197998 -2.928079 3.599097 10.492283 173731498841.000000
0.305664 -0.950928 -0.200195 -3.416092 4.209114 10.980296 173731501756.000000
0.302979 -0.948975 -0.196777 -3.843104 4.392119 10.736290 173731504703.000000
0.298584 -0.944092 -0.197266 -4.270115 5.124138 10.980296 173731507623.000000
0.299561 -0.944580 -0.195313 -4.453120 5.246142 11.102300 173731510545.000000
0.301514 -0.941406 -0.198486 -4.941133 5.612152 11.407308 173731513463.000000
0.297852 -0.939941 -0.198486 -5.063137 5.429147 11.346306 173731516377.000000
0.294922 -0.940674 -0.200439 -5.612152 5.246142 11.529311 173731519291.000000
0.293701 -0.937744 -0.197021 -5.795156 4.880132 11.651315 173731522208.000000
0.288330 -0.935547 -0.196289 -5.978161 4.575124 11.590313 173731525123.000000
0.290771 -0.928711 -0.196045 -6.466175 3.660099 11.529311 173731528038.000000
0.289063 -0.924561 -0.198975 -6.466175 3.172086 11.468310 173731530953.000000
0.286865 -0.922119 -0.196533 -6.832184 2.074056 11.285305 173731533871.000000
0.286377 -0.916260 -0.197266 -6.893186 1.342036 10.919295 173731536784.000000
0.294678 -0.912842 -0.195557 -7.381199 0.305008 10.614287 173731539699.000000
0.285400 -0.906982 -0.190430 -7.808211 -0.549015 10.187275 173731542615.000000
0.288086 -0.904297 -0.192383 -8.113219 -1.525041 9.821265 173731545537.000000
0.290039 -0.898926 -0.190674 -8.357226 -2.440066 9.516257 173731548454.000000
0.293213 -0.895264 -0.195068 -8.784237 -3.050082 9.455255 173731551367.000000
0.290283 -0.895752 -0.196533 -9.028244 -3.233087 9.089245 173731554292.000000
0.293457 -0.896240 -0.195313 -9.333252 -4.087110 8.967242 173731557208.000000
0.296875 -0.895996 -0.192871 -10.004270 -3.599097 9.028244 173731560121.000000
0.298096 -0.898193 -0.195068 -10.126273 -3.904105 8.662234 173731563042.000000
0.304443 -0.895752 -0.191406 -10.431282 -4.087110 8.540231 173731565960.000000
0.304199 -0.898926 -0.189453 -10.797292 -3.965107 8.296224 173731568874.000000
0.305420 -0.898193 -0.191162 -10.858293 -3.477094 7.991216 173731571788.000000
0.309082 -0.895752 -0.183350 -11.041298 -3.355091 7.686208 173731574713.000000
0.309326 -0.896240 -0.186523 -11.224303 -2.440066 7.503203 173731577629.000000
0.310547 -0.895020 -0.185547 -11.468310 -1.647044 7.259196 173731580546.000000
0.315918 -0.895508 -0.186523 -11.529311 -1.098030 7.259196 173731583471.000000
0.317871 -0.891357 -0.182373 -11.895321 0.244007 7.015189 173731586391.000000
0.317627 -0.891113 -0.180420 -12.017324 1.220033 7.198194 173731589309.000000
0.319580 -0.887451 -0.181885 -12.322333 2.196059 7.137193 173731592231.000000
0.317627 -0.891357 -0.177979 -12.261331 3.416092 7.320198 173731595149.000000
0.321289 -0.887207 -0.171631 -12.383334 4.819130 7.442201 173731598063.000000
0.321289 -0.882568 -0.178711 -12.871348 6.771183 7.564204 173731600983.000000
0.325195 -0.881348 -0.175537 -12.871348 8.052217 7.747209 173731603929.000000
0.320801 -0.874268 -0.171631 -13.481364 10.126273 7.808211 173731606845.000000
0.321045 -0.877441 -0.181885 -13.664369 11.468310 7.808211 173731609759.000000
0.320557 -0.876709 -0.171143 -13.786372 13.237357 8.113219 173731612677.000000
0.316406 -0.875244 -0.168213 -13.786372 14.396389 8.418227 173731615589.000000
0.321289 -0.872559 -0.163574 -13.786372 16.226438 8.113219 173731618503.000000
0.318604 -0.871582 -0.160645 -13.847374 17.446471 8.235222 173731621415.000000
0.320313 -0.869385 -0.166748 -13.908376 18.300494 7.869212 173731624332.000000
0.321777 -0.872314 -0.159668 -14.213384 20.008540 7.320198 173731627248.000000
0.323975 -0.867920 -0.160645 -14.152382 20.679558 7.442201 173731630162.000000
0.322510 -0.871338 -0.154297 -14.274385 21.350576 7.198194 173731633077.000000
0.314697 -0.868896 -0.154541 -14.091380 22.326603 7.442201 173731635991.000000
0.309814 -0.868164 -0.157471 -14.030379 22.814616 7.869212 173731638904.000000
0.305908 -0.875244 -0.151611 -13.847374 23.546636 8.601232 173731641818.000000
0.296143 -0.873291 -0.156982 -13.908376 24.888672 9.272250 173731644736.000000
0.304443 -0.877930 -0.153564 -13.847374 26.291710 9.516257 173731647651.000000
0.306885 -0.878662 -0.156250 -13.786372 27.511743 10.187275 173731650565.000000
0.304199 -0.884033 -0.156738 -13.725371 28.426768 10.065272 173731653491.000000
0.305908 -0.888916 -0.155762 -13.725371 30.012810 10.004270 173731656405.000000
0.305908 -0.893066 -0.153076 -13.786372 30.622827 9.943268 173731659320.000000
0.304688 -0.889404 -0.150146 -13.603367 31.476850 10.065272 173731662241.000000
0.305420 -0.890137 -0.152832 -13.054352 32.147868 9.821265 173731665158.000000
0.308105 -0.898193 -0.159668 -13.298359 32.818886 9.882267 173731669167.000000
0.301270 -0.903076 -0.151611 -13.054352 33.367901 9.577259 173731672137.000000
0.303711 -0.907959 -0.154053 -12.261331 33.611908 9.455255 173731675060.000000
0.304688 -0.915039 -0.156006 -11.834320 33.550906 9.455255 173731677976.000000
0.300293 -0.918701 -0.160400 -11.468310 33.428903 9.821265 173731680890.000000
0.302979 -0.923584 -0.168457 -10.980296 33.184896 9.577259 173731683806.000000
0.302246 -0.928955 -0.166016 -10.248277 33.001891 9.089245 173731686722.000000
0.301270 -0.935303 -0.165039 -9.516257 33.367901 9.272250 173731689634.000000
0.305664 -0.937256 -0.174072 -9.089245 33.001891 9.272250 173731692555.000000
0.302002 -0.941162 -0.176758 -8.235222 32.208870 9.211249 173731695473.000000
0.300781 -0.940430 -0.181396 -7.564204 32.391875 9.211249 173731698386.000000
0.307373 -0.943115 -0.187256 -6.954188 31.903861 8.601232 173731701300.000000
0.302490 -0.943848 -0.185547 -6.466175 31.171842 8.601232 173731704251.000000
0.298096 -0.943359 -0.185303 -5.917160 30.866833 8.418227 173731707171.000000
0.295898 -0.941406 -0.190918 -5.063137 29.829805 7.747209 173731710085.000000
0.295166 -0.941162 -0.190674 -4.880132 29.463796 7.564204 173731713001.000000
0.291016 -0.941406 -0.197998 -4.331117 28.365766 7.442201 173731715918.000000
0.290039 -0.944824 -0.198242 -3.782102 27.328738 6.771183 173731718832.000000
0.285156 -0.942627 -0.197998 -3.660099 25.803697 6.405173 173731721745.000000
0.286865 -0.947998 -0.195557 -2.928079 24.766669 5.917160 173731724663.000000
0.274170 -0.948486 -0.197754 -2.806076 22.875618 5.673153 173731727576.000000
0.277100 -0.947510 -0.200928 -2.318063 20.801562 5.002135 173731730490.000000
0.271240 -0.951660 -0.197998 -2.013054 19.276520 4.514122 173731733413.000000
0.270752 -0.947510 -0.196289 -1.342036 16.592448 3.904105 173731736326.000000
0.264160 -0.949951 -0.197510 -0.854023 14.274385 3.111084 173731739243.000000
0.261963 -0.949463 -0.201416 -0.671018 12.078326 2.867077 173731742159.000000
0.256836 -0.952148 -0.200439 -0.244007 9.577259 1.891051 173731745073.000000
0.258545 -0.952393 -0.203125 0.061002 7.381199 1.342036 173731747987.000000
0.260254 -0.952393 -0.197510 -0.122003 5.124138 0.793021 173731750901.000000
0.263184 -0.947754 -0.197754 0.305008 2.501068 0.244007 173731753828.000000
0.258545 -0.947021 -0.199219 0.488013 0.488013 -0.549015 173731756743.000000
0.261475 -0.945313 -0.202881 0.427012 -2.013054 -0.915025 173731759656.000000
0.260986 -0.942139 -0.199219 0.366010 -4.148112 -1.525041 173731762578.000000
0.261475 -0.937988 -0.198486 0.122003 -6.039163 -2.623071 173731765495.000000
0.260986 -0.940674 -0.197266 -0.061002 -7.686208 -2.806076 173731768408.000000
0.262939 -0.942627 -0.197754 -0.061002 -9.943268 -3.111084 173731771321.000000
0.267578 -0.946289 -0.194336 -0.183005 -11.529311 -3.355091 173731774245.000000
0.266602 -0.950195 -0.197021 -0.427012 -13.115354 -4.026109 173731777158.000000
0.270020 -0.952637 -0.194824 -0.488013 -14.457390 -3.965107 173731780071.000000
0.270508 -0.957275 -0.199219 -0.427012 -15.738425 -4.270115 173731782992.000000
0.273193 -0.958740 -0.197021 -0.366010 -16.836455 -4.514122 173731785912.000000
0.273926 -0.960205 -0.193604 -0.427012 -17.690478 -4.697127 173731788838.000000
0.276855 -0.966553 -0.196533 -0.244007 -18.483499 -4.697127 173731791751.000000
0.279785 -0.966064 -0.195801 -0.183005 -18.788507 -4.575124 173731794689.000000
0.282471 -0.968018 -0.195068 0.061002 -18.849509 -4.758128 173731797605.000000
0.284180 -0.968018 -0.196533 0.488013 -19.398524 -4.392119 173731800518.000000
0.285156 -0.968506 -0.190430 0.427012 -18.849509 -4.575124 173731803436.000000
0.291992 -0.971191 -0.189941 0.732020 -18.788507 -4.026109 173731806380.000000
0.295166 -0.965576 -0.195557 0.915025 -17.751479 -4.148112 173731809302.000000
0.298584 -0.964111 -0.196777 0.732020 -17.080461 -3.660099 173731812237.000000
0.298828 -0.964111 -0.194092 1.342036 -15.921430 -3.538096 173731815150.000000
0.302246 -0.957275 -0.188232 1.098030 -15.006405 -3.050082 173731818064.000000
0.309570 -0.953857 -0.188721 1.464040 -13.603367 -3.111084 173731820978.000000
0.307129 -0.950928 -0.192627 1.403038 -11.956323 -2.562069 173731823893.000000
0.305664 -0.950684 -0.190430 1.586043 -10.553285 -2.562069 173731826819.000000
0.311279 -0.945313 -0.182373 1.586043 -8.784237 -1.769048 173731829734.000000
0.304443 -0.944580 -0.184326 1.281035 -7.015189 -1.525041 173731832651.000000
0.307129 -0.945557 -0.188232 1.403038 -5.063137 -1.281035 173731835564.000000
0.311279 -0.947754 -0.187988 1.647044 -3.538096 -0.915025 173731838477.000000
0.304932 -0.949463 -0.182373 1.281035 -1.586043 -0.488013 173731841401.000000
0.304932 -0.951660 -0.181152 1.403038 -0.061002 -0.122003 173731844316.000000
0.306641 -0.953857 -0.177246 1.220033 1.647044 0.000000 173731847237.000000
0.307129 -0.954346 -0.187256 1.464040 3.050082 0.732020 173731850151.000000
0.300781 -0.958984 -0.181641 1.281035 4.819130 0.793021 173731853072.000000
0.301758 -0.957520 -0.187988 1.342036 5.978161 1.281035 173731855989.000000
0.303711 -0.960693 -0.186768 1.220033 7.198194 1.586043 173731858902.000000
0.300537 -0.962646 -0.182373 1.403038 8.540231 1.952053 173731861822.000000
0.298828 -0.964111 -0.185791 1.098030 10.309278 2.562069 173731864748.000000
0.294922 -0.964600 -0.189697 1.342036 11.224303 2.989081 173731867662.000000
0.294434 -0.968018 -0.181152 1.220033 12.444336 3.538096 173731870577.000000
0.295410 -0.975830 -0.183350 1.403038 13.115354 3.660099 173731873503.000000
0.297119 -0.974365 -0.185547 1.220033 14.091380 4.270115 173731876425.000000
0.297363 -0.978271 -0.191895 1.403038 14.335387 4.209114 173731879338.000000
0.294922 -0.977539 -0.188232 1.647044 15.311413 4.575124 173731882260.000000
0.290039 -0.975830 -0.187256 1.525041 15.616422 4.758128 173731885177.000000
0.290771 -0.976074 -0.191406 1.647044 15.616422 5.185140 173731888091.000000
0.290283 -0.974121 -0.185791 1.769048 15.921430 5.429147 173731891005.000000
0.290283 -0.973389 -0.196045 1.952053 15.677423 5.734155 173731893930.000000
0.285889 -0.974854 -0.189453 1.830049 15.738425 5.368145 173731896843.000000
0.286621 -0.980225 -0.195313 2.196059 14.945404 6.222168 173731899759.000000
0.283203 -0.980469 -0.194580 2.440066 14.762399 6.039163 173731902676.000000
0.282471 -0.979492 -0.187744 2.440066 14.396389 6.222168 173731905620.000000
0.280518 -0.974854 -0.194580 2.623071 13.481364 5.551150 173731908535.000000
0.276367 -0.974365 -0.200439 2.745074 13.054352 5.612152 173731911449.000000
0.276611 -0.972168 -0.193359 3.111084 12.200329 4.941133 173731914364.000000
0.278809 -0.971680 -0.191650 3.477094 11.163301 4.758128 173731917277.000000
0.283447 -0.967773 -0.186279 3.416092 10.126273 4.087110 173731920191.000000
0.277344 -0.968262 -0.187988 3.660099 9.455255 3.843104 173731923106.000000
0.282227 -0.965820 -0.185303 3.721100 8.357226 3.172086 173731926019.000000
0.278076 -0.956543 -0.180176 4.148112 7.442201 2.257061 173731928931.000000
0.285889 -0.956543 -0.182861 4.148112 7.015189 2.257061 173731931853.000000
0.285156 -0.958496 -0.181641 4.331117 6.344171 1.403038 173731934767.000000
0.286377 -0.949707 -0.178955 4.453120 5.795156 1.342036 173731937682.000000
0.283203 -0.954346 -0.174561 4.209114 6.039163 0.915025 173731940597.000000
0.288086 -0.950928 -0.175537 4.514122 6.039163 0.549015 173731943519.000000
0.285889 -0.952637 -0.180420 4.392119 6.344171 0.122003 173731946438.000000
0.289063 -0.953125 -0.181152 4.087110 6.771183 -0.610016 173731949353.000000
0.289795 -0.955322 -0.180664 3.965107 7.625206 -0.915025 173731952273.000000
0.297852 -0.958496 -0.175049 3.843104 7.808211 -2.013054 173731955191.000000
0.293945 -0.956787 -0.180420 3.843104 7.930214 -2.684072 173731958104.000000
0.294434 -0.958984 -0.172119 3.660099 8.296224 -3.538096 173731961018.000000
0.291992 -0.961182 -0.176270 3.660099 8.296224 -4.087110 173731963943.000000
0.290771 -0.962158 -0.178711 3.660099 7.625206 -4.880132 173731966858.000000
0.290283 -0.963623 -0.179199 3.538096 7.564204 -5.612152 173731969772.000000
0.285400 -0.963379 -0.178467 3.477094 7.320198 -6.405173 173731972694.000000
0.284668 -0.968262 -0.179932 3.538096 6.771183 -7.015189 173731975610.000000
0.280762 -0.969971 -0.183838 3.843104 6.222168 -7.869212 173731978524.000000
0.281250 -0.975586 -0.180908 3.416092 5.612152 -8.235222 173731981440.000000
0.278076 -0.977295 -0.178711 4.392119 5.124138 -9.089245 173731984364.000000
0.273438 -0.982178 -0.186523 4.636125 4.514122 -9.333252 173731987279.000000
0.269531 -0.983398 -0.186279 4.575124 3.843104 -9.699262 173731990194.000000
0.270020 -0.979248 -0.189697 4.880132 2.867077 -10.736290 173731993114.000000
0.270508 -0.979492 -0.185059 5.124138 2.257061 -11.224303 173731996031.000000
0.265869 -0.979492 -0.187500 5.795156 0.244007 -12.627341 173732003671.000000
0.262207 -0.969727 -0.188477 6.100165 -0.122003 -13.359361 173732006887.000000
0.259277 -0.964111 -0.187012 6.161166 -1.342036 -13.786372 173732009828.000000
0.261230 -0.956055 -0.189941 6.100165 -2.684072 -14.274385 173732012772.000000
0.255859 -0.948975 -0.182373 6.161166 -3.721100 -14.701397 173732015785.000000
0.250977 -0.944336 -0.177490 6.100165 -5.002135 -14.884402 173732018812.000000
0.250488 -0.939697 -0.180420 6.161166 -6.527176 -16.043433 173732021734.000000
0.242432 -0.932861 -0.180908 5.795156 -8.052217 -16.226438 173732024650.000000
0.243896 -0.932861 -0.170654 5.917160 -9.516257 -16.653450 173732027570.000000
0.241211 -0.928223 -0.169189 5.673153 -11.102300 -17.446471 173732030505.000000
0.235352 -0.928955 -0.166992 5.795156 -12.688343 -17.934484 173732033484.000000
0.233887 -0.927734 -0.155762 5.551150 -14.518392 -18.300494 173732036420.000000
0.231689 -0.927979 -0.156494 5.856158 -16.531446 -19.276520 173732039348.000000
0.232910 -0.928467 -0.155029 5.856158 -18.483499 -19.703532 173732042263.000000
0.234619 -0.927490 -0.158691 5.978161 -20.130544 -20.313548 173732045183.000000
0.231689 -0.927490 -0.159180 6.100165 -21.960593 -20.801562 173732048098.000000
0.229248 -0.924805 -0.157227 6.649180 -23.668639 -21.716586 173732051008.000000
0.234131 -0.928467 -0.159912 6.588178 -25.803697 -21.960593 173732053925.000000
0.233398 -0.931152 -0.165039 7.076191 -27.206735 -22.326603 173732056836.000000
0.232178 -0.928467 -0.162354 7.442201 -29.097786 -22.631611 173732059748.000000
0.229004 -0.929199 -0.161865 7.930214 -30.439822 -22.936619 173732062660.000000
0.231934 -0.927490 -0.156006 8.235222 -31.781858 -23.119624 173732065579.000000
0.232178 -0.927979 -0.161377 8.601232 -33.489904 -23.607637 173732068488.000000
0.234863 -0.927002 -0.163086 9.211249 -34.831940 -23.241628 173732071413.000000
0.231201 -0.928223 -0.167480 9.699262 -35.868968 -23.424632 173732074326.000000
0.236328 -0.930420 -0.159668 10.187275 -36.844995 -23.180626 173732077239.000000
0.237061 -0.927979 -0.168945 10.431282 -37.638016 -23.241628 173732080147.000000
0.235596 -0.927979 -0.172363 11.041298 -38.431038 -23.180626 173732083065.000000
0.241455 -0.926758 -0.170654 11.651315 -39.102056 -22.936619 173732085989.000000
0.237793 -0.929688 -0.168945 12.200329 -39.590069 -22.570609 173732088906.000000
0.243408 -0.931641 -0.169189 12.627341 -39.651071 -22.631611 173732091823.000000
0.242188 -0.932373 -0.167725 13.115354 -39.773074 -22.082596 173732094749.000000
0.243408 -0.934326 -0.167969 13.420362 -39.895077 -21.777588 173732097665.000000
0.241699 -0.931152 -0.171143 13.969377 -39.773074 -21.411578 173732100581.000000
0.242676 -0.934326 -0.174561 14.457390 -39.346062 -21.045568 173732103517.000000
0.243652 -0.937500 -0.174072 15.311413 -39.102056 -20.801562 173732106467.000000
0.240234 -0.933350 -0.172852 15.738425 -38.858049 -19.886537 173732109474.000000
0.241699 -0.932373 -0.169434 15.860428 -37.821021 -19.825535 173732112410.000000
0.245605 -0.930664 -0.174805 16.287440 -37.760020 -19.032514 173732115334.000000
0.243408 -0.929199 -0.166260 16.836455 -36.600988 -18.666504 173732118245.000000
0.243652 -0.926514 -0.168213 17.080461 -36.356982 -18.239492 173732121161.000000
0.239258 -0.925293 -0.170166 17.141463 -35.441957 -17.507473 173732124096.000000
0.239014 -0.924072 -0.168457 17.263466 -34.648936 -16.714451 173732127016.000000
0.237793 -0.923340 -0.165039 17.629476 -34.282926 -15.921430 173732129935.000000
0.239990 -0.925293 -0.166748 17.385469 -33.245898 -15.555420 173732132863.000000
0.242676 -0.919922 -0.172607 17.446471 -32.452876 -15.128408 173732135772.000000
0.242432 -0.918945 -0.174316 17.263466 -32.147868 -14.152382 173732138702.000000
0.239258 -0.926270 -0.174561 17.324468 -30.988837 -13.725371 173732141612.000000
0.240723 -0.921631 -0.176025 17.202464 -30.134814 -12.993351 173732144529.000000
0.239746 -0.926514 -0.175293 16.958458 -29.707802 -11.773318 173732147464.000000
0.236572 -0.930176 -0.174561 17.019460 -28.792777 -11.468310 173732150383.000000
0.239502 -0.933350 -0.172119 16.714451 -27.877753 -10.675288 173732153305.000000
0.239502 -0.936035 -0.178955 16.714451 -27.084731 -10.004270 173732156232.000000
0.239746 -0.937988 -0.179688 16.409443 -26.840725 -9.272250 173732159148.000000
0.241455 -0.940430 -0.177490 16.348441 -25.742695 -8.601232 173732162065.000000
0.236328 -0.943604 -0.182861 16.104435 -25.193680 -7.747209 173732164982.000000
0.235107 -0.942627 -0.184082 16.104435 -24.949674 -7.381199 173732167899.000000
0.234375 -0.948730 -0.188965 16.104435 -24.400659 -6.344171 173732170849.000000
0.233887 -0.946777 -0.191406 15.860428 -23.912646 -5.551150 173732173932.000000
0.230469 -0.955078 -0.193359 15.616422 -23.424632 -5.246142 173732177027.000000
0.233887 -0.953369 -0.198242 15.494418 -23.058623 -4.453120 173732180059.000000
0.234863 -0.956299 -0.197021 15.494418 -22.326603 -3.782102 173732183054.000000
0.238037 -0.956055 -0.197754 15.616422 -22.448606 -3.355091 173732185981.000000
0.236328 -0.958984 -0.195313 15.250412 -21.716586 -2.684072 173732188915.000000
0.237305 -0.960205 -0.195801 15.433417 -21.716586 -2.501068 173732191832.000000
0.243896 -0.959961 -0.199951 15.555420 -21.411578 -1.708046 173732194748.000000
0.240234 -0.957031 -0.198242 15.067407 -21.106570 -1.281035 173732197661.000000
0.235596 -0.958008 -0.204590 15.311413 -20.801562 -0.732020 173732200569.000000
0.242188 -0.958496 -0.205322 14.762399 -20.740560 -0.427012 173732203489.000000
0.238525 -0.956543 -0.201172 15.067407 -20.435552 0.122003 173732206417.000000
0.239258 -0.959473 -0.200439 14.884402 -20.008540 1.037028 173732209335.000000
0.243164 -0.957764 -0.194336 14.640395 -19.825535 1.037028 173732212266.000000
0.243164 -0.957764 -0.200195 14.579394 -19.337522 1.342036 173732215174.000000
0.243408 -0.957031 -0.198730 14.701397 -18.910511 1.891051 173732218084.000000
0.248291 -0.958008 -0.199463 14.091380 -18.544501 1.952053 173732220995.000000
0.241699 -0.954102 -0.197510 14.335387 -18.056488 2.196059 173732223911.000000
0.250244 -0.954834 -0.203857 13.786372 -17.446471 2.684072 173732226838.000000
0.248047 -0.953369 -0.197998 13.664369 -16.775453 2.989081 173732229753.000000
0.252197 -0.953857 -0.198486 13.786372 -16.348441 3.355091 173732232677.000000
0.250732 -0.950684 -0.196289 13.359361 -15.555420 3.355091 173732235585.000000
0.255127 -0.949951 -0.193115 12.871348 -15.006405 3.965107 173732238493.000000
0.255859 -0.950439 -0.194580 13.054352 -14.091380 4.209114 173732241410.000000
0.257813 -0.951660 -0.190186 12.627341 -13.847374 4.453120 173732244335.000000
0.258301 -0.949219 -0.194336 12.627341 -13.420362 4.453120 173732247260.000000
0.256104 -0.944336 -0.190430 12.322333 -12.566339 4.819130 173732250182.000000
0.254639 -0.946289 -0.193848 12.078326 -12.078326 5.002135 173732253106.000000
0.256348 -0.941895 -0.200928 11.834320 -11.407308 5.246142 173732256024.000000
0.250488 -0.944092 -0.192627 11.773318 -10.736290 5.246142 173732258940.000000
0.252441 -0.946045 -0.193604 11.468310 -10.065272 5.551150 173732261856.000000
0.255615 -0.944092 -0.193848 11.224303 -9.333252 5.917160 173732264789.000000
0.253906 -0.946533 -0.200195 10.980296 -9.089245 5.978161 173732267705.000000
0.256104 -0.947021 -0.201416 10.858293 -8.662234 6.283170 173732270619.000000
0.250488 -0.948486 -0.201172 10.675288 -8.479229 6.344171 173732273545.000000
0.249023 -0.951904 -0.202393 10.248277 -7.747209 6.649180 173732276461.000000
0.251709 -0.956543 -0.201904 10.004270 -7.747209 6.588178 173732279382.000000
0.244629 -0.954834 -0.202881 9.821265 -7.564204 6.649180 173732282305.000000
0.249268 -0.953857 -0.202393 9.882267 -7.503203 7.137193 173732285224.000000
0.243408 -0.952393 -0.203613 9.638260 -7.564204 6.893186 173732288139.000000
0.244141 -0.952393 -0.201904 9.394254 -7.625206 7.259196 173732291054.000000
0.242676 -0.953369 -0.193115 9.150247 -7.808211 7.137193 173732293980.000000
0.235596 -0.945313 -0.197510 9.089245 -8.235222 7.259196 173732296905.000000
0.238525 -0.944580 -0.201172 8.784237 -8.479229 7.503203 173732299820.000000
0.244629 -0.940430 -0.201904 8.357226 -9.089245 7.503203 173732302738.000000
0.236084 -0.935547 -0.200684 8.174221 -9.638260 7.930214 173732305657.000000
0.238525 -0.932373 -0.196045 7.808211 -10.065272 7.747209 173732308573.000000
0.236816 -0.931885 -0.196533 7.564204 -11.041298 7.686208 173732311490.000000
0.235352 -0.926758 -0.196289 7.015189 -11.224303 7.991216 173732314407.000000
0.231934 -0.926514 -0.193115 6.466175 -11.712316 8.113219 173732317329.000000
0.232910 -0.923096 -0.191650 6.100165 -12.566339 8.052217 173732320243.000000
0.237061 -0.922607 -0.186035 5.429147 -12.627341 8.235222 173732323159.000000
0.237305 -0.929688 -0.187988 5.246142 -13.481364 7.991216 173732326074.000000
0.235596 -0.931152 -0.191406 4.575124 -13.786372 8.418227 173732328997.000000
0.242432 -0.932373 -0.185791 4.575124 -14.274385 8.601232 173732331913.000000
0.244385 -0.937500 -0.186523 4.087110 -14.335387 8.601232 173732334872.000000
0.244629 -0.944580 -0.174072 3.782102 -14.518392 9.211249 173732337789.000000
0.244629 -0.946533 -0.176758 3.660099 -14.396389 9.394254 173732340703.000000
0.250000 -0.952393 -0.172607 3.599097 -14.518392 9.699262 173732343625.000000
0.255127 -0.952881 -0.174072 3.538096 -14.518392 10.126273 173732346539.000000
0.254150 -0.957275 -0.176514 3.721100 -14.335387 10.614287 173732349454.000000
0.260254 -0.959961 -0.170410 3.538096 -13.847374 11.285305 173732352376.000000
0.262939 -0.959717 -0.169189 3.538096 -12.993351 11.956323 173732355295.000000
0.262207 -0.957275 -0.172607 3.965107 -12.749344 12.322333 173732358210.000000
0.265381 -0.957520 -0.174072 4.026109 -11.834320 13.054352 173732361124.000000
0.267578 -0.956543 -0.170898 4.209114 -11.163301 13.481364 173732364049.000000
0.268066 -0.958496 -0.171875 4.636125 -10.004270 14.030379 173732366964.000000
0.271484 -0.949707 -0.168457 4.880132 -9.394254 14.762399 173732369879.000000
0.272705 -0.939209 -0.171875 5.185140 -8.235222 15.494418 173732372801.000000
0.271729 -0.933838 -0.167725 5.490148 -7.076191 15.982432 173732375717.000000
0.273193 -0.923828 -0.172119 5.429147 -6.283170 16.531446 173732378643.000000
0.272705 -0.915283 -0.172852 5.673153 -5.124138 16.958458 173732381558.000000
0.272461 -0.896729 -0.174805 5.551150 -3.721100 17.446471 173732384489.000000
0.271973 -0.892090 -0.168213 5.734155 -2.928079 17.812481 173732387405.000000
0.271729 -0.884277 -0.167725 5.612152 -2.135058 18.300494 173732390320.000000
0.271484 -0.878662 -0.163574 5.185140 -0.427012 18.239492 173732393242.000000
0.261719 -0.876221 -0.165527 5.124138 0.000000 18.483499 173732396175.000000
0.265869 -0.873291 -0.170410 5.002135 0.915025 19.215519 173732399089.000000
0.262451 -0.875000 -0.161865 4.758128 1.769048 19.154517 173732402008.000000
0.264160 -0.869629 -0.154053 4.087110 2.623071 19.459525 173732404924.000000
0.262451 -0.873535 -0.162354 4.026109 3.538096 19.337522 173732407838.000000
0.263184 -0.876465 -0.152100 3.416092 3.721100 19.276520 173732410752.000000
0.267822 -0.888428 -0.154541 3.538096 4.819130 19.703532 173732413677.000000
0.269287 -0.896240 -0.158447 3.050082 5.490148 19.764534 173732416591.000000
0.267334 -0.903320 -0.153809 2.928079 5.978161 19.703532 173732419504.000000
0.271484 -0.910645 -0.150635 2.684072 6.466175 19.886537 173732422421.000000
0.270508 -0.921631 -0.154785 2.623071 7.198194 20.252547 173732425337.000000
0.274414 -0.926514 -0.157471 2.562069 7.930214 20.130544 173732428265.000000
0.274170 -0.931152 -0.155762 2.318063 8.601232 20.618557 173732431181.000000
0.276123 -0.937012 -0.158203 2.257061 9.272250 20.801562 173732434097.000000
0.278809 -0.944580 -0.160156 2.440066 10.126273 21.045568 173732437012.000000
0.286865 -0.947754 -0.165771 2.562069 10.858293 21.228573 173732439926.000000
0.280518 -0.952637 -0.171875 2.623071 10.980296 22.021595 173732442848.000000
0.285889 -0.955566 -0.173828 2.745074 11.773318 22.204600 173732445765.000000
0.281982 -0.958252 -0.174072 2.928079 12.383334 22.692613 173732448685.000000
0.287842 -0.960693 -0.177002 3.416092 12.749344 23.302629 173732451600.000000
0.284424 -0.955811 -0.183105 3.294089 13.481364 23.058623 173732454525.000000
0.281982 -0.956543 -0.171387 3.538096 13.786372 23.607637 173732457440.000000
0.287109 -0.952393 -0.181396 3.965107 14.213384 23.729641 173732460353.000000
0.286865 -0.942139 -0.179443 4.148112 14.274385 24.095651 173732463273.000000
0.280518 -0.929932 -0.180176 4.636125 14.640395 24.156652 173732466193.000000
0.281250 -0.921875 -0.181152 4.819130 14.579394 24.156652 173732469110.000000
0.278809 -0.910156 -0.176758 4.697127 14.518392 24.156652 173732472032.000000
0.277832 -0.901611 -0.175781 4.819130 14.152382 24.095651 173732474951.000000
0.275146 -0.892578 -0.171143 5.002135 13.664369 23.607637 173732477866.000000
0.273438 -0.882568 -0.171631 4.575124 13.420362 23.180626 173732480779.000000
0.264404 -0.871826 -0.165527 4.087110 12.566339 22.631611 173732483706.000000
0.268555 -0.863037 -0.167725 3.660099 12.139328 22.265601 173732486621.000000
0.262451 -0.859863 -0.165039 2.989081 11.407308 21.472580 173732489537.000000
0.264648 -0.858154 -0.156494 2.684072 10.919295 20.923565 173732492461.000000
0.266357 -0.857666 -0.155029 2.196059 10.370280 20.496553 173732495583.000000
0.265381 -0.860352 -0.145508 1.220033 9.394254 19.520527 173732498506.000000
0.265381 -0.863770 -0.153809 0.854023 9.089245 18.727506 173732501429.000000
0.267334 -0.869141 -0.150635 0.366010 8.601232 18.056488 173732504346.000000
0.272461 -0.877197 -0.146729 -0.244007 8.479229 17.202464 173732507262.000000
0.272949 -0.887451 -0.152588 -0.549015 8.174221 16.958458 173732510177.000000
0.276123 -0.890137 -0.151855 -0.671018 7.625206 15.921430 173732513093.000000
0.275391 -0.900146 -0.148438 -0.854023 7.442201 15.860428 173732516010.000000
0.276611 -0.904785 -0.157227 -1.281035 7.686208 15.067407 173732518933.000000
0.282715 -0.916016 -0.155273 -1.220033 7.137193 14.701397 173732521848.000000
0.283203 -0.917236 -0.165283 -1.098030 7.381199 14.396389 173732524765.000000
0.284180 -0.927246 -0.168945 -0.854023 7.625206 14.152382 173732527680.000000
0.289063 -0.935303 -0.165771 -0.976026 7.869212 13.908376 173732530595.000000
0.291260 -0.940430 -0.178467 -0.549015 7.808211 13.420362 173732533512.000000
0.287354 -0.947021 -0.182617 -0.793021 8.296224 13.420362 173732536433.000000
0.285400 -0.947510 -0.183838 -0.061002 8.174221 13.237357 173732539356.000000
0.284912 -0.949463 -0.188477 0.183005 8.418227 13.176356 173732542273.000000
0.282227 -0.954834 -0.184326 0.366010 8.723236 13.237357 173732545187.000000
0.284912 -0.952637 -0.189209 0.854023 8.662234 12.749344 173732548114.000000
0.280029 -0.954834 -0.194336 0.976026 8.906240 12.810346 173732551028.000000
0.277588 -0.949707 -0.196045 1.281035 9.089245 12.810346 173732553945.000000
0.276367 -0.945313 -0.194092 1.464040 8.967242 12.627341 173732556861.000000
0.277100 -0.942871 -0.194580 2.013054 8.845239 12.566339 173732559776.000000
0.269775 -0.935059 -0.191895 2.501068 8.906240 12.566339 173732562714.000000
0.271240 -0.927979 -0.196045 2.440066 8.967242 12.566339 173732565633.000000
0.266846 -0.917969 -0.187500 2.562069 8.662234 12.566339 173732568548.000000
0.265625 -0.907471 -0.182617 2.257061 8.662234 12.749344 173732571469.000000
0.268799 -0.891357 -0.184814 2.196059 9.150247 12.749344 173732574395.000000
0.264893 -0.875977 -0.175293 2.257061 8.723236 12.383334 173732577309.000000
0.264160 -0.861328 -0.171143 1.586043 9.089245 12.505338 173732580236.000000
0.262207 -0.849365 -0.167236 1.586043 8.906240 12.322333 173732583168.000000
0.261963 -0.834229 -0.162842 0.610016 8.662234 12.139328 173732586087.000000
0.263428 -0.827148 -0.158691 -0.122003 8.967242 11.773318 173732589002.000000
0.258545 -0.819336 -0.154053 -0.671018 8.662234 11.346306 173732591915.000000
0.261719 -0.807861 -0.150879 -1.952053 8.540231 11.407308 173732594882.000000
0.258789 -0.803711 -0.145996 -2.806076 8.784237 10.980296 173732597797.000000
0.263916 -0.802246 -0.145752 -3.416092 8.296224 10.431282 173732600712.000000
0.261719 -0.804932 -0.137451 -4.941133 8.967242 10.309278 173732603630.000000
0.266113 -0.808838 -0.136719 -5.490148 8.906240 9.516257 173732606547.000000
0.270020 -0.818115 -0.135742 -6.405173 9.272250 9.272250 173732609461.000000
0.269287 -0.824463 -0.125488 -6.832184 9.516257 8.784237 173732612378.000000
0.275391 -0.836182 -0.130615 -7.320198 10.004270 8.296224 173732615292.000000
0.276611 -0.846924 -0.133545 -7.564204 10.797292 8.174221 173732618207.000000
0.281250 -0.859619 -0.134766 -7.564204 11.834320 7.808211 173732621121.000000
0.283936 -0.874756 -0.140869 -7.930214 12.688343 7.198194 173732624038.000000
0.282471 -0.883789 -0.135986 -7.747209 13.969377 7.259196 173732626953.000000
0.287354 -0.894775 -0.151123 -7.564204 15.006405 6.771183 173732629881.000000
0.292480 -0.910400 -0.151123 -7.137193 15.860428 6.710181 173732632798.000000
0.292480 -0.917969 -0.156494 -6.954188 17.568474 6.466175 173732635712.000000
0.295166 -0.927490 -0.163086 -6.222168 18.666504 6.588178 173732638633.000000
0.296143 -0.939209 -0.167725 -5.917160 20.252547 6.649180 173732641548.000000
0.297607 -0.946045 -0.168701 -5.429147 21.472580 6.283170 173732644465.000000
0.292969 -0.949219 -0.179443 -4.880132 22.814616 6.710181 173732647379.000000
0.297607 -0.953613 -0.184326 -4.331117 24.095651 6.466175 173732650294.000000
0.296631 -0.956787 -0.183350 -3.355091 25.132679 6.588178 173732653211.000000
0.293213 -0.962158 -0.192383 -2.806076 26.291710 6.771183 173732656125.000000
0.291504 -0.967529 -0.193604 -2.074056 27.145733 6.771183 173732659040.000000
0.294434 -0.965332 -0.195068 -1.708046 28.060758 7.076191 173732661954.000000
0.287598 -0.967773 -0.196533 -1.037028 28.792777 7.015189 173732664911.000000
0.288574 -0.966553 -0.199463 -0.549015 29.097786 7.076191 173732667825.000000
0.281738 -0.964355 -0.193115 -0.183005 29.585799 7.320198 173732670739.000000
0.271729 -0.961670 -0.188721 0.427012 29.463796 7.137193 173732673667.000000
0.270020 -0.960449 -0.189453 0.854023 29.341792 7.259196 173732676581.000000
0.269531 -0.953369 -0.189453 1.098030 29.524797 7.320198 173732679495.000000
0.264160 -0.944580 -0.196533 1.342036 29.158787 7.015189 173732682412.000000
0.259766 -0.943848 -0.191895 1.281035 28.487769 6.893186 173732685326.000000
0.258301 -0.938477 -0.188232 1.220033 28.243763 6.283170 173732688238.000000
0.256836 -0.932373 -0.188477 1.159031 27.572744 6.344171 173732691152.000000
0.254150 -0.923828 -0.187500 0.488013 27.145733 5.551150 173732694077.000000
0.252930 -0.919434 -0.189453 0.427012 26.047703 5.307143 173732696994.000000
0.250000 -0.920410 -0.188477 0.061002 24.888672 4.819130 173732699909.000000
0.250000 -0.915039 -0.183594 -0.488013 24.034649 4.148112 173732702826.000000
0.247559 -0.911865 -0.179688 -0.976026 22.631611 3.843104 173732705739.000000
0.249756 -0.908936 -0.180176 -1.220033 22.204600 3.111084 173732708653.000000
0.250244 -0.907715 -0.176025 -1.769048 20.984567 2.867077 173732711566.000000
0.249023 -0.909912 -0.180908 -1.952053 19.642530 1.952053 173732714483.000000
0.247559 -0.915771 -0.180908 -2.867077 18.788507 1.403038 173732717399.000000
0.251465 -0.918213 -0.178223 -3.233087 17.812481 0.915025 173732720314.000000
0.252930 -0.913574 -0.177246 -3.782102 16.714451 0.183005 173732723231.000000
0.252686 -0.922852 -0.178955 -3.782102 16.165436 -0.427012 173732726146.000000
0.252197 -0.927246 -0.174805 -4.331117 15.433417 -1.342036 173732729058.000000
0.252197 -0.929932 -0.172119 -4.148112 15.128408 -2.013054 173732731973.000000
0.251465 -0.929199 -0.171143 -4.270115 14.335387 -2.684072 173732734925.000000
0.244873 -0.929932 -0.169189 -4.087110 13.725371 -3.050082 173732737846.000000
0.243164 -0.936523 -0.166504 -3.782102 13.603367 -3.721100 173732740761.000000
0.245117 -0.941162 -0.167969 -3.782102 12.993351 -4.148112 173732743678.000000
0.243896 -0.942139 -0.165771 -3.660099 12.993351 -4.209114 173732746592.000000
0.241699 -0.950439 -0.163818 -3.111084 12.688343 -4.514122 173732749507.000000
0.238281 -0.955322 -0.158203 -2.867077 12.383334 -4.880132 173732752424.000000
0.234619 -0.961426 -0.151367 -2.318063 13.054352 -5.063137 173732755338.000000
0.229004 -0.969482 -0.155762 -1.952053 13.176356 -5.429147 173732758253.000000
0.226074 -0.975586 -0.156982 -0.976026 13.420362 -5.612152 173732761166.000000
0.226074 -0.981934 -0.150879 -0.427012 13.847374 -5.551150 173732764099.000000
0.224609 -0.988281 -0.147949 0.305008 14.091380 -5.551150 173732767013.000000
0.221680 -0.992432 -0.145996 0.976026 14.457390 -5.673153 173732769928.000000
0.222412 -0.997314 -0.145752 1.891051 15.067407 -5.795156 173732772849.000000
0.218750 -0.999512 -0.147705 2.379064 15.128408 -5.917160 173732775764.000000
0.216797 -1.000977 -0.142822 3.233087 16.043433 -6.344171 173732778691.000000
0.219482 -1.000488 -0.145752 3.843104 16.592448 -6.283170 173732781606.000000
0.222412 -1.002930 -0.143555 4.148112 17.629476 -6.527176 173732784530.000000
0.226563 -1.003418 -0.143555 4.880132 17.873483 -6.832184 173732787446.000000
0.227295 -1.001465 -0.149902 5.124138 18.727506 -7.198194 173732790360.000000
0.229492 -0.994873 -0.149170 5.063137 19.642530 -7.381199 173732793305.000000
0.231689 -0.992432 -0.147705 5.490148 20.496553 -7.747209 173732796238.000000
0.227051 -0.991943 -0.147705 5.429147 21.533581 -8.113219 173732799159.000000
0.232178 -0.991211 -0.151367 5.490148 22.326603 -8.113219 173732802080.000000
0.222412 -0.987549 -0.145996 5.185140 23.180626 -8.418227 173732805006.000000
0.225342 -0.981934 -0.156982 5.124138 23.790642 -8.296224 173732807928.000000
0.222900 -0.981445 -0.157959 4.819130 24.827670 -8.235222 173732810844.000000
0.216064 -0.981934 -0.151855 4.575124 25.132679 -8.540231 173732813839.000000
0.216797 -0.981201 -0.161133 4.392119 25.620692 -8.174221 173732816756.000000
0.214600 -0.981445 -0.166504 4.514122 25.925700 -8.845239 173732819673.000000
0.205322 -0.980225 -0.161133 4.026109 26.169707 -8.723236 173732822591.000000
0.203857 -0.974121 -0.158936 4.453120 25.803697 -8.845239 173732825506.000000
0.199707 -0.972900 -0.161377 4.026109 25.620692 -9.028244 173732828421.000000
0.198242 -0.963135 -0.165771 4.331117 25.010675 -9.211249 173732831335.000000
0.188721 -0.961426 -0.165283 4.026109 24.461660 -9.333252 173732834260.000000
0.187256 -0.959229 -0.166992 4.148112 23.790642 -9.394254 173732837176.000000
0.185059 -0.951172 -0.166504 4.148112 22.936619 -9.943268 173732840090.000000
0.175537 -0.944824 -0.163818 4.270115 21.899591 -10.065272 173732843007.000000
0.170898 -0.934082 -0.170898 3.965107 20.801562 -10.370280 173732845920.000000
0.171143 -0.930908 -0.167725 4.148112 19.337522 -10.370280 173732848833.000000
0.158691 -0.922119 -0.167236 3.965107 17.507473 -10.675288 173732851750.000000
0.166016 -0.915771 -0.170166 3.782102 15.982432 -10.919295 173732854667.000000
0.163574 -0.912842 -0.167236 3.599097 13.969377 -11.346306 173732857581.000000
0.162109 -0.906982 -0.163818 3.599097 12.993351 -11.834320 173732860494.000000
0.161133 -0.908447 -0.169434 3.355091 11.346306 -12.383334 173732863416.000000
0.151367 -0.905518 -0.158936 3.599097 9.577259 -12.261331 173732866332.000000
0.147949 -0.903809 -0.147217 3.721100 8.235222 -12.444336 173732869246.000000
0.150879 -0.908203 -0.163574 3.355091 7.076191 -12.932349 173732872168.000000
0.145508 -0.903320 -0.149170 3.599097 6.100165 -12.627341 173732875095.000000
0.140869 -0.904785 -0.147705 3.477094 4.575124 -12.749344 173732878017.000000
0.147217 -0.909424 -0.139404 3.416092 3.965107 -12.749344 173732880932.000000
0.149902 -0.910156 -0.144043 3.660099 2.623071 -12.993351 173732883857.000000
0.150635 -0.917725 -0.134521 3.294089 2.562069 -12.932349 173732886772.000000
0.150391 -0.929199 -0.129639 4.026109 2.318063 -13.237357 173732889689.000000
0.149658 -0.927246 -0.127930 3.843104 2.196059 -12.749344 173732892611.000000
0.150879 -0.935059 -0.129395 3.904105 2.318063 -12.871348 173732895527.000000
0.149170 -0.941895 -0.120850 4.514122 2.501068 -12.627341 173732898441.000000
0.152588 -0.951660 -0.119873 4.575124 3.050082 -11.956323 173732901357.000000
0.154785 -0.959961 -0.109619 5.002135 3.355091 -11.163301 173732904282.000000
0.157959 -0.967529 -0.116943 5.185140 3.904105 -10.797292 173732907198.000000
0.165283 -0.984131 -0.114258 5.978161 4.880132 -10.248277 173732910113.000000
0.163574 -0.991699 -0.112549 6.283170 5.612152 -9.943268 173732913029.000000
0.170166 -0.996582 -0.107666 6.893186 6.954188 -9.028244 173732915974.000000
0.171631 -1.010986 -0.113037 7.747209 8.174221 -8.723236 173732918893.000000
0.178711 -1.017578 -0.114990 8.113219 9.516257 -8.174221 173732921808.000000
0.168457 -1.023682 -0.107178 8.784237 10.492283 -7.198194 173732924728.000000
0.173828 -1.029541 -0.108154 9.760264 11.895321 -6.527176 173732927642.000000
0.174805 -1.032959 -0.116455 10.431282 12.749344 -5.917160 173732930556.000000
0.179443 -1.036133 -0.106689 11.285305 14.274385 -4.575124 173732933480.000000
0.172119 -1.032959 -0.115723 11.956323 15.616422 -3.660099 173732936394.000000
0.175293 -1.034424 -0.109131 12.749344 16.409443 -2.867077 173732939309.000000
0.182373 -1.032715 -0.115479 13.420362 17.751479 -1.708046 173732942227.000000
0.181885 -1.034668 -0.113281 13.908376 18.422497 -0.854023 173732945143.000000
0.179443 -1.028564 -0.113770 14.640395 19.581529 -0.427012 173732948059.000000
0.174072 -1.027832 -0.114746 15.128408 20.618557 0.122003 173732950975.000000
0.175293 -1.019043 -0.119629 15.372415 21.167572 0.671018 173732953893.000000
0.157471 -1.015625 -0.107910 16.226438 21.533581 1.586043 173732956808.000000
0.160156 -1.000244 -0.119873 16.409443 21.594583 2.440066 173732959722.000000
0.161621 -0.998535 -0.119629 16.714451 21.716586 3.172086 173732962645.000000
0.171631 -0.991699 -0.129883 16.592448 21.533581 2.806076 173732965563.000000
0.169922 -0.985107 -0.120850 16.714451 21.289575 2.867077 173732968481.000000
0.146240 -0.973145 -0.122070 16.836455 20.679558 3.477094 173732971396.000000
0.159668 -0.971436 -0.133301 16.836455 19.642530 3.355091 173732974330.000000
0.164307 -0.963379 -0.138184 16.836455 17.995486 3.538096 173732977246.000000
0.149658 -0.952148 -0.142334 16.470445 17.324468 3.599097 173732980174.000000
0.168945 -0.956787 -0.140869 16.287440 16.165436 2.684072 173732983097.000000
0.155273 -0.951172 -0.137207 16.165436 14.884402 2.928079 173732986015.000000
0.166992 -0.955078 -0.147949 15.799427 13.664369 2.196059 173732988929.000000
0.168457 -0.954346 -0.146240 15.616422 12.444336 1.830049 173732991843.000000
0.157227 -0.949219 -0.146484 15.250412 10.614287 1.708046 173732994758.000000
0.159180 -0.947266 -0.149902 14.701397 9.577259 1.281035 173732997674.000000
0.169922 -0.954834 -0.160400 14.701397 8.296224 0.793021 173733000587.000000
0.164063 -0.953857 -0.152832 13.969377 6.771183 0.183005 173733003513.000000
0.167969 -0.954834 -0.160156 13.664369 5.551150 0.122003 173733006428.000000
0.168457 -0.955811 -0.158691 13.542366 4.148112 -0.427012 173733009345.000000
0.167725 -0.957275 -0.160400 12.932349 2.257061 -0.122003 173733012275.000000
0.155762 -0.958252 -0.153564 12.871348 -0.122003 -0.061002 173733015219.000000
0.152344 -0.952881 -0.157471 13.237357 -2.806076 0.366010 173733018137.000000
0.168213 -0.959229 -0.167969 12.505338 -4.392119 0.305008 173733021053.000000
0.183594 -0.967285 -0.169678 12.383334 -6.649180 -0.244007 173733023970.000000
0.174316 -0.976074 -0.162842 12.261331 -8.235222 -0.366010 173733026886.000000
0.173096 -0.975098 -0.157715 12.200329 -10.126273 -0.793021 173733029800.000000
0.185791 -0.980225 -0.168701 12.505338 -11.895321 -1.037028 173733032724.000000
0.177979 -0.982422 -0.171875 12.444336 -13.115354 -1.403038 173733035641.000000
0.177246 -0.986328 -0.170166 12.505338 -14.152382 -1.891051 173733038555.000000
0.178955 -0.984375 -0.164063 12.383334 -15.433417 -1.830049 173733041470.000000
0.182129 -0.983398 -0.161865 12.566339 -16.714451 -1.952053 173733044387.000000
0.181396 -0.983887 -0.166748 12.688343 -17.446471 -1.830049 173733047303.000000
0.178467 -0.984863 -0.162842 12.871348 -18.544501 -1.647044 173733050218.000000
0.184570 -0.984375 -0.163086 13.054352 -19.825535 -1.769048 173733053142.000000
0.184082 -0.981201 -0.153564 12.749344 -21.167572 -1.708046 173733056057.000000
0.185059 -0.982422 -0.146484 12.993351 -21.960593 -2.135058 173733058973.000000
0.187988 -0.980225 -0.145752 13.054352 -23.119624 -2.257061 173733061888.000000
0.185547 -0.974609 -0.149658 12.810346 -23.729641 -2.135058 173733064851.000000
0.195068 -0.972656 -0.146240 12.627341 -24.705667 -2.196059 173733067767.000000
0.194824 -0.970215 -0.143799 12.566339 -25.193680 -2.440066 173733070681.000000
0.193115 -0.971924 -0.135254 12.322333 -25.620692 -2.562069 173733073607.000000
0.195068 -0.967285 -0.129395 12.322333 -26.108705 -2.623071 173733076527.000000
0.194336 -0.961182 -0.130859 12.017324 -25.925700 -2.806076 173733079442.000000
0.196777 -0.958008 -0.131104 11.895321 -26.413713 -2.867077 173733082368.000000
0.197021 -0.956299 -0.133789 11.651315 -25.742695 -2.806076 173733085288.000000
0.198486 -0.956055 -0.124023 11.529311 -25.803697 -2.684072 173733088205.000000
0.200439 -0.948975 -0.123291 11.346306 -25.498688 -2.806076 173733091120.000000
0.198242 -0.945557 -0.122559 10.980296 -25.559690 -2.745074 173733094046.000000
0.199463 -0.944580 -0.119141 11.041298 -25.437687 -2.684072 173733096961.000000
0.198975 -0.941406 -0.112793 10.370280 -25.498688 -2.745074 173733099877.000000
0.196777 -0.943848 -0.109375 10.248277 -24.949674 -2.623071 173733102794.000000
0.199219 -0.936523 -0.107666 10.248277 -25.071677 -2.562069 173733105712.000000
0.199707 -0.937012 -0.105957 9.577259 -24.888672 -2.196059 173733108627.000000
0.205811 -0.930176 -0.105469 9.272250 -24.766669 -2.013054 173733111540.000000
0.199463 -0.930420 -0.099121 9.394254 -24.766669 -2.196059 173733114457.000000
0.197754 -0.924561 -0.097656 9.028244 -24.644665 -2.074056 173733117398.000000
0.197510 -0.927979 -0.093018 8.723236 -24.888672 -2.196059 173733120315.000000
0.195313 -0.925537 -0.093262 8.418227 -24.766669 -1.830049 173733123241.000000
0.194336 -0.922363 -0.089600 8.235222 -24.644665 -1.708046 173733126159.000000
0.195557 -0.923828 -0.084473 8.052217 -25.193680 -2.135058 173733129074.000000
0.193115 -0.918457 -0.087158 7.991216 -24.827670 -1.952053 173733132020.000000
0.195801 -0.920898 -0.086426 8.052217 -25.681693 -1.830049 173733136062.000000
0.192139 -0.922607 -0.080078 7.686208 -25.986702 -1.464040 173733139010.000000
0.194092 -0.923584 -0.078857 7.808211 -26.535716 -1.342036 173733141929.000000
0.190674 -0.925049 -0.078613 7.991216 -27.023730 -0.976026 173733144892.000000
0.195313 -0.927979 -0.080078 7.991216 -27.816751 -0.854023 173733147806.000000
0.195068 -0.927979 -0.077148 8.052217 -27.938754 -0.366010 173733150721.000000
0.194580 -0.935059 -0.077148 8.540231 -28.548771 -0.183005 173733153640.000000
0.197266 -0.935059 -0.071045 8.479229 -29.280791 0.183005 173733156555.000000
0.198486 -0.934814 -0.068848 9.089245 -29.890807 0.610016 173733159468.000000
0.200439 -0.940674 -0.073975 9.333252 -30.317819 0.671018 173733162385.000000
0.202148 -0.941650 -0.070557 9.760264 -30.866833 1.281035 173733165300.000000
0.205078 -0.941895 -0.063721 10.004270 -31.354847 1.464040 173733168219.000000
0.204346 -0.940430 -0.066162 10.126273 -31.842860 1.647044 173733171133.000000
0.211914 -0.943115 -0.066895 10.553285 -31.903861 2.196059 173733174061.000000
0.210938 -0.940674 -0.071777 10.614287 -31.781858 2.501068 173733176989.000000
0.214844 -0.943115 -0.066162 11.102300 -32.452876 2.379064 173733179903.000000
0.222412 -0.946045 -0.068359 11.224303 -32.330873 2.684072 173733182821.000000
0.220459 -0.945801 -0.066895 11.224303 -33.001891 2.867077 173733185735.000000
0.225342 -0.944092 -0.058838 11.590313 -32.696883 2.989081 173733188649.000000
0.227051 -0.944824 -0.066162 11.651315 -32.940889 3.233087 173733191562.000000
0.228271 -0.942627 -0.067627 11.834320 -32.635881 3.355091 173733194489.000000
0.234619 -0.943115 -0.066162 12.078326 -32.696883 3.660099 173733197405.000000
0.238525 -0.942871 -0.063232 12.139328 -32.574880 3.660099 173733200318.000000
0.235840 -0.941650 -0.058838 12.078326 -32.635881 3.782102 173733203235.000000
0.241455 -0.941162 -0.063232 12.444336 -32.696883 4.026109 173733206153.000000
0.247070 -0.944092 -0.059082 12.017324 -32.025865 4.087110 173733209067.000000
0.249756 -0.943604 -0.060791 12.261331 -32.208870 4.331117 173733212021.000000
0.249756 -0.942627 -0.069336 12.017324 -31.903861 4.148112 173733214938.000000
0.252930 -0.948486 -0.063477 12.078326 -31.415848 4.148112 173733217892.000000
0.252930 -0.939941 -0.057861 12.078326 -31.232843 4.575124 173733220811.000000
0.254395 -0.942871 -0.062012 12.078326 -30.805832 4.575124 173733223727.000000
0.260254 -0.946533 -0.062500 12.139328 -30.317819 4.331117 173733226644.000000
0.260742 -0.941406 -0.057373 12.078326 -29.768804 4.575124 173733229558.000000
0.262939 -0.942627 -0.060059 11.895321 -29.280791 4.636125 173733232475.000000
0.265869 -0.943604 -0.056641 11.895321 -28.670774 4.514122 173733235389.000000
0.269287 -0.942871 -0.053955 11.468310 -28.060758 4.636125 173733238305.000000
0.272949 -0.944824 -0.063721 11.346306 -27.206735 4.636125 173733241220.000000
0.279297 -0.942383 -0.054443 11.224303 -26.657720 4.087110 173733244153.000000
0.276611 -0.943848 -0.058838 11.041298 -25.803697 4.209114 173733247067.000000
0.279785 -0.943604 -0.052490 10.797292 -24.827670 3.843104 173733249981.000000
0.280762 -0.940918 -0.054199 10.675288 -23.790642 3.660099 173733252898.000000
0.281494 -0.943604 -0.048828 10.309278 -22.936619 3.843104 173733255811.000000
0.282715 -0.939453 -0.047852 10.370280 -22.448606 3.477094 173733258727.000000
0.282471 -0.942871 -0.045654 9.943268 -21.777588 3.599097 173733261640.000000
0.283203 -0.939941 -0.045898 9.455255 -20.923565 2.928079 173733264566.000000
0.281250 -0.941895 -0.049072 9.516257 -20.191545 2.867077 173733267482.000000
0.285400 -0.942627 -0.050049 9.394254 -19.276520 2.867077 173733270395.000000
0.287598 -0.947021 -0.049805 9.150247 -18.910511 2.501068 173733273312.000000
0.287598 -0.949707 -0.042725 9.028244 -18.056488 2.196059 173733276240.000000
0.286377 -0.952148 -0.051270 8.967242 -16.958458 2.318063 173733279152.000000
0.286133 -0.949463 -0.042969 8.845239 -16.287440 1.952053 173733282073.000000
0.290527 -0.947510 -0.045654 8.784237 -15.738425 1.586043 173733284993.000000
0.294434 -0.952881 -0.049561 8.906240 -14.518392 1.159031 173733287908.000000
0.291016 -0.955322 -0.049072 9.028244 -13.664369 1.159031 173733290831.000000
0.291992 -0.950195 -0.047119 8.845239 -12.993351 0.854023 173733293754.000000
0.295654 -0.953369 -0.047852 8.906240 -11.529311 0.793021 173733296669.000000
0.294189 -0.954102 -0.042480 8.784237 -11.163301 0.366010 173733299594.000000
0.291992 -0.950684 -0.043701 9.028244 -9.882267 0.366010 173733302518.000000
0.291260 -0.947510 -0.042236 8.784237 -8.601232 0.427012 173733305436.000000
0.297607 -0.951172 -0.037598 8.845239 -7.747209 0.061002 173733308351.000000
0.288574 -0.951172 -0.042725 8.784237 -6.954188 -0.183005 173733311266.000000
0.294678 -0.953369 -0.047119 9.150247 -6.100165 -0.549015 173733314182.000000
0.295654 -0.954346 -0.047363 8.723236 -4.758128 -0.610016 173733317126.000000
0.296875 -0.952637 -0.052979 8.601232 -3.965107 -1.037028 173733320042.000000
0.292725 -0.950684 -0.043213 8.967242 -2.684072 -0.732020 173733322962.000000
0.294678 -0.949463 -0.043945 9.028244 -1.159031 -0.732020 173733325878.000000
0.287842 -0.947266 -0.042236 8.845239 -0.122003 -0.793021 173733328791.000000
0.289307 -0.949219 -0.042969 8.540231 1.037028 -1.098030 173733331707.000000
0.286621 -0.951660 -0.044678 8.357226 2.257061 -0.793021 173733334625.000000
0.286865 -0.948242 -0.042969 8.601232 3.294089 -0.915025 173733337539.000000
0.288086 -0.943115 -0.040283 8.113219 4.575124 -1.525041 173733340454.000000
0.286133 -0.941650 -0.043213 8.113219 5.307143 -1.403038 173733343370.000000
0.282227 -0.939209 -0.046387 8.174221 6.283170 -1.708046 173733346285.000000
0.278320 -0.935059 -0.049561 8.113219 7.381199 -1.159031 173733349200.000000
0.275146 -0.933838 -0.054688 7.625206 7.625206 -1.403038 173733352116.000000
0.268555 -0.933350 -0.048584 7.808211 8.052217 -1.891051 173733355032.000000
0.269287 -0.934326 -0.048584 7.625206 8.723236 -1.281035 173733357945.000000
0.265137 -0.932617 -0.051758 7.381199 8.601232 -1.586043 173733360858.000000
0.259766 -0.931396 -0.055176 7.503203 8.906240 -1.891051 173733363785.000000
0.259766 -0.934326 -0.061523 7.503203 8.906240 -1.952053 173733366699.000000
0.253174 -0.932129 -0.055908 7.503203 8.418227 -2.013054 173733369614.000000
0.249023 -0.936279 -0.053223 7.442201 8.357226 -2.257061 173733372538.000000
0.249756 -0.934570 -0.064697 7.442201 8.113219 -2.257061 173733375456.000000
0.244141 -0.939697 -0.061279 7.564204 7.564204 -2.318063 173733378372.000000
0.242676 -0.942871 -0.067383 7.686208 7.259196 -2.318063 173733381285.000000
0.242676 -0.946045 -0.071045 7.442201 6.588178 -2.318063 173733384210.000000
0.237305 -0.944824 -0.067139 7.442201 6.588178 -2.318063 173733387125.000000
0.235596 -0.949463 -0.066895 7.442201 5.734155 -2.684072 173733390039.000000
0.241943 -0.950195 -0.072510 7.320198 5.429147 -2.562069 173733392960.000000
0.233643 -0.951904 -0.071533 7.381199 4.941133 -2.501068 173733395879.000000
0.240967 -0.955078 -0.068115 7.442201 4.697127 -2.562069 173733398793.000000
0.242432 -0.949219 -0.071045 7.686208 4.819130 -2.318063 173733401712.000000
0.235352 -0.957031 -0.081787 7.442201 4.819130 -2.135058 173733404631.000000
0.236084 -0.951416 -0.085205 7.320198 4.636125 -1.952053 173733407546.000000
0.232910 -0.951904 -0.081543 7.381199 4.819130 -1.586043 173733410462.000000
0.239502 -0.953125 -0.081055 6.954188 4.880132 -1.220033 173733413378.000000
0.239258 -0.949463 -0.073486 7.198194 5.307143 -1.037028 173733416293.000000
0.239990 -0.951416 -0.077393 7.076191 5.551150 -0.488013 173733419233.000000
0.231445 -0.948242 -0.080811 7.259196 5.734155 -0.122003 173733422151.000000
0.235840 -0.946777 -0.072998 6.954188 6.527176 -0.183005 173733425067.000000
0.233398 -0.947510 -0.072998 7.137193 6.527176 0.122003 173733427981.000000
0.234131 -0.947998 -0.076172 7.198194 6.771183 0.549015 173733430893.000000
0.226074 -0.946289 -0.073975 7.503203 6.588178 0.854023 173733433809.000000
0.224365 -0.943848 -0.078369 7.198194 7.137193 0.976026 173733436722.000000
0.226563 -0.947510 -0.067383 7.137193 7.442201 1.098030 173733439637.000000
0.226563 -0.942139 -0.066406 7.381199 7.137193 1.830049 173733442555.000000
0.220215 -0.942871 -0.067627 7.198194 7.381199 1.830049 173733445471.000000
0.216064 -0.942871 -0.064453 7.381199 6.771183 2.135058 173733448386.000000
0.218750 -0.945313 -0.065674 7.259196 6.649180 1.830049 173733451300.000000
0.210938 -0.945801 -0.067871 7.503203 6.222168 2.379064 173733454218.000000
0.210205 -0.947266 -0.058105 7.442201 5.795156 2.074056 173733457132.000000
0.211182 -0.949951 -0.063232 7.503203 5.246142 2.196059 173733460047.000000
0.211182 -0.948975 -0.061035 7.625206 4.453120 2.257061 173733462969.000000
0.211426 -0.954834 -0.061035 7.747209 3.294089 2.928079 173733470587.000000
0.208496 -0.955811 -0.062012 7.808211 2.562069 2.867077 173733473746.000000
0.210205 -0.958984 -0.059082 7.686208 2.135058 3.050082 173733476688.000000
0.212158 -0.956299 -0.050781 7.808211 2.074056 3.172086 173733479601.000000
0.212646 -0.956299 -0.054443 7.869212 1.647044 3.294089 173733482596.000000
