-0.100342 -0.983398 -0.001221 -7.808211 -7.259196 -0.793021 155259571564.000000
-0.103516 -0.984863 0.000244 -7.503203 -7.259196 -1.037028 155259573366.000000
-0.104492 -0.982178 -0.000488 -7.808211 -7.259196 -0.854023 155259575168.000000
-0.106689 -0.984131 0.000488 -7.869212 -7.503203 -0.976026 155259576970.000000
-0.109863 -0.985596 0.008057 -7.625206 -7.930214 -0.671018 155259578773.000000
-0.108154 -0.981934 0.006836 -7.503203 -7.747209 -0.488013 155259580581.000000
-0.106201 -0.981201 0.002930 -7.808211 -7.686208 -0.305008 155259582384.000000
-0.104736 -0.987305 0.005615 -7.869212 -7.869212 -0.427012 155259584186.000000
-0.100342 -0.987305 -0.000244 -7.991216 -7.869212 -0.488013 155259585988.000000
-0.106934 -0.987305 0.005127 -7.930214 -7.808211 -0.549015 155259587789.000000
-0.103027 -0.986572 -0.006592 -8.662234 -7.869212 -0.671018 155259589595.000000
-0.102051 -0.987061 -0.005615 -8.479229 -8.052217 -0.366010 155259591395.000000
-0.103271 -0.991699 -0.007568 -8.723236 -7.869212 -0.427012 155259593198.000000
-0.103516 -0.991455 -0.002930 -8.784237 -7.747209 -0.366010 155259595000.000000
-0.097412 -0.995117 -0.006348 -8.723236 -7.747209 -0.549015 155259596801.000000
-0.100098 -0.991943 -0.010498 -9.028244 -7.625206 -0.488013 155259598603.000000
-0.103027 -0.996338 -0.011230 -8.845239 -7.625206 -0.427012 155259600409.000000
-0.104736 -0.996094 -0.008789 -8.845239 -7.747209 -0.366010 155259602212.000000
-0.098633 -1.005615 -0.009766 -9.089245 -7.869212 -0.366010 155259604013.000000
-0.103760 -1.004883 -0.006836 -8.784237 -7.686208 -0.366010 155259605815.000000
-0.102539 -1.003906 -0.005127 -8.784237 -7.564204 -0.671018 155259607618.000000
-0.104980 -1.003906 -0.014404 -8.967242 -7.869212 -0.549015 155259609423.000000
-0.103027 -1.007813 -0.012695 -8.601232 -8.113219 -0.610016 155259611227.000000
-0.105225 -1.010010 -0.010010 -9.028244 -8.113219 -0.793021 155259613029.000000
-0.104736 -1.012451 -0.012939 -8.662234 -8.418227 -0.732020 155259614832.000000
-0.102295 -1.021484 -0.017334 -8.845239 -8.113219 -1.098030 155259616634.000000
-0.103027 -1.017822 -0.013916 -9.089245 -8.357226 -0.976026 155259618437.000000
-0.099854 -1.017578 -0.014160 -8.967242 -8.418227 -1.220033 155259620246.000000
-0.107666 -1.022949 -0.017822 -8.967242 -8.113219 -0.915025 155259622050.000000
-0.099365 -1.021240 -0.015381 -8.906240 -8.296224 -1.281035 155259623855.000000
-0.104248 -1.021729 -0.017822 -8.479229 -8.357226 -1.159031 155259625657.000000
-0.100098 -1.022217 -0.014648 -8.357226 -8.601232 -1.220033 155259627459.000000
-0.103760 -1.021484 -0.016846 -8.601232 -8.540231 -1.220033 155259629261.000000
-0.103271 -1.021484 -0.015625 -8.235222 -8.662234 -1.403038 155259631093.000000
-0.100342 -1.021973 -0.017822 -8.479229 -8.601232 -1.464040 155259632897.000000
-0.101563 -1.021973 -0.018311 -8.479229 -8.723236 -1.403038 155259634699.000000
-0.105713 -1.015137 -0.015869 -8.357226 -8.723236 -1.281035 155259636501.000000
-0.104736 -1.017822 -0.012207 -8.601232 -8.723236 -1.464040 155259638303.000000
-0.105713 -1.022949 -0.020508 -8.601232 -8.906240 -1.769048 155259640107.000000
-0.106445 -1.014893 -0.022949 -8.662234 -9.211249 -1.647044 155259641909.000000
-0.103516 -1.010498 -0.020996 -8.601232 -9.333252 -1.708046 155259643715.000000
-0.106689 -1.007324 -0.019531 -8.601232 -9.333252 -1.708046 155259645520.000000
-0.106201 -1.007813 -0.019531 -8.662234 -9.821265 -1.830049 155259647322.000000
-0.111328 -1.004150 -0.016113 -8.418227 -9.943268 -1.769048 155259649124.000000
-0.103760 -1.004883 -0.022217 -8.967242 -10.248277 -1.586043 155259650927.000000
-0.106201 -0.998047 -0.017578 -8.418227 -10.309278 -1.647044 155259652729.000000
-0.101074 -0.993408 -0.018555 -9.028244 -10.309278 -2.013054 155259654531.000000
-0.101807 -0.992676 -0.019043 -8.784237 -10.553285 -2.074056 155259656336.000000
-0.105957 -0.988770 -0.020996 -9.150247 -10.919295 -2.013054 155259658139.000000
-0.105225 -0.979736 -0.026855 -9.150247 -11.224303 -1.952053 155259659942.000000
-0.108643 -0.974365 -0.027100 -8.967242 -11.407308 -1.891051 155259661744.000000
-0.108643 -0.969971 -0.026611 -9.211249 -11.773318 -1.769048 155259664180.000000
-0.108154 -0.965820 -0.018799 -9.638260 -12.200329 -1.647044 155259666006.000000
-0.106201 -0.964844 -0.019043 -9.760264 -12.322333 -1.769048 155259667811.000000
-0.108154 -0.961426 -0.017822 -9.638260 -12.627341 -1.647044 155259669616.000000
-0.107910 -0.953857 -0.023438 -9.821265 -12.932349 -1.708046 155259671420.000000
-0.107666 -0.949219 -0.021973 -9.943268 -13.359361 -1.708046 155259673223.000000
-0.109131 -0.952637 -0.024170 -9.943268 -13.298359 -1.769048 155259675024.000000
-0.106689 -0.947510 -0.020264 -10.187275 -13.969377 -1.525041 155259676826.000000
-0.102783 -0.949707 -0.021484 -10.126273 -14.152382 -1.708046 155259678638.000000
-0.107910 -0.946533 -0.018555 -10.065272 -14.335387 -1.769048 155259680446.000000
-0.107910 -0.948486 -0.019531 -10.309278 -14.701397 -1.769048 155259682247.000000
-0.110352 -0.945313 -0.018555 -10.553285 -14.823400 -1.769048 155259684048.000000
-0.108887 -0.944580 -0.028076 -10.431282 -15.128408 -1.769048 155259685850.000000
-0.104004 -0.944092 -0.018066 -10.431282 -15.738425 -1.708046 155259687652.000000
-0.106201 -0.946533 -0.018311 -10.553285 -15.982432 -1.525041 155259689458.000000
-0.104736 -0.947510 -0.022705 -10.736290 -16.043433 -1.525041 155259691263.000000
-0.101563 -0.949219 -0.016602 -10.431282 -16.226438 -1.403038 155259693067.000000
-0.101318 -0.951172 -0.017334 -10.553285 -16.531446 -1.525041 155259694869.000000
-0.098877 -0.955566 -0.017090 -10.858293 -16.714451 -1.708046 155259696672.000000
-0.098389 -0.956543 -0.016113 -10.431282 -16.592448 -1.586043 155259698474.000000
-0.095703 -0.962646 -0.015869 -10.248277 -17.080461 -1.586043 155259700281.000000
-0.098877 -0.962158 -0.021240 -10.309278 -17.080461 -1.403038 155259702084.000000
-0.095459 -0.971680 -0.022217 -10.248277 -17.141463 -1.647044 155259703886.000000
-0.097656 -0.970459 -0.015137 -10.309278 -17.141463 -1.342036 155259705688.000000
-0.089111 -0.974854 -0.016357 -10.248277 -17.141463 -1.342036 155259707490.000000
-0.090088 -0.975586 -0.019287 -10.187275 -17.263466 -1.525041 155259709296.000000
-0.093262 -0.980957 -0.018311 -10.126273 -17.446471 -1.769048 155259711095.000000
-0.094971 -0.982422 -0.019043 -9.821265 -17.324468 -1.525041 155259712897.000000
-0.096680 -0.985840 -0.022949 -9.821265 -17.568474 -1.525041 155259714698.000000
-0.093506 -0.989746 -0.017334 -9.821265 -17.507473 -1.708046 155259716500.000000
-0.092041 -0.991455 -0.022461 -9.821265 -17.995486 -1.708046 155259718302.000000
-0.088379 -0.996826 -0.021240 -9.211249 -18.056488 -1.525041 155259720109.000000
-0.088867 -0.996338 -0.024414 -9.150247 -17.934484 -1.708046 155259721909.000000
-0.088135 -1.000732 -0.018555 -9.211249 -17.812481 -1.647044 155259723714.000000
-0.086426 -0.998291 -0.024414 -8.967242 -17.934484 -1.769048 155259725666.000000
-0.083740 -1.002686 -0.029541 -8.662234 -17.690478 -1.525041 155259728587.000000
-0.084229 -1.003906 -0.031006 -8.906240 -17.690478 -1.830049 155259731507.000000
-0.083496 -1.004150 -0.029053 -8.601232 -17.507473 -1.769048 155259734435.000000
-0.083984 -1.000244 -0.028809 -8.418227 -17.629476 -1.647044 155259737352.000000
-0.083252 -1.003906 -0.022217 -8.174221 -17.568474 -1.769048 155259740272.000000
-0.075195 -1.005371 -0.024658 -8.296224 -17.324468 -1.647044 155259743189.000000
-0.075928 -1.007568 -0.026367 -8.174221 -17.446471 -1.708046 155259746106.000000
-0.078369 -1.000244 -0.026855 -8.113219 -17.080461 -1.708046 155259749033.000000
-0.075928 -0.998291 -0.026855 -8.235222 -17.080461 -1.952053 155259751951.000000
-0.074951 -0.995850 -0.021973 -8.296224 -16.714451 -1.708046 155259754867.000000
-0.069092 -0.994141 -0.018311 -8.235222 -16.348441 -1.769048 155259757785.000000
-0.073242 -0.994873 -0.012939 -8.052217 -15.860428 -2.257061 155259760706.000000
-0.068359 -0.993896 -0.018066 -8.357226 -15.494418 -1.891051 155259763638.000000
-0.068604 -0.990967 -0.012939 -8.296224 -15.311413 -1.952053 155259766555.000000
-0.076172 -0.993164 -0.020020 -8.235222 -14.823400 -1.586043 155259769473.000000
-0.076172 -0.987793 -0.015625 -8.601232 -14.579394 -1.098030 155259772389.000000
-0.071777 -0.990234 -0.016357 -8.601232 -14.335387 -1.037028 155259775306.000000
-0.065918 -0.994385 -0.009277 -8.784237 -14.030379 -0.976026 155259778222.000000
-0.069092 -0.991943 -0.005859 -8.723236 -12.993351 -1.159031 155259781148.000000
-0.070801 -0.992188 -0.009766 -9.333252 -12.627341 -0.854023 155259784066.000000
-0.067871 -0.997803 -0.006592 -8.906240 -11.773318 -0.244007 155259786982.000000
-0.067871 -0.994629 -0.007324 -8.540231 -11.041298 -0.610016 155259789905.000000
-0.066162 -0.998047 0.001465 -8.662234 -10.370280 -0.244007 155259792824.000000
-0.061279 -1.002686 0.000977 -8.967242 -9.577259 -0.244007 155259795739.000000
-0.064697 -1.002197 0.002197 -8.479229 -8.845239 -0.183005 155259798655.000000
-0.064941 -1.013184 -0.010010 -8.662234 -7.991216 0.061002 155259801582.000000
-0.068848 -1.018311 0.002930 -8.174221 -7.259196 0.244007 155259804500.000000
-0.063965 -1.022461 0.003662 -8.052217 -6.344171 0.488013 155259807419.000000
-0.065918 -1.031250 0.004150 -7.564204 -5.490148 0.488013 155259810342.000000
-0.063965 -1.037354 0.000000 -7.503203 -4.758128 0.305008 155259813263.000000
-0.063965 -1.042969 -0.002686 -7.137193 -3.477094 0.488013 155259816178.000000
-0.060303 -1.045654 0.002930 -7.198194 -2.379064 0.244007 155259819094.000000
-0.062012 -1.045654 0.003906 -6.710181 -1.464040 0.549015 155259822023.000000
-0.063721 -1.044434 -0.000488 -6.344171 -0.244007 0.549015 155259824971.000000
-0.055176 -1.048340 -0.001709 -6.588178 1.525041 0.610016 155259827889.000000
-0.058838 -1.045898 -0.002441 -6.405173 3.294089 1.037028 155259830811.000000
-0.060547 -1.040283 -0.001709 -6.527176 5.063137 1.220033 155259833728.000000
-0.059814 -1.034180 0.001465 -6.466175 6.588178 1.464040 155259836644.000000
-0.064453 -1.034180 -0.000732 -6.771183 8.601232 1.525041 155259839565.000000
-0.063965 -1.029541 -0.003418 -6.893186 10.431282 2.013054 155259842480.000000
-0.066406 -1.021729 -0.001953 -6.466175 12.505338 1.830049 155259845395.000000
-0.069580 -1.012695 -0.004883 -7.198194 13.847374 2.257061 155259848311.000000
-0.075195 -1.011475 0.001709 -7.137193 15.494418 2.440066 155259851227.000000
-0.077148 -1.004639 0.000732 -7.503203 16.653450 2.745074 155259854144.000000
-0.084473 -0.990234 0.001465 -7.930214 17.873483 3.111084 155259857060.000000
-0.086670 -0.985352 -0.004639 -8.418227 18.727506 3.294089 155259859977.000000
-0.093506 -0.979492 -0.005859 -8.418227 19.337522 3.904105 155259862894.000000
-0.100830 -0.976074 -0.004150 -8.906240 19.764534 3.843104 155259865811.000000
-0.106201 -0.968018 -0.005371 -8.662234 20.252547 4.148112 155259868727.000000
-0.113281 -0.966797 -0.009033 -8.967242 20.923565 4.819130 155259871646.000000
-0.108887 -0.965576 -0.007324 -8.967242 21.350576 4.697127 155259874565.000000
-0.111084 -0.965576 -0.012207 -9.211249 21.289575 5.063137 155259877482.000000
-0.111084 -0.958496 -0.011475 -9.150247 21.350576 5.185140 155259880406.000000
-0.113770 -0.956787 -0.012939 -9.577259 21.594583 5.185140 155259883325.000000
-0.113525 -0.953125 -0.018066 -9.699262 21.228573 5.368145 155259886242.000000
-0.122314 -0.961426 -0.014648 -9.455255 20.740560 5.429147 155259889158.000000
-0.124512 -0.954834 -0.018799 -9.577259 19.947539 5.490148 155259892076.000000
-0.117676 -0.958740 -0.017334 -9.577259 19.215519 5.185140 155259894994.000000
-0.125977 -0.962402 -0.022949 -9.394254 18.422497 5.246142 155259897912.000000
-0.127441 -0.967285 -0.021973 -9.211249 17.263466 5.002135 155259900839.000000
-0.128906 -0.964844 -0.022217 -9.211249 16.043433 4.758128 155259903770.000000
-0.123779 -0.972900 -0.022949 -9.028244 14.396389 4.697127 155259906687.000000
-0.129150 -0.971191 -0.033691 -8.784237 13.481364 4.392119 155259909610.000000
-0.127930 -0.973877 -0.038330 -8.540231 12.078326 4.026109 155259912529.000000
-0.126953 -0.970215 -0.037842 -8.540231 10.675288 3.843104 155259915445.000000
-0.132080 -0.972900 -0.039551 -8.479229 9.089245 3.233087 155259918364.000000
-0.127930 -0.973633 -0.033203 -8.357226 7.869212 2.989081 155259921293.000000
-0.129639 -0.975830 -0.043945 -8.113219 5.917160 2.501068 155259924210.000000
-0.128174 -0.974854 -0.044189 -7.747209 4.575124 2.501068 155259927155.000000
-0.125732 -0.979248 -0.045410 -7.259196 2.928079 1.525041 155259930075.000000
-0.126465 -0.975098 -0.047119 -7.564204 1.708046 1.220033 155259932991.000000
-0.124268 -0.980713 -0.041748 -7.137193 0.122003 0.732020 155259935920.000000
-0.127197 -0.980713 -0.042725 -6.832184 -1.037028 0.610016 155259938836.000000
-0.124023 -0.981934 -0.036865 -6.893186 -2.440066 0.122003 155259941755.000000
-0.120117 -0.984619 -0.047119 -6.649180 -3.416092 -0.427012 155259944673.000000
-0.120361 -0.987305 -0.042236 -6.405173 -4.636125 -0.549015 155259947590.000000
-0.120117 -0.989990 -0.041504 -6.222168 -5.673153 -1.159031 155259950521.000000
-0.118408 -0.991943 -0.045166 -5.978161 -6.649180 -1.342036 155259953440.000000
-0.114746 -0.993896 -0.042969 -5.856158 -8.235222 -2.074056 155259961044.000000
-0.117188 -0.992676 -0.044434 -5.673153 -8.967242 -2.501068 155259964202.000000
-0.112793 -0.996338 -0.034668 -5.734155 -9.028244 -2.318063 155259967129.000000
-0.117676 -0.993408 -0.036621 -5.490148 -9.577259 -2.623071 155259970052.000000
-0.110840 -0.996094 -0.034424 -5.368145 -9.821265 -2.989081 155259973066.000000
-0.108643 -0.998535 -0.036133 -5.185140 -9.821265 -3.050082 155259976073.000000
-0.113037 -0.995605 -0.028564 -5.063137 -9.943268 -2.745074 155259978988.000000
-0.111084 -0.999756 -0.028564 -5.307143 -9.455255 -2.745074 155259981911.000000
-0.116943 -0.999023 -0.028809 -5.246142 -9.333252 -2.806076 155259984826.000000
-0.112061 -1.000244 -0.019287 -5.063137 -8.845239 -2.562069 155259987735.000000
-0.111328 -0.998779 -0.022949 -5.002135 -7.930214 -2.440066 155259990656.000000
-0.111084 -0.997803 -0.020996 -4.819130 -7.625206 -2.257061 155259993574.000000
-0.108398 -0.998779 -0.019287 -4.819130 -6.893186 -2.440066 155259996503.000000
-0.112061 -1.000244 -0.018066 -4.575124 -5.673153 -2.257061 155259999418.000000
-0.111572 -1.001465 -0.016113 -4.636125 -5.246142 -1.769048 155300002341.000000
-0.109131 -0.999023 -0.015381 -4.453120 -4.148112 -1.891051 155300005262.000000
-0.108154 -1.003418 -0.011963 -4.209114 -3.355091 -1.708046 155300008174.000000
-0.110596 -1.010254 -0.012695 -4.026109 -2.379064 -1.342036 155300011096.000000
-0.108398 -1.011230 -0.015381 -3.904105 -1.159031 -1.342036 155300014019.000000
-0.107666 -1.014893 -0.013916 -3.477094 -0.366010 -0.854023 155300016935.000000
-0.109863 -1.016113 -0.014648 -3.416092 0.854023 -0.671018 155300019856.000000
-0.109375 -1.019531 -0.013672 -3.294089 1.769048 -0.732020 155300022773.000000
-0.105713 -1.019287 -0.019043 -3.111084 2.928079 -0.610016 155300025703.000000
-0.104492 -1.027100 -0.024414 -3.233087 3.294089 -0.427012 155300028217.000000
-0.109863 -1.021484 -0.028564 -3.111084 3.843104 -0.244007 155300030031.000000
-0.111328 -1.024658 -0.037842 -3.172086 3.843104 -0.488013 155300031836.000000
-0.108643 -1.019043 -0.033691 -3.172086 3.782102 -0.305008 155300033641.000000
-0.108398 -1.018311 -0.032959 -2.989081 4.087110 -0.427012 155300035446.000000
-0.114014 -1.019287 -0.031738 -2.623071 4.087110 -0.183005 155300037245.000000
-0.112793 -1.014893 -0.025635 -2.745074 3.843104 -0.122003 155300039045.000000
-0.114746 -1.014648 -0.027100 -3.050082 3.782102 -0.427012 155300040845.000000
-0.113770 -1.007813 -0.026367 -2.806076 3.660099 -0.549015 155300042646.000000
-0.118408 -1.005127 -0.026123 -2.928079 3.416092 -0.244007 155300044445.000000
-0.113037 -1.004883 -0.028076 -2.867077 3.294089 -0.183005 155300046245.000000
-0.111084 -1.001953 -0.037842 -2.867077 3.294089 -0.305008 155300048054.000000
-0.110596 -1.000000 -0.038574 -2.806076 3.294089 -0.244007 155300049855.000000
-0.113281 -0.995850 -0.040771 -3.050082 2.989081 0.000000 155300051655.000000
-0.110352 -0.990234 -0.042480 -3.111084 2.806076 0.000000 155300053455.000000
-0.112061 -0.989258 -0.042236 -3.233087 2.806076 -0.244007 155300055266.000000
-0.108154 -0.986572 -0.036621 -3.294089 2.501068 -0.244007 155300057067.000000
-0.107910 -0.988037 -0.042480 -3.660099 2.684072 -0.183005 155300058865.000000
-0.106689 -0.981445 -0.047852 -3.660099 2.196059 -0.183005 155300060668.000000
-0.108643 -0.978027 -0.042969 -3.843104 2.501068 0.000000 155300062471.000000
-0.110840 -0.980957 -0.041748 -4.026109 2.440066 -0.061002 155300064271.000000
-0.107422 -0.979980 -0.042236 -4.148112 2.196059 0.000000 155300066070.000000
-0.108398 -0.979492 -0.038574 -4.331117 1.647044 -0.427012 155300067870.000000
-0.111816 -0.979736 -0.050781 -4.148112 1.342036 0.122003 155300069676.000000
-0.106201 -0.976318 -0.038330 -4.514122 1.342036 0.000000 155300071484.000000
-0.108398 -0.978516 -0.045898 -4.453120 0.854023 -0.183005 155300073288.000000
-0.109375 -0.978271 -0.047852 -4.758128 0.488013 0.000000 155300075091.000000
-0.110352 -0.979004 -0.041748 -4.636125 0.183005 0.244007 155300076901.000000
-0.108887 -0.977295 -0.049316 -4.636125 -0.061002 -0.061002 155300078762.000000
-0.111572 -0.975830 -0.048096 -4.758128 -0.244007 -0.061002 155300080718.000000
-0.106201 -0.979736 -0.041748 -4.880132 -0.488013 0.305008 155300082646.000000
-0.112549 -0.973145 -0.042480 -4.941133 -0.671018 0.061002 155300084562.000000
-0.110840 -0.974365 -0.045898 -4.880132 -0.732020 -0.061002 155300086382.000000
-0.104980 -0.977051 -0.046631 -4.941133 -1.098030 0.244007 155300088183.000000
-0.104980 -0.982178 -0.041504 -4.941133 -0.976026 0.427012 155300089991.000000
-0.106689 -0.981445 -0.050537 -5.307143 -1.037028 0.305008 155300091795.000000
-0.102539 -0.980469 -0.050781 -5.185140 -1.342036 0.122003 155300093603.000000
-0.104248 -0.982422 -0.049072 -5.307143 -1.220033 0.122003 155300095406.000000
-0.103760 -0.981934 -0.044678 -5.063137 -1.464040 -0.244007 155300097209.000000
-0.102539 -0.986572 -0.047852 -5.063137 -1.586043 -0.061002 155300099010.000000
-0.101318 -0.991211 -0.042969 -4.880132 -1.769048 0.061002 155300100817.000000
-0.101807 -0.990723 -0.046875 -4.880132 -1.891051 -0.122003 155300102616.000000
-0.102539 -0.992920 -0.045654 -4.697127 -2.013054 -0.244007 155300104416.000000
-0.101318 -0.993164 -0.045654 -4.697127 -2.013054 -0.488013 155300106214.000000
-0.102539 -0.996338 -0.045654 -4.697127 -1.952053 -0.427012 155300108012.000000
-0.098389 -1.001953 -0.049316 -4.880132 -1.952053 -0.488013 155300109814.000000
-0.097900 -1.001953 -0.048584 -4.514122 -1.952053 -0.671018 155300111617.000000
-0.097656 -0.998535 -0.050781 -4.697127 -1.952053 -0.488013 155300113421.000000
-0.098145 -1.002686 -0.052002 -4.331117 -1.708046 -0.610016 155300115223.000000
-0.094482 -1.008057 -0.051758 -4.514122 -1.830049 -0.854023 155300117025.000000
-0.097900 -1.010254 -0.052002 -4.209114 -1.952053 -0.915025 155300118829.000000
-0.098145 -1.012695 -0.055176 -3.965107 -1.830049 -1.220033 155300120630.000000
-0.100098 -1.015381 -0.049805 -4.087110 -1.952053 -1.403038 155300122429.000000
-0.093262 -1.008301 -0.052979 -3.965107 -1.830049 -1.464040 155300124230.000000
-0.093506 -1.016357 -0.056396 -4.087110 -1.708046 -1.708046 155300126028.000000
-0.092773 -1.015381 -0.057861 -3.782102 -1.464040 -1.891051 155300127834.000000
-0.095459 -1.013672 -0.053955 -3.843104 -1.586043 -1.769048 155300129637.000000
-0.097900 -1.012451 -0.056396 -3.416092 -1.403038 -2.013054 155300131444.000000
-0.096191 -1.014893 -0.056152 -3.416092 -1.159031 -2.074056 155300133249.000000
-0.093018 -1.014404 -0.051514 -3.477094 -1.159031 -1.952053 155300135056.000000
-0.092773 -1.011719 -0.053223 -3.233087 -0.793021 -2.257061 155300136859.000000
-0.093018 -1.008545 -0.055908 -3.233087 -0.671018 -2.257061 155300138663.000000
-0.090332 -1.005859 -0.055664 -3.416092 -0.549015 -2.318063 155300140466.000000
-0.088867 -1.003418 -0.056641 -3.416092 -0.183005 -2.440066 155300142264.000000
-0.094727 -1.000977 -0.057129 -3.050082 0.061002 -2.562069 155300144063.000000
-0.094238 -1.001709 -0.059082 -3.233087 0.305008 -2.501068 155300145863.000000
-0.089844 -0.992676 -0.053955 -3.355091 0.366010 -2.440066 155300147662.000000
-0.089600 -0.993164 -0.056396 -3.233087 0.610016 -2.562069 155300149464.000000
-0.090820 -0.994385 -0.058594 -3.355091 0.854023 -2.440066 155300151268.000000
-0.089355 -0.987793 -0.054932 -3.477094 0.915025 -2.684072 155300153070.000000
-0.092285 -0.979492 -0.049072 -3.355091 1.220033 -2.684072 155300154872.000000
-0.094971 -0.977783 -0.047119 -3.660099 1.281035 -2.379064 155300156674.000000
-0.094482 -0.972168 -0.047119 -3.538096 1.891051 -2.257061 155300158477.000000
-0.095703 -0.973877 -0.048340 -3.538096 1.891051 -2.196059 155300160279.000000
-0.094727 -0.968994 -0.051758 -3.477094 2.501068 -2.135058 155300162079.000000
-0.096924 -0.963867 -0.051025 -4.026109 2.501068 -2.379064 155300163878.000000
-0.098633 -0.963135 -0.046875 -3.904105 2.867077 -2.196059 155300165678.000000
-0.094482 -0.958496 -0.056396 -3.843104 3.111084 -2.074056 155300167477.000000
-0.098145 -0.958008 -0.053711 -3.965107 3.416092 -2.013054 155300169313.000000
-0.097412 -0.959473 -0.056396 -4.026109 3.843104 -1.830049 155300171121.000000
-0.098145 -0.960205 -0.048584 -4.514122 3.782102 -1.708046 155300172924.000000
-0.101074 -0.951660 -0.047119 -4.392119 4.392119 -1.220033 155300174728.000000
-0.100342 -0.951172 -0.049072 -4.392119 4.697127 -1.281035 155300176531.000000
-0.099121 -0.952393 -0.048584 -4.514122 5.002135 -1.098030 155300178333.000000
-0.095459 -0.954590 -0.044678 -4.331117 5.490148 -0.915025 155300180140.000000
-0.100342 -0.952881 -0.047852 -4.453120 5.734155 -0.732020 155300181945.000000
-0.099609 -0.956543 -0.045654 -4.575124 5.978161 -0.671018 155300183748.000000
-0.102783 -0.957275 -0.041748 -4.392119 6.344171 -0.671018 155300185551.000000
-0.104736 -0.959229 -0.037354 -4.514122 6.771183 -0.305008 155300187356.000000
-0.107422 -0.963135 -0.041992 -4.453120 6.588178 -0.305008 155300189160.000000
-0.107422 -0.960693 -0.044922 -4.392119 6.954188 -0.305008 155300190976.000000
-0.106689 -0.964600 -0.042480 -4.697127 7.259196 -0.061002 155300192779.000000
-0.108643 -0.969238 -0.049072 -4.270115 7.442201 0.183005 155300194581.000000
-0.106445 -0.969971 -0.047119 -4.514122 7.869212 0.122003 155300196384.000000
-0.103271 -0.971924 -0.045166 -4.270115 8.235222 0.427012 155300198187.000000
-0.104248 -0.970947 -0.041260 -4.392119 8.479229 0.427012 155300199993.000000
-0.110352 -0.972656 -0.041504 -4.270115 8.784237 0.000000 155300201793.000000
-0.107910 -0.975830 -0.036865 -4.026109 8.784237 0.427012 155300203597.000000
-0.110107 -0.976807 -0.034668 -3.782102 9.516257 0.549015 155300205400.000000
-0.106201 -0.973145 -0.042725 -3.904105 9.821265 0.488013 155300207202.000000
-0.105957 -0.976807 -0.041504 -3.904105 10.065272 0.610016 155300209004.000000
-0.111328 -0.983887 -0.044922 -3.904105 10.004270 0.671018 155300210813.000000
-0.109863 -0.981445 -0.041748 -3.660099 9.943268 0.549015 155300212615.000000
-0.109131 -0.977783 -0.042236 -3.843104 10.126273 0.610016 155300214424.000000
-0.112793 -0.982422 -0.043701 -3.599097 10.431282 0.488013 155300216229.000000
-0.115723 -0.982666 -0.038574 -3.416092 10.126273 0.244007 155300218032.000000
-0.110107 -0.978516 -0.041260 -3.294089 10.309278 0.549015 155300219837.000000
-0.115723 -0.979980 -0.041016 -3.355091 10.126273 0.305008 155300221643.000000
-0.112549 -0.980957 -0.044922 -2.989081 10.370280 0.183005 155300223446.000000
-0.113037 -0.980225 -0.044678 -2.623071 10.065272 -0.183005 155300225250.000000
-0.114502 -0.979980 -0.046875 -2.684072 10.492283 -0.183005 155300227053.000000
-0.111572 -0.981201 -0.046143 -2.623071 10.370280 -0.366010 155300228855.000000
-0.111816 -0.979004 -0.047852 -2.623071 10.248277 -0.488013 155300230668.000000
-0.110840 -0.980469 -0.050293 -2.440066 10.309278 -0.610016 155300232471.000000
-0.113281 -0.981689 -0.057861 -2.684072 10.187275 -1.220033 155300234273.000000
-0.110352 -0.981445 -0.046631 -2.501068 10.248277 -0.793021 155300236076.000000
-0.110107 -0.984619 -0.053711 -2.745074 10.675288 -0.915025 155300237885.000000
-0.113281 -0.980225 -0.051514 -2.440066 10.492283 -1.037028 155300239689.000000
-0.111328 -0.974609 -0.054443 -2.318063 10.858293 -1.342036 155300241492.000000
-0.108154 -0.977295 -0.053223 -2.074056 11.224303 -1.342036 155300243295.000000
-0.108154 -0.976807 -0.057373 -2.501068 11.041298 -1.403038 155300245098.000000
-0.109131 -0.978271 -0.048340 -2.379064 11.590313 -1.647044 155300246900.000000
-0.108643 -0.976318 -0.045410 -2.379064 11.163301 -1.525041 155300248702.000000
-0.104980 -0.971924 -0.047119 -2.074056 11.407308 -1.769048 155300250505.000000
-0.104736 -0.973145 -0.050537 -2.257061 11.834320 -2.013054 155300252310.000000
-0.106201 -0.968018 -0.050293 -2.623071 11.834320 -1.708046 155300254113.000000
-0.106934 -0.975586 -0.054688 -2.318063 11.895321 -2.074056 155300255915.000000
-0.107666 -0.971436 -0.050537 -2.501068 12.200329 -2.257061 155300257717.000000
-0.109863 -0.967041 -0.054688 -2.379064 12.444336 -2.318063 155300259521.000000
-0.111328 -0.968018 -0.053711 -2.074056 12.322333 -2.440066 155300261323.000000
-0.113037 -0.969971 -0.052002 -2.257061 12.810346 -2.440066 155300263128.000000
-0.110840 -0.967773 -0.046387 -2.379064 12.688343 -2.745074 155300264930.000000
-0.112305 -0.965820 -0.044922 -2.318063 12.810346 -2.562069 155300266737.000000
-0.115723 -0.968506 -0.052002 -2.562069 13.054352 -2.806076 155300268541.000000
-0.116455 -0.972412 -0.054199 -1.952053 12.993351 -2.989081 155300270347.000000
-0.118408 -0.966553 -0.047363 -2.135058 13.054352 -2.989081 155300272149.000000
-0.114746 -0.973145 -0.049072 -2.379064 13.115354 -3.111084 155300273951.000000
-0.121094 -0.976807 -0.050781 -2.257061 13.054352 -3.233087 155300275753.000000
-0.117432 -0.975098 -0.053467 -2.257061 13.359361 -3.233087 155300277555.000000
-0.117676 -0.977051 -0.053711 -2.196059 13.237357 -3.355091 155300279365.000000
-0.117188 -0.984619 -0.047119 -1.891051 13.237357 -3.599097 155300281169.000000
-0.119629 -0.983643 -0.043457 -1.952053 13.054352 -3.538096 155300282971.000000
-0.125244 -0.989014 -0.048584 -1.647044 12.688343 -3.538096 155300284773.000000
-0.122803 -0.989746 -0.048096 -1.586043 12.566339 -3.660099 155300286576.000000
-0.121582 -0.991455 -0.046875 -1.586043 12.444336 -3.904105 155300288379.000000
-0.128418 -0.995605 -0.048340 -1.342036 12.383334 -4.026109 155300290187.000000
-0.133545 -0.997070 -0.052490 -1.098030 12.383334 -4.026109 155300291989.000000
-0.130615 -0.996582 -0.053467 -1.037028 12.444336 -4.148112 155300293791.000000
-0.132324 -0.998779 -0.050537 -1.037028 11.956323 -4.270115 155300295593.000000
-0.133057 -1.000000 -0.052490 -0.793021 12.383334 -4.331117 155300297394.000000
-0.131348 -0.999023 -0.052002 -1.037028 12.383334 -4.209114 155300299208.000000
-0.136963 -0.997803 -0.049805 -1.037028 11.834320 -4.270115 155300301022.000000
-0.138916 -1.002930 -0.051270 -0.793021 11.834320 -4.026109 155300302829.000000
-0.137207 -0.997559 -0.047363 -0.366010 12.017324 -4.331117 155300304632.000000
-0.136475 -0.998535 -0.052979 -0.854023 11.712316 -4.331117 155300306435.000000
-0.136963 -1.000244 -0.054932 -0.610016 11.346306 -3.843104 155300308240.000000
-0.138672 -1.001465 -0.049316 -0.610016 11.285305 -4.148112 155300310048.000000
-0.132568 -1.002441 -0.055176 -0.549015 11.285305 -4.148112 155300311857.000000
-0.139404 -0.997803 -0.059326 -0.549015 10.980296 -4.026109 155300313664.000000
-0.139648 -0.998047 -0.060547 -0.488013 10.797292 -4.331117 155300315468.000000
-0.137695 -0.997559 -0.061035 -0.488013 10.187275 -4.453120 155300317274.000000
-0.142090 -0.995850 -0.055908 -0.671018 9.943268 -4.209114 155300319078.000000
-0.146240 -0.995605 -0.061035 -0.366010 9.638260 -4.392119 155300320886.000000
-0.148682 -0.996582 -0.065918 -0.427012 9.150247 -4.270115 155300322692.000000
-0.146240 -1.003662 -0.058838 -0.366010 8.601232 -4.148112 155300324498.000000
-0.148682 -0.997070 -0.055664 -0.427012 8.235222 -4.148112 155300326302.000000
-0.146973 -1.003418 -0.064453 -0.793021 7.869212 -4.087110 155300328106.000000
-0.149170 -1.003906 -0.058594 -0.793021 7.259196 -4.026109 155300329909.000000
-0.152832 -1.005615 -0.066650 -0.793021 6.466175 -4.026109 155300331712.000000
-0.152100 -1.003662 -0.067383 -0.854023 6.161166 -4.087110 155300333514.000000
-0.151367 -1.004883 -0.071045 -0.976026 5.734155 -4.209114 155300335316.000000
-0.149902 -0.997314 -0.070557 -1.403038 4.941133 -3.904105 155300337118.000000
-0.147949 -0.998047 -0.062988 -1.342036 4.514122 -3.904105 155300338919.000000
-0.144531 -1.005371 -0.067383 -1.403038 4.148112 -3.538096 155300340722.000000
-0.146973 -1.001709 -0.068359 -1.647044 3.721100 -3.111084 155300342526.000000
-0.141357 -1.004395 -0.070068 -1.647044 3.477094 -3.355091 155300344329.000000
-0.141113 -1.003662 -0.074707 -1.830049 3.050082 -2.989081 155300346133.000000
-0.137207 -1.006592 -0.073975 -2.257061 3.111084 -3.233087 155300347934.000000
-0.139648 -1.007080 -0.072998 -2.562069 2.745074 -2.806076 155300349739.000000
-0.135254 -1.001953 -0.073975 -2.684072 2.867077 -2.501068 155300351542.000000
-0.132813 -1.000244 -0.075195 -2.684072 2.562069 -2.501068 155300353344.000000
-0.133545 -1.004150 -0.069824 -3.050082 2.562069 -2.013054 155300355146.000000
-0.133545 -0.999512 -0.069824 -3.599097 2.867077 -1.647044 155300356949.000000
-0.130127 -0.999023 -0.067383 -3.599097 2.745074 -1.220033 155300358751.000000
-0.133545 -0.999756 -0.066895 -3.782102 3.172086 -0.915025 155300360555.000000
-0.130859 -0.998535 -0.065430 -4.270115 3.172086 -0.915025 155300362357.000000
-0.134033 -0.998047 -0.064697 -4.148112 3.416092 -0.305008 155300364158.000000
-0.132813 -0.993896 -0.062012 -4.514122 3.477094 0.000000 155300365961.000000
-0.130127 -0.993896 -0.062012 -4.941133 3.904105 0.183005 155300367762.000000
-0.132813 -0.990723 -0.057617 -5.368145 3.965107 0.610016 155300369565.000000
-0.132568 -0.990479 -0.059814 -5.063137 4.026109 1.281035 155300371369.000000
-0.129639 -0.995117 -0.054932 -5.185140 4.209114 1.281035 155300373176.000000
-0.136230 -0.988281 -0.055420 -5.490148 4.697127 1.647044 155300374978.000000
-0.135498 -0.984131 -0.050537 -5.551150 5.063137 2.135058 155300376780.000000
-0.140137 -0.978516 -0.048340 -5.978161 5.124138 2.562069 155300378581.000000
-0.139160 -0.975586 -0.053955 -5.978161 5.551150 2.928079 155300380389.000000
-0.139648 -0.979492 -0.050049 -5.978161 5.673153 3.111084 155300382191.000000
-0.139893 -0.972168 -0.046631 -6.161166 5.856158 3.599097 155300383993.000000
-0.139404 -0.975342 -0.046631 -6.405173 6.039163 4.026109 155300385797.000000
-0.138428 -0.972168 -0.048096 -6.466175 6.039163 4.331117 155300387599.000000
-0.135254 -0.974121 -0.047119 -6.649180 6.710181 4.636125 155300389406.000000
-0.135498 -0.968994 -0.048340 -6.893186 7.198194 4.697127 155300391207.000000
-0.134277 -0.967529 -0.042725 -6.954188 7.442201 4.880132 155300393009.000000
-0.137939 -0.964600 -0.041016 -6.649180 7.625206 5.307143 155300394812.000000
-0.136475 -0.968262 -0.038818 -6.466175 7.991216 5.490148 155300396614.000000
-0.136475 -0.966797 -0.037842 -6.588178 8.540231 5.734155 155300398417.000000
-0.136475 -0.968018 -0.040283 -6.466175 8.784237 5.795156 155300400226.000000
-0.125732 -0.969238 -0.049316 -6.405173 9.211249 5.978161 155300402028.000000
-0.131348 -0.969971 -0.042725 -6.527176 9.333252 5.978161 155300403830.000000
-0.129395 -0.980469 -0.045898 -6.405173 9.699262 6.344171 155300405632.000000
-0.130371 -0.977539 -0.045410 -6.222168 10.004270 6.161166 155300407435.000000
-0.131592 -0.985352 -0.043457 -6.283170 10.370280 6.405173 155300409237.000000
-0.133301 -0.987793 -0.049805 -6.100165 10.492283 6.527176 155300411069.000000
-0.127930 -0.995361 -0.047119 -6.161166 10.980296 6.405173 155300412872.000000
-0.127441 -0.996582 -0.045898 -5.917160 11.102300 6.710181 155300414682.000000
-0.128418 -1.002197 -0.046631 -5.612152 11.224303 6.527176 155300416484.000000
-0.127930 -1.005127 -0.046387 -5.612152 11.407308 6.527176 155300418285.000000
-0.131104 -1.008545 -0.038086 -5.490148 12.017324 6.405173 155300420091.000000
-0.127930 -1.019043 -0.043701 -5.307143 11.712316 6.588178 155300421901.000000
-0.127686 -1.013672 -0.049805 -5.124138 12.078326 6.649180 155300423705.000000
-0.123047 -1.021729 -0.053955 -5.002135 12.505338 6.466175 155300425508.000000
-0.125488 -1.022949 -0.052246 -5.002135 12.566339 6.283170 155300427311.000000
-0.128662 -1.025635 -0.047607 -4.819130 12.871348 6.222168 155300429115.000000
-0.129639 -1.026367 -0.053955 -4.880132 13.054352 6.649180 155300430923.000000
-0.133057 -1.025391 -0.049805 -4.331117 13.054352 6.405173 155300432726.000000
-0.127197 -1.028809 -0.044678 -4.270115 13.176356 6.161166 155300434532.000000
-0.126465 -1.030518 -0.047852 -3.843104 13.237357 6.222168 155300436334.000000
-0.130371 -1.031006 -0.052734 -3.965107 13.603367 6.405173 155300438137.000000
-0.131348 -1.031006 -0.051270 -3.782102 13.542366 6.344171 155300439940.000000
-0.124023 -1.029297 -0.053955 -3.477094 13.603367 6.039163 155300441743.000000
-0.125732 -1.030518 -0.053467 -4.026109 13.603367 5.429147 155300443546.000000
-0.126953 -1.031250 -0.053223 -3.721100 13.420362 5.734155 155300445349.000000
-0.127930 -1.035645 -0.059326 -3.599097 13.664369 5.612152 155300447151.000000
-0.129395 -1.031982 -0.057617 -3.477094 13.542366 5.612152 155300448954.000000
-0.127441 -1.029785 -0.057617 -3.477094 13.542366 5.490148 155300450757.000000
-0.125732 -1.024414 -0.060059 -3.660099 13.115354 5.551150 155300452559.000000
-0.127441 -1.019531 -0.059570 -3.355091 13.115354 5.429147 155300454362.000000
-0.129395 -1.017822 -0.068359 -3.416092 12.566339 5.368145 155300456165.000000
-0.128662 -1.014648 -0.060303 -3.294089 12.078326 5.063137 155300457966.000000
-0.130859 -1.008057 -0.062012 -3.599097 11.773318 5.307143 155300459769.000000
-0.133545 -1.003662 -0.059814 -3.416092 11.285305 5.246142 155300461571.000000
-0.134277 -1.009033 -0.065674 -3.599097 10.553285 5.124138 155300463373.000000
-0.135010 -1.004639 -0.057129 -3.660099 10.126273 5.124138 155300465175.000000
-0.136719 -0.994629 -0.061035 -3.721100 8.662234 4.636125 155300466977.000000
-0.139648 -0.991455 -0.052979 -3.721100 7.625206 4.636125 155300468780.000000
-0.148193 -0.985840 -0.051270 -3.782102 6.405173 4.636125 155300470584.000000
-0.145996 -0.983398 -0.052246 -3.599097 5.124138 4.636125 155300472387.000000
-0.143066 -0.978027 -0.052979 -3.843104 3.782102 4.270115 155300474192.000000
-0.144531 -0.973389 -0.047119 -4.392119 2.440066 4.148112 155300475996.000000
-0.150635 -0.967529 -0.053955 -4.331117 0.915025 4.148112 155300477798.000000
-0.149414 -0.969482 -0.045410 -4.087110 -0.122003 3.965107 155300479605.000000
-0.149170 -0.964355 -0.049316 -4.026109 -1.403038 3.965107 155300481410.000000
-0.145020 -0.964355 -0.052734 -4.514122 -2.745074 3.660099 155300483212.000000
-0.144531 -0.957764 -0.054443 -4.575124 -3.782102 3.721100 155300485020.000000
-0.139404 -0.956543 -0.051025 -4.270115 -5.002135 3.538096 155300486822.000000
-0.139893 -0.958252 -0.046631 -4.270115 -5.856158 3.477094 155300488624.000000
-0.139893 -0.961670 -0.046631 -4.392119 -6.771183 3.416092 155300490432.000000
-0.134277 -0.957275 -0.041260 -4.331117 -7.442201 3.416092 155300492234.000000
-0.135742 -0.964111 -0.039307 -3.965107 -7.930214 3.233087 155300494037.000000
-0.129639 -0.968018 -0.037842 -4.148112 -8.540231 2.928079 155300495841.000000
-0.124023 -0.972168 -0.037598 -4.209114 -8.479229 3.111084 155300497648.000000
-0.120361 -0.973877 -0.031738 -3.843104 -8.784237 2.745074 155300499454.000000
-0.116211 -0.975830 -0.037598 -3.904105 -8.662234 2.501068 155300501255.000000
-0.115234 -0.982910 -0.045166 -3.721100 -8.845239 2.318063 155300503058.000000
-0.109863 -0.990723 -0.045898 -3.660099 -8.479229 2.135058 155300504860.000000
-0.108398 -1.001709 -0.049805 -3.599097 -7.930214 2.257061 155300506662.000000
-0.104980 -1.000488 -0.047607 -3.538096 -7.686208 2.257061 155300508463.000000
-0.102295 -1.002441 -0.049072 -3.416092 -7.137193 2.318063 155300510267.000000
-0.093994 -1.015625 -0.046875 -3.355091 -6.161166 2.318063 155300512070.000000
-0.094727 -1.018799 -0.054443 -3.294089 -5.368145 2.074056 155300513871.000000
-0.093506 -1.030518 -0.055664 -3.111084 -4.331117 2.074056 155300515674.000000
-0.091064 -1.032227 -0.054688 -3.050082 -3.477094 2.318063 155300517477.000000
-0.089111 -1.041016 -0.055176 -2.989081 -2.257061 2.318063 155300519302.000000
-0.086426 -1.044922 -0.053955 -2.806076 -1.098030 2.379064 155300521105.000000
-0.088623 -1.045654 -0.055908 -2.989081 0.549015 2.318063 155300522910.000000
-0.083984 -1.049805 -0.062256 -2.684072 1.586043 2.379064 155300524715.000000
-0.084473 -1.049561 -0.061279 -2.440066 2.806076 2.623071 155300526519.000000
-0.082275 -1.050781 -0.055664 -2.623071 3.843104 2.806076 155300528321.000000
-0.086670 -1.047607 -0.065674 -2.806076 5.063137 2.867077 155300530125.000000
-0.082031 -1.049072 -0.063232 -2.562069 6.405173 2.623071 155300531926.000000
-0.086914 -1.041992 -0.064453 -2.867077 7.381199 2.867077 155300533729.000000
-0.089355 -1.037598 -0.057373 -2.989081 8.174221 3.233087 155300535531.000000
-0.092529 -1.039551 -0.062012 -2.623071 8.845239 3.355091 155300537334.000000
-0.096680 -1.030518 -0.063477 -2.623071 9.394254 3.172086 155300539136.000000
-0.096680 -1.027832 -0.066406 -3.172086 10.248277 3.294089 155300540939.000000
-0.102539 -1.020264 -0.064453 -2.989081 10.675288 3.599097 155300542742.000000
-0.104980 -1.015869 -0.064209 -3.355091 10.614287 3.477094 155300544544.000000
-0.106689 -1.012207 -0.062500 -3.599097 10.919295 3.416092 155300546346.000000
-0.112061 -1.000000 -0.067383 -3.660099 10.675288 3.660099 155300548147.000000
-0.111084 -0.993408 -0.073242 -4.087110 10.797292 3.538096 155300549950.000000
-0.115967 -0.986084 -0.073486 -4.270115 10.553285 3.660099 155300551753.000000
-0.119629 -0.975098 -0.069824 -4.819130 9.882267 3.660099 155300553555.000000
-0.122070 -0.972412 -0.071777 -4.636125 9.394254 3.477094 155300555357.000000
-0.125244 -0.963379 -0.075195 -5.124138 8.296224 3.843104 155300557162.000000
-0.124023 -0.956787 -0.071289 -5.124138 7.686208 4.209114 155300558965.000000
-0.129150 -0.951904 -0.068604 -5.185140 6.954188 4.209114 155300560769.000000
-0.130615 -0.944092 -0.064209 -5.490148 6.161166 4.392119 155300562571.000000
-0.131348 -0.938477 -0.069092 -5.856158 5.124138 4.453120 155300564372.000000
-0.135254 -0.935059 -0.060791 -6.161166 4.087110 4.575124 155300566175.000000
-0.132324 -0.930420 -0.066406 -6.283170 3.111084 4.148112 155300567979.000000
-0.130127 -0.927246 -0.057861 -6.527176 2.196059 4.392119 155300569782.000000
-0.129150 -0.923340 -0.064209 -6.710181 1.403038 4.575124 155300571584.000000
-0.127686 -0.923096 -0.062500 -7.137193 0.427012 4.819130 155300573387.000000
-0.128174 -0.923340 -0.056885 -6.893186 -0.427012 4.880132 155300575189.000000
-0.127197 -0.928223 -0.064209 -6.771183 -0.610016 5.002135 155300576991.000000
-0.121582 -0.926758 -0.055908 -7.137193 -1.159031 5.307143 155300578794.000000
-0.116211 -0.929932 -0.054932 -7.381199 -1.403038 5.185140 155300580603.000000
-0.117432 -0.929443 -0.050781 -7.442201 -1.708046 5.246142 155300582409.000000
-0.114746 -0.937500 -0.057373 -7.503203 -1.525041 5.490148 155300584212.000000
-0.108643 -0.942383 -0.055908 -7.503203 -1.342036 5.429147 155300586014.000000
-0.108154 -0.951904 -0.059326 -7.503203 -0.915025 5.734155 155300587816.000000
-0.105957 -0.961182 -0.058594 -7.564204 -0.610016 5.917160 155300589619.000000
-0.103027 -0.960449 -0.058105 -7.442201 0.244007 5.856158 155300591420.000000
-0.098877 -0.969238 -0.057373 -7.198194 0.610016 5.978161 155300593222.000000
-0.099854 -0.978027 -0.051270 -7.259196 1.464040 6.222168 155300595025.000000
-0.094971 -0.983154 -0.055664 -7.259196 2.135058 6.405173 155300596826.000000
-0.096924 -0.997314 -0.057373 -7.076191 2.806076 6.222168 155300598635.000000
-0.095459 -0.998291 -0.059082 -7.076191 3.477094 6.649180 155300600443.000000
-0.093018 -1.004883 -0.063232 -6.649180 4.514122 6.832184 155300602244.000000
-0.092529 -1.010254 -0.056885 -6.588178 5.246142 6.344171 155300604047.000000
-0.089111 -1.017090 -0.059082 -6.283170 5.917160 6.527176 155300605850.000000
-0.088867 -1.024414 -0.064453 -6.161166 6.405173 6.527176 155300607652.000000
-0.091064 -1.029053 -0.073730 -6.405173 7.259196 6.283170 155300609459.000000
-0.094727 -1.036377 -0.064453 -5.673153 7.808211 6.222168 155300611263.000000
-0.088623 -1.041016 -0.065430 -5.490148 8.357226 5.978161 155300613065.000000
-0.096680 -1.045654 -0.064209 -5.917160 8.845239 5.978161 155300614868.000000
-0.095947 -1.052979 -0.068604 -5.490148 9.333252 5.795156 155300616670.000000
-0.098633 -1.052734 -0.063477 -4.880132 9.699262 5.856158 155300618472.000000
-0.101563 -1.056396 -0.070313 -5.063137 9.882267 5.551150 155300620282.000000
-0.105713 -1.056885 -0.070801 -4.880132 10.309278 5.551150 155300622085.000000
-0.101563 -1.058838 -0.070068 -4.575124 10.248277 5.429147 155300623890.000000
-0.109375 -1.059082 -0.066162 -4.514122 10.370280 5.490148 155300625698.000000
-0.111084 -1.060303 -0.065186 -4.270115 10.431282 5.246142 155300627500.000000
-0.115723 -1.057129 -0.067871 -4.026109 10.309278 5.124138 155300629305.000000
-0.112793 -1.049316 -0.065918 -4.331117 10.004270 4.880132 155300631107.000000
-0.112061 -1.043213 -0.069336 -4.026109 9.882267 4.453120 155300632908.000000
-0.120850 -1.039795 -0.064697 -3.782102 9.577259 4.331117 155300634709.000000
-0.117676 -1.034180 -0.065918 -3.904105 9.211249 4.331117 155300636512.000000
-0.118408 -1.026855 -0.057617 -3.904105 8.967242 4.148112 155300638314.000000
-0.118652 -1.018311 -0.058105 -3.904105 8.357226 3.843104 155300640117.000000
-0.118652 -1.007324 -0.056641 -3.904105 7.747209 3.721100 155300641919.000000
-0.120361 -0.995605 -0.058594 -3.904105 7.137193 3.660099 155300643721.000000
-0.121094 -0.992432 -0.050781 -3.721100 6.405173 3.355091 155300645523.000000
-0.122070 -0.981934 -0.051514 -3.904105 6.039163 3.294089 155300647328.000000
-0.124023 -0.972900 -0.053223 -3.721100 5.551150 3.172086 155300649129.000000
-0.122803 -0.966553 -0.046875 -3.782102 4.697127 2.989081 155300650932.000000
-0.127197 -0.956055 -0.041992 -3.965107 4.148112 2.928079 155300652734.000000
-0.125732 -0.948730 -0.038818 -3.904105 3.599097 2.684072 155300654537.000000
-0.124268 -0.948730 -0.043457 -3.965107 2.806076 2.623071 155300656339.000000
-0.124268 -0.945557 -0.038818 -4.026109 2.562069 2.440066 155300658141.000000
-0.121826 -0.944336 -0.034424 -4.270115 1.708046 2.074056 155300659944.000000
-0.127197 -0.938965 -0.034912 -4.331117 1.342036 1.952053 155300661745.000000
-0.125244 -0.942871 -0.030029 -3.843104 0.854023 1.708046 155300663547.000000
-0.126221 -0.946289 -0.025635 -4.270115 0.854023 1.525041 155300665349.000000
-0.123779 -0.949219 -0.022949 -4.209114 0.488013 1.281035 155300667151.000000
-0.126465 -0.953125 -0.019287 -4.026109 0.000000 1.159031 155300668952.000000
-0.126953 -0.959229 -0.020264 -3.843104 0.061002 1.220033 155300670762.000000
-0.124512 -0.968994 -0.019043 -3.843104 -0.061002 0.854023 155300672564.000000
-0.121338 -0.971924 -0.020264 -3.721100 0.000000 0.976026 155300674365.000000
-0.120117 -0.975342 -0.021240 -3.477094 0.183005 0.915025 155300676167.000000
-0.124268 -0.985352 -0.024658 -3.538096 0.549015 0.427012 155300677968.000000
-0.116699 -0.990723 -0.012451 -3.538096 0.854023 0.366010 155300679774.000000
-0.123291 -1.002930 -0.015625 -2.989081 1.281035 0.305008 155300681578.000000
-0.122314 -1.005615 -0.019531 -2.867077 1.952053 0.122003 155300683379.000000
-0.120117 -1.011963 -0.014893 -2.867077 2.501068 -0.061002 155300685788.000000
-0.118408 -1.022217 -0.025146 -2.440066 3.660099 0.122003 155300687615.000000
-0.116211 -1.026611 -0.019775 -2.257061 4.270115 0.061002 155300689428.000000
-0.118896 -1.030518 -0.026611 -2.135058 5.429147 -0.183005 155300691231.000000
-0.115479 -1.038818 -0.021484 -2.257061 6.283170 0.061002 155300693035.000000
-0.116211 -1.039795 -0.026611 -2.135058 6.771183 -0.183005 155300694837.000000
-0.122070 -1.047852 -0.028564 -2.135058 7.625206 -0.183005 155300696639.000000
-0.124512 -1.047607 -0.025391 -1.708046 8.784237 -0.305008 155300698440.000000
-0.127441 -1.048584 -0.032715 -1.769048 9.211249 -0.122003 155300700249.000000
-0.126709 -1.053711 -0.034180 -2.135058 10.431282 -0.061002 155300702051.000000
-0.132568 -1.048584 -0.033447 -1.830049 10.919295 -0.183005 155300703853.000000
-0.135010 -1.051758 -0.036133 -1.708046 11.468310 -0.061002 155300705655.000000
-0.134766 -1.048828 -0.032959 -1.403038 12.078326 -0.122003 155300707458.000000
-0.139160 -1.049072 -0.033691 -1.586043 12.627341 0.000000 155300709261.000000
-0.144531 -1.048828 -0.042725 -1.403038 12.993351 -0.183005 155300711106.000000
-0.145508 -1.046143 -0.038086 -1.891051 13.298359 -0.122003 155300712908.000000
-0.151367 -1.043701 -0.043945 -1.342036 13.176356 0.122003 155300714709.000000
-0.154053 -1.040039 -0.038330 -1.403038 12.871348 -0.183005 155300716511.000000
-0.156494 -1.040039 -0.031982 -1.464040 12.749344 -0.244007 155300718313.000000
-0.159912 -1.033203 -0.040039 -1.220033 12.322333 0.061002 155300720119.000000
-0.164307 -1.031006 -0.041504 -1.769048 11.651315 -0.183005 155300721924.000000
-0.171143 -1.022461 -0.046387 -1.891051 10.919295 -0.488013 155300723725.000000
-0.168457 -1.019043 -0.049072 -1.525041 10.431282 -0.244007 155300725529.000000
-0.171143 -1.013428 -0.047852 -1.891051 9.272250 -0.549015 155300727332.000000
-0.177002 -1.006836 -0.040039 -2.074056 8.540231 -0.671018 155300729133.000000
-0.175781 -1.003418 -0.040527 -1.952053 7.259196 -0.732020 155300730984.000000
-0.180420 -0.995361 -0.040527 -2.013054 6.161166 -0.732020 155300733455.000000
-0.180908 -0.995117 -0.035400 -2.013054 4.087110 -1.037028 155300736375.000000
-0.180664 -0.986328 -0.038086 -2.257061 2.135058 -1.220033 155300739297.000000
-0.184814 -0.980957 -0.036621 -2.074056 0.183005 -1.464040 155300742214.000000
-0.183594 -0.973877 -0.035156 -2.318063 -2.135058 -1.525041 155300745131.000000
-0.185059 -0.968506 -0.033936 -2.562069 -4.331117 -1.647044 155300748047.000000
-0.181641 -0.969727 -0.037354 -2.928079 -5.917160 -1.891051 155300750966.000000
-0.179443 -0.966309 -0.034668 -2.684072 -7.808211 -1.891051 155300753883.000000
-0.174561 -0.968994 -0.028320 -2.684072 -9.577259 -1.708046 155300756799.000000
-0.170654 -0.976074 -0.030273 -2.501068 -11.468310 -2.013054 155300759731.000000
-0.175537 -0.979004 -0.022217 -2.501068 -12.688343 -2.684072 155300762648.000000
-0.172852 -0.983398 -0.023682 -2.074056 -13.420362 -2.623071 155300765564.000000
-0.170410 -0.991455 -0.025146 -2.257061 -14.701397 -2.867077 155300768479.000000
-0.162354 -0.997070 -0.032959 -1.952053 -15.555420 -3.172086 155300771405.000000
-0.157959 -1.005859 -0.028809 -1.586043 -16.165436 -3.477094 155300774330.000000
-0.154297 -1.009277 -0.039795 -1.403038 -16.409443 -3.660099 155300777248.000000
-0.150879 -1.010742 -0.040283 -1.342036 -16.592448 -3.782102 155300780172.000000
-0.146484 -1.012207 -0.042480 -1.037028 -16.592448 -3.782102 155300783092.000000
-0.142822 -1.020752 -0.044434 -0.915025 -16.043433 -3.965107 155300786009.000000
-0.141113 -1.021240 -0.040039 -0.427012 -15.921430 -4.087110 155300788923.000000
-0.138184 -1.025879 -0.040771 -0.061002 -15.982432 -4.514122 155300791863.000000
-0.140137 -1.030273 -0.053711 0.000000 -15.860428 -4.697127 155300794778.000000
-0.135010 -1.026367 -0.050049 0.183005 -16.226438 -4.636125 155300797694.000000
-0.136719 -1.022949 -0.049316 0.671018 -16.714451 -5.368145 155300800618.000000
-0.137207 -1.018555 -0.047119 0.854023 -16.897456 -5.246142 155300803537.000000
-0.139648 -1.009277 -0.049072 0.610016 -17.263466 -5.368145 155300806462.000000
-0.139160 -1.011230 -0.054932 1.037028 -17.751479 -5.734155 155300809387.000000
-0.136963 -0.999756 -0.047607 0.610016 -17.934484 -5.795156 155300812306.000000
-0.135254 -0.998047 -0.055664 0.793021 -18.178491 -5.734155 155300815222.000000
-0.133789 -0.990723 -0.058105 0.549015 -18.544501 -5.734155 155300818138.000000
-0.132324 -0.977051 -0.051270 0.244007 -18.666504 -5.856158 155300821068.000000
-0.130127 -0.969238 -0.057129 -0.366010 -19.154517 -5.551150 155300823986.000000
-0.124756 -0.966309 -0.059326 -0.305008 -19.886537 -5.551150 155300826904.000000
-0.126953 -0.953613 -0.053467 -0.732020 -20.130544 -5.124138 155300829824.000000
-0.129395 -0.943359 -0.050537 -0.671018 -20.313548 -5.307143 155300832770.000000
-0.130371 -0.932129 -0.050781 -0.976026 -20.801562 -5.185140 155300835686.000000
-0.127930 -0.925293 -0.040283 -1.342036 -21.716586 -5.246142 155300838604.000000
-0.128174 -0.919189 -0.036621 -1.342036 -21.716586 -4.758128 155300841520.000000
-0.127441 -0.917725 -0.040283 -1.525041 -22.143598 -4.514122 155300844436.000000
-0.127441 -0.913818 -0.039551 -1.830049 -22.448606 -4.392119 155300847353.000000
-0.125488 -0.912598 -0.034668 -1.891051 -22.326603 -4.270115 155300850271.000000
-0.121826 -0.922119 -0.039551 -1.586043 -22.021595 -4.026109 155300853191.000000
-0.117188 -0.927002 -0.038086 -2.074056 -21.777588 -3.599097 155300856107.000000
-0.113770 -0.936523 -0.041260 -1.891051 -21.167572 -3.660099 155300859021.000000
-0.112793 -0.945557 -0.042725 -2.135058 -20.435552 -3.538096 155300861939.000000
-0.116699 -0.960693 -0.044922 -1.952053 -20.069542 -3.172086 155300864855.000000
-0.115234 -0.974365 -0.050049 -1.342036 -19.337522 -2.928079 155300867770.000000
-0.110596 -0.987061 -0.049316 -1.342036 -18.483499 -3.111084 155300870727.000000
-0.115234 -0.995117 -0.047363 -0.549015 -18.300494 -2.867077 155300873646.000000
-0.108887 -1.004639 -0.049561 -0.122003 -17.385469 -2.562069 155300876562.000000
-0.106934 -1.012451 -0.047119 -0.122003 -16.714451 -2.806076 155300879487.000000
-0.106934 -1.023438 -0.052734 0.610016 -15.860428 -2.806076 155300882405.000000
-0.103271 -1.031006 -0.052734 1.342036 -14.884402 -2.806076 155300885321.000000
-0.100098 -1.030273 -0.055420 1.464040 -14.213384 -2.745074 155300888236.000000
-0.095215 -1.032715 -0.065430 1.708046 -12.810346 -2.928079 155300891153.000000
-0.090576 -1.042969 -0.061523 1.952053 -11.834320 -2.989081 155300894069.000000
-0.090820 -1.041748 -0.062988 2.013054 -10.370280 -2.623071 155300896985.000000
-0.088623 -1.041748 -0.068115 2.257061 -8.845239 -3.111084 155300899909.000000
-0.088135 -1.042480 -0.069824 2.501068 -8.052217 -2.928079 155300902827.000000
-0.085449 -1.037598 -0.074707 2.257061 -6.893186 -3.050082 155300905744.000000
-0.090332 -1.032715 -0.068848 2.196059 -6.222168 -2.928079 155300908660.000000
-0.086426 -1.026367 -0.066895 2.196059 -5.490148 -2.867077 155300911586.000000
-0.084961 -1.019287 -0.067383 1.891051 -5.185140 -3.172086 155300914502.000000
-0.087646 -1.003906 -0.069336 1.830049 -4.819130 -2.928079 155300917418.000000
-0.092285 -0.994141 -0.064941 1.586043 -4.331117 -3.050082 155300920342.000000
-0.093506 -0.981934 -0.061035 1.403038 -4.209114 -2.928079 155300923261.000000
-0.089600 -0.968018 -0.057861 0.549015 -3.965107 -2.745074 155300926178.000000
-0.094971 -0.954590 -0.054932 0.427012 -3.843104 -2.623071 155300929095.000000
-0.098877 -0.947266 -0.061523 0.183005 -3.782102 -2.806076 155300932038.000000
-0.097656 -0.942383 -0.049072 -0.183005 -3.965107 -2.623071 155300934955.000000
-0.099121 -0.939453 -0.055664 -0.610016 -3.965107 -2.928079 155300937872.000000
-0.097900 -0.939453 -0.046875 -0.793021 -4.026109 -2.806076 155300940800.000000
-0.099121 -0.941406 -0.047607 -1.220033 -4.026109 -2.867077 155300943733.000000
-0.102783 -0.946289 -0.039795 -1.464040 -4.026109 -2.684072 155300946650.000000
-0.099609 -0.945557 -0.050049 -1.342036 -4.026109 -2.440066 155300949569.000000
-0.100342 -0.956299 -0.046875 -1.525041 -3.538096 -2.318063 155300952485.000000
-0.100830 -0.966309 -0.052734 -1.464040 -2.928079 -2.257061 155300955402.000000
-0.098145 -0.973877 -0.045654 -1.708046 -2.684072 -2.562069 155300958326.000000
-0.094238 -0.989746 -0.048828 -1.647044 -2.562069 -2.379064 155300961243.000000
-0.096436 -0.992676 -0.048584 -1.586043 -2.013054 -2.074056 155300964160.000000
-0.094238 -1.005859 -0.043701 -1.159031 -2.013054 -2.379064 155300967076.000000
-0.099854 -1.019531 -0.046143 -0.976026 -1.769048 -2.196059 155300969993.000000
-0.100586 -1.029785 -0.040283 -0.244007 -1.403038 -2.135058 155300972915.000000
-0.099854 -1.038574 -0.044434 0.061002 -1.403038 -2.074056 155300975845.000000
-0.099609 -1.043701 -0.040039 0.305008 -1.159031 -2.257061 155300978760.000000
-0.101807 -1.052490 -0.043701 0.549015 -0.915025 -2.379064 155300981686.000000
-0.103271 -1.053711 -0.046387 0.671018 -0.671018 -2.318063 155300984603.000000
-0.099121 -1.056641 -0.043213 1.342036 0.244007 -1.891051 155300992444.000000
-0.097900 -1.048584 -0.038818 1.525041 0.610016 -1.952053 155300995611.000000
-0.098145 -1.044678 -0.039795 1.159031 1.403038 -1.403038 155300998559.000000
-0.096191 -1.040283 -0.046143 1.281035 1.830049 -1.220033 155301001483.000000
-0.090820 -1.025879 -0.042480 0.732020 2.196059 -1.342036 155301004495.000000
-0.094727 -1.017334 -0.041504 0.976026 2.928079 -0.854023 155301007505.000000
-0.093262 -1.001709 -0.040039 0.488013 3.477094 -0.854023 155301010426.000000
-0.091309 -0.989502 -0.038330 0.366010 4.270115 -0.488013 155301013348.000000
-0.093262 -0.981934 -0.039063 0.244007 4.880132 -0.549015 155301016272.000000
-0.090576 -0.969971 -0.036133 -0.610016 5.307143 -0.061002 155301019185.000000
-0.090332 -0.965088 -0.043213 -1.098030 5.978161 0.000000 155301022144.000000
-0.092285 -0.952881 -0.033936 -1.281035 6.344171 0.366010 155301025058.000000
-0.089111 -0.948975 -0.032959 -1.830049 6.588178 0.488013 155301027985.000000
-0.092285 -0.944336 -0.024902 -1.830049 7.137193 0.671018 155301030899.000000
-0.096191 -0.948975 -0.024170 -1.586043 7.320198 0.610016 155301033864.000000
-0.098145 -0.948975 -0.020264 -1.830049 7.869212 0.854023 155301036808.000000
-0.095459 -0.948242 -0.028076 -2.257061 8.479229 1.037028 155301039755.000000
-0.089355 -0.946777 -0.031738 -2.440066 8.906240 1.098030 155301042678.000000
-0.094238 -0.951172 -0.029541 -2.684072 9.699262 1.220033 155301045611.000000
-0.092529 -0.957031 -0.025635 -2.440066 10.309278 1.159031 155301048522.000000
-0.094238 -0.967041 -0.016357 -2.074056 11.163301 1.403038 155301051434.000000
-0.095459 -0.972900 -0.015137 -1.769048 12.566339 1.586043 155301054370.000000
-0.094727 -0.981689 -0.018066 -1.586043 13.237357 1.281035 155301057283.000000
-0.090576 -0.993164 -0.026123 -1.464040 14.152382 1.220033 155301060204.000000
-0.094238 -1.000244 -0.031250 -1.647044 15.006405 0.976026 155301063123.000000
-0.095459 -1.005127 -0.026855 -1.281035 15.921430 1.098030 155301066035.000000
-0.103516 -1.012695 -0.026123 -1.159031 16.470445 1.159031 155301068970.000000
-0.100586 -1.027100 -0.022705 -0.427012 17.019460 0.793021 155301071898.000000
-0.109131 -1.027100 -0.033447 0.000000 17.324468 0.610016 155301074827.000000
-0.101318 -1.034180 -0.039063 -0.061002 17.690478 0.305008 155301077740.000000
-0.105713 -1.033936 -0.046875 -0.183005 17.690478 0.061002 155301080657.000000
-0.106445 -1.035889 -0.048340 0.305008 17.812481 0.061002 155301083585.000000
-0.109131 -1.037109 -0.047852 0.610016 17.263466 0.000000 155301086506.000000
-0.110107 -1.040771 -0.043701 0.854023 17.141463 -0.549015 155301089426.000000
-0.112305 -1.043945 -0.052002 0.793021 16.409443 -0.671018 155301092346.000000
-0.112549 -1.035645 -0.050293 1.037028 16.165436 -0.915025 155301095264.000000
-0.113281 -1.027588 -0.052246 0.793021 15.616422 -1.281035 155301098193.000000
-0.113770 -1.016602 -0.055420 0.854023 14.945404 -1.037028 155301101119.000000
-0.116943 -1.005615 -0.056885 0.183005 14.518392 -0.915025 155301104044.000000
-0.120361 -0.991943 -0.051270 0.000000 14.152382 -1.281035 155301106972.000000
-0.117676 -0.979004 -0.056641 -0.671018 13.481364 -1.037028 155301109893.000000
-0.119141 -0.963135 -0.049072 -0.732020 13.359361 -1.037028 155301112813.000000
-0.113770 -0.948486 -0.050781 -1.220033 12.444336 -0.793021 155301115738.000000
-0.122314 -0.933350 -0.051514 -1.342036 11.468310 -1.037028 155301118657.000000
-0.124023 -0.927734 -0.043213 -1.647044 10.797292 -0.915025 155301121577.000000
-0.126465 -0.920898 -0.039307 -2.135058 9.760264 -0.915025 155301124504.000000
-0.129639 -0.916504 -0.044434 -2.196059 9.089245 -1.037028 155301127432.000000
-0.129639 -0.910889 -0.044189 -2.196059 8.235222 -1.037028 155301130355.000000
-0.128174 -0.910645 -0.043701 -2.379064 7.503203 -1.281035 155301133367.000000
-0.128906 -0.917236 -0.044434 -2.440066 7.015189 -1.098030 155301135803.000000
-0.130615 -0.924316 -0.042969 -2.562069 6.832184 -0.976026 155301137608.000000
-0.127441 -0.929688 -0.040039 -2.806076 6.527176 -1.342036 155301139418.000000
-0.127930 -0.937012 -0.045898 -2.379064 6.039163 -1.342036 155301141222.000000
-0.129883 -0.940430 -0.035156 -2.562069 5.795156 -1.220033 155301143026.000000
-0.127197 -0.956299 -0.038086 -1.952053 5.856158 -1.281035 155301144830.000000
-0.129883 -0.965332 -0.035645 -2.135058 5.551150 -1.708046 155301146643.000000
-0.127441 -0.971436 -0.035645 -2.013054 5.734155 -1.586043 155301148498.000000
-0.126465 -0.975586 -0.031250 -1.647044 5.612152 -1.891051 155301150458.000000
-0.123779 -0.985107 -0.038574 -1.525041 5.307143 -1.586043 155301152412.000000
-0.126709 -0.995117 -0.045166 -1.098030 5.490148 -1.830049 155301154302.000000
-0.124023 -1.001465 -0.041748 -0.793021 5.673153 -2.013054 155301156141.000000
-0.121582 -1.014404 -0.041016 -0.610016 5.490148 -2.379064 155301157945.000000
-0.120850 -1.020264 -0.045166 -0.427012 5.429147 -2.379064 155301159756.000000
-0.120605 -1.022461 -0.049561 -0.122003 5.856158 -2.562069 155301161558.000000
-0.118408 -1.027100 -0.045898 0.244007 5.795156 -2.928079 155301163372.000000
-0.114014 -1.034668 -0.049805 0.488013 5.673153 -2.989081 155301165175.000000
-0.115967 -1.036377 -0.043945 1.220033 5.978161 -3.294089 155301166977.000000
-0.116943 -1.040039 -0.048340 1.281035 5.978161 -3.294089 155301168779.000000
-0.115723 -1.040283 -0.046875 1.708046 6.100165 -3.599097 155301170582.000000
-0.117188 -1.043457 -0.052734 2.074056 6.039163 -3.721100 155301172388.000000
-0.117920 -1.038818 -0.057129 2.501068 6.161166 -4.087110 155301174192.000000
-0.115967 -1.040527 -0.048340 2.623071 6.344171 -4.331117 155301175994.000000
-0.117920 -1.037109 -0.057129 2.806076 6.588178 -4.331117 155301177795.000000
-0.113770 -1.039063 -0.061768 2.989081 6.588178 -4.636125 155301179598.000000
-0.114502 -1.027588 -0.062500 3.172086 6.283170 -4.636125 155301181403.000000
-0.114258 -1.030029 -0.066162 3.416092 6.771183 -4.880132 155301183205.000000
-0.114014 -1.017334 -0.060059 3.111084 6.466175 -5.185140 155301185009.000000
-0.112549 -1.009766 -0.063232 3.355091 6.527176 -5.368145 155301186812.000000
-0.117676 -1.002197 -0.067139 3.538096 6.466175 -5.368145 155301188613.000000
-0.116211 -0.996338 -0.069580 3.477094 6.161166 -5.551150 155301190417.000000
-0.118896 -0.989990 -0.065430 3.660099 5.978161 -5.856158 155301192219.000000
-0.118896 -0.980225 -0.067627 3.782102 6.161166 -5.612152 155301194021.000000
-0.119141 -0.969727 -0.066162 3.843104 5.795156 -5.856158 155301195825.000000
-0.122314 -0.959717 -0.065430 3.599097 5.673153 -5.795156 155301197627.000000
-0.123047 -0.952393 -0.067139 3.355091 5.307143 -5.978161 155301199431.000000
-0.117188 -0.944336 -0.067383 3.050082 5.124138 -6.222168 155301201233.000000
-0.116943 -0.933594 -0.065918 3.172086 5.246142 -6.344171 155301203035.000000
-0.121826 -0.923096 -0.062256 3.294089 4.697127 -6.283170 155301204836.000000
-0.122070 -0.913818 -0.056885 2.989081 4.331117 -6.100165 155301206645.000000
-0.121826 -0.911621 -0.059814 2.501068 4.087110 -6.222168 155301208451.000000
-0.119385 -0.900391 -0.066406 2.562069 4.087110 -6.161166 155301210254.000000
-0.119385 -0.895264 -0.066406 2.440066 4.026109 -6.222168 155301212057.000000
-0.118896 -0.888916 -0.063477 1.891051 3.538096 -6.222168 155301213859.000000
-0.121338 -0.877686 -0.053955 1.830049 3.477094 -6.222168 155301215664.000000
-0.119873 -0.878418 -0.062500 1.342036 3.294089 -6.161166 155301217470.000000
-0.121582 -0.878418 -0.066406 1.342036 3.050082 -6.283170 155301219306.000000
-0.123291 -0.879883 -0.063965 1.159031 2.623071 -6.222168 155301221111.000000
-0.120605 -0.877930 -0.056152 1.159031 2.745074 -6.283170 155301222916.000000
-0.127197 -0.876953 -0.061768 0.793021 2.501068 -6.405173 155301224718.000000
-0.128418 -0.879883 -0.059814 0.732020 2.257061 -6.161166 155301226523.000000
-0.124268 -0.881592 -0.058105 0.671018 2.074056 -6.405173 155301228329.000000
-0.127197 -0.892578 -0.057861 0.854023 1.952053 -6.344171 155301230134.000000
-0.127441 -0.898193 -0.059326 0.671018 1.647044 -6.466175 155301231936.000000
-0.129150 -0.909668 -0.051758 0.549015 1.708046 -6.344171 155301233737.000000
-0.130371 -0.913574 -0.051270 0.854023 1.586043 -6.222168 155301235539.000000
-0.127441 -0.923096 -0.063721 1.098030 1.159031 -6.466175 155301237344.000000
-0.127441 -0.933838 -0.059326 1.098030 1.098030 -6.344171 155301239146.000000
-0.129883 -0.946289 -0.068115 1.403038 0.854023 -6.649180 155301240949.000000
-0.131836 -0.957764 -0.058350 1.464040 0.488013 -6.527176 155301242752.000000
-0.132813 -0.963623 -0.062012 1.891051 0.549015 -6.527176 155301244553.000000
-0.135498 -0.977783 -0.066162 1.647044 0.122003 -6.588178 155301246355.000000
-0.130127 -0.989746 -0.062988 2.013054 0.305008 -6.588178 155301248162.000000
-0.133057 -1.000244 -0.058105 2.562069 0.061002 -6.649180 155301249965.000000
-0.131348 -1.009521 -0.065674 2.501068 -0.122003 -6.344171 155301251767.000000
-0.130615 -1.015381 -0.062500 2.989081 -0.488013 -6.405173 155301253570.000000
-0.129150 -1.022705 -0.073730 3.233087 -0.244007 -6.771183 155301255371.000000
-0.135254 -1.029785 -0.068359 3.660099 -0.366010 -6.954188 155301257178.000000
-0.132813 -1.041992 -0.069092 4.209114 -0.488013 -6.771183 155301258980.000000
-0.134033 -1.046875 -0.072754 4.453120 -0.671018 -6.832184 155301260783.000000
-0.136475 -1.048584 -0.070068 4.453120 -0.244007 -6.527176 155301262586.000000
-0.129395 -1.055176 -0.072266 4.636125 -0.366010 -6.344171 155301264388.000000
-0.130127 -1.057129 -0.066650 5.368145 -0.671018 -6.527176 155301266189.000000
-0.129395 -1.062256 -0.073730 5.490148 -0.732020 -6.588178 155301267996.000000
-0.126953 -1.071777 -0.073730 5.734155 -0.793021 -6.405173 155301269802.000000
-0.129395 -1.069336 -0.072510 5.978161 -0.305008 -6.283170 155301271604.000000
-0.128906 -1.070313 -0.070068 6.100165 -0.305008 -6.466175 155301273406.000000
-0.123047 -1.067139 -0.071777 6.283170 -0.549015 -6.344171 155301275211.000000
-0.124023 -1.073486 -0.070068 6.466175 -0.061002 -6.344171 155301277019.000000
-0.122803 -1.069336 -0.072998 6.771183 0.061002 -6.405173 155301278821.000000
-0.123291 -1.072754 -0.067383 6.710181 0.122003 -6.039163 155301280628.000000
-0.125488 -1.073730 -0.071045 6.710181 0.000000 -5.917160 155301282432.000000
-0.121094 -1.066406 -0.065674 6.710181 0.427012 -5.612152 155301284234.000000
-0.117432 -1.065186 -0.073730 6.771183 0.854023 -5.368145 155301286038.000000
-0.120850 -1.059814 -0.072510 6.588178 0.915025 -5.124138 155301287849.000000
-0.124023 -1.055176 -0.064941 6.649180 1.098030 -4.758128 155301289656.000000
-0.122314 -1.051270 -0.071777 6.527176 1.403038 -4.819130 155301291461.000000
-0.117188 -1.044434 -0.068848 6.039163 1.708046 -4.514122 155301293263.000000
-0.116943 -1.040527 -0.068359 5.856158 1.830049 -4.209114 155301295065.000000
-0.116211 -1.033936 -0.068848 5.612152 2.074056 -3.843104 155301296866.000000
-0.116699 -1.026123 -0.067627 5.612152 2.257061 -3.233087 155301298671.000000
-0.119873 -1.021240 -0.066895 5.185140 2.501068 -3.111084 155301300481.000000
-0.116699 -1.018555 -0.066650 4.819130 2.440066 -2.928079 155301302283.000000
-0.117676 -1.006348 -0.059814 4.453120 2.440066 -2.379064 155301304085.000000
-0.115967 -0.999268 -0.062988 4.087110 2.867077 -1.830049 155301305886.000000
-0.117676 -0.997803 -0.058838 3.721100 2.928079 -1.708046 155301307688.000000
-0.114990 -0.991943 -0.059570 2.867077 2.989081 -1.403038 155301309498.000000
-0.115479 -0.982666 -0.061279 2.501068 3.050082 -1.098030 155301311297.000000
-0.120117 -0.975586 -0.058594 2.379064 2.989081 -0.549015 155301313099.000000
-0.119873 -0.969238 -0.050293 1.830049 2.806076 -0.183005 155301314900.000000
-0.116455 -0.962646 -0.054199 1.220033 3.172086 0.305008 155301316701.000000
-0.115234 -0.958984 -0.054199 0.793021 2.989081 0.732020 155301318506.000000
-0.116699 -0.957031 -0.051758 0.183005 3.111084 1.159031 155301320318.000000
-0.115234 -0.949707 -0.045410 -0.183005 2.806076 1.647044 155301322120.000000
-0.116943 -0.950195 -0.041748 -0.671018 2.928079 1.769048 155301323921.000000
-0.120361 -0.949219 -0.037354 -1.159031 2.684072 2.379064 155301325724.000000
-0.120117 -0.948486 -0.039063 -1.525041 2.684072 2.745074 155301327529.000000
-0.115723 -0.945068 -0.036621 -2.013054 2.562069 3.111084 155301329332.000000
-0.113525 -0.947998 -0.042969 -2.562069 2.562069 3.721100 155301331137.000000
-0.112793 -0.953857 -0.036621 -2.867077 2.562069 3.721100 155301332940.000000
-0.112061 -0.958008 -0.029785 -2.989081 2.806076 4.209114 155301334743.000000
-0.115723 -0.959229 -0.031738 -3.416092 2.684072 4.270115 155301336544.000000
-0.113037 -0.964111 -0.031982 -4.087110 2.684072 4.697127 155301338345.000000
-0.117432 -0.971191 -0.021240 -4.087110 2.867077 5.246142 155301340170.000000
-0.112549 -0.982178 -0.020264 -3.782102 2.928079 5.246142 155301341980.000000
-0.115234 -0.985352 -0.016846 -4.148112 2.989081 5.795156 155301343783.000000
-0.111084 -0.987549 -0.021729 -4.209114 2.989081 5.795156 155301345584.000000
-0.109619 -0.999268 -0.014404 -4.636125 2.989081 6.161166 155301347389.000000
-0.109131 -1.006348 -0.013184 -4.392119 2.867077 6.222168 155301349190.000000
-0.109131 -1.013916 -0.010010 -4.514122 2.745074 6.832184 155301350994.000000
-0.110107 -1.024658 -0.005615 -4.697127 3.050082 6.954188 155301352796.000000
-0.111084 -1.029297 -0.003662 -4.270115 2.867077 7.137193 155301354597.000000
-0.112305 -1.038330 0.005371 -4.270115 3.111084 7.381199 155301356399.000000
-0.111816 -1.045410 0.000488 -4.148112 3.477094 7.625206 155301358202.000000
-0.109863 -1.049561 -0.002197 -3.721100 3.294089 7.747209 155301360004.000000
-0.108887 -1.051270 -0.003418 -3.965107 3.294089 7.869212 155301361807.000000
-0.106201 -1.054443 -0.001465 -3.660099 3.294089 7.991216 155301363613.000000
-0.104248 -1.060547 0.001221 -3.111084 3.111084 8.052217 155301365415.000000
-0.101807 -1.061768 -0.004883 -3.172086 3.172086 8.235222 155301367217.000000
-0.104004 -1.063477 -0.003906 -3.294089 3.294089 8.418227 155301369018.000000
-0.101318 -1.065186 0.008545 -3.050082 3.294089 8.357226 155301370821.000000
-0.099121 -1.064697 0.001953 -2.684072 3.294089 8.418227 155301372623.000000
-0.102783 -1.062256 0.002441 -2.257061 3.538096 8.723236 155301374424.000000
-0.097168 -1.063721 0.001221 -2.013054 3.660099 8.723236 155301376227.000000
-0.096924 -1.061523 0.003906 -2.257061 3.843104 8.540231 155301378034.000000
-0.089600 -1.062744 -0.001709 -1.647044 4.026109 8.723236 155301379840.000000
-0.091553 -1.057129 0.005127 -1.769048 4.026109 8.662234 155301381645.000000
-0.091797 -1.055664 0.003906 -1.525041 4.331117 8.540231 155301383447.000000
-0.090576 -1.054443 0.004150 -1.281035 4.819130 8.601232 155301385250.000000
-0.089111 -1.046875 -0.001465 -1.403038 4.880132 8.479229 155301387052.000000
-0.087891 -1.044189 -0.004883 -1.281035 5.185140 8.845239 155301388853.000000
-0.086182 -1.036621 -0.004639 -1.159031 5.429147 9.150247 155301390665.000000
-0.084473 -1.034912 -0.001465 -1.159031 5.795156 8.967242 155301392466.000000
-0.076904 -1.022705 -0.002441 -1.464040 6.100165 8.845239 155301394268.000000
-0.079590 -1.016113 -0.005859 -1.281035 6.283170 9.089245 155301396069.000000
-0.076904 -1.011475 -0.005615 -1.647044 6.405173 9.028244 155301397878.000000
-0.078857 -1.004883 -0.002686 -1.525041 6.588178 8.967242 155301399684.000000
-0.077881 -1.001221 -0.004883 -1.464040 6.649180 8.845239 155301401486.000000
-0.080078 -0.996338 -0.003662 -1.464040 7.015189 9.089245 155301403288.000000
-0.075928 -0.986572 -0.005127 -1.281035 6.954188 9.150247 155301405090.000000
-0.075928 -0.983887 0.000244 -1.281035 7.198194 8.967242 155301406891.000000
-0.079834 -0.975098 0.002930 -1.159031 7.015189 8.845239 155301408693.000000
-0.079346 -0.973389 0.003418 -1.342036 7.564204 8.906240 155301410501.000000
-0.076904 -0.974121 -0.001709 -1.403038 7.564204 8.845239 155301412303.000000
-0.072510 -0.964844 -0.001953 -1.464040 7.808211 8.723236 155301414105.000000
-0.073730 -0.966064 0.000244 -1.525041 7.808211 8.784237 155301415907.000000
-0.075195 -0.961670 -0.003174 -2.074056 7.503203 8.479229 155301417709.000000
-0.072266 -0.959961 -0.004395 -2.257061 7.869212 8.357226 155301419514.000000
-0.070801 -0.960449 -0.000732 -2.318063 7.930214 8.113219 155301421317.000000
-0.075439 -0.960205 0.003174 -1.891051 7.808211 8.418227 155301423119.000000
-0.074707 -0.966064 0.008301 -1.891051 8.113219 8.235222 155301424922.000000
-0.074951 -0.970703 0.010010 -1.952053 8.052217 7.991216 155301426725.000000
-0.072510 -0.971436 0.010498 -1.708046 8.052217 8.052217 155301428527.000000
-0.073242 -0.967285 0.008545 -1.525041 8.235222 7.808211 155301430331.000000
-0.075439 -0.979492 0.005371 -1.525041 8.174221 7.747209 155301432133.000000
-0.073730 -0.974854 0.002930 -1.708046 8.357226 7.198194 155301433935.000000
-0.071777 -0.985352 0.003662 -1.586043 8.662234 7.259196 155301435737.000000
-0.073975 -0.987793 0.002686 -1.342036 8.723236 7.259196 155301437539.000000
-0.071533 -0.987549 0.005127 -0.976026 8.723236 6.893186 155301439344.000000
-0.071045 -0.990967 0.009521 -1.037028 8.906240 6.588178 155301441146.000000
-0.071533 -0.996338 0.000977 -0.793021 9.089245 6.222168 155301442948.000000
-0.072266 -0.999268 0.001465 -0.488013 9.333252 5.978161 155301444749.000000
-0.069092 -1.003906 0.003418 -0.488013 9.455255 5.734155 155301446551.000000
-0.068359 -1.001953 -0.010010 -0.427012 9.699262 5.673153 155301448353.000000
-0.065918 -1.002686 -0.013916 -0.549015 9.943268 5.185140 155301450175.000000
-0.068604 -1.004150 -0.012207 -0.122003 10.004270 4.819130 155301451977.000000
-0.068359 -1.002686 -0.010986 -0.122003 9.821265 4.697127 155301453779.000000
-0.065186 -1.004395 -0.011230 0.000000 10.126273 4.453120 155301455581.000000
-0.068848 -1.008789 -0.014160 0.549015 9.882267 4.148112 155301457382.000000
-0.069824 -1.005859 -0.012939 0.549015 10.126273 3.599097 155301459184.000000
-0.067871 -1.001953 -0.016357 1.037028 10.126273 3.355091 155301460992.000000
-0.065186 -1.003662 -0.017822 1.281035 9.821265 2.562069 155301462804.000000
-0.065430 -1.003906 -0.025391 1.525041 10.126273 2.379064 155301464607.000000
-0.069336 -1.004639 -0.020264 1.403038 9.882267 2.074056 155301466408.000000
-0.067871 -1.000732 -0.021729 1.708046 9.516257 1.647044 155301468211.000000
-0.067139 -0.999268 -0.023682 1.952053 9.577259 1.220033 155301470014.000000
-0.066895 -1.003174 -0.021484 1.769048 9.760264 0.976026 155301471816.000000
-0.068359 -0.999023 -0.024414 1.891051 9.577259 0.549015 155301473618.000000
-0.065674 -0.995850 -0.027588 2.074056 9.760264 0.244007 155301475419.000000
-0.064697 -0.995850 -0.031006 1.708046 9.577259 0.061002 155301477221.000000
-0.071533 -0.993164 -0.035156 2.074056 9.882267 -0.488013 155301479023.000000
-0.064941 -0.999756 -0.038086 2.196059 9.821265 -0.549015 155301480826.000000
-0.067871 -0.998047 -0.041016 2.074056 9.882267 -1.220033 155301482627.000000
-0.066650 -0.990234 -0.036133 2.318063 10.187275 -1.342036 155301484428.000000
-0.066162 -0.997314 -0.037354 2.196059 10.126273 -1.586043 155301486230.000000
-0.067627 -0.994629 -0.035156 2.257061 10.126273 -2.135058 155301488032.000000
-0.070557 -0.994629 -0.042236 2.318063 10.431282 -2.257061 155301489835.000000
-0.066895 -0.992432 -0.041748 2.135058 10.675288 -2.684072 155301491638.000000
-0.065674 -0.989746 -0.039795 2.623071 10.797292 -2.928079 155301493440.000000
-0.068359 -0.992188 -0.047363 2.440066 10.675288 -3.233087 155301495243.000000
-0.067627 -0.987061 -0.047852 2.501068 11.102300 -3.294089 155301497044.000000
-0.071289 -0.988037 -0.057861 2.074056 11.590313 -3.477094 155301498845.000000
-0.068848 -0.988037 -0.048096 2.196059 11.956323 -3.843104 155301500653.000000
-0.071777 -0.984131 -0.050049 2.013054 12.078326 -3.843104 155301502455.000000
-0.069824 -0.978760 -0.061279 1.647044 12.383334 -4.026109 155301504256.000000
-0.074463 -0.979004 -0.052734 1.403038 12.810346 -4.026109 155301506057.000000
-0.073486 -0.977539 -0.055420 1.769048 13.359361 -4.087110 155301507859.000000
-0.078369 -0.973633 -0.050781 1.586043 13.664369 -3.965107 155301509663.000000
-0.079590 -0.972656 -0.050049 1.098030 13.786372 -4.087110 155301511464.000000
-0.084473 -0.967529 -0.052979 1.098030 14.091380 -4.087110 155301513266.000000
-0.087158 -0.968750 -0.053467 1.037028 14.152382 -4.148112 155301515067.000000
-0.088623 -0.961426 -0.054932 0.976026 14.457390 -4.209114 155301516870.000000
-0.090820 -0.960205 -0.052734 0.732020 14.457390 -4.331117 155301518679.000000
-0.094727 -0.959473 -0.056885 0.732020 14.152382 -4.392119 155301520487.000000
-0.102783 -0.960449 -0.052734 0.549015 13.542366 -4.392119 155301522289.000000
-0.104248 -0.959473 -0.044678 0.366010 13.420362 -4.453120 155301524091.000000
-0.112305 -0.953613 -0.040283 0.549015 12.871348 -4.636125 155301525901.000000
-0.119385 -0.956055 -0.044434 0.610016 12.200329 -4.575124 155301527706.000000
-0.119873 -0.955322 -0.038086 0.732020 11.468310 -4.575124 155301529515.000000
-0.123047 -0.949951 -0.040039 0.610016 10.614287 -4.636125 155301531320.000000
-0.127930 -0.949707 -0.037109 0.488013 9.516257 -4.575124 155301533123.000000
-0.130615 -0.948975 -0.028076 0.610016 8.601232 -4.758128 155301534925.000000
-0.135010 -0.944336 -0.027588 0.854023 7.930214 -5.002135 155301536726.000000
-0.136230 -0.944824 -0.024170 0.854023 6.893186 -4.758128 155301538529.000000
-0.132324 -0.951660 -0.024658 0.915025 5.917160 -4.514122 155301540332.000000
-0.141113 -0.949219 -0.025635 0.854023 4.941133 -4.270115 155301542135.000000
-0.140137 -0.949707 -0.027344 0.976026 3.660099 -4.697127 155301543937.000000
-0.143311 -0.951416 -0.023438 0.915025 2.928079 -4.880132 155301545738.000000
-0.142822 -0.951416 -0.023193 0.549015 2.318063 -4.697127 155301547540.000000
-0.142090 -0.956055 -0.026367 1.098030 1.403038 -4.392119 155301549344.000000
-0.142822 -0.951660 -0.021484 1.220033 0.610016 -4.331117 155301551147.000000
-0.137207 -0.953857 -0.024414 1.281035 0.366010 -4.148112 155301552948.000000
-0.136475 -0.951660 -0.026855 1.647044 0.000000 -4.087110 155301554749.000000
-0.136230 -0.951904 -0.024902 1.403038 -0.122003 -3.965107 155301556550.000000
-0.129883 -0.953125 -0.025879 1.525041 -0.183005 -3.660099 155301558352.000000
-0.124512 -0.957031 -0.024170 1.586043 -0.183005 -3.782102 155301560177.000000
-0.122559 -0.959229 -0.029297 1.830049 -0.061002 -3.721100 155301561979.000000
-0.119873 -0.964111 -0.024902 1.891051 0.061002 -3.538096 155301563781.000000
-0.115723 -0.965820 -0.022949 1.464040 0.427012 -3.721100 155301565583.000000
-0.120361 -0.964844 -0.020508 1.647044 0.671018 -3.477094 155301567387.000000
-0.113770 -0.969238 -0.021240 1.830049 1.586043 -3.538096 155301569188.000000
-0.115234 -0.969971 -0.024170 2.196059 2.257061 -3.477094 155301570991.000000
-0.107910 -0.974121 -0.020752 2.379064 3.111084 -3.233087 155301572799.000000
-0.104736 -0.979248 -0.019531 2.013054 3.843104 -3.111084 155301574601.000000
-0.108398 -0.982422 -0.029785 2.318063 4.636125 -3.294089 155301576403.000000
-0.103271 -0.982422 -0.028320 2.379064 5.795156 -2.989081 155301578205.000000
-0.105957 -0.991455 -0.027344 2.440066 7.015189 -2.745074 155301580012.000000
-0.102539 -0.995850 -0.031250 1.952053 8.357226 -2.440066 155301581816.000000
-0.104248 -0.996338 -0.031006 1.769048 9.577259 -2.501068 155301583618.000000
-0.103271 -1.001465 -0.030762 2.440066 11.163301 -2.196059 155301585420.000000
-0.102783 -1.010986 -0.031982 2.135058 12.322333 -2.074056 155301587221.000000
-0.105469 -1.011719 -0.024902 2.318063 13.542366 -1.403038 155301589023.000000
-0.103027 -1.017578 -0.030029 2.257061 14.823400 -1.464040 155301590832.000000
-0.102539 -1.020020 -0.030273 2.623071 16.226438 -1.037028 155301592634.000000
-0.099854 -1.026611 -0.035645 2.440066 17.629476 -1.220033 155301594438.000000
-0.107910 -1.026611 -0.038574 2.440066 18.666504 -0.793021 155301596239.000000
-0.111816 -1.023926 -0.032227 2.684072 19.398524 -0.854023 155301598041.000000
-0.114502 -1.027344 -0.029541 2.623071 20.374550 -0.671018 155301599846.000000
-0.119385 -1.026367 -0.033936 2.623071 21.167572 -0.549015 155301601645.000000
-0.115723 -1.025391 -0.025635 2.928079 22.143598 -0.427012 155301603446.000000
-0.120605 -1.026611 -0.027100 3.050082 22.692613 -0.610016 155301605248.000000
-0.125488 -1.023926 -0.022705 3.294089 23.424632 -0.427012 155301607055.000000
-0.123779 -1.020020 -0.027344 2.989081 24.339657 -0.427012 155301608858.000000
-0.130859 -1.026855 -0.023926 3.355091 24.949674 -0.488013 155301610667.000000
-0.131348 -1.025635 -0.022461 3.294089 25.376685 -0.366010 155301612469.000000
-0.133301 -1.018311 -0.027832 3.233087 25.864698 -0.122003 155301614272.000000
-0.133545 -1.015869 -0.022217 3.416092 26.352712 -0.244007 155301616074.000000
-0.135498 -1.016846 -0.024902 3.355091 26.718721 -0.183005 155301617876.000000
-0.135010 -1.016602 -0.028320 3.172086 26.962728 -0.305008 155301619683.000000
-0.136719 -1.016602 -0.031006 3.355091 27.206735 -0.122003 155301621485.000000
-0.136963 -1.009277 -0.030029 3.233087 27.328738 -0.122003 155301623288.000000
-0.141357 -1.014404 -0.026611 3.538096 27.267736 0.122003 155301625090.000000
-0.148682 -1.007324 -0.025635 3.172086 26.718721 -0.061002 155301626893.000000
-0.145508 -1.009033 -0.019531 3.477094 26.535716 -0.183005 155301628697.000000
-0.145264 -1.010742 -0.020996 3.233087 26.474715 -0.122003 155301630501.000000
-0.149658 -1.010498 -0.020020 3.050082 25.620692 -0.305008 155301632303.000000
-0.156982 -1.003174 -0.017822 3.538096 25.132679 -0.061002 155301634111.000000
-0.157959 -1.003906 -0.020752 3.477094 24.217654 -0.366010 155301635914.000000
-0.161377 -0.999512 -0.015625 3.660099 23.119624 -0.488013 155301637716.000000
-0.158447 -0.997070 -0.018555 3.416092 22.448606 -0.610016 155301639520.000000
-0.158936 -0.994141 -0.019043 3.843104 21.106570 -0.854023 155301641322.000000
-0.162598 -0.989990 -0.014893 3.538096 20.191545 -0.793021 155301643123.000000
-0.165527 -0.986328 -0.014648 3.599097 19.093516 -0.854023 155301644925.000000
-0.162354 -0.986084 -0.012939 3.843104 18.239492 -1.342036 155301646726.000000
-0.164063 -0.986084 -0.008545 3.660099 17.385469 -1.464040 155301648527.000000
-0.157959 -0.985352 -0.013184 3.782102 16.470445 -1.769048 155301650331.000000
-0.159912 -0.984131 -0.012939 3.477094 15.982432 -1.708046 155301652133.000000
-0.155518 -0.982910 -0.013672 3.416092 15.555420 -1.830049 155301653935.000000
-0.154541 -0.983643 -0.008789 3.294089 14.762399 -2.135058 155301655737.000000
-0.153809 -0.987061 -0.009033 3.294089 14.274385 -2.196059 155301657539.000000
-0.160156 -0.984619 -0.006836 3.233087 13.786372 -2.135058 155301659341.000000
-0.156006 -0.978271 -0.003906 3.355091 13.481364 -2.257061 155301661143.000000
-0.151123 -0.978516 -0.002930 3.294089 13.176356 -2.684072 155301662944.000000
-0.156250 -0.984863 0.000732 3.294089 12.810346 -2.684072 155301664746.000000
-0.158447 -0.984131 0.002686 3.233087 12.627341 -2.562069 155301666547.000000
-0.158936 -0.983643 -0.001465 3.050082 12.566339 -2.562069 155301668349.000000
-0.156250 -0.985840 0.000244 2.928079 12.261331 -2.745074 155301670172.000000
-0.155762 -0.988770 0.002197 3.050082 11.956323 -2.806076 155301671977.000000
-0.159912 -0.983887 0.006592 3.050082 12.078326 -2.745074 155301673779.000000
-0.158691 -0.981689 0.008789 2.928079 11.895321 -3.233087 155301675580.000000
-0.162598 -0.982666 0.005615 3.111084 11.773318 -3.172086 155301677383.000000
-0.162109 -0.981445 0.007568 3.233087 11.468310 -3.294089 155301679184.000000
-0.162842 -0.979736 0.007568 3.050082 11.773318 -3.294089 155301680991.000000
-0.164063 -0.980957 0.001465 2.928079 11.712316 -3.355091 155301682792.000000
-0.164307 -0.979980 0.008545 2.989081 11.834320 -3.477094 155301684593.000000
-0.167236 -0.982178 0.005859 2.928079 12.139328 -3.355091 155301686395.000000
-0.165527 -0.981934 0.006348 2.867077 12.627341 -3.172086 155301688197.000000
-0.172607 -0.985352 0.008057 2.867077 12.932349 -2.928079 155301689999.000000
-0.168457 -0.980225 -0.005859 2.684072 13.481364 -3.233087 155301691801.000000
-0.169434 -0.982666 -0.002441 2.684072 13.603367 -2.928079 155301693603.000000
-0.171875 -0.983398 0.003174 2.623071 14.091380 -2.867077 155301695408.000000
-0.173584 -0.981689 0.000000 2.684072 14.335387 -2.684072 155301697211.000000
-0.172852 -0.983154 -0.003174 2.867077 14.945404 -2.684072 155301699013.000000
-0.177979 -0.977783 -0.005371 2.501068 15.494418 -2.623071 155301700820.000000
-0.180908 -0.980713 -0.002930 2.806076 15.799427 -2.196059 155301702629.000000
-0.179932 -0.983398 -0.000244 2.562069 15.799427 -2.257061 155301704431.000000
-0.188477 -0.979736 0.007324 2.867077 15.799427 -2.379064 155301706232.000000
-0.190186 -0.987061 0.008545 2.684072 15.799427 -1.891051 155301708033.000000
-0.195557 -0.987793 0.005371 2.928079 15.311413 -2.013054 155301709839.000000
-0.197754 -0.982666 0.010742 2.989081 15.128408 -1.891051 155301711638.000000
-0.198975 -0.982910 0.010254 2.989081 14.518392 -1.647044 155301713440.000000
-0.201904 -0.984863 0.009521 3.172086 13.664369 -1.586043 155301715242.000000
-0.204590 -0.983398 0.007080 3.355091 12.810346 -1.769048 155301717044.000000
-0.209717 -0.984375 0.007324 3.538096 11.956323 -1.220033 155301718845.000000
-0.213623 -0.987061 0.008789 3.721100 10.919295 -1.098030 155301720654.000000
-0.214600 -0.986328 -0.000244 3.904105 9.577259 -1.220033 155301722456.000000
-0.213379 -0.983398 0.006348 4.148112 8.479229 -1.281035 155301724262.000000
-0.210449 -0.982178 0.005859 4.148112 6.588178 -1.037028 155301726065.000000
-0.213867 -0.979492 -0.003906 4.270115 5.307143 -1.220033 155301727868.000000
-0.207764 -0.982422 -0.011719 3.904105 3.660099 -0.915025 155301729671.000000
-0.207275 -0.981934 -0.012451 4.331117 2.440066 -0.854023 155301731473.000000
-0.207031 -0.978271 -0.007080 4.392119 0.915025 -0.915025 155301733276.000000
-0.200928 -0.980469 -0.012207 4.331117 -0.427012 -0.915025 155301735079.000000
-0.203857 -0.983887 -0.017578 4.331117 -1.830049 -0.488013 155301736881.000000
-0.193604 -0.980957 -0.024170 4.453120 -2.928079 -0.549015 155301738682.000000
-0.191162 -0.981934 -0.017334 4.392119 -3.904105 -0.732020 155301740485.000000
-0.189453 -0.982666 -0.023193 4.331117 -4.819130 -0.610016 155301742288.000000
-0.183350 -0.979980 -0.020508 4.575124 -5.429147 -0.427012 155301744090.000000
-0.175781 -0.979980 -0.024170 4.392119 -6.283170 -0.061002 155301746517.000000
-0.170166 -0.979492 -0.026367 4.026109 -7.076191 0.061002 155301748344.000000
-0.170410 -0.985596 -0.033203 4.331117 -7.198194 0.305008 155301750179.000000
-0.158936 -0.985352 -0.035889 3.904105 -7.808211 0.488013 155301751982.000000
-0.156494 -0.982666 -0.035400 3.416092 -8.174221 0.366010 155301753784.000000
-0.156982 -0.980713 -0.031250 3.599097 -8.418227 0.610016 155301755586.000000
-0.153076 -0.979492 -0.032227 3.233087 -8.296224 0.549015 155301757389.000000
-0.144775 -0.984375 -0.040283 3.172086 -8.357226 0.732020 155301759190.000000
-0.148926 -0.980225 -0.030518 3.050082 -8.540231 1.342036 155301760992.000000
-0.146973 -0.980957 -0.036133 2.867077 -8.662234 1.281035 155301762794.000000
-0.145752 -0.981689 -0.037842 2.745074 -8.967242 1.403038 155301764595.000000
-0.136963 -0.981445 -0.041260 2.318063 -8.723236 1.769048 155301766396.000000
-0.138428 -0.976318 -0.041504 2.074056 -8.784237 1.647044 155301768198.000000
-0.131104 -0.979004 -0.041016 1.830049 -8.967242 1.952053 155301770000.000000
-0.132080 -0.975830 -0.037598 1.220033 -9.089245 2.013054 155301771802.000000
-0.133545 -0.976074 -0.038574 1.281035 -9.272250 2.135058 155301773604.000000
-0.135254 -0.978760 -0.038818 1.342036 -9.272250 2.501068 155301775406.000000
-0.135742 -0.974365 -0.037354 0.793021 -9.577259 2.501068 155301777208.000000
-0.137451 -0.976074 -0.035889 1.220033 -9.943268 2.928079 155301779010.000000
-0.133057 -0.975586 -0.034668 1.037028 -10.065272 2.989081 155301780813.000000
-0.134033 -0.974854 -0.031250 0.610016 -9.821265 3.050082 155301782614.000000
-0.127197 -0.973877 -0.031494 0.732020 -10.004270 3.050082 155301784416.000000
-0.130615 -0.977051 -0.032227 0.549015 -10.248277 3.355091 155301786218.000000
-0.132080 -0.969971 -0.027832 0.305008 -10.492283 2.989081 155301788019.000000
-0.130615 -0.978516 -0.029053 -0.122003 -10.431282 2.928079 155301789823.000000
-0.132080 -0.977783 -0.028564 -0.122003 -10.919295 3.233087 155301791624.000000
-0.125977 -0.975098 -0.027832 0.061002 -10.797292 3.172086 155301793425.000000
-0.125488 -0.977539 -0.025879 -0.610016 -10.980296 3.477094 155301795226.000000
-0.123779 -0.976807 -0.021484 -0.488013 -10.980296 3.599097 155301797028.000000
-0.124023 -0.981934 -0.032471 -0.122003 -11.346306 3.355091 155301798830.000000
-0.128662 -0.983643 -0.031494 -0.427012 -11.346306 3.294089 155301800637.000000
-0.122314 -0.982666 -0.031006 -0.549015 -11.407308 3.294089 155301802439.000000
-0.120850 -0.983887 -0.031250 -0.366010 -11.529311 3.233087 155301804242.000000
-0.121338 -0.987305 -0.023193 -0.854023 -11.468310 3.355091 155301806043.000000
-0.120850 -0.990967 -0.028564 -0.610016 -11.712316 3.233087 155301807844.000000
-0.119385 -0.988037 -0.029053 -0.976026 -12.078326 3.599097 155301809656.000000
-0.121338 -0.990967 -0.024658 -0.732020 -12.261331 3.355091 155301811456.000000
-0.122314 -0.997803 -0.020996 -1.037028 -12.749344 3.050082 155301813258.000000
-0.117920 -0.991455 -0.014648 -0.915025 -12.627341 3.111084 155301815060.000000
-0.120605 -0.999512 -0.017822 -1.037028 -12.810346 2.989081 155301816862.000000
-0.123047 -1.000732 -0.014160 -1.220033 -13.359361 2.867077 155301818664.000000
