0.048828 -0.977051 -0.181885 -2.867077 1.220033 -1.403038 113258494794.000000
0.051758 -0.978516 -0.179688 -2.684072 1.098030 -1.403038 113258497716.000000
0.057617 -0.978271 -0.181885 -2.684072 1.159031 -1.525041 113258500666.000000
0.054688 -0.973877 -0.189453 -2.867077 1.830049 -1.403038 113258503588.000000
0.058350 -0.973633 -0.181152 -2.684072 1.769048 -1.037028 113258506511.000000
0.052734 -0.982910 -0.172607 -2.623071 2.196059 -1.281035 113258509437.000000
0.049561 -0.982666 -0.177979 -2.501068 2.318063 -1.037028 113258512359.000000
0.050049 -0.982666 -0.175781 -2.501068 2.745074 -1.098030 113258515283.000000
0.048340 -0.987061 -0.178711 -2.440066 2.867077 -1.098030 113258518205.000000
0.047852 -0.978027 -0.177734 -2.379064 2.562069 -1.342036 113258521130.000000
0.043213 -0.981934 -0.183838 -2.684072 2.562069 -1.037028 113258524053.000000
0.045410 -0.984619 -0.185791 -2.379064 2.318063 -0.854023 113258526977.000000
0.043213 -0.984131 -0.182617 -2.440066 2.318063 -1.220033 113258529902.000000
0.043457 -0.982422 -0.178711 -2.318063 1.952053 -1.220033 113258532823.000000
0.042236 -0.984619 -0.181885 -2.440066 2.013054 -1.220033 113258535746.000000
0.052734 -0.989502 -0.177734 -2.379064 2.013054 -1.159031 113258538669.000000
0.054443 -0.988770 -0.185547 -2.379064 2.196059 -1.037028 113258541594.000000
0.056641 -0.987793 -0.177734 -2.074056 3.416092 -0.915025 113258549205.000000
0.056396 -0.988525 -0.168457 -1.830049 3.294089 -0.854023 113258552415.000000
0.053223 -0.978760 -0.180176 -2.074056 3.233087 -0.915025 113258555351.000000
0.052734 -0.982666 -0.173096 -1.952053 3.477094 -0.366010 113258558301.000000
0.053467 -0.980957 -0.178711 -1.952053 3.538096 -0.610016 113258561367.000000
0.052246 -0.981201 -0.185791 -1.830049 3.294089 -1.098030 113258564360.000000
0.049316 -0.978760 -0.184570 -2.074056 3.233087 -0.732020 113258567287.000000
0.049805 -0.975342 -0.181885 -2.013054 2.501068 -0.854023 113258570207.000000
0.048828 -0.982178 -0.182129 -2.074056 2.501068 -0.976026 113258573125.000000
0.050293 -0.978271 -0.180664 -1.769048 2.623071 -0.793021 113258576049.000000
0.051514 -0.985840 -0.177246 -1.769048 2.318063 -0.915025 113258578965.000000
0.054688 -0.982666 -0.183350 -1.830049 2.501068 -0.671018 113258581884.000000
0.051758 -0.984131 -0.180664 -1.586043 2.379064 -0.793021 113258584815.000000
0.050781 -0.982666 -0.173096 -1.586043 2.318063 -0.549015 113258587732.000000
0.053467 -0.986084 -0.183350 -1.403038 2.501068 -0.549015 113258590679.000000
0.053467 -0.984375 -0.173584 -1.403038 2.196059 -0.488013 113258593604.000000
0.053467 -0.987549 -0.181152 -1.403038 2.013054 -0.671018 113258596522.000000
0.049805 -0.988037 -0.185059 -1.403038 1.830049 -0.427012 113258599437.000000
0.054443 -0.989258 -0.181152 -1.159031 1.891051 -0.671018 113258602356.000000
0.056152 -0.989990 -0.177979 -1.403038 2.013054 -0.610016 113258605278.000000
0.053711 -0.986572 -0.185547 -1.342036 1.891051 -0.671018 113258608203.000000
0.051758 -0.987061 -0.180664 -1.281035 2.013054 -0.488013 113258611123.000000
0.051270 -0.986572 -0.182617 -1.403038 1.952053 -0.244007 113258614040.000000
0.048340 -0.986816 -0.183594 -1.037028 1.708046 -0.610016 113258616951.000000
0.049805 -0.983887 -0.179932 -1.281035 1.830049 -0.488013 113258619872.000000
0.052246 -0.983887 -0.178955 -1.281035 1.342036 -0.427012 113258622803.000000
0.049805 -0.977539 -0.178223 -1.403038 1.586043 -0.427012 113258625726.000000
0.046631 -0.976807 -0.175049 -1.281035 1.464040 -0.488013 113258628654.000000
0.052490 -0.978027 -0.178711 -1.098030 1.403038 -0.610016 113258631577.000000
0.052979 -0.974365 -0.184082 -0.976026 1.159031 -0.488013 113258634505.000000
0.053711 -0.983398 -0.179443 -1.342036 0.976026 -0.671018 113258637434.000000
0.054199 -0.976074 -0.180664 -0.915025 1.342036 -0.793021 113258640356.000000
0.056396 -0.979004 -0.177734 -1.220033 1.159031 -0.610016 113258643288.000000
0.050537 -0.978516 -0.169922 -1.037028 1.220033 -0.732020 113258646215.000000
0.058838 -0.985352 -0.180908 -1.037028 1.342036 -0.366010 113258649230.000000
0.056885 -0.980713 -0.178223 -1.037028 1.525041 -0.671018 113258652201.000000
0.054199 -0.986328 -0.177002 -1.037028 1.708046 -0.549015 113258655128.000000
0.057129 -0.982422 -0.182129 -0.915025 1.769048 -0.549015 113258658074.000000
0.053711 -0.979004 -0.172852 -0.671018 1.586043 -0.671018 113258661024.000000
0.055420 -0.980957 -0.177979 -0.732020 1.647044 -0.854023 113258663955.000000
0.043945 -0.984131 -0.183838 -0.793021 1.952053 -0.549015 113258666882.000000
0.042236 -0.980469 -0.187500 -0.732020 1.220033 -0.549015 113258669811.000000
0.040771 -0.980225 -0.181396 -0.671018 0.976026 -0.854023 113258672734.000000
0.038086 -0.980469 -0.180908 -0.854023 0.915025 -0.610016 113258675659.000000
0.038818 -0.982178 -0.188721 -0.854023 0.793021 -0.732020 113258678582.000000
0.048096 -0.982666 -0.185059 -0.610016 0.549015 -0.732020 113258681536.000000
0.046631 -0.981934 -0.182861 -0.610016 0.366010 -0.732020 113258684462.000000
0.045410 -0.983643 -0.179688 -0.976026 0.610016 -0.915025 113258687387.000000
0.050293 -0.981934 -0.183105 -0.366010 0.366010 -0.854023 113258690314.000000
0.054443 -0.980469 -0.176514 -0.610016 0.488013 -0.793021 113258693239.000000
0.055420 -0.980225 -0.175537 -0.671018 0.610016 -0.549015 113258696163.000000
0.059814 -0.983154 -0.174561 -0.366010 0.854023 -0.671018 113258699090.000000
0.054443 -0.986572 -0.170166 -0.793021 0.671018 -0.793021 113258702016.000000
0.059082 -0.987305 -0.172607 -0.427012 0.915025 -0.427012 113258704943.000000
0.057373 -0.984375 -0.169434 -0.671018 0.610016 -0.488013 113258707875.000000
0.056152 -0.985840 -0.174072 -0.427012 0.915025 -0.671018 113258710805.000000
0.055176 -0.986084 -0.166260 -0.488013 0.671018 -0.488013 113258713724.000000
0.053223 -0.992188 -0.163574 -0.549015 0.976026 -0.122003 113258716645.000000
0.059326 -0.984863 -0.172607 -0.610016 0.427012 -0.671018 113258719655.000000
0.056396 -0.989014 -0.169922 -0.732020 0.488013 -0.488013 113258722795.000000
0.057129 -0.989014 -0.169189 -0.732020 0.671018 -0.671018 113258725855.000000
0.054932 -0.988037 -0.170166 -0.549015 0.671018 -0.366010 113258728851.000000
0.050293 -0.986328 -0.173584 -0.793021 0.488013 -0.549015 113258731779.000000
0.054688 -0.989258 -0.172119 -0.488013 0.549015 -0.488013 113258734701.000000
0.050537 -0.987549 -0.172607 -0.793021 0.610016 -0.671018 113258737632.000000
0.057373 -0.985840 -0.178711 -1.037028 0.244007 -0.305008 113258740581.000000
0.052246 -0.981934 -0.182861 -0.976026 0.610016 -0.488013 113258743505.000000
0.047363 -0.980469 -0.178467 -0.854023 0.671018 -0.732020 113258746430.000000
0.048584 -0.980225 -0.181885 -0.976026 0.305008 -0.488013 113258749356.000000
0.049561 -0.978760 -0.170410 -0.915025 0.427012 -0.610016 113258752280.000000
0.047119 -0.981934 -0.175537 -0.915025 -0.305008 -0.854023 113258755200.000000
0.053711 -0.982178 -0.169189 -1.159031 -0.671018 -0.915025 113258758122.000000
0.047852 -0.980957 -0.166992 -0.671018 -0.427012 -1.037028 113258761046.000000
0.051758 -0.987061 -0.149414 -0.976026 -0.427012 -0.915025 113258763970.000000
0.050049 -0.985596 -0.166748 -0.610016 0.122003 -1.098030 113258766893.000000
0.054199 -0.978027 -0.183105 -0.549015 0.183005 -0.854023 113258769817.000000
0.047363 -0.978760 -0.187256 -0.549015 0.244007 -0.610016 113258772742.000000
0.051514 -0.980469 -0.187744 -0.732020 0.610016 -0.488013 113258775671.000000
0.049072 -0.982910 -0.177734 -0.793021 0.488013 -0.305008 113258778598.000000
0.047363 -0.985352 -0.191162 -1.098030 0.671018 -0.244007 113258781529.000000
0.052734 -0.981689 -0.184570 -1.098030 0.610016 -0.427012 113258784450.000000
0.059570 -0.983887 -0.179932 -1.159031 0.610016 -0.671018 113258787373.000000
0.051270 -0.982178 -0.170898 -1.098030 0.244007 -0.488013 113258790298.000000
0.049561 -0.987305 -0.167725 -1.159031 0.366010 -0.366010 113258793220.000000
0.050049 -0.986572 -0.162842 -1.220033 0.305008 -0.488013 113258796145.000000
0.049805 -0.984131 -0.166016 -1.037028 0.854023 -0.244007 113258799069.000000
0.053955 -0.985352 -0.175293 -1.281035 0.732020 -0.854023 113258801989.000000
0.050781 -0.986572 -0.165527 -1.159031 0.854023 -0.305008 113258804916.000000
0.053467 -0.986572 -0.170166 -1.098030 0.427012 -0.427012 113258807829.000000
0.052246 -0.982422 -0.167969 -1.159031 0.549015 -0.549015 113258811035.000000
0.053711 -0.979004 -0.169434 -1.281035 0.061002 -0.732020 113258813965.000000
0.055908 -0.981201 -0.176025 -1.403038 -0.427012 -0.610016 113258816891.000000
0.050049 -0.978760 -0.173584 -1.403038 -0.305008 -0.671018 113258819818.000000
0.051758 -0.979736 -0.166992 -1.403038 -0.854023 -0.732020 113258822740.000000
0.053711 -0.985596 -0.167236 -1.525041 -0.732020 -0.610016 113258825664.000000
0.055664 -0.984375 -0.167236 -1.464040 -0.732020 -0.427012 113258828585.000000
0.052979 -0.983887 -0.166748 -1.647044 -0.549015 -0.488013 113258831510.000000
0.052002 -0.984131 -0.169678 -1.647044 -0.427012 -0.671018 113258834436.000000
0.055420 -0.979248 -0.175049 -1.647044 -0.488013 -0.122003 113258837358.000000
0.058838 -0.985352 -0.172852 -1.586043 -0.305008 -0.610016 113258840287.000000
0.055176 -0.979248 -0.170654 -1.464040 -0.183005 -0.549015 113258843209.000000
0.049072 -0.981934 -0.168457 -1.586043 -0.061002 -0.610016 113258846130.000000
0.051270 -0.980469 -0.176270 -1.586043 -0.183005 -0.366010 113258849053.000000
0.047852 -0.986328 -0.179199 -1.647044 -0.305008 -0.183005 113258851977.000000
0.050293 -0.984619 -0.169922 -1.769048 -0.244007 -0.427012 113258854899.000000
0.050049 -0.981445 -0.176025 -1.769048 -0.244007 -0.244007 113258857822.000000
0.050537 -0.980957 -0.176270 -1.708046 0.061002 -0.427012 113258860748.000000
0.052979 -0.978760 -0.180176 -1.769048 -0.427012 -0.305008 113258863672.000000
0.049805 -0.978516 -0.183838 -1.952053 -0.427012 -0.671018 113258866594.000000
0.045654 -0.982910 -0.175537 -1.830049 -0.488013 -0.061002 113258869519.000000
0.049805 -0.987061 -0.171875 -1.769048 -0.061002 -0.183005 113258872442.000000
0.049561 -0.981689 -0.166016 -1.891051 -0.488013 -0.610016 113258875366.000000
0.044434 -0.987793 -0.176270 -1.769048 -0.061002 -0.244007 113258878289.000000
0.050537 -0.987061 -0.170410 -1.708046 -0.610016 -0.244007 113258881216.000000
0.050293 -0.995361 -0.168945 -1.830049 -0.732020 -0.366010 113258884139.000000
0.052734 -0.993164 -0.171387 -1.708046 -0.854023 -0.183005 113258887066.000000
0.047852 -0.994141 -0.174072 -1.708046 -1.342036 -0.122003 113258889997.000000
0.052002 -0.996826 -0.168701 -1.891051 -1.525041 -0.183005 113258892936.000000
0.053955 -0.992432 -0.168701 -1.952053 -1.525041 -0.122003 113258895856.000000
0.055908 -0.990967 -0.174072 -1.708046 -1.342036 -0.305008 113258898781.000000
0.054932 -0.991455 -0.171143 -1.952053 -1.586043 0.061002 113258901702.000000
0.057373 -0.993896 -0.161377 -2.013054 -1.769048 0.000000 113258904624.000000
0.056152 -0.988770 -0.165771 -1.891051 -1.830049 -0.244007 113258907553.000000
0.058105 -0.984375 -0.168945 -2.074056 -2.074056 -0.122003 113258910485.000000
0.060547 -0.978516 -0.166504 -1.891051 -2.074056 -0.244007 113258913413.000000
0.058105 -0.978027 -0.161377 -2.074056 -2.318063 -0.061002 113258916333.000000
0.055176 -0.974365 -0.175293 -1.830049 -2.013054 -0.122003 113258919257.000000
0.056885 -0.970947 -0.171387 -2.013054 -2.318063 0.000000 113258922192.000000
0.053711 -0.973633 -0.170654 -2.135058 -2.196059 -0.366010 113258925112.000000
0.056885 -0.974365 -0.175537 -2.074056 -2.562069 0.000000 113258928036.000000
0.052734 -0.968018 -0.170898 -2.257061 -2.867077 -0.122003 113258930960.000000
0.054443 -0.970459 -0.166016 -2.257061 -2.562069 -0.183005 113258933882.000000
0.055420 -0.971191 -0.172363 -1.952053 -2.684072 0.000000 113258936804.000000
0.055908 -0.977051 -0.171875 -2.135058 -2.501068 -0.244007 113258939729.000000
0.054443 -0.985596 -0.174316 -2.257061 -2.196059 0.122003 113258942652.000000
0.055908 -0.983887 -0.170166 -1.952053 -2.318063 0.305008 113258945573.000000
0.052246 -0.989990 -0.172363 -2.196059 -2.135058 0.244007 113258948495.000000
0.051025 -0.991943 -0.173584 -2.196059 -2.257061 0.183005 113258951419.000000
0.052979 -0.998047 -0.175293 -2.135058 -2.196059 0.427012 113258954344.000000
0.050293 -0.996826 -0.173340 -2.135058 -1.952053 0.488013 113258957272.000000
0.048584 -1.001221 -0.175537 -2.196059 -2.257061 0.427012 113258960197.000000
0.048340 -0.996094 -0.180176 -2.196059 -2.196059 0.732020 113258963111.000000
0.048096 -0.993652 -0.175781 -2.379064 -2.379064 0.793021 113258966029.000000
0.045654 -0.989746 -0.175781 -2.135058 -2.318063 0.671018 113258968940.000000
0.040527 -0.985840 -0.169189 -2.196059 -2.623071 0.610016 113258971862.000000
0.046875 -0.981201 -0.178955 -2.196059 -2.928079 0.427012 113258974787.000000
0.041504 -0.976318 -0.177246 -2.196059 -2.806076 0.610016 113258977709.000000
0.041992 -0.976807 -0.173584 -2.379064 -2.867077 0.549015 113258980647.000000
0.050537 -0.973389 -0.173096 -2.379064 -2.806076 0.427012 113258983610.000000
0.055664 -0.973145 -0.173096 -2.562069 -2.623071 0.671018 113258986536.000000
0.051758 -0.973633 -0.172607 -2.379064 -2.257061 0.671018 113258989458.000000
0.054199 -0.968506 -0.170166 -2.562069 -2.074056 0.671018 113258992381.000000
0.052979 -0.968750 -0.165527 -2.379064 -1.769048 0.610016 113258995307.000000
0.052979 -0.968262 -0.167236 -2.623071 -1.586043 0.854023 113258998228.000000
0.057617 -0.967773 -0.173096 -2.867077 -1.464040 0.671018 113259001155.000000
0.062012 -0.977051 -0.169189 -2.806076 -1.342036 0.976026 113259004082.000000
0.060791 -0.982910 -0.170654 -2.623071 -0.549015 0.671018 113259007012.000000
0.058105 -0.981689 -0.172363 -2.928079 -0.305008 0.854023 113259009947.000000
0.052490 -0.984375 -0.171875 -2.928079 -0.122003 1.281035 113259012884.000000
0.051025 -0.989990 -0.173828 -2.928079 0.183005 0.915025 113259015811.000000
0.046631 -0.994629 -0.184082 -2.806076 0.244007 1.159031 113259018735.000000
0.048096 -1.000488 -0.175049 -3.172086 0.305008 1.403038 113259021663.000000
0.044678 -0.995850 -0.177490 -3.111084 0.061002 1.220033 113259024584.000000
0.043945 -1.000244 -0.171143 -3.050082 0.366010 1.342036 113259027509.000000
0.044922 -1.001709 -0.173340 -2.989081 0.366010 1.220033 113259030438.000000
0.043213 -1.000488 -0.174316 -3.294089 0.183005 1.342036 113259033359.000000
0.048096 -0.997803 -0.172363 -3.416092 0.305008 1.464040 113259036284.000000
0.048584 -0.991211 -0.175781 -3.355091 0.366010 1.342036 113259039205.000000
0.040283 -0.990479 -0.171875 -3.538096 0.061002 1.464040 113259042177.000000
0.039307 -0.985840 -0.173584 -3.599097 -0.122003 1.281035 113259045102.000000
0.045410 -0.978271 -0.167480 -3.782102 0.122003 1.098030 113259048027.000000
0.045166 -0.975586 -0.167480 -3.660099 -0.122003 1.281035 113259050949.000000
0.046387 -0.970947 -0.162598 -3.965107 -0.244007 0.854023 113259053872.000000
0.048828 -0.968750 -0.167725 -3.904105 0.000000 1.159031 113259056795.000000
0.054688 -0.968994 -0.169434 -4.209114 -0.061002 1.098030 113259059720.000000
0.057617 -0.962158 -0.168945 -4.148112 0.183005 1.220033 113259062644.000000
0.053955 -0.963623 -0.171143 -4.209114 0.488013 1.403038 113259065568.000000
0.059570 -0.964844 -0.170654 -4.453120 0.488013 1.220033 113259068492.000000
0.051514 -0.961426 -0.168945 -4.270115 0.732020 1.403038 113259071417.000000
0.055908 -0.966064 -0.169189 -4.270115 1.037028 1.403038 113259074340.000000
0.054932 -0.971436 -0.171631 -4.453120 0.976026 1.525041 113259077268.000000
0.049805 -0.974365 -0.171143 -4.636125 1.586043 1.159031 113259080193.000000
0.051270 -0.981689 -0.175781 -4.392119 1.586043 1.525041 113259083116.000000
0.050049 -0.986328 -0.176758 -4.697127 2.196059 1.464040 113259086041.000000
0.046875 -0.991455 -0.181396 -4.331117 2.257061 1.647044 113259088961.000000
0.047119 -0.993652 -0.181152 -4.514122 2.379064 1.586043 113259091887.000000
0.043701 -0.994141 -0.184570 -4.575124 2.318063 1.891051 113259094812.000000
0.039551 -0.996826 -0.183594 -4.270115 1.769048 1.769048 113259097733.000000
0.034180 -0.996826 -0.178467 -4.392119 1.708046 1.830049 113259100690.000000
0.033691 -0.997314 -0.179932 -4.575124 1.403038 1.464040 113259103616.000000
0.035400 -0.995117 -0.183594 -4.575124 1.464040 1.708046 113259106542.000000
0.038086 -0.996094 -0.184570 -4.270115 0.793021 1.830049 113259109468.000000
0.034668 -0.995117 -0.191895 -4.453120 0.854023 2.013054 113259112392.000000
0.041260 -0.989502 -0.179932 -4.209114 0.549015 1.830049 113259115317.000000
0.041992 -0.988281 -0.180420 -4.270115 0.183005 1.891051 113259118240.000000
0.046631 -0.985596 -0.174316 -4.270115 -0.061002 1.952053 113259121160.000000
0.047852 -0.978516 -0.179199 -4.270115 0.000000 2.013054 113259124074.000000
0.045898 -0.976807 -0.177979 -4.148112 0.000000 1.952053 113259126989.000000
0.050781 -0.973145 -0.179443 -4.270115 -0.183005 1.952053 113259129912.000000
0.048584 -0.977295 -0.178711 -4.148112 -0.366010 1.830049 113259132837.000000
0.054688 -0.980225 -0.177979 -4.270115 -0.183005 2.257061 113259135767.000000
0.058594 -0.975342 -0.178223 -4.148112 -0.183005 2.257061 113259138693.000000
0.056152 -0.975586 -0.177734 -4.026109 -0.183005 2.379064 113259141619.000000
0.053467 -0.971680 -0.178467 -4.270115 -0.305008 2.196059 113259144541.000000
0.052979 -0.968506 -0.183594 -3.843104 -0.244007 2.135058 113259147474.000000
0.052002 -0.966797 -0.183105 -3.904105 -0.488013 1.891051 113259150401.000000
0.050049 -0.969482 -0.178223 -4.026109 -0.366010 2.013054 113259153322.000000
0.048828 -0.969971 -0.183838 -3.538096 -0.671018 2.318063 113259156245.000000
0.044434 -0.975342 -0.187988 -3.782102 -0.854023 2.135058 113259159171.000000
0.044189 -0.977539 -0.188721 -3.416092 -0.793021 2.318063 113259162131.000000
0.044922 -0.977783 -0.188232 -3.599097 -0.854023 2.379064 113259165066.000000
0.044434 -0.980957 -0.188477 -3.599097 -0.915025 2.501068 113259167989.000000
0.045166 -0.983154 -0.191406 -3.538096 -1.159031 2.501068 113259170913.000000
0.040771 -0.984131 -0.188477 -3.416092 -1.098030 2.684072 113259173834.000000
0.043213 -0.989990 -0.182129 -3.355091 -1.220033 2.745074 113259176755.000000
0.037354 -0.989014 -0.193359 -3.172086 -1.037028 2.684072 113259179679.000000
0.036377 -0.993896 -0.185059 -3.111084 -1.647044 2.806076 113259182602.000000
0.037842 -0.990723 -0.193359 -3.050082 -1.830049 2.745074 113259185524.000000
0.039063 -0.993652 -0.188232 -2.989081 -1.586043 2.806076 113259188448.000000
0.036865 -0.987061 -0.184082 -3.111084 -1.708046 2.623071 113259191373.000000
0.042236 -0.987793 -0.179688 -2.928079 -1.891051 2.806076 113259194297.000000
0.038086 -0.983643 -0.183350 -2.989081 -1.769048 2.623071 113259197218.000000
0.036621 -0.979004 -0.180664 -2.989081 -2.013054 2.806076 113259200143.000000
0.038330 -0.980713 -0.185547 -2.989081 -2.135058 2.806076 113259203075.000000
0.039063 -0.976563 -0.181885 -2.867077 -2.135058 2.928079 113259205998.000000
0.033936 -0.973877 -0.179932 -2.806076 -2.501068 2.623071 113259208922.000000
0.037842 -0.975830 -0.173096 -2.745074 -2.257061 2.501068 113259211843.000000
0.041016 -0.973389 -0.182129 -2.867077 -2.318063 2.379064 113259214758.000000
0.042480 -0.973145 -0.175781 -2.867077 -2.379064 2.623071 113259217671.000000
0.041748 -0.976318 -0.179688 -2.684072 -2.013054 2.379064 113259220591.000000
0.043945 -0.974854 -0.180664 -2.745074 -2.257061 2.562069 113259223514.000000
0.045654 -0.978027 -0.176758 -2.623071 -2.074056 2.745074 113259226441.000000
0.040039 -0.978760 -0.181152 -2.684072 -1.830049 2.684072 113259229366.000000
0.036865 -0.980957 -0.185303 -2.623071 -1.647044 2.745074 113259232288.000000
0.035400 -0.980713 -0.186523 -2.562069 -1.769048 2.745074 113259235208.000000
0.035889 -0.980713 -0.181396 -2.623071 -1.891051 2.867077 113259238129.000000
0.031494 -0.984131 -0.188965 -2.440066 -1.891051 2.745074 113259241053.000000
0.033447 -0.983154 -0.187256 -2.501068 -1.647044 2.745074 113259243974.000000
0.024658 -0.981445 -0.188965 -2.074056 -2.013054 2.745074 113259246898.000000
0.027344 -0.984619 -0.189941 -2.318063 -1.769048 2.623071 113259249823.000000
0.024414 -0.985840 -0.189941 -2.013054 -2.257061 2.562069 113259252746.000000
0.025635 -0.986572 -0.194336 -2.074056 -2.257061 2.623071 113259255669.000000
0.029785 -0.983154 -0.201660 -2.013054 -2.379064 2.562069 113259258589.000000
0.024658 -0.989502 -0.194580 -1.952053 -2.623071 2.928079 113259261513.000000
0.028320 -0.981445 -0.192627 -1.647044 -2.379064 2.806076 113259264438.000000
0.030518 -0.986328 -0.190674 -1.952053 -2.623071 2.623071 113259267361.000000
0.033936 -0.987793 -0.187500 -1.586043 -2.684072 2.928079 113259270286.000000
0.030029 -0.986572 -0.189941 -1.708046 -2.562069 2.623071 113259273207.000000
0.032715 -0.985352 -0.179443 -1.647044 -2.440066 2.623071 113259276131.000000
0.032715 -0.989990 -0.187744 -1.525041 -2.623071 2.684072 113259279053.000000
0.027100 -0.987061 -0.183350 -1.586043 -2.684072 2.623071 113259281976.000000
0.025879 -0.985107 -0.174316 -1.586043 -2.501068 2.379064 113259284912.000000
0.025879 -0.985107 -0.183594 -1.464040 -2.806076 2.318063 113259287832.000000
0.028076 -0.980957 -0.180664 -1.464040 -2.745074 2.440066 113259290758.000000
0.025635 -0.979004 -0.183594 -1.464040 -3.172086 2.379064 113259293682.000000
0.027588 -0.982666 -0.182617 -1.525041 -3.172086 1.952053 113259296605.000000
0.028564 -0.981445 -0.179932 -1.525041 -3.172086 2.196059 113259299532.000000
0.028320 -0.978760 -0.185547 -1.342036 -3.172086 2.074056 113259302462.000000
0.029297 -0.975342 -0.181152 -1.403038 -2.928079 2.257061 113259305383.000000
0.029053 -0.976807 -0.183350 -1.830049 -2.989081 1.891051 113259308308.000000
0.029541 -0.979980 -0.181152 -1.525041 -3.172086 1.891051 113259311251.000000
0.029053 -0.979492 -0.178467 -1.647044 -2.623071 1.952053 113259314189.000000
0.031982 -0.983643 -0.175049 -1.647044 -2.440066 1.891051 113259317119.000000
0.032471 -0.981934 -0.173096 -1.891051 -1.952053 1.830049 113259320049.000000
0.033936 -0.982910 -0.185303 -1.708046 -2.135058 1.952053 113259322974.000000
0.032471 -0.982910 -0.175293 -1.647044 -1.586043 1.708046 113259325899.000000
0.030518 -0.987061 -0.180420 -1.952053 -1.281035 1.952053 113259328822.000000
0.028076 -0.984375 -0.182617 -1.891051 -1.220033 1.464040 113259331747.000000
0.025146 -0.984619 -0.177979 -2.013054 -1.037028 1.769048 113259334669.000000
0.023438 -0.982422 -0.181641 -1.952053 -1.098030 1.464040 113259337588.000000
0.020508 -0.988770 -0.178223 -1.952053 -1.159031 1.525041 113259340514.000000
0.023438 -0.989746 -0.177979 -2.074056 -1.098030 1.464040 113259343439.000000
0.020508 -0.991943 -0.179199 -2.379064 -1.159031 1.159031 113259346360.000000
0.024414 -0.987793 -0.167480 -2.074056 -0.854023 1.098030 113259349289.000000
0.024658 -0.988037 -0.174316 -2.440066 -0.793021 1.098030 113259352213.000000
0.025146 -0.987793 -0.171143 -2.440066 -0.610016 0.915025 113259355212.000000
0.027832 -0.980225 -0.176270 -2.379064 -0.549015 0.976026 113259358137.000000
0.026611 -0.976807 -0.173096 -2.684072 -0.183005 0.915025 113259361068.000000
0.027100 -0.976074 -0.172607 -2.501068 -0.427012 0.732020 113259363993.000000
0.026367 -0.969727 -0.171631 -2.440066 -0.244007 0.793021 113259366917.000000
0.027344 -0.973633 -0.177490 -2.562069 -0.061002 0.671018 113259369838.000000
0.025391 -0.973633 -0.175293 -2.501068 0.000000 0.732020 113259372759.000000
0.024658 -0.974121 -0.177979 -2.684072 0.305008 0.427012 113259375683.000000
0.029053 -0.980469 -0.183105 -2.745074 0.183005 0.488013 113259378611.000000
0.026611 -0.978760 -0.185791 -2.440066 0.427012 0.549015 113259381537.000000
0.020996 -0.984619 -0.178467 -2.623071 0.244007 0.488013 113259384457.000000
0.022461 -0.981201 -0.185791 -2.562069 0.366010 0.488013 113259387383.000000
0.019775 -0.985352 -0.190430 -2.318063 0.427012 0.366010 113259390310.000000
0.020996 -0.989258 -0.185791 -2.318063 0.366010 0.244007 113259393232.000000
0.020508 -0.991943 -0.183594 -2.318063 0.488013 0.427012 113259396157.000000
0.024414 -0.991211 -0.187744 -2.501068 0.305008 0.305008 113259399079.000000
0.021973 -0.990967 -0.190430 -2.196059 0.366010 0.183005 113259402003.000000
0.021973 -0.993164 -0.185059 -2.257061 0.732020 0.366010 113259404941.000000
0.026611 -0.992920 -0.186035 -2.196059 0.549015 0.244007 113259407864.000000
0.022461 -0.995361 -0.182617 -2.196059 0.183005 0.549015 113259410789.000000
0.025146 -0.990234 -0.180908 -2.196059 0.244007 0.305008 113259413710.000000
0.020264 -0.993896 -0.185303 -2.013054 0.305008 0.122003 113259416631.000000
0.020020 -0.989502 -0.190430 -2.135058 -0.244007 0.305008 113259419556.000000
0.021240 -0.984375 -0.181152 -1.891051 0.183005 0.000000 113259422479.000000
0.024170 -0.984863 -0.183838 -1.891051 -0.427012 -0.183005 113259425404.000000
0.026611 -0.977295 -0.188232 -2.013054 -0.732020 0.061002 113259428326.000000
0.024658 -0.975830 -0.186035 -1.891051 -0.610016 -0.122003 113259431252.000000
0.025635 -0.971191 -0.178955 -1.769048 -1.159031 -0.244007 113259434185.000000
0.024170 -0.975586 -0.183105 -1.769048 -1.342036 -0.244007 113259437111.000000
0.025879 -0.975098 -0.178223 -1.952053 -1.159031 -0.305008 113259440036.000000
0.026367 -0.979492 -0.185059 -1.891051 -1.830049 -0.183005 113259442956.000000
0.026123 -0.978271 -0.181152 -1.830049 -1.342036 -0.427012 113259445877.000000
0.025391 -0.983398 -0.182861 -1.891051 -1.464040 -0.488013 113259448804.000000
0.028564 -0.977783 -0.177002 -1.769048 -1.586043 -0.549015 113259451728.000000
0.027832 -0.978516 -0.181641 -2.074056 -1.464040 -0.549015 113259454682.000000
0.030518 -0.975830 -0.178711 -1.708046 -1.342036 -0.732020 113259457605.000000
0.032471 -0.977783 -0.182861 -1.647044 -1.220033 -0.305008 113259460533.000000
0.032227 -0.981201 -0.180664 -1.647044 -0.976026 -0.671018 113259463446.000000
0.030762 -0.978760 -0.180908 -1.464040 -0.854023 -0.732020 113259466361.000000
0.028076 -0.985840 -0.181641 -1.830049 -0.610016 -0.610016 113259469331.000000
0.030762 -0.986816 -0.186035 -1.586043 -0.427012 -0.549015 113259472256.000000
0.026367 -0.987549 -0.184082 -1.403038 -0.305008 -0.427012 113259475181.000000
0.031006 -0.988037 -0.183838 -1.403038 0.000000 -0.366010 113259478108.000000
0.022705 -0.987549 -0.183105 -1.586043 0.000000 -0.427012 113259481034.000000
0.020264 -0.985596 -0.187256 -1.281035 0.122003 -0.366010 113259483955.000000
0.020020 -0.990234 -0.183350 -1.220033 0.366010 -0.427012 113259486876.000000
0.023438 -0.986572 -0.182617 -1.464040 0.122003 -0.366010 113259489800.000000
0.018799 -0.986816 -0.180908 -1.525041 -0.183005 -0.549015 113259492723.000000
0.022705 -0.984375 -0.181152 -1.342036 -0.305008 -0.488013 113259495645.000000
0.021729 -0.983643 -0.185547 -1.403038 -0.427012 -0.610016 113259498572.000000
0.023193 -0.984619 -0.179688 -1.037028 -0.610016 -0.854023 113259501497.000000
0.022949 -0.978271 -0.183105 -1.098030 -1.098030 -0.976026 113259504418.000000
0.014893 -0.979004 -0.187500 -1.098030 -1.342036 -0.915025 113259507338.000000
0.019775 -0.977539 -0.185547 -0.976026 -1.464040 -0.610016 113259510262.000000
0.022949 -0.976074 -0.191650 -0.915025 -1.891051 -1.098030 113259513184.000000
0.023438 -0.982910 -0.191162 -0.976026 -2.074056 -0.793021 113259516110.000000
0.021240 -0.982910 -0.186035 -0.915025 -2.074056 -1.037028 113259519034.000000
0.025635 -0.986084 -0.187256 -0.793021 -2.135058 -1.098030 113259521957.000000
0.027832 -0.987793 -0.185547 -0.610016 -2.135058 -0.732020 113259524890.000000
0.029785 -0.985596 -0.193848 -0.610016 -2.074056 -0.427012 113259527815.000000
0.030029 -0.983887 -0.190186 -0.427012 -2.013054 -0.610016 113259530740.000000
0.033691 -0.985352 -0.181885 -0.366010 -2.074056 -0.671018 113259533664.000000
0.026611 -0.984863 -0.180176 -0.366010 -2.196059 -0.793021 113259536585.000000
0.028320 -0.981201 -0.183350 0.122003 -2.257061 -0.732020 113259539510.000000
0.025635 -0.985840 -0.185547 -0.061002 -2.806076 -0.915025 113259542434.000000
0.024658 -0.983154 -0.190918 0.488013 -2.928079 -1.037028 113259545358.000000
0.020264 -0.985107 -0.183838 0.427012 -3.721100 -1.037028 113259548283.000000
0.019531 -0.986328 -0.184814 0.183005 -3.782102 -0.854023 113259551204.000000
0.017090 -0.985107 -0.194092 0.549015 -4.148112 -0.793021 113259554128.000000
0.019775 -0.987549 -0.189209 0.427012 -4.209114 -0.793021 113259557093.000000
0.019287 -0.989014 -0.195068 0.671018 -4.697127 -0.793021 113259560018.000000
0.019531 -0.986328 -0.193359 0.854023 -4.941133 -0.732020 113259562943.000000
0.020752 -0.984375 -0.195313 0.793021 -5.002135 -0.976026 113259565866.000000
0.022705 -0.984619 -0.188232 0.976026 -4.636125 -0.854023 113259568790.000000
0.025635 -0.984131 -0.185791 0.976026 -5.124138 -0.793021 113259571712.000000
0.022461 -0.980469 -0.191895 1.342036 -4.941133 -0.915025 113259574635.000000
0.020264 -0.981934 -0.182373 1.281035 -5.063137 -0.671018 113259577558.000000
0.021729 -0.979736 -0.183838 1.403038 -5.185140 -1.159031 113259580481.000000
0.026123 -0.981689 -0.184326 1.342036 -4.941133 -0.915025 113259583405.000000
0.025146 -0.983154 -0.181396 1.220033 -5.063137 -0.976026 113259586326.000000
0.022705 -0.984131 -0.182617 1.464040 -4.758128 -1.159031 113259589273.000000
0.025635 -0.990723 -0.172363 1.708046 -5.002135 -1.037028 113259592199.000000
0.025146 -0.987793 -0.174805 1.525041 -4.880132 -0.793021 113259595124.000000
0.031738 -0.990967 -0.176758 1.464040 -4.392119 -1.159031 113259598046.000000
0.034424 -0.980713 -0.186523 1.464040 -4.087110 -1.037028 113259600968.000000
0.034912 -0.978271 -0.184814 1.525041 -3.782102 -0.976026 113259603891.000000
0.017822 -0.969482 -0.188477 1.525041 -3.904105 -0.915025 113259606815.000000
0.018311 -0.974854 -0.186035 1.708046 -4.453120 -0.915025 113259609738.000000
0.006592 -0.981445 -0.162354 1.830049 -4.819130 -0.854023 113259612664.000000
0.003418 -0.981934 -0.177979 1.708046 -5.185140 -0.976026 113259615585.000000
0.018066 -0.979980 -0.184814 1.525041 -5.246142 -1.281035 113259618508.000000
0.029785 -0.977295 -0.188232 1.403038 -5.246142 -1.830049 113259621435.000000
0.031006 -0.979004 -0.178467 1.342036 -5.307143 -1.281035 113259624369.000000
0.025146 -0.987549 -0.165039 1.525041 -4.453120 -1.220033 113259627296.000000
0.032959 -0.985352 -0.165527 1.403038 -4.331117 -1.281035 113259630219.000000
0.033691 -0.990234 -0.168213 1.708046 -3.599097 -1.220033 113259633142.000000
0.031738 -0.991699 -0.167236 1.159031 -3.477094 -1.037028 113259636070.000000
0.028076 -0.997314 -0.165771 1.342036 -3.111084 -1.281035 113259638993.000000
0.029053 -0.992432 -0.172852 1.403038 -3.355091 -1.403038 113259641917.000000
0.022949 -0.990967 -0.172607 1.281035 -3.477094 -1.403038 113259644837.000000
0.021729 -0.982178 -0.156250 0.854023 -3.660099 -1.281035 113259647761.000000
0.018799 -0.979004 -0.169434 0.976026 -3.538096 -1.708046 113259650695.000000
0.022705 -0.971191 -0.165527 0.915025 -3.721100 -1.952053 113259653620.000000
0.017822 -0.966064 -0.167480 0.854023 -3.721100 -1.708046 113259656568.000000
0.016602 -0.967041 -0.166748 0.732020 -3.721100 -1.830049 113259659496.000000
0.020264 -0.964844 -0.169434 0.671018 -3.416092 -1.708046 113259662419.000000
0.012939 -0.967773 -0.174316 0.549015 -3.599097 -2.196059 113259665339.000000
0.012939 -0.975342 -0.178955 0.366010 -3.782102 -1.891051 113259668262.000000
0.006348 -0.978027 -0.166992 0.305008 -3.843104 -2.013054 113259671185.000000
0.003174 -0.991455 -0.186035 0.305008 -4.270115 -1.891051 113259674108.000000
0.007324 -0.997070 -0.177002 0.061002 -4.392119 -1.769048 113259677044.000000
0.011230 -1.000732 -0.168213 0.000000 -4.941133 -1.830049 113259679966.000000
0.017578 -1.005127 -0.171875 0.366010 -4.575124 -2.257061 113259684008.000000
0.045166 -0.995605 -0.172607 0.427012 -3.477094 -2.501068 113259686966.000000
0.052979 -0.988770 -0.157471 0.183005 -2.806076 -2.501068 113259689895.000000
0.048828 -0.988037 -0.151367 0.427012 -2.013054 -2.562069 113259692821.000000
0.048584 -0.988281 -0.159424 0.183005 -1.342036 -2.135058 113259695754.000000
0.046875 -0.989502 -0.154785 0.305008 -0.366010 -2.196059 113259698678.000000
0.039795 -0.988281 -0.166748 0.000000 -0.061002 -1.830049 113259701603.000000
0.041260 -0.984619 -0.167236 -0.122003 0.549015 -2.196059 113259704532.000000
0.033203 -0.982422 -0.169678 -0.061002 0.488013 -2.074056 113259707466.000000
0.030762 -0.979980 -0.169678 -0.122003 1.037028 -2.196059 113259710392.000000
0.025391 -0.975586 -0.171631 -0.488013 0.366010 -2.501068 113259713306.000000
0.020020 -0.968018 -0.173096 -0.183005 0.061002 -2.440066 113259716222.000000
0.018555 -0.963135 -0.167236 -0.183005 0.000000 -2.684072 113259719137.000000
0.018555 -0.957520 -0.174316 0.000000 -0.244007 -2.562069 113259722101.000000
0.010986 -0.962891 -0.170654 0.061002 -0.610016 -2.806076 113259725039.000000
0.012451 -0.969238 -0.180664 0.061002 -0.854023 -2.867077 113259727962.000000
0.010254 -0.973877 -0.185547 -0.061002 -2.013054 -2.989081 113259730888.000000
0.014648 -0.982666 -0.179688 -0.061002 -1.525041 -2.684072 113259733811.000000
0.023438 -0.990479 -0.177002 0.122003 -1.647044 -3.050082 113259736734.000000
0.027100 -0.994385 -0.179688 0.000000 -1.586043 -2.867077 113259739661.000000
0.030762 -1.001221 -0.177246 0.061002 -1.037028 -2.684072 113259742581.000000
0.035889 -1.002441 -0.171875 0.488013 -0.488013 -2.806076 113259745503.000000
0.037842 -1.001465 -0.171387 0.244007 0.000000 -2.745074 113259748425.000000
0.036865 -1.004639 -0.176514 0.427012 0.610016 -2.440066 113259751350.000000
0.030762 -1.000244 -0.177246 0.610016 1.037028 -2.623071 113259754275.000000
0.026611 -1.003662 -0.175781 0.610016 1.220033 -2.379064 113259757233.000000
0.025391 -1.000732 -0.182617 0.732020 1.342036 -2.501068 113259760161.000000
0.020996 -0.996094 -0.177734 1.037028 1.098030 -2.501068 113259763083.000000
0.017578 -0.991455 -0.181641 0.854023 0.854023 -2.501068 113259766007.000000
0.014893 -0.988037 -0.180176 0.976026 0.549015 -2.684072 113259768929.000000
0.018066 -0.986328 -0.181885 0.976026 0.488013 -2.501068 113259771854.000000
0.017822 -0.989746 -0.171875 1.159031 -0.061002 -2.623071 113259774778.000000
0.020508 -0.979980 -0.171143 1.342036 -0.488013 -2.562069 113259777700.000000
0.029297 -0.978271 -0.181641 1.098030 -0.671018 -2.684072 113259780624.000000
0.037354 -0.974121 -0.187500 1.647044 -0.366010 -2.623071 113259783548.000000
0.036621 -0.986572 -0.164307 1.952053 -0.915025 -3.050082 113259786470.000000
0.021729 -0.975342 -0.184082 1.525041 -1.708046 -2.257061 113259789394.000000
0.022949 -0.982178 -0.166260 1.525041 -1.769048 -2.379064 113259792318.000000
0.036621 -0.970215 -0.187012 1.647044 -1.647044 -3.111084 113259795247.000000
0.040527 -0.968506 -0.180908 1.952053 -1.525041 -3.050082 113259798170.000000
0.032959 -0.968262 -0.175293 1.830049 -1.708046 -3.172086 113259801092.000000
0.027832 -0.970703 -0.171387 2.013054 -1.830049 -2.806076 113259804015.000000
0.021240 -0.987061 -0.172852 2.013054 -1.769048 -2.684072 113259806937.000000
0.025879 -0.990723 -0.173584 2.135058 -1.586043 -2.623071 113259809861.000000
0.024902 -0.996094 -0.166504 2.501068 -0.854023 -2.806076 113259812786.000000
0.027344 -0.996094 -0.177002 2.623071 -0.915025 -2.501068 113259815704.000000
0.022461 -0.997314 -0.173096 2.684072 -0.366010 -2.501068 113259818628.000000
0.028320 -0.991943 -0.169434 2.928079 -0.305008 -2.562069 113259821554.000000
0.032471 -0.988281 -0.181396 2.745074 0.122003 -2.501068 113259824477.000000
0.023682 -0.979492 -0.180664 2.623071 -0.244007 -2.623071 113259827401.000000
0.022705 -0.981445 -0.181885 3.050082 -0.061002 -2.623071 113259830328.000000
0.023438 -0.974121 -0.188721 3.172086 -0.488013 -2.806076 113259833253.000000
0.015625 -0.971924 -0.178711 2.989081 -1.220033 -2.440066 113259836175.000000
0.013672 -0.975098 -0.178955 2.989081 -1.342036 -2.562069 113259839098.000000
0.018066 -0.975098 -0.178711 3.111084 -1.403038 -3.172086 113259842024.000000
0.026367 -0.968994 -0.172119 3.233087 -1.281035 -3.172086 113259844959.000000
0.024658 -0.970215 -0.169189 3.050082 -1.281035 -2.989081 113259847881.000000
0.027832 -0.974365 -0.165527 2.928079 -1.220033 -3.050082 113259850806.000000
0.031738 -0.975342 -0.158936 3.111084 -0.793021 -3.294089 113259853728.000000
0.028564 -0.977539 -0.159912 3.416092 -0.610016 -3.111084 113259856650.000000
0.035156 -0.985840 -0.158203 3.294089 -0.305008 -3.233087 113259859613.000000
0.032959 -0.991455 -0.152588 3.660099 0.183005 -3.233087 113259862538.000000
0.030029 -0.995117 -0.162598 3.538096 0.427012 -3.172086 113259865458.000000
0.039063 -0.997070 -0.174316 3.660099 0.671018 -3.294089 113259868381.000000
0.032715 -0.998291 -0.168701 3.599097 0.488013 -3.172086 113259871316.000000
0.031738 -0.999756 -0.175293 3.477094 0.488013 -2.989081 113259874240.000000
0.031006 -0.998047 -0.168945 3.416092 1.037028 -2.928079 113259877163.000000
0.032959 -1.000977 -0.163574 3.538096 0.976026 -3.172086 113259880082.000000
0.031250 -1.006104 -0.162109 3.599097 1.342036 -2.989081 113259883004.000000
0.027588 -1.000000 -0.158936 3.538096 0.976026 -3.172086 113259885926.000000
0.027832 -1.001709 -0.159424 3.233087 0.976026 -3.050082 113259888849.000000
0.028076 -0.997803 -0.157471 3.538096 0.732020 -3.233087 113259891773.000000
0.029785 -0.996582 -0.151123 3.233087 0.549015 -3.050082 113259894698.000000
0.027344 -0.994873 -0.149170 3.111084 0.122003 -3.538096 113259897621.000000
0.028564 -0.992188 -0.156738 3.111084 -0.244007 -3.721100 113259900544.000000
0.022949 -0.996094 -0.158691 3.050082 -0.793021 -3.416092 113259903464.000000
0.028320 -0.997559 -0.147217 2.867077 -1.098030 -3.660099 113259906386.000000
0.032471 -0.997314 -0.145264 2.562069 -1.586043 -3.843104 113259909316.000000
0.029785 -1.000000 -0.143066 2.745074 -1.525041 -3.843104 113259912245.000000
0.028809 -0.995117 -0.139648 2.318063 -1.830049 -4.087110 113259915167.000000
0.031738 -0.993164 -0.140869 2.257061 -2.318063 -4.331117 113259918086.000000
0.039551 -0.993164 -0.142822 2.257061 -2.318063 -3.843104 113259921011.000000
0.045898 -0.992188 -0.134277 1.891051 -2.318063 -3.965107 113259923943.000000
0.044922 -0.994629 -0.139404 2.257061 -2.684072 -4.087110 113259926864.000000
0.038086 -0.993408 -0.138916 1.830049 -2.562069 -4.209114 113259929791.000000
0.035400 -0.992432 -0.144043 2.013054 -2.989081 -4.575124 113259932715.000000
0.035400 -0.986084 -0.146973 1.586043 -3.050082 -4.453120 113259935640.000000
0.032471 -0.981445 -0.147949 1.769048 -3.416092 -4.331117 113259938564.000000
0.032227 -0.982910 -0.153320 1.647044 -3.355091 -4.880132 113259941490.000000
0.029541 -0.977539 -0.147461 1.708046 -3.355091 -5.246142 113259944415.000000
0.027344 -0.979004 -0.155029 1.464040 -3.477094 -4.880132 113259947341.000000
0.031982 -0.983398 -0.151123 1.586043 -3.782102 -4.697127 113259950268.000000
0.029297 -0.982422 -0.155029 1.769048 -3.355091 -4.941133 113259953192.000000
0.024414 -0.982178 -0.155273 1.403038 -3.538096 -5.002135 113259956114.000000
0.026611 -0.975586 -0.163574 1.464040 -2.867077 -5.002135 113259959063.000000
0.030518 -0.975830 -0.159668 1.525041 -2.867077 -4.819130 113259961984.000000
0.024658 -0.977539 -0.161377 1.342036 -2.379064 -5.490148 113259964914.000000
0.022705 -0.974365 -0.160156 1.464040 -2.074056 -5.002135 113259967828.000000
0.023682 -0.975098 -0.161865 1.586043 -1.342036 -5.368145 113259970750.000000
0.028076 -0.979004 -0.156250 1.525041 -0.976026 -5.490148 113259973672.000000
0.028076 -0.974609 -0.162598 1.586043 0.000000 -5.307143 113259976591.000000
0.027588 -0.981445 -0.161865 1.403038 0.427012 -5.368145 113259979517.000000
0.029297 -0.979980 -0.155762 1.403038 1.220033 -5.246142 113259982437.000000
0.034912 -0.976807 -0.160645 1.098030 2.074056 -5.368145 113259985358.000000
0.033936 -0.975586 -0.160645 1.159031 3.050082 -5.185140 113259988279.000000
0.033936 -0.980469 -0.156982 1.037028 3.355091 -5.307143 113259991204.000000
0.031738 -0.981201 -0.153320 1.098030 3.660099 -5.490148 113259994125.000000
0.027344 -0.987549 -0.150879 1.037028 4.209114 -5.490148 113259997057.000000
0.029297 -0.990723 -0.148193 1.159031 4.758128 -5.734155 113259999980.000000
0.029785 -0.994385 -0.147949 0.793021 5.185140 -5.612152 113300002901.000000
0.032959 -0.988525 -0.153076 0.610016 5.307143 -5.673153 113300005823.000000
0.034424 -0.992188 -0.146240 0.610016 5.612152 -5.734155 113300008886.000000
0.032959 -0.992676 -0.144775 0.183005 6.100165 -5.368145 113300011821.000000
0.048096 -0.989258 -0.132813 -0.427012 6.771183 -5.673153 113300019370.000000
0.058838 -0.986816 -0.127441 -0.854023 7.320198 -5.856158 113300022551.000000
0.055176 -0.980957 -0.123047 -1.342036 7.442201 -5.856158 113300025510.000000
0.051270 -0.979492 -0.119873 -1.464040 7.991216 -5.490148 113300028449.000000
0.057373 -0.979492 -0.113525 -1.891051 8.479229 -5.368145 113300031450.000000
0.057617 -0.978760 -0.109131 -2.074056 8.479229 -5.673153 113300034490.000000
0.058594 -0.978760 -0.118164 -2.623071 9.333252 -5.612152 113300037419.000000
0.062012 -0.977051 -0.118652 -3.050082 9.577259 -5.795156 113300040342.000000
0.062256 -0.976807 -0.115234 -3.477094 9.699262 -5.490148 113300043265.000000
0.064941 -0.979492 -0.112549 -3.660099 9.821265 -5.734155 113300046184.000000
0.066895 -0.977783 -0.112061 -4.209114 10.492283 -5.734155 113300049105.000000
0.073242 -0.975098 -0.111328 -4.209114 10.797292 -6.039163 113300052026.000000
0.069824 -0.976807 -0.109863 -4.941133 11.407308 -5.795156 113300054973.000000
0.073730 -0.978027 -0.113770 -5.063137 11.651315 -5.978161 113300057898.000000
0.075684 -0.974609 -0.110840 -5.185140 12.139328 -5.795156 113300060820.000000
0.071533 -0.976074 -0.118164 -5.429147 12.566339 -5.978161 113300063743.000000
0.064941 -0.979248 -0.114990 -5.917160 13.176356 -5.978161 113300066667.000000
0.065430 -0.982178 -0.124756 -5.856158 13.115354 -5.917160 113300069587.000000
0.066895 -0.988037 -0.119141 -6.283170 13.176356 -6.222168 113300072509.000000
0.066162 -0.992920 -0.117432 -6.161166 13.176356 -5.734155 113300075453.000000
0.074463 -0.990234 -0.134766 -6.466175 13.969377 -5.917160 113300078376.000000
0.075195 -0.987549 -0.136719 -6.832184 15.006405 -5.917160 113300081295.000000
0.070801 -0.988770 -0.138184 -7.137193 14.640395 -5.429147 113300084212.000000
0.054199 -0.994629 -0.144775 -7.076191 14.823400 -5.063137 113300087142.000000
0.041748 -0.999023 -0.144287 -7.259196 14.701397 -4.819130 113300090078.000000
0.041992 -0.996582 -0.152832 -7.564204 14.762399 -4.453120 113300093020.000000
0.038330 -0.997803 -0.161133 -7.442201 13.969377 -4.941133 113300095950.000000
0.034180 -0.998047 -0.161865 -7.625206 13.054352 -4.758128 113300098878.000000
0.028809 -0.996094 -0.163330 -7.808211 12.078326 -4.697127 113300101806.000000
0.034180 -0.997559 -0.164063 -7.747209 11.285305 -4.453120 113300104734.000000
0.044678 -0.993164 -0.158691 -8.113219 10.614287 -4.697127 113300107666.000000
0.050049 -0.986572 -0.160889 -7.747209 10.553285 -4.270115 113300110591.000000
0.055176 -0.988525 -0.163574 -7.686208 10.065272 -4.087110 113300113523.000000
0.053711 -0.987061 -0.160645 -7.747209 10.126273 -4.331117 113300116455.000000
0.062012 -0.987305 -0.166260 -7.686208 10.431282 -4.148112 113300119390.000000
0.062744 -0.988037 -0.171631 -7.686208 10.065272 -3.660099 113300122320.000000
0.064697 -0.987793 -0.164551 -7.442201 10.187275 -3.843104 113300125244.000000
0.065918 -0.986572 -0.160400 -7.381199 10.004270 -3.660099 113300128177.000000
0.060791 -0.984863 -0.161133 -7.320198 9.394254 -3.477094 113300131114.000000
0.058350 -0.980469 -0.166504 -7.381199 9.882267 -3.416092 113300134043.000000
0.063721 -0.979248 -0.163574 -7.198194 9.882267 -3.660099 113300136966.000000
0.065186 -0.978027 -0.168213 -7.198194 9.577259 -3.416092 113300139900.000000
0.065674 -0.984131 -0.159912 -7.320198 8.967242 -3.599097 113300142827.000000
0.072510 -0.982910 -0.127686 -6.710181 8.906240 -3.538096 113300145750.000000
0.080078 -0.966309 -0.174805 -6.954188 10.614287 -3.294089 113300148678.000000
0.103271 -0.960938 -0.160645 -7.991216 11.224303 -3.233087 113300151610.000000
0.090820 -0.968750 -0.142822 -7.198194 11.346306 -2.928079 113300154545.000000
0.078369 -0.976318 -0.129883 -7.137193 11.895321 -2.684072 113300157470.000000
0.073486 -0.982422 -0.135010 -7.259196 12.139328 -2.562069 113300160395.000000
0.074219 -0.979492 -0.152344 -7.198194 12.871348 -2.867077 113300163330.000000
0.065186 -0.980469 -0.157227 -7.503203 12.627341 -2.684072 113300166248.000000
0.052979 -0.980957 -0.177490 -7.686208 12.017324 -2.684072 113300169165.000000
0.028320 -0.990234 -0.163574 -7.625206 10.858293 -2.379064 113300172247.000000
0.018555 -0.990723 -0.168701 -8.052217 9.150247 -2.501068 113300175179.000000
0.010498 -0.987549 -0.176025 -8.540231 8.235222 -2.501068 113300178130.000000
0.025146 -0.989990 -0.169434 -8.235222 7.320198 -2.806076 113300181073.000000
0.038574 -0.989746 -0.160400 -8.479229 6.222168 -2.989081 113300184000.000000
0.029541 -0.995605 -0.165039 -8.723236 5.307143 -2.806076 113300186936.000000
0.044434 -0.994141 -0.163086 -8.662234 4.941133 -2.440066 113300189896.000000
0.058350 -0.992676 -0.165039 -8.540231 5.246142 -2.379064 113300193009.000000
0.072510 -0.994873 -0.165039 -8.418227 5.185140 -2.562069 113300196144.000000
0.072510 -0.989990 -0.167480 -8.784237 5.673153 -2.440066 113300199188.000000
0.074219 -0.987549 -0.157959 -8.784237 6.161166 -2.440066 113300202214.000000
0.073242 -0.983643 -0.158691 -8.662234 6.405173 -2.074056 113300205164.000000
0.071777 -0.985107 -0.161133 -8.845239 6.710181 -1.891051 113300208085.000000
0.066406 -0.979004 -0.162109 -9.089245 6.893186 -2.013054 113300211012.000000
0.075195 -0.979980 -0.158691 -9.028244 7.076191 -2.074056 113300213926.000000
0.066895 -0.975830 -0.164795 -8.784237 7.137193 -1.952053 113300216838.000000
0.059082 -0.978271 -0.166992 -8.845239 6.710181 -1.464040 113300219760.000000
0.060791 -0.980957 -0.166992 -8.967242 6.039163 -1.525041 113300222685.000000
0.059570 -0.983887 -0.169678 -8.906240 6.527176 -1.647044 113300225606.000000
0.059814 -0.982910 -0.163574 -8.906240 6.527176 -1.525041 113300228530.000000
0.062012 -0.980713 -0.166748 -8.845239 6.344171 -1.708046 113300231455.000000
0.059326 -0.981934 -0.166260 -8.784237 5.917160 -2.013054 113300234381.000000
0.060303 -0.980469 -0.176025 -8.784237 6.222168 -1.586043 113300237304.000000
0.058105 -0.980225 -0.174561 -8.906240 5.978161 -1.220033 113300240229.000000
0.060547 -0.979980 -0.173340 -8.601232 6.100165 -1.464040 113300243152.000000
0.064941 -0.980225 -0.180908 -8.601232 5.612152 -1.403038 113300246075.000000
0.066895 -0.983887 -0.184326 -8.479229 5.307143 -0.915025 113300249007.000000
0.066406 -0.993652 -0.181641 -8.540231 5.124138 -0.610016 113300251933.000000
0.065674 -0.990234 -0.184814 -8.418227 4.941133 -0.915025 113300254856.000000
0.068115 -0.989502 -0.179443 -8.357226 4.575124 -0.854023 113300257778.000000
0.064941 -0.985596 -0.178223 -8.296224 4.331117 -0.427012 113300260704.000000
0.065186 -0.993408 -0.178711 -8.113219 4.270115 -0.488013 113300263628.000000
0.065430 -0.988770 -0.177002 -7.808211 3.843104 -0.183005 113300266551.000000
0.071533 -0.996582 -0.166016 -7.747209 3.355091 -0.610016 113300269473.000000
0.081787 -0.990723 -0.167480 -7.564204 3.477094 -0.549015 113300272395.000000
0.095703 -0.986572 -0.173096 -7.442201 4.148112 -0.854023 113300275321.000000
0.092285 -0.975586 -0.177734 -7.503203 4.392119 -0.427012 113300278249.000000
0.086426 -0.973389 -0.173828 -7.564204 4.392119 0.122003 113300281173.000000
0.072754 -0.982422 -0.166504 -7.320198 4.392119 0.732020 113300284103.000000
0.065918 -0.981689 -0.176758 -7.381199 4.453120 0.671018 113300287034.000000
0.068359 -0.981201 -0.180176 -7.320198 4.026109 0.671018 113300289958.000000
0.049805 -0.980713 -0.185059 -7.259196 2.989081 0.427012 113300292902.000000
0.043945 -0.985107 -0.201660 -7.381199 1.830049 0.488013 113300295828.000000
0.038330 -0.985352 -0.180908 -7.198194 0.610016 0.610016 113300298753.000000
0.032959 -0.990479 -0.186768 -7.015189 -0.793021 0.488013 113300301680.000000
0.038086 -0.985107 -0.187500 -7.076191 -1.159031 0.244007 113300304602.000000
0.047607 -0.984863 -0.183594 -6.710181 -2.196059 0.244007 113300307526.000000
0.060059 -0.980713 -0.179199 -6.771183 -2.196059 0.000000 113300310460.000000
0.065186 -0.984619 -0.179932 -6.710181 -2.318063 0.122003 113300313382.000000
0.070557 -0.977783 -0.182861 -6.588178 -2.196059 0.427012 113300316306.000000
0.072998 -0.973877 -0.187256 -6.405173 -1.708046 0.244007 113300319228.000000
0.072754 -0.974365 -0.178467 -6.527176 -1.769048 0.671018 113300322187.000000
0.067627 -0.983887 -0.179932 -6.039163 -1.342036 0.793021 113300325117.000000
0.072510 -0.983887 -0.182129 -6.100165 -0.732020 0.915025 113300328041.000000
0.071533 -0.983887 -0.180908 -6.039163 -0.732020 0.854023 113300330965.000000
0.070801 -0.983398 -0.180664 -5.978161 -0.366010 0.793021 113300333888.000000
0.065674 -0.986816 -0.185791 -5.795156 0.122003 1.220033 113300336811.000000
0.056396 -0.979492 -0.185303 -5.917160 0.488013 1.220033 113300339737.000000
0.051025 -0.980225 -0.185303 -5.856158 0.122003 1.342036 113300342671.000000
0.046631 -0.979736 -0.189209 -5.612152 -0.366010 1.098030 113300345593.000000
0.042725 -0.974121 -0.190918 -5.856158 -0.427012 1.403038 113300348516.000000
0.046387 -0.975342 -0.189697 -5.551150 -1.037028 1.098030 113300351441.000000
0.042480 -0.975586 -0.195557 -5.307143 -1.586043 1.220033 113300354365.000000
0.046387 -0.983887 -0.189941 -5.246142 -1.647044 1.281035 113300357291.000000
0.048096 -0.983643 -0.185791 -5.429147 -1.708046 1.281035 113300360213.000000
0.052734 -0.983887 -0.191406 -5.307143 -1.708046 1.342036 113300363136.000000
0.063232 -0.985840 -0.187988 -5.307143 -1.708046 0.976026 113300366058.000000
0.060791 -0.985596 -0.185791 -5.185140 -1.098030 1.159031 113300368981.000000
0.062012 -0.985107 -0.184814 -5.002135 -1.281035 1.403038 113300371905.000000
0.065674 -0.982178 -0.182617 -5.124138 -1.037028 1.403038 113300374835.000000
