-0.266357 -0.916992 0.415527 -2.257061 -17.995486 -0.122003 164453321562.000000
-0.264160 -0.915527 0.417725 -2.379064 -17.812481 -0.183005 164453324657.000000
-0.260742 -0.917725 0.419189 -2.928079 -16.836455 -0.366010 164453327763.000000
-0.266357 -0.907959 0.396484 -2.440066 -17.751479 -0.183005 164453330853.000000
-0.260498 -0.909424 0.427979 -2.074056 -18.117489 0.366010 164453334224.000000
-0.255615 -0.910400 0.416992 -2.013054 -17.934484 0.122003 164453337315.000000
-0.256836 -0.915039 0.418945 -2.013054 -18.056488 -0.061002 164453340457.000000
-0.254150 -0.913330 0.413330 -2.013054 -18.117489 -0.244007 164453343539.000000
-0.253418 -0.913818 0.414307 -1.952053 -17.934484 0.061002 164453346617.000000
-0.257324 -0.913574 0.413086 -1.952053 -18.178491 0.183005 164453349697.000000
-0.252686 -0.911377 0.411133 -1.830049 -18.300494 -0.061002 164453352779.000000
-0.256104 -0.914551 0.411133 -1.647044 -18.239492 0.183005 164453355884.000000
-0.257080 -0.907715 0.418457 -1.586043 -18.544501 -0.061002 164453358956.000000
-0.253662 -0.912354 0.413330 -1.891051 -18.361496 -0.061002 164453362050.000000
-0.257813 -0.910156 0.409668 -1.403038 -18.300494 -0.305008 164453365145.000000
-0.257568 -0.908936 0.410400 -1.342036 -18.361496 0.122003 164453368233.000000
-0.256592 -0.909180 0.414063 -1.342036 -18.056488 -0.122003 164453371319.000000
-0.259766 -0.907227 0.409912 -1.525041 -17.812481 0.183005 164453374408.000000
-0.259521 -0.909180 0.411377 -1.281035 -17.873483 0.366010 164453377499.000000
-0.257324 -0.906494 0.411133 -1.220033 -17.812481 0.244007 164453380600.000000
-0.259033 -0.908447 0.407471 -1.281035 -17.995486 0.305008 164453383694.000000
-0.256104 -0.906738 0.398926 -1.403038 -18.117489 0.549015 164453386789.000000
-0.257813 -0.901123 0.412354 -1.037028 -17.934484 0.488013 164453389950.000000
-0.253174 -0.909668 0.402588 -0.915025 -18.056488 0.305008 164453393046.000000
-0.259277 -0.909668 0.407959 -1.098030 -18.483499 0.366010 164453396162.000000
-0.253418 -0.912354 0.405518 -1.037028 -18.117489 0.549015 164453399272.000000
-0.250488 -0.905518 0.400635 -0.854023 -18.605502 0.183005 164453402390.000000
-0.254883 -0.916016 0.406982 -0.915025 -18.605502 0.244007 164453405483.000000
-0.258301 -0.914795 0.403076 -0.671018 -18.361496 -0.061002 164453408585.000000
-0.256836 -0.921387 0.404785 -1.037028 -18.666504 0.183005 164453411677.000000
-0.255859 -0.917969 0.401611 -0.976026 -19.215519 0.488013 164453414768.000000
-0.255371 -0.916992 0.397705 -1.342036 -19.581529 -0.061002 164453417869.000000
-0.260254 -0.920654 0.406250 -1.464040 -19.703532 0.244007 164453420962.000000
-0.256836 -0.918945 0.407471 -1.769048 -19.642530 0.366010 164453424067.000000
-0.259277 -0.912842 0.406250 -2.257061 -19.459525 0.000000 164453427175.000000
-0.256348 -0.911133 0.404053 -2.562069 -19.093516 0.061002 164453430265.000000
-0.247314 -0.916260 0.408203 -2.928079 -18.788507 -0.061002 164453433357.000000
-0.249023 -0.918945 0.414063 -2.989081 -18.300494 -0.061002 164453436447.000000
-0.246338 -0.915771 0.419678 -2.745074 -18.300494 0.244007 164453439538.000000
-0.245850 -0.919434 0.413574 -2.135058 -18.727506 0.427012 164453442677.000000
-0.241455 -0.928223 0.413086 -1.403038 -19.642530 1.098030 164453445759.000000
-0.233154 -0.922607 0.413818 -1.159031 -19.581529 1.037028 164453448838.000000
-0.225586 -0.923096 0.409180 -1.281035 -19.642530 1.098030 164453451960.000000
-0.220459 -0.925293 0.407471 -1.342036 -19.276520 1.159031 164453455038.000000
-0.221680 -0.920654 0.406738 -1.464040 -19.154517 0.976026 164453458121.000000
-0.221924 -0.912598 0.411133 -1.647044 -18.971512 0.427012 164453461205.000000
-0.219238 -0.914307 0.419189 -1.403038 -18.666504 0.610016 164453464283.000000
-0.213867 -0.902588 0.412842 -1.281035 -18.056488 0.549015 164453467385.000000
-0.211182 -0.906982 0.424805 -0.854023 -17.751479 0.366010 164453470470.000000
-0.216064 -0.914307 0.419189 0.000000 -17.324468 0.488013 164453473555.000000
-0.217773 -0.918945 0.430664 1.037028 -17.446471 0.854023 164453476635.000000
-0.219238 -0.928223 0.435791 2.196059 -17.080461 0.427012 164453479730.000000
-0.216309 -0.931396 0.426514 2.013054 -15.494418 0.122003 164453482828.000000
-0.216064 -0.920654 0.420898 1.403038 -14.518392 0.244007 164453485923.000000
-0.216797 -0.913086 0.425293 0.976026 -13.420362 -0.305008 164453489032.000000
-0.220459 -0.917969 0.428711 0.854023 -12.627341 -0.305008 164453492151.000000
-0.223389 -0.918701 0.431885 0.915025 -12.749344 -0.122003 164453495244.000000
-0.225586 -0.921631 0.457520 1.037028 -12.017324 -0.610016 164453498349.000000
-0.222168 -0.922607 0.453857 1.159031 -12.017324 -0.305008 164453501441.000000
-0.217773 -0.929443 0.455811 2.501068 -12.017324 -0.183005 164453504533.000000
-0.219238 -0.930908 0.449707 3.416092 -12.322333 0.122003 164453507642.000000
-0.220947 -0.939209 0.448975 4.819130 -12.566339 0.183005 164453510735.000000
-0.218018 -0.942139 0.448975 5.002135 -11.956323 0.427012 164453513828.000000
-0.217041 -0.941406 0.442139 5.673153 -11.773318 0.061002 164453516937.000000
-0.220215 -0.934570 0.447021 5.612152 -11.346306 0.061002 164453520032.000000
-0.214111 -0.934082 0.447754 6.344171 -11.773318 0.122003 164453523127.000000
-0.221436 -0.927246 0.451172 6.527176 -11.346306 0.305008 164453526220.000000
-0.217529 -0.935547 0.453613 6.954188 -11.529311 0.488013 164453529338.000000
-0.217285 -0.942383 0.449951 7.686208 -11.590313 0.488013 164453532429.000000
-0.211914 -0.940918 0.450195 7.625206 -11.773318 0.732020 164453535523.000000
-0.208008 -0.941406 0.454102 7.747209 -11.956323 0.305008 164453538617.000000
-0.208008 -0.938965 0.446777 8.174221 -11.590313 0.244007 164453541747.000000
-0.206543 -0.940186 0.447021 8.174221 -11.651315 0.610016 164453544831.000000
-0.212402 -0.939209 0.445068 8.357226 -12.078326 0.305008 164453547966.000000
-0.204590 -0.942139 0.446289 8.723236 -11.529311 0.244007 164453551064.000000
-0.207031 -0.941406 0.452148 8.540231 -11.285305 0.183005 164453554134.000000
-0.206787 -0.943359 0.458008 8.784237 -10.858293 -0.061002 164453557215.000000
-0.210938 -0.936035 0.459717 8.479229 -9.821265 -0.549015 164453560294.000000
-0.202393 -0.937744 0.458008 8.113219 -9.577259 -0.549015 164453563373.000000
-0.202148 -0.936279 0.460938 8.174221 -9.211249 -0.366010 164453566449.000000
-0.195313 -0.936523 0.470215 8.296224 -8.723236 -0.976026 164453569534.000000
-0.192627 -0.941162 0.466553 8.601232 -8.479229 -0.671018 164453572616.000000
-0.187256 -0.949951 0.483643 8.540231 -8.235222 -0.976026 164453575704.000000
-0.182373 -0.950439 0.477783 9.333252 -7.686208 -0.488013 164453578801.000000
-0.180908 -0.952637 0.480469 9.272250 -7.320198 -1.403038 164453581907.000000
-0.177246 -0.959229 0.472900 9.638260 -7.015189 -1.769048 164453585006.000000
-0.173828 -0.959229 0.471680 10.187275 -7.259196 -1.525041 164453588133.000000
-0.173584 -0.960205 0.474365 10.919295 -8.052217 -1.159031 164453591229.000000
-0.171631 -0.970459 0.478516 10.980296 -7.747209 -1.647044 164453594326.000000
-0.174316 -0.969971 0.473389 10.797292 -7.747209 -1.952053 164453597426.000000
-0.171875 -0.967285 0.467285 10.004270 -7.198194 -2.196059 164453600519.000000
-0.172607 -0.959473 0.467285 9.699262 -6.832184 -2.379064 164453603613.000000
-0.173584 -0.951660 0.468262 9.516257 -6.588178 -1.952053 164453606706.000000
-0.184570 -0.922607 0.454590 8.967242 -6.649180 -0.915025 164453609874.000000
-0.166748 -0.946289 0.472900 8.662234 -7.198194 -1.769048 164453612971.000000
-0.167480 -0.956055 0.454346 8.113219 -6.649180 -1.830049 164453616066.000000
-0.172852 -0.949951 0.458984 7.686208 -6.710181 -2.379064 164453619166.000000
-0.167480 -0.949219 0.458008 7.503203 -6.344171 -2.745074 164453622264.000000
-0.165527 -0.947021 0.447021 7.198194 -6.100165 -2.501068 164453625372.000000
-0.166504 -0.941895 0.440918 6.649180 -5.673153 -2.440066 164453628475.000000
-0.166016 -0.935059 0.435547 6.283170 -5.063137 -2.501068 164453631563.000000
-0.158936 -0.928223 0.435303 6.100165 -5.307143 -2.684072 164453634650.000000
-0.152588 -0.930908 0.434082 6.039163 -4.575124 -2.562069 164453639845.000000
-0.151123 -0.924805 0.432861 5.124138 -4.148112 -2.867077 164453643062.000000
-0.151123 -0.921631 0.440430 5.246142 -3.416092 -3.294089 164453646157.000000
-0.146240 -0.917236 0.438721 4.819130 -2.989081 -2.806076 164453649245.000000
-0.154053 -0.915527 0.442871 4.758128 -2.989081 -3.355091 164453652321.000000
-0.155518 -0.912354 0.436279 4.514122 -1.891051 -3.416092 164453655396.000000
-0.156738 -0.910889 0.433838 4.087110 -1.220033 -3.843104 164453658515.000000
-0.166748 -0.910400 0.440674 4.392119 -0.427012 -3.721100 164453661600.000000
-0.167480 -0.910156 0.436279 4.209114 -0.366010 -4.209114 164453664678.000000
-0.164307 -0.904541 0.438965 4.087110 0.122003 -3.721100 164453667766.000000
-0.168701 -0.905762 0.437988 4.087110 0.122003 -4.209114 164453670848.000000
-0.168945 -0.907715 0.446045 4.148112 0.122003 -3.965107 164453673929.000000
-0.168945 -0.907471 0.445068 4.392119 0.244007 -4.331117 164453677008.000000
-0.167236 -0.909668 0.439453 4.636125 0.488013 -4.270115 164453680104.000000
-0.167969 -0.912598 0.440918 4.209114 1.037028 -4.758128 164453683222.000000
-0.169922 -0.917236 0.444336 4.209114 1.037028 -4.392119 164453686317.000000
-0.166992 -0.918457 0.460693 4.453120 1.220033 -4.697127 164453689428.000000
-0.169189 -0.915527 0.460449 4.636125 1.281035 -4.819130 164453692524.000000
-0.161377 -0.918945 0.456787 5.002135 1.464040 -4.941133 164453695617.000000
-0.159668 -0.918457 0.473633 5.246142 1.586043 -5.002135 164453698717.000000
-0.161133 -0.917725 0.468750 5.429147 2.135058 -5.124138 164453701812.000000
-0.154785 -0.913086 0.478027 5.856158 2.562069 -5.063137 164453704905.000000
-0.154785 -0.914307 0.485596 5.734155 3.050082 -5.307143 164453708067.000000
-0.148682 -0.918457 0.483887 6.344171 3.233087 -5.063137 164453711158.000000
-0.147949 -0.916748 0.486084 6.527176 3.782102 -5.124138 164453714252.000000
-0.145264 -0.918213 0.485840 6.588178 3.904105 -5.246142 164453717360.000000
-0.142578 -0.915527 0.490967 6.893186 3.904105 -5.734155 164453720452.000000
-0.140381 -0.915527 0.486572 7.076191 4.392119 -5.673153 164453723547.000000
-0.136963 -0.918213 0.487793 7.137193 4.575124 -5.734155 164453726638.000000
-0.138428 -0.917725 0.497070 7.381199 4.514122 -5.612152 164453729730.000000
-0.143555 -0.916992 0.507324 7.381199 4.880132 -5.734155 164453732824.000000
-0.142334 -0.913330 0.494385 7.686208 5.002135 -5.490148 164453735919.000000
-0.142334 -0.913574 0.501953 8.357226 4.697127 -5.490148 164453739013.000000
-0.144775 -0.917480 0.497314 8.906240 5.185140 -5.734155 164453742093.000000
-0.144043 -0.920654 0.490479 10.126273 5.063137 -4.880132 164453745237.000000
-0.147949 -0.925537 0.510010 10.797292 5.063137 -5.063137 164453748389.000000
-0.147461 -0.917725 0.517578 10.492283 5.002135 -5.246142 164453751471.000000
-0.149414 -0.909912 0.522461 10.248277 5.368145 -5.307143 164453754562.000000
-0.145020 -0.917725 0.513916 9.821265 5.307143 -4.819130 164453757640.000000
-0.147705 -0.916504 0.515137 9.699262 5.429147 -4.514122 164453760722.000000
-0.139160 -0.920166 0.510986 10.370280 5.429147 -4.453120 164453763827.000000
-0.148193 -0.923584 0.516357 11.224303 5.734155 -4.575124 164453766963.000000
-0.150635 -0.931885 0.513184 11.773318 5.795156 -4.636125 164453770041.000000
-0.153320 -0.933350 0.511719 12.200329 6.039163 -4.331117 164453773121.000000
-0.156006 -0.938477 0.512695 12.749344 5.856158 -4.148112 164453776199.000000
-0.156738 -0.947266 0.508057 12.688343 5.978161 -3.721100 164453779298.000000
-0.162842 -0.944580 0.508789 13.054352 6.588178 -3.965107 164453782395.000000
-0.166992 -0.945801 0.503662 13.420362 6.588178 -3.782102 164453785491.000000
-0.169678 -0.944092 0.503662 12.932349 6.649180 -3.538096 164453788601.000000
-0.172363 -0.940918 0.508057 12.749344 6.466175 -3.721100 164453791694.000000
-0.171143 -0.943115 0.502930 12.261331 6.405173 -3.172086 164453794788.000000
-0.175537 -0.936035 0.507080 11.651315 6.344171 -2.928079 164453797895.000000
-0.172852 -0.925537 0.498779 10.797292 6.832184 -2.623071 164453801003.000000
-0.169678 -0.923340 0.495850 10.248277 6.832184 -1.952053 164453804117.000000
-0.168701 -0.922607 0.500488 9.455255 7.442201 -1.769048 164453807221.000000
-0.168945 -0.914063 0.493652 9.150247 7.991216 -1.342036 164453810319.000000
-0.166260 -0.911133 0.496094 8.967242 8.784237 -1.586043 164453813432.000000
-0.167480 -0.901123 0.503906 8.906240 8.967242 -1.281035 164453816526.000000
-0.168457 -0.898193 0.499023 9.028244 9.882267 -1.037028 164453819625.000000
-0.165039 -0.898926 0.498535 9.394254 10.675288 -1.159031 164453822719.000000
-0.161621 -0.908203 0.495605 9.333252 11.590313 -1.159031 164453825811.000000
-0.153320 -0.902344 0.495605 9.394254 12.505338 -1.281035 164453828916.000000
-0.157227 -0.900146 0.492676 9.211249 13.664369 -1.342036 164453832008.000000
-0.156494 -0.899170 0.500732 9.455255 14.640395 -0.915025 164453835101.000000
-0.147217 -0.899414 0.494629 9.516257 15.006405 -1.220033 164453838193.000000
-0.151123 -0.898682 0.499268 9.760264 15.921430 -0.854023 164453841287.000000
-0.145508 -0.904053 0.487793 9.699262 16.287440 -1.342036 164453844419.000000
-0.147217 -0.908936 0.500000 9.638260 16.470445 -1.647044 164453847496.000000
-0.145020 -0.908447 0.499268 9.333252 17.019460 -1.647044 164453850580.000000
-0.143311 -0.910889 0.496094 9.516257 17.141463 -1.830049 164453853652.000000
-0.138672 -0.912109 0.501709 9.577259 16.958458 -1.769048 164453856725.000000
-0.138428 -0.914063 0.500244 9.455255 17.141463 -2.135058 164453859986.000000
-0.147949 -0.910889 0.493652 9.394254 17.080461 -2.013054 164453863065.000000
-0.147949 -0.911865 0.492432 9.089245 17.141463 -2.562069 164453866144.000000
-0.144775 -0.908936 0.487305 9.211249 17.568474 -2.440066 164453869223.000000
-0.146484 -0.908691 0.487793 8.845239 17.812481 -2.562069 164453872310.000000
-0.153564 -0.908447 0.475830 8.540231 17.995486 -2.989081 164453875388.000000
-0.156006 -0.903564 0.477539 7.930214 17.812481 -2.440066 164453878479.000000
-0.161133 -0.900635 0.476318 7.564204 18.056488 -2.745074 164453881575.000000
-0.169189 -0.898438 0.475586 7.259196 17.873483 -2.562069 164453884674.000000
-0.164551 -0.900635 0.472412 6.954188 17.873483 -2.928079 164453887783.000000
-0.172852 -0.899170 0.462646 6.344171 17.873483 -2.745074 164453890879.000000
-0.171631 -0.898438 0.464600 5.795156 17.812481 -2.562069 164453893972.000000
-0.176514 -0.901367 0.469482 5.795156 17.507473 -2.135058 164453897091.000000
-0.177734 -0.899658 0.461182 5.734155 17.751479 -1.647044 164453900188.000000
-0.181885 -0.904297 0.461914 5.246142 17.324468 -1.769048 164453903281.000000
-0.182617 -0.906250 0.461670 5.185140 16.958458 -1.586043 164453906396.000000
-0.188232 -0.903076 0.463379 4.636125 17.202464 -1.403038 164453909502.000000
-0.187744 -0.906494 0.468262 4.697127 16.836455 -1.159031 164453912593.000000
-0.194580 -0.900146 0.469971 3.843104 16.653450 -1.037028 164453915686.000000
-0.194824 -0.898682 0.466064 3.843104 16.653450 -0.854023 164453918796.000000
-0.201904 -0.893311 0.463135 3.233087 16.409443 -0.854023 164453921890.000000
-0.203613 -0.887695 0.459473 2.684072 16.409443 -0.488013 164453924984.000000
-0.205566 -0.890137 0.464355 2.379064 16.409443 -0.305008 164453928089.000000
-0.209961 -0.889404 0.468750 2.013054 16.043433 -0.305008 164453931183.000000
-0.213379 -0.882324 0.472412 1.647044 15.738425 0.183005 164453934271.000000
-0.212158 -0.887939 0.461426 1.525041 15.433417 0.305008 164453937361.000000
-0.221436 -0.887939 0.470459 0.793021 15.433417 0.549015 164453940452.000000
-0.216797 -0.883545 0.471680 0.549015 14.945404 0.427012 164453943530.000000
-0.223145 -0.890625 0.468262 0.366010 14.701397 0.305008 164453946660.000000
-0.213379 -0.892822 0.465576 -0.122003 14.884402 0.488013 164453949814.000000
-0.219238 -0.895508 0.466309 -0.244007 14.823400 0.854023 164453952893.000000
-0.216553 -0.903564 0.466309 -0.488013 14.884402 0.854023 164453956025.000000
-0.220703 -0.905762 0.462891 -0.732020 14.884402 0.610016 164453959101.000000
-0.212402 -0.907715 0.466553 -0.854023 14.396389 0.793021 164453962184.000000
-0.210938 -0.911133 0.465820 -1.037028 14.701397 1.098030 164453965264.000000
-0.208984 -0.912354 0.467529 -1.220033 13.908376 1.098030 164453968406.000000
-0.209717 -0.913818 0.469971 -1.342036 14.274385 1.220033 164453971488.000000
-0.204102 -0.915771 0.468994 -1.586043 13.847374 1.342036 164453974557.000000
-0.204834 -0.917236 0.472168 -1.586043 13.481364 1.586043 164453977640.000000
-0.202881 -0.922363 0.471680 -1.891051 13.176356 1.342036 164453980739.000000
-0.200195 -0.924805 0.472412 -1.769048 12.688343 1.464040 164453983833.000000
-0.206787 -0.924805 0.470459 -1.830049 11.895321 1.525041 164453986942.000000
-0.208740 -0.913818 0.457275 -3.172086 10.797292 1.647044 164453998136.000000
-0.209473 -0.915039 0.463135 -3.355091 10.858293 1.769048 164454001740.000000
-0.213379 -0.914307 0.455322 -4.087110 11.468310 1.952053 164454004893.000000
-0.216309 -0.913086 0.451904 -4.270115 11.346306 2.379064 164454007982.000000
-0.224609 -0.908203 0.455078 -4.575124 11.407308 2.684072 164454011070.000000
-0.224365 -0.912354 0.456299 -5.063137 10.675288 2.562069 164454014146.000000
-0.221924 -0.911621 0.456299 -5.429147 10.126273 3.050082 164454017230.000000
-0.223145 -0.914551 0.454346 -6.039163 9.394254 3.294089 164454020375.000000
-0.223145 -0.919434 0.461182 -6.527176 7.930214 3.416092 164454023644.000000
-0.225586 -0.919189 0.460449 -7.015189 7.381199 3.233087 164454026775.000000
-0.227539 -0.924316 0.457764 -7.198194 6.649180 3.843104 164454029995.000000
-0.229980 -0.919678 0.467285 -7.503203 6.588178 3.965107 164454033095.000000
-0.239990 -0.924316 0.470215 -7.442201 6.039163 3.965107 164454036210.000000
-0.251465 -0.926514 0.480713 -6.954188 5.551150 4.453120 164454039301.000000
-0.252930 -0.922607 0.483154 -7.320198 5.124138 4.575124 164454042437.000000
-0.257813 -0.922852 0.487549 -6.832184 4.026109 4.575124 164454045673.000000
-0.260742 -0.916992 0.481445 -7.259196 3.294089 5.246142 164454048765.000000
-0.259521 -0.922852 0.487793 -6.954188 2.623071 4.880132 164454051889.000000
-0.259766 -0.927002 0.491455 -7.381199 1.830049 5.185140 164454054981.000000
-0.255859 -0.925049 0.487305 -7.320198 1.220033 5.612152 164454058068.000000
-0.257813 -0.928223 0.500000 -7.076191 0.366010 5.795156 164454061152.000000
-0.252441 -0.929688 0.498535 -7.137193 -0.366010 6.100165 164454064249.000000
-0.250488 -0.934814 0.495361 -6.832184 -1.159031 6.283170 164454067336.000000
-0.250000 -0.935059 0.496826 -6.771183 -1.830049 6.344171 164454070419.000000
-0.257813 -0.938477 0.500977 -6.466175 -2.501068 6.649180 164454073502.000000
-0.253174 -0.937256 0.494873 -6.344171 -3.416092 6.466175 164454076581.000000
-0.259277 -0.928955 0.494873 -5.917160 -3.355091 6.832184 164454079679.000000
-0.264648 -0.926025 0.488770 -5.978161 -4.087110 7.015189 164454082785.000000
-0.258301 -0.924316 0.488770 -5.917160 -4.941133 6.893186 164454085895.000000
-0.259521 -0.918701 0.483154 -6.283170 -5.307143 7.625206 164454089006.000000
-0.264648 -0.912598 0.486328 -6.527176 -5.917160 7.503203 164454092122.000000
-0.265869 -0.904785 0.479736 -7.259196 -6.527176 8.235222 164454095215.000000
-0.266357 -0.901855 0.486572 -8.052217 -7.076191 8.723236 164454098396.000000
-0.265381 -0.906982 0.487305 -9.394254 -7.381199 8.967242 164454101497.000000
-0.262939 -0.898926 0.458740 -10.858293 -7.625206 9.150247 164454104590.000000
-0.265137 -0.898193 0.473877 -11.163301 -7.869212 8.479229 164454107691.000000
-0.264160 -0.901855 0.468994 -11.407308 -8.418227 8.662234 164454110786.000000
-0.266846 -0.910889 0.486084 -11.102300 -9.821265 8.784237 164454113881.000000
-0.265137 -0.914551 0.491699 -10.919295 -10.248277 8.235222 164454117000.000000
-0.259766 -0.915527 0.479492 -11.163301 -10.919295 8.784237 164454120093.000000
-0.259521 -0.919678 0.492676 -10.919295 -11.773318 7.991216 164454123202.000000
-0.258301 -0.918213 0.495850 -10.980296 -12.261331 8.052217 164454126298.000000
-0.253174 -0.918945 0.500977 -10.797292 -13.298359 7.930214 164454129399.000000
-0.252930 -0.914795 0.505615 -10.492283 -14.152382 8.174221 164454132499.000000
-0.248047 -0.909668 0.520508 -10.309278 -15.189410 7.991216 164454135591.000000
-0.239014 -0.918213 0.508789 -10.065272 -15.860428 7.869212 164454139027.000000
-0.246338 -0.918701 0.514648 -9.638260 -16.226438 7.686208 164454142147.000000
-0.242920 -0.916504 0.527344 -9.272250 -16.348441 7.991216 164454145235.000000
-0.242188 -0.913818 0.524902 -8.479229 -17.324468 8.357226 164454148473.000000
-0.246094 -0.917236 0.527588 -7.808211 -17.873483 8.174221 164454151563.000000
-0.245117 -0.921387 0.531006 -6.710181 -18.300494 8.723236 164454154652.000000
-0.253418 -0.917969 0.523926 -6.344171 -18.971512 8.296224 164454157749.000000
-0.255371 -0.911377 0.533447 -5.368145 -19.825535 8.723236 164454160833.000000
-0.261230 -0.904785 0.532959 -4.819130 -20.740560 8.723236 164454163965.000000
-0.253418 -0.899658 0.530518 -4.575124 -22.082596 9.211249 164454167045.000000
-0.258057 -0.889404 0.535889 -4.575124 -22.936619 9.089245 164454170144.000000
-0.245605 -0.887939 0.527344 -4.575124 -23.363631 9.028244 164454173229.000000
-0.233154 -0.883057 0.525391 -4.575124 -23.729641 8.906240 164454176299.000000
-0.230957 -0.884521 0.525635 -4.392119 -23.607637 9.150247 164454179385.000000
-0.220215 -0.891357 0.519531 -4.026109 -23.363631 8.723236 164454182469.000000
-0.217773 -0.885986 0.517090 -3.904105 -22.631611 8.479229 164454185549.000000
-0.215576 -0.890381 0.513184 -3.721100 -21.472580 8.113219 164454188648.000000
-0.202881 -0.885498 0.508789 -3.477094 -20.496553 7.686208 164454191745.000000
-0.198486 -0.885254 0.493652 -3.111084 -19.398524 6.954188 164454194840.000000
-0.191162 -0.878418 0.494629 -2.867077 -18.117489 6.893186 164454197939.000000
-0.186279 -0.880371 0.487549 -2.623071 -17.141463 6.222168 164454201033.000000
-0.176270 -0.877930 0.492188 -2.562069 -16.165436 6.039163 164454204155.000000
-0.174072 -0.874512 0.485107 -2.623071 -15.006405 5.185140 164454207258.000000
-0.165527 -0.872314 0.488770 -2.074056 -14.091380 4.575124 164454210391.000000
-0.160400 -0.871582 0.489746 -2.196059 -12.810346 4.148112 164454213488.000000
-0.155762 -0.872803 0.494141 -1.952053 -11.834320 3.904105 164454216580.000000
-0.154785 -0.877197 0.496582 -1.586043 -11.163301 3.538096 164454219691.000000
-0.153809 -0.880615 0.500977 -0.366010 -10.187275 3.416092 164454222786.000000
-0.158203 -0.888916 0.496826 0.488013 -10.187275 2.989081 164454225892.000000
-0.147949 -0.893066 0.495117 1.281035 -10.126273 2.867077 164454228998.000000
-0.142334 -0.896484 0.490234 1.586043 -9.516257 2.379064 164454232093.000000
-0.140137 -0.902832 0.484619 1.769048 -8.967242 1.525041 164454235187.000000
-0.136963 -0.902588 0.476807 1.281035 -8.418227 0.793021 164454238292.000000
-0.134277 -0.907227 0.483154 1.403038 -8.418227 0.305008 164454241400.000000
-0.133301 -0.911621 0.482178 1.159031 -8.235222 -0.061002 164454244488.000000
-0.130859 -0.915527 0.481445 1.647044 -8.357226 -0.976026 164454247584.000000
-0.130615 -0.919189 0.477051 2.318063 -8.113219 -1.098030 164454250675.000000
-0.130859 -0.926270 0.467529 2.745074 -8.723236 -1.403038 164454253760.000000
-0.126709 -0.923096 0.466309 3.050082 -8.723236 -1.830049 164454256842.000000
-0.124756 -0.926270 0.475098 2.623071 -8.967242 -2.135058 164454260033.000000
-0.124023 -0.918945 0.476807 1.464040 -9.333252 -2.562069 164454263116.000000
-0.125977 -0.912598 0.485107 0.671018 -8.906240 -2.684072 164454266203.000000
-0.127441 -0.914063 0.489258 -0.305008 -8.418227 -3.233087 164454269289.000000
-0.137939 -0.910156 0.504150 -1.037028 -8.113219 -4.087110 164454272365.000000
-0.150146 -0.906738 0.500488 -0.732020 -7.137193 -4.209114 164454275454.000000
-0.154541 -0.911133 0.505371 -0.549015 -6.710181 -4.941133 164454278535.000000
-0.166260 -0.918213 0.506348 0.549015 -6.039163 -4.880132 164454281618.000000
-0.171875 -0.916260 0.504150 1.159031 -5.307143 -5.368145 164454284699.000000
-0.175293 -0.906494 0.490479 1.098030 -4.514122 -5.673153 164454287775.000000
-0.174072 -0.909912 0.481445 1.159031 -3.416092 -6.100165 164454290862.000000
-0.172852 -0.904785 0.475830 1.525041 -2.623071 -5.978161 164454293943.000000
-0.175537 -0.892578 0.466553 0.610016 -1.525041 -6.649180 164454297027.000000
-0.176514 -0.897461 0.464111 -0.305008 0.000000 -7.137193 164454300151.000000
-0.177734 -0.894531 0.473633 -0.549015 0.793021 -7.442201 164454303246.000000
-0.178711 -0.897705 0.474365 -0.732020 1.281035 -7.625206 164454306343.000000
-0.181885 -0.900391 0.481445 -0.244007 2.318063 -7.747209 164454309440.000000
-0.185547 -0.905762 0.489014 0.244007 2.379064 -8.113219 164454312533.000000
-0.189209 -0.915527 0.489014 0.610016 2.806076 -7.869212 164454315627.000000
-0.202393 -0.913574 0.485352 1.342036 2.928079 -7.869212 164454318726.000000
-0.194336 -0.916504 0.477783 1.342036 2.867077 -7.564204 164454321821.000000
-0.200439 -0.919434 0.480225 1.586043 3.477094 -7.686208 164454324931.000000
-0.208740 -0.922607 0.467773 1.342036 3.477094 -8.052217 164454328030.000000
-0.204590 -0.923584 0.471191 1.708046 3.660099 -8.418227 164454331140.000000
-0.207520 -0.924561 0.469238 1.220033 3.904105 -9.150247 164454334245.000000
-0.201416 -0.922852 0.470215 1.525041 4.026109 -9.333252 164454337346.000000
-0.208984 -0.923096 0.477783 1.281035 4.453120 -9.272250 164454340440.000000
-0.208496 -0.920410 0.483887 1.037028 4.148112 -10.004270 164454343557.000000
-0.210938 -0.922363 0.490723 1.098030 4.880132 -9.699262 164454346770.000000
-0.207275 -0.928955 0.488037 1.037028 5.124138 -10.126273 164454351607.000000
-0.211670 -0.935791 0.491211 1.037028 5.368145 -10.492283 164454354886.000000
-0.208496 -0.935303 0.487793 1.098030 5.246142 -10.187275 164454358036.000000
-0.207520 -0.940918 0.487549 1.403038 5.368145 -10.431282 164454361185.000000
-0.201416 -0.941162 0.496338 1.403038 4.575124 -10.126273 164454364274.000000
-0.192383 -0.943848 0.493896 1.464040 4.514122 -10.004270 164454367354.000000
-0.192383 -0.944092 0.497070 1.525041 4.392119 -10.431282 164454370443.000000
-0.183350 -0.946533 0.495361 1.586043 4.697127 -9.882267 164454373529.000000
-0.176514 -0.948486 0.493896 1.403038 5.063137 -10.187275 164454376604.000000
-0.173828 -0.950195 0.507080 1.708046 5.734155 -10.126273 164454379685.000000
-0.180664 -0.949707 0.506104 1.830049 6.649180 -10.065272 164454382765.000000
-0.186768 -0.945068 0.511230 1.769048 7.869212 -10.248277 164454385832.000000
-0.183594 -0.951416 0.512451 2.257061 9.089245 -10.309278 164454388909.000000
-0.190430 -0.947266 0.520020 2.379064 9.150247 -10.675288 164454391987.000000
-0.192627 -0.945801 0.522217 2.867077 10.187275 -11.102300 164454395065.000000
-0.196045 -0.948486 0.529053 2.806076 10.187275 -10.919295 164454398200.000000
-0.201172 -0.945313 0.521240 3.294089 10.248277 -11.163301 164454401286.000000
-0.199463 -0.948242 0.527344 2.989081 9.638260 -11.468310 164454404378.000000
-0.196289 -0.948242 0.525391 3.233087 8.967242 -11.590313 164454407472.000000
-0.197266 -0.946777 0.523926 3.172086 8.784237 -11.102300 164454410590.000000
-0.185059 -0.939453 0.514648 2.684072 8.784237 -11.224303 164454413697.000000
-0.182129 -0.938721 0.512207 2.745074 8.418227 -10.858293 164454416790.000000
-0.180908 -0.943115 0.513916 2.501068 8.479229 -11.102300 164454420113.000000
-0.185059 -0.942383 0.516113 2.196059 8.601232 -10.858293 164454423214.000000
-0.180420 -0.936768 0.514160 2.013054 8.723236 -11.224303 164454426323.000000
-0.181885 -0.945068 0.513916 1.952053 9.150247 -10.980296 164454429431.000000
-0.191406 -0.944580 0.518799 2.013054 8.906240 -11.102300 164454432546.000000
-0.188477 -0.947754 0.517578 1.769048 9.150247 -11.224303 164454435640.000000
-0.201416 -0.942383 0.517822 2.196059 8.906240 -11.346306 164454438954.000000
-0.200928 -0.936523 0.509766 1.708046 8.662234 -11.041298 164454442053.000000
-0.206543 -0.937988 0.504883 1.952053 8.357226 -11.163301 164454445157.000000
-0.212402 -0.935303 0.507080 1.952053 8.052217 -11.407308 164454448245.000000
-0.214111 -0.928955 0.500244 1.403038 7.869212 -11.224303 164454451327.000000
-0.214600 -0.920166 0.499756 1.464040 7.869212 -10.614287 164454454398.000000
-0.215576 -0.917969 0.490967 1.159031 7.442201 -10.675288 164454457478.000000
-0.216309 -0.921875 0.492920 0.610016 7.686208 -10.492283 164454460559.000000
-0.218262 -0.910156 0.493896 0.244007 7.442201 -10.431282 164454463636.000000
-0.209717 -0.912354 0.487305 0.427012 7.747209 -10.065272 164454466714.000000
-0.211914 -0.909180 0.494385 0.122003 7.930214 -9.943268 164454469928.000000
-0.205078 -0.907227 0.487793 0.183005 8.662234 -9.943268 164454473012.000000
-0.206787 -0.909180 0.498047 -0.061002 8.906240 -10.065272 164454476116.000000
-0.210449 -0.910400 0.494873 -0.183005 9.272250 -10.065272 164454479199.000000
-0.208984 -0.912598 0.497070 0.183005 9.516257 -10.431282 164454482284.000000
-0.209717 -0.914551 0.508301 0.000000 10.004270 -10.065272 164454485364.000000
-0.208496 -0.916260 0.509766 0.061002 10.065272 -10.065272 164454488454.000000
-0.214600 -0.915039 0.517578 0.366010 10.065272 -9.882267 164454491553.000000
-0.205566 -0.913330 0.517090 0.427012 10.248277 -10.187275 164454494653.000000
-0.201172 -0.922119 0.526855 0.122003 9.882267 -10.065272 164454497755.000000
-0.201172 -0.919189 0.522461 0.610016 9.577259 -10.065272 164454500852.000000
-0.195313 -0.925781 0.526123 0.549015 9.272250 -10.370280 164454503945.000000
-0.193848 -0.925781 0.523438 0.854023 9.272250 -10.431282 164454507058.000000
-0.195068 -0.929443 0.529541 0.732020 9.089245 -10.797292 164454510155.000000
-0.190186 -0.931396 0.525879 0.976026 8.723236 -10.553285 164454513249.000000
-0.192383 -0.931885 0.521484 0.854023 8.357226 -10.980296 164454516341.000000
-0.192139 -0.932373 0.520508 1.098030 8.174221 -11.346306 164454519449.000000
-0.189941 -0.934570 0.514893 1.220033 7.747209 -11.773318 164454522562.000000
-0.188965 -0.936523 0.508301 1.708046 7.442201 -11.407308 164454525654.000000
-0.188477 -0.940918 0.501221 2.196059 6.893186 -11.834320 164454528756.000000
-0.183105 -0.943604 0.492432 2.196059 6.710181 -12.200329 164454531877.000000
-0.186035 -0.923584 0.497314 2.074056 6.405173 -12.261331 164454534970.000000
-0.185303 -0.914307 0.499756 0.366010 6.771183 -12.383334 164454538066.000000
-0.186035 -0.908203 0.480225 -0.915025 6.771183 -12.261331 164454541165.000000
-0.179932 -0.908203 0.473145 -1.159031 6.466175 -11.834320 164454544254.000000
-0.175049 -0.906494 0.476318 -1.525041 5.612152 -11.224303 164454547352.000000
-0.177734 -0.909912 0.472168 -0.915025 5.002135 -11.163301 164454550433.000000
-0.177490 -0.908691 0.464111 -0.854023 4.575124 -10.919295 164454553515.000000
-0.175781 -0.906494 0.465576 -0.366010 5.002135 -10.797292 164454556593.000000
-0.179443 -0.905029 0.471191 -0.244007 5.490148 -10.370280 164454559672.000000
-0.188477 -0.903809 0.476563 -0.366010 6.527176 -9.882267 164454562748.000000
-0.189453 -0.901855 0.491699 -0.366010 7.137193 -10.187275 164454565826.000000
-0.194092 -0.903076 0.501953 -0.488013 8.174221 -9.455255 164454568905.000000
-0.202881 -0.908203 0.492432 0.000000 9.211249 -9.943268 164454572037.000000
-0.210938 -0.905762 0.512451 0.366010 9.577259 -9.699262 164454575117.000000
-0.219238 -0.907471 0.519775 0.915025 9.516257 -9.455255 164454578200.000000
-0.220459 -0.910645 0.520264 1.647044 9.455255 -9.638260 164454581284.000000
-0.214844 -0.916260 0.517334 2.074056 9.211249 -9.455255 164454584354.000000
-0.207520 -0.920410 0.509766 2.440066 8.662234 -9.211249 164454587435.000000
-0.200684 -0.925781 0.500977 2.562069 7.625206 -9.211249 164454590532.000000
-0.191162 -0.925049 0.498291 2.440066 7.747209 -9.272250 164454593626.000000
-0.184570 -0.924316 0.493408 2.196059 7.381199 -9.455255 164454596720.000000
-0.180176 -0.923096 0.484131 1.769048 7.015189 -9.699262 164454599873.000000
-0.170166 -0.922119 0.491211 1.403038 6.527176 -9.638260 164454602969.000000
-0.173340 -0.917969 0.478516 0.915025 6.466175 -9.760264 164454606060.000000
-0.178223 -0.922607 0.482666 0.549015 6.039163 -9.943268 164454609178.000000
-0.181152 -0.922119 0.478027 0.122003 5.185140 -10.126273 164454612270.000000
-0.184082 -0.921875 0.478760 -0.122003 4.819130 -10.126273 164454615363.000000
-0.184814 -0.916992 0.474609 -0.366010 3.538096 -10.187275 164454618461.000000
-0.190186 -0.916504 0.472412 -0.549015 2.745074 -9.699262 164454621554.000000
-0.189453 -0.908691 0.470215 -0.854023 1.769048 -9.821265 164454624644.000000
-0.189453 -0.909912 0.473389 -1.037028 1.342036 -9.394254 164454627751.000000
-0.192871 -0.905762 0.469482 -1.403038 1.342036 -9.211249 164454630841.000000
-0.186279 -0.902588 0.470215 -1.647044 1.403038 -8.479229 164454633934.000000
-0.195801 -0.903320 0.470215 -1.769048 1.830049 -8.174221 164454637042.000000
-0.191406 -0.904785 0.467529 -1.769048 2.013054 -7.930214 164454640136.000000
-0.196533 -0.900635 0.474609 -1.647044 2.867077 -7.442201 164454643241.000000
-0.194824 -0.902344 0.479492 -1.342036 3.416092 -7.015189 164454646333.000000
-0.195313 -0.900879 0.482910 -1.403038 4.270115 -6.832184 164454649416.000000
-0.196777 -0.903564 0.481445 -1.464040 5.002135 -6.283170 164454652500.000000
-0.195313 -0.901123 0.484619 -1.098030 5.307143 -6.283170 164454655571.000000
-0.197998 -0.902100 0.484131 -0.976026 5.734155 -5.917160 164454658652.000000
-0.198730 -0.905762 0.486084 -0.854023 5.917160 -6.039163 164454661725.000000
-0.199707 -0.906250 0.487305 -0.732020 6.100165 -5.429147 164454664807.000000
-0.192383 -0.908936 0.480469 -0.549015 5.795156 -5.551150 164454667909.000000
-0.185303 -0.910400 0.481445 -0.854023 5.734155 -5.612152 164454670988.000000
-0.181152 -0.913574 0.485107 -1.281035 5.673153 -5.551150 164454674059.000000
-0.175781 -0.915771 0.478516 -1.281035 4.697127 -5.490148 164454677145.000000
-0.170898 -0.912598 0.476563 -1.891051 4.209114 -5.612152 164454680237.000000
-0.171143 -0.922363 0.475586 -2.257061 4.026109 -5.917160 164454683318.000000
-0.165527 -0.917480 0.473633 -3.050082 3.111084 -5.490148 164454686392.000000
-0.168945 -0.916504 0.468506 -4.087110 2.745074 -5.673153 164454689491.000000
-0.167480 -0.911865 0.466797 -4.514122 2.013054 -5.978161 164454692588.000000
-0.165039 -0.914551 0.473389 -5.612152 1.464040 -5.673153 164454695681.000000
-0.163818 -0.910645 0.465332 -6.100165 0.610016 -6.039163 164454698778.000000
-0.166504 -0.909668 0.458252 -6.283170 0.366010 -5.307143 164454701870.000000
-0.172852 -0.910156 0.466309 -6.893186 -0.366010 -5.124138 164454704982.000000
-0.166992 -0.904785 0.457275 -7.076191 -0.366010 -4.941133 164454708117.000000
-0.171875 -0.900146 0.457031 -7.442201 -0.305008 -5.246142 164454711213.000000
-0.167969 -0.901855 0.456787 -7.747209 -0.244007 -4.880132 164454714310.000000
-0.169678 -0.901123 0.457031 -7.686208 0.183005 -4.819130 164454717421.000000
-0.173096 -0.900391 0.457764 -7.686208 0.976026 -4.270115 164454720513.000000
-0.170166 -0.902344 0.460938 -7.259196 1.586043 -3.965107 164454723608.000000
-0.171875 -0.904297 0.465088 -7.259196 2.257061 -4.026109 164454726702.000000
-0.166992 -0.906982 0.467529 -6.893186 2.684072 -3.599097 164454729873.000000
-0.162354 -0.904785 0.465576 -6.893186 3.111084 -3.355091 164454732969.000000
-0.160889 -0.905273 0.468018 -6.344171 3.599097 -3.233087 164454736065.000000
-0.152832 -0.906982 0.471191 -6.466175 3.416092 -2.867077 164454739165.000000
-0.147949 -0.911377 0.471436 -6.039163 4.270115 -3.233087 164454742254.000000
-0.141846 -0.909668 0.482910 -6.283170 4.453120 -3.233087 164454745360.000000
-0.136230 -0.914795 0.476563 -5.978161 4.575124 -3.233087 164454748458.000000
-0.136230 -0.917236 0.482422 -5.734155 4.819130 -2.867077 164454751662.000000
-0.131348 -0.922852 0.476318 -5.917160 4.453120 -3.721100 164454754749.000000
-0.130859 -0.924316 0.489746 -5.612152 3.782102 -3.538096 164454757836.000000
-0.126709 -0.924316 0.478271 -6.161166 3.477094 -3.843104 164454760942.000000
-0.125488 -0.928223 0.473145 -6.527176 2.562069 -3.904105 164454764046.000000
-0.125488 -0.930908 0.476563 -7.198194 1.952053 -4.270115 164454767125.000000
-0.125244 -0.934570 0.467529 -7.991216 1.525041 -4.697127 164454770209.000000
-0.121582 -0.933594 0.454346 -8.479229 1.037028 -4.453120 164454773280.000000
-0.123291 -0.927246 0.449707 -9.150247 1.159031 -4.941133 164454776356.000000
-0.131104 -0.928711 0.447998 -9.821265 0.793021 -4.941133 164454779436.000000
-0.131348 -0.921631 0.446777 -10.004270 0.854023 -5.063137 164454782520.000000
-0.137451 -0.916260 0.444336 -10.004270 0.671018 -4.880132 164454785602.000000
-0.142578 -0.910889 0.434814 -10.492283 0.305008 -4.758128 164454788701.000000
-0.143799 -0.904053 0.430420 -10.980296 -0.122003 -4.392119 164454791799.000000
-0.146973 -0.904053 0.428955 -11.285305 0.244007 -4.026109 164454794898.000000
-0.148193 -0.908447 0.429688 -11.468310 0.244007 -4.087110 164454798006.000000
-0.149658 -0.899902 0.424805 -11.773318 0.427012 -3.721100 164454801118.000000
-0.154785 -0.895996 0.425781 -12.261331 0.732020 -3.904105 164454804211.000000
-0.156250 -0.897217 0.431152 -12.383334 1.403038 -3.355091 164454807321.000000
-0.158936 -0.902100 0.436035 -12.688343 1.708046 -3.416092 164454810435.000000
-0.166504 -0.903809 0.443359 -12.505338 2.257061 -3.233087 164454813529.000000
-0.163574 -0.906250 0.446533 -12.566339 2.989081 -2.989081 164454816622.000000
-0.166504 -0.908691 0.447754 -12.444336 3.294089 -2.684072 164454819718.000000
-0.163818 -0.910889 0.451416 -12.200329 3.111084 -2.562069 164454822812.000000
-0.162842 -0.910645 0.468262 -12.139328 2.806076 -2.440066 164454825906.000000
-0.158203 -0.916260 0.460449 -12.200329 2.806076 -2.196059 164454829015.000000
-0.152100 -0.917236 0.471191 -11.956323 2.257061 -2.135058 164454832118.000000
-0.145264 -0.918457 0.473877 -12.200329 2.135058 -1.952053 164454835212.000000
-0.137451 -0.922119 0.471680 -12.017324 1.830049 -2.013054 164454838367.000000
-0.131104 -0.921875 0.471924 -12.261331 1.464040 -1.830049 164454841464.000000
-0.123047 -0.919678 0.469971 -12.200329 1.525041 -1.769048 164454844571.000000
-0.120361 -0.924072 0.466553 -12.017324 1.098030 -1.464040 164454847657.000000
-0.118164 -0.923828 0.467285 -12.139328 1.220033 -2.135058 164454850742.000000
-0.115967 -0.927979 0.464844 -12.139328 1.281035 -1.403038 164454853873.000000
-0.114990 -0.932617 0.458984 -12.322333 1.342036 -1.769048 164454856995.000000
-0.115723 -0.936035 0.456543 -12.078326 1.220033 -2.196059 164454860100.000000
-0.120605 -0.935303 0.455566 -12.261331 1.159031 -2.013054 164454863180.000000
-0.121338 -0.931641 0.439941 -12.444336 0.976026 -2.074056 164454866272.000000
-0.122314 -0.935303 0.430908 -12.200329 0.793021 -2.074056 164454869342.000000
-0.128906 -0.934326 0.432129 -12.139328 1.281035 -2.135058 164454872421.000000
-0.133301 -0.930420 0.410889 -12.139328 0.854023 -2.135058 164454875501.000000
-0.134521 -0.924561 0.411377 -12.017324 0.671018 -1.647044 164454878573.000000
-0.137939 -0.921143 0.402832 -12.139328 0.610016 -1.281035 164454881659.000000
-0.138184 -0.910156 0.396729 -12.078326 -0.061002 -0.427012 164454884736.000000
-0.138672 -0.908203 0.385254 -12.078326 0.488013 -0.610016 164454887821.000000
-0.132568 -0.903809 0.395996 -12.261331 0.488013 -0.183005 164454890917.000000
-0.126709 -0.898438 0.393799 -12.261331 1.464040 0.183005 164454894013.000000
-0.131348 -0.899658 0.393066 -12.688343 2.440066 0.305008 164454897128.000000
-0.134766 -0.906738 0.402100 -11.895321 3.355091 0.366010 164454900223.000000
-0.137451 -0.909180 0.410889 -11.529311 4.087110 0.488013 164454903316.000000
-0.141113 -0.908447 0.414795 -10.858293 4.880132 0.488013 164454906431.000000
-0.140137 -0.916504 0.415527 -10.553285 5.246142 0.549015 164454909539.000000
-0.143799 -0.921387 0.424561 -9.760264 5.917160 1.098030 164454912631.000000
-0.144531 -0.919678 0.426514 -9.516257 6.222168 0.854023 164454915723.000000
-0.139648 -0.923340 0.433838 -9.089245 6.832184 0.854023 164454918829.000000
-0.133789 -0.926270 0.442383 -9.089245 6.832184 1.098030 164454921922.000000
-0.127686 -0.927002 0.444824 -9.211249 7.137193 1.037028 164454925016.000000
-0.127441 -0.922363 0.449951 -9.272250 7.381199 0.732020 164454928120.000000
-0.120117 -0.924805 0.455566 -9.455255 7.747209 0.732020 164454931212.000000
-0.116455 -0.922852 0.451660 -9.516257 8.113219 0.305008 164454934304.000000
-0.110107 -0.928467 0.461914 -9.577259 7.930214 0.366010 164454937399.000000
-0.106201 -0.928467 0.462402 -9.516257 8.723236 0.183005 164454940783.000000
-0.102783 -0.934570 0.459717 -9.516257 8.662234 0.061002 164454943875.000000
-0.097412 -0.943848 0.455811 -9.211249 8.906240 -0.305008 164454947020.000000
-0.098877 -0.950439 0.457275 -8.601232 8.357226 -0.061002 164454950106.000000
-0.089844 -0.952637 0.446289 -8.235222 7.991216 -0.183005 164454953252.000000
-0.081543 -0.954346 0.443359 -8.235222 7.137193 -0.305008 164454956332.000000
-0.081055 -0.953369 0.432617 -8.052217 7.076191 -0.549015 164454959416.000000
-0.075684 -0.945068 0.432861 -8.113219 7.076191 -0.793021 164454962520.000000
-0.078613 -0.948242 0.421875 -8.113219 6.893186 -1.098030 164454965592.000000
-0.077148 -0.949463 0.416992 -7.991216 6.710181 -0.671018 164454968669.000000
-0.078125 -0.950439 0.415527 -7.991216 6.527176 -0.854023 164454971737.000000
-0.083496 -0.942871 0.411377 -7.381199 6.161166 -0.610016 164454974817.000000
-0.078369 -0.946289 0.399170 -6.954188 6.100165 -0.366010 164454977903.000000
-0.080811 -0.945557 0.403076 -5.917160 5.612152 -0.305008 164454980988.000000
-0.077881 -0.946289 0.389648 -5.429147 5.063137 0.122003 164454984065.000000
-0.087402 -0.942383 0.384766 -5.002135 4.880132 0.244007 164454987157.000000
-0.088623 -0.947266 0.382813 -4.636125 5.795156 -0.122003 164454990252.000000
-0.097656 -0.933838 0.383545 -4.819130 6.405173 -0.183005 164454993345.000000
-0.113525 -0.930664 0.395020 -5.490148 7.137193 0.244007 164454996440.000000
-0.115479 -0.926270 0.399414 -5.856158 8.296224 -0.244007 164454999547.000000
-0.118896 -0.917480 0.403320 -5.856158 9.272250 -0.610016 164455002640.000000
-0.126465 -0.918457 0.398926 -5.307143 9.943268 -0.061002 164455005732.000000
-0.131592 -0.925049 0.398438 -4.758128 10.736290 -0.183005 164455008836.000000
-0.138184 -0.929199 0.404053 -3.477094 11.102300 0.122003 164455011978.000000
-0.146240 -0.933350 0.398438 -2.684072 11.102300 0.122003 164455015068.000000
-0.145752 -0.941650 0.406494 -2.135058 11.529311 0.183005 164455018166.000000
-0.147217 -0.942627 0.406494 -1.769048 12.017324 0.244007 164455021263.000000
-0.149658 -0.938232 0.420166 -1.525041 11.834320 0.000000 164455024359.000000
-0.149414 -0.940430 0.424805 -1.891051 11.590313 0.488013 164455027467.000000
-0.148682 -0.936035 0.427734 -1.464040 11.163301 1.159031 164455030561.000000
-0.144287 -0.942139 0.430664 -1.037028 10.492283 0.976026 164455033655.000000
-0.150391 -0.933838 0.429932 -0.671018 9.821265 1.342036 164455036754.000000
-0.147705 -0.942139 0.431396 -0.366010 9.150247 1.830049 164455039926.000000
-0.139893 -0.940430 0.428711 -0.244007 7.991216 1.464040 164455043017.000000
-0.136475 -0.943848 0.433105 0.366010 7.076191 1.586043 164455046110.000000
-0.138672 -0.939209 0.430420 0.122003 6.161166 1.830049 164455049197.000000
-0.135986 -0.937256 0.429688 0.305008 4.880132 1.586043 164455052281.000000
-0.136963 -0.934814 0.418457 0.549015 3.721100 1.769048 164455055411.000000
-0.132324 -0.936523 0.421875 0.671018 2.806076 1.830049 164455058591.000000
-0.133789 -0.937012 0.423340 1.586043 1.952053 1.708046 164455061679.000000
-0.131836 -0.933105 0.419922 1.647044 1.403038 1.525041 164455064771.000000
-0.131836 -0.938232 0.427734 1.891051 1.037028 1.586043 164455067881.000000
-0.134033 -0.936279 0.427002 2.074056 0.488013 1.708046 164455070962.000000
-0.131592 -0.933838 0.416016 2.196059 0.305008 1.586043 164455074046.000000
-0.136475 -0.928711 0.435059 2.684072 -0.122003 1.952053 164455077125.000000
-0.137695 -0.924805 0.432129 3.111084 -0.671018 1.952053 164455080203.000000
-0.135254 -0.927002 0.437012 3.660099 -0.671018 2.196059 164455083281.000000
-0.133789 -0.920166 0.442139 4.087110 -1.098030 2.135058 164455086357.000000
-0.137695 -0.918945 0.441895 5.063137 -1.708046 2.318063 164455089453.000000
-0.135742 -0.916748 0.441895 6.100165 -2.135058 2.379064 164455092550.000000
-0.134277 -0.916992 0.437500 6.466175 -2.562069 2.440066 164455095647.000000
-0.141113 -0.913086 0.440186 7.625206 -2.501068 2.013054 164455098749.000000
-0.140137 -0.913818 0.438232 8.113219 -2.745074 2.257061 164455101844.000000
-0.144043 -0.916016 0.425293 9.150247 -2.806076 1.891051 164455104958.000000
-0.148682 -0.920898 0.421143 9.455255 -3.172086 1.586043 164455108092.000000
-0.150879 -0.929199 0.412354 9.943268 -3.111084 1.525041 164455111185.000000
-0.156982 -0.931152 0.407715 10.431282 -3.660099 1.281035 164455114279.000000
-0.156982 -0.933838 0.413818 10.797292 -3.843104 1.342036 164455117388.000000
-0.158447 -0.932617 0.419434 10.797292 -3.965107 1.464040 164455120482.000000
-0.158447 -0.933838 0.413086 10.675288 -3.782102 1.220033 164455123576.000000
-0.154053 -0.929932 0.423828 10.553285 -3.965107 1.159031 164455126681.000000
-0.157471 -0.931152 0.424805 10.553285 -3.843104 0.854023 164455129850.000000
-0.156250 -0.926758 0.428467 10.492283 -3.355091 1.220033 164455132946.000000
-0.157715 -0.925293 0.425049 10.675288 -3.294089 0.854023 164455136037.000000
-0.156494 -0.929199 0.427734 10.858293 -3.416092 0.793021 164455139137.000000
-0.154785 -0.928711 0.427734 10.553285 -2.989081 -0.122003 164455142237.000000
-0.153320 -0.934570 0.428711 10.736290 -3.721100 0.000000 164455145330.000000
-0.151611 -0.942139 0.437012 10.797292 -3.782102 -0.244007 164455148448.000000
-0.158203 -0.955078 0.434082 10.797292 -4.514122 -0.305008 164455151530.000000
-0.156006 -0.962891 0.437012 10.919295 -4.880132 -0.610016 164455154659.000000
-0.154541 -0.964111 0.439697 10.736290 -5.673153 -1.281035 164455157744.000000
-0.149658 -0.978516 0.436768 10.919295 -6.039163 -1.037028 164455160835.000000
-0.147949 -0.989014 0.445801 10.797292 -6.588178 -1.403038 164455163963.000000
-0.145996 -0.996582 0.445557 10.919295 -6.222168 -1.220033 164455167043.000000
-0.141602 -0.991943 0.445557 10.614287 -6.039163 -1.098030 164455170126.000000
-0.140869 -1.000977 0.456055 10.919295 -6.222168 -1.098030 164455173209.000000
-0.145752 -1.003418 0.452637 10.858293 -5.856158 -1.281035 164455176279.000000
-0.145752 -1.004639 0.452637 10.736290 -5.185140 -1.220033 164455179356.000000
-0.145020 -1.003906 0.453125 10.736290 -4.453120 -1.098030 164455182430.000000
-0.144531 -1.000244 0.454102 10.553285 -3.782102 -1.098030 164455185511.000000
-0.148926 -0.994629 0.453857 10.309278 -3.111084 -1.220033 164455188607.000000
-0.151123 -0.992920 0.457275 10.309278 -2.379064 -0.976026 164455191703.000000
-0.153076 -0.991943 0.445801 10.309278 -1.586043 -0.915025 164455194802.000000
-0.155762 -0.988770 0.441162 9.943268 -1.220033 -0.793021 164455197913.000000
-0.164063 -0.988525 0.445068 9.821265 -0.732020 -0.915025 164455203124.000000
-0.171387 -0.990234 0.437256 9.272250 0.122003 -0.549015 164455206261.000000
-0.183105 -0.984375 0.436523 9.272250 0.610016 -0.549015 164455209379.000000
-0.189453 -0.987793 0.436035 8.723236 1.281035 -0.244007 164455212474.000000
-0.198730 -0.988770 0.436768 8.845239 1.281035 -0.061002 164455215567.000000
-0.216553 -0.989502 0.434814 8.113219 1.769048 -0.122003 164455218669.000000
-0.226074 -0.989258 0.424561 7.808211 1.891051 0.366010 164455221764.000000
-0.241455 -0.994141 0.427246 7.381199 1.708046 0.793021 164455224858.000000
-0.245605 -0.995117 0.427246 6.893186 1.769048 1.037028 164455228015.000000
-0.257813 -1.002197 0.422852 6.649180 1.464040 1.952053 164455231109.000000
-0.268311 -1.006348 0.418945 5.978161 1.281035 2.074056 164455234202.000000
-0.277832 -0.999756 0.416748 5.429147 0.854023 2.806076 164455237309.000000
-0.278076 -0.998291 0.422852 4.941133 0.427012 3.538096 164455240397.000000
-0.283691 -0.995605 0.419434 4.331117 0.305008 3.965107 164455243510.000000
-0.287842 -0.990723 0.431641 4.209114 -0.061002 4.697127 164455246604.000000
-0.290527 -0.986328 0.433838 3.599097 -0.488013 5.490148 164455249689.000000
-0.291260 -0.983643 0.438721 3.965107 -0.793021 6.161166 164455252777.000000
-0.295166 -0.975342 0.437988 4.697127 -1.037028 6.832184 164455255919.000000
-0.292969 -0.964844 0.451172 4.819130 -1.708046 7.442201 164455259006.000000
-0.293457 -0.952148 0.461426 3.538096 -1.342036 8.540231 164455262083.000000
-0.282959 -0.927246 0.457275 1.830049 -1.037028 8.662234 164455265156.000000
-0.283203 -0.914551 0.478027 1.281035 -1.464040 9.211249 164455268242.000000
-0.281982 -0.908203 0.474365 1.403038 -2.074056 10.370280 164455271326.000000
-0.278320 -0.905762 0.474609 2.013054 -2.989081 10.675288 164455274424.000000
-0.279053 -0.905518 0.472900 2.684072 -3.965107 11.102300 164455277509.000000
-0.279297 -0.901367 0.464600 3.172086 -4.758128 11.590313 164455280594.000000
-0.271973 -0.900391 0.468262 3.965107 -5.185140 11.956323 164455283675.000000
-0.271729 -0.895996 0.463867 3.843104 -5.246142 11.834320 164455286753.000000
-0.260010 -0.884033 0.454834 4.270115 -5.490148 12.322333 164455289977.000000
-0.264160 -0.877197 0.454346 3.965107 -5.551150 12.078326 164455293077.000000
-0.265869 -0.862793 0.448486 3.355091 -5.002135 12.017324 164455296170.000000
-0.268066 -0.857178 0.435791 3.294089 -4.636125 11.956323 164455299270.000000
-0.265869 -0.855225 0.441650 3.050082 -4.148112 12.322333 164455302362.000000
-0.267090 -0.849365 0.433105 3.172086 -3.416092 12.017324 164455305454.000000
-0.262939 -0.848389 0.430176 3.294089 -3.050082 12.200329 164455308560.000000
-0.260742 -0.851807 0.420898 2.928079 -2.684072 12.261331 164455311651.000000
-0.256592 -0.847900 0.427002 2.928079 -2.562069 12.200329 164455314750.000000
-0.248779 -0.844482 0.423584 2.440066 -2.318063 11.834320 164455317856.000000
-0.249756 -0.850586 0.420410 2.013054 -2.074056 11.529311 164455320975.000000
-0.241455 -0.854004 0.412598 1.891051 -2.074056 11.285305 164455324093.000000
-0.234619 -0.861084 0.421387 1.281035 -2.013054 10.858293 164455327198.000000
-0.224609 -0.860840 0.419678 1.037028 -2.135058 10.431282 164455330313.000000
-0.230225 -0.868896 0.417480 0.671018 -2.501068 10.248277 164455333408.000000
-0.220459 -0.874268 0.419189 0.488013 -2.867077 9.577259 164455336501.000000
-0.218750 -0.880615 0.421143 -0.183005 -2.989081 9.455255 164455339602.000000
-0.219482 -0.885742 0.418213 -0.183005 -3.721100 8.601232 164455342699.000000
-0.218262 -0.886719 0.407959 -0.488013 -4.148112 8.540231 164455345790.000000
-0.208496 -0.897217 0.414307 -0.854023 -4.697127 7.747209 164455348872.000000
-0.207275 -0.896973 0.415283 -0.793021 -4.758128 7.564204 164455351956.000000
-0.213135 -0.904297 0.419434 -1.525041 -5.246142 7.259196 164455355029.000000
-0.209961 -0.908691 0.417480 -1.281035 -5.734155 6.832184 164455358164.000000
-0.214844 -0.911377 0.412354 -1.586043 -5.978161 6.588178 164455361250.000000
-0.208496 -0.914551 0.414307 -2.135058 -6.344171 6.466175 164455364332.000000
-0.216309 -0.912598 0.411865 -2.440066 -6.649180 6.100165 164455367405.000000
-0.219482 -0.918457 0.417480 -2.989081 -6.405173 5.917160 164455370507.000000
-0.219971 -0.921631 0.412598 -2.989081 -6.771183 5.551150 164455373577.000000
-0.230225 -0.920410 0.418457 -3.599097 -7.015189 5.673153 164455376649.000000
-0.229492 -0.927979 0.414063 -3.538096 -7.076191 5.734155 164455379840.000000
-0.234131 -0.931641 0.413086 -3.965107 -7.320198 5.917160 164455382924.000000
-0.238770 -0.930908 0.416992 -4.392119 -7.137193 6.100165 164455386006.000000
-0.245850 -0.930176 0.403809 -4.331117 -7.808211 6.222168 164455389121.000000
-0.251953 -0.931152 0.413086 -4.148112 -8.235222 6.588178 164455392219.000000
-0.257080 -0.934570 0.416504 -4.209114 -8.235222 6.710181 164455395312.000000
-0.261963 -0.939697 0.415527 -4.575124 -8.418227 6.893186 164455398420.000000
-0.267090 -0.937256 0.418457 -4.758128 -8.662234 7.198194 164455401515.000000
-0.268066 -0.933594 0.416016 -4.819130 -8.418227 7.259196 164455404607.000000
-0.275879 -0.931396 0.421875 -5.246142 -7.991216 7.503203 164455407728.000000
-0.282959 -0.932617 0.418457 -5.612152 -7.686208 7.930214 164455410826.000000
-0.288818 -0.926514 0.417969 -5.673153 -7.259196 8.235222 164455413921.000000
-0.293213 -0.921631 0.416992 -5.734155 -7.320198 8.967242 164455417024.000000
-0.297607 -0.914551 0.425049 -6.283170 -7.198194 9.089245 164455420139.000000
