-0.110352 -0.831299 -0.513672 6.588178 17.873483 -4.392119 211915021888.000000
-0.110840 -0.827881 -0.513672 6.405173 16.592448 -4.575124 211915024797.000000
-0.111084 -0.834229 -0.502930 6.283170 14.762399 -4.880132 211915027706.000000
-0.111572 -0.832764 -0.511963 6.100165 14.030379 -5.490148 211915030616.000000
-0.110352 -0.834229 -0.519043 5.856158 12.505338 -5.490148 211915033525.000000
-0.109863 -0.829102 -0.517578 5.856158 10.919295 -5.856158 211915036439.000000
-0.105469 -0.834229 -0.511719 5.612152 9.882267 -5.795156 211915039354.000000
-0.111084 -0.835449 -0.518799 5.673153 8.845239 -5.978161 211915042271.000000
-0.104248 -0.837158 -0.515137 5.795156 7.198194 -6.283170 211915045193.000000
-0.101318 -0.840332 -0.509766 5.551150 6.222168 -6.588178 211915048112.000000
-0.092773 -0.840088 -0.507813 5.612152 4.819130 -7.198194 211915051027.000000
-0.081299 -0.841553 -0.500977 5.185140 3.843104 -7.320198 211915053942.000000
-0.075928 -0.846436 -0.501465 4.880132 2.867077 -8.113219 211915056868.000000
-0.061279 -0.850830 -0.501709 4.819130 1.769048 -8.601232 211915059788.000000
-0.052734 -0.859619 -0.497803 4.087110 1.464040 -9.028244 211915062708.000000
-0.050781 -0.864502 -0.501221 4.087110 0.854023 -9.760264 211915065631.000000
-0.039551 -0.873047 -0.494873 3.538096 -0.183005 -10.492283 211915068550.000000
-0.028564 -0.874023 -0.497314 3.416092 -0.427012 -11.590313 211915071465.000000
-0.023926 -0.881836 -0.488525 2.806076 -1.647044 -12.261331 211915074378.000000
-0.011963 -0.889160 -0.488037 2.806076 -2.196059 -12.993351 211915077294.000000
-0.008057 -0.895020 -0.482666 2.867077 -2.501068 -13.908376 211915080208.000000
0.000000 -0.899170 -0.474121 2.318063 -3.172086 -14.701397 211915083122.000000
0.010986 -0.902100 -0.474121 2.684072 -3.965107 -15.677423 211915086046.000000
0.017334 -0.911377 -0.464355 2.257061 -4.819130 -16.043433 211915088962.000000
0.020264 -0.913086 -0.463867 2.867077 -5.246142 -16.775453 211915091874.000000
0.025879 -0.917236 -0.452637 3.111084 -5.307143 -17.263466 211915094787.000000
0.029053 -0.916992 -0.444336 3.660099 -5.673153 -17.812481 211915097728.000000
0.035156 -0.921143 -0.438721 3.599097 -5.917160 -18.239492 211915100643.000000
0.038086 -0.927490 -0.435547 4.514122 -6.527176 -18.422497 211915103550.000000
0.041504 -0.932129 -0.425293 4.392119 -6.344171 -18.544501 211915106460.000000
0.044434 -0.933105 -0.424316 4.941133 -6.649180 -18.483499 211915109370.000000
0.048584 -0.937256 -0.427734 5.124138 -6.588178 -18.422497 211915112278.000000
0.047119 -0.928711 -0.415527 5.124138 -6.710181 -18.178491 211915115191.000000
0.042969 -0.934082 -0.422607 5.185140 -6.771183 -18.178491 211915118102.000000
0.039795 -0.926025 -0.422852 4.819130 -7.076191 -17.934484 211915121009.000000
0.034912 -0.924805 -0.415039 4.392119 -7.198194 -17.690478 211915123914.000000
0.033447 -0.918701 -0.422119 4.514122 -7.259196 -17.263466 211915126835.000000
0.028076 -0.914063 -0.418457 4.270115 -7.198194 -17.080461 211915129745.000000
0.020020 -0.915039 -0.423584 3.965107 -7.198194 -16.836455 211915132656.000000
0.021973 -0.914063 -0.420898 4.026109 -7.869212 -16.714451 211915135569.000000
0.019043 -0.915039 -0.420898 3.721100 -7.381199 -16.348441 211915138483.000000
0.010742 -0.917725 -0.423828 3.660099 -7.259196 -16.165436 211915141399.000000
0.009521 -0.911133 -0.430664 3.721100 -7.198194 -16.226438 211915144314.000000
0.011719 -0.909668 -0.437256 3.355091 -6.527176 -15.982432 211915147237.000000
0.004150 -0.910645 -0.443848 3.355091 -6.039163 -16.043433 211915150152.000000
0.005371 -0.905518 -0.441406 2.806076 -5.429147 -16.165436 211915153069.000000
0.010010 -0.903809 -0.440674 2.623071 -5.246142 -16.165436 211915155990.000000
0.008057 -0.902100 -0.446533 2.684072 -4.636125 -15.982432 211915158921.000000
0.013916 -0.898438 -0.449463 2.440066 -3.721100 -15.921430 211915161835.000000
0.008057 -0.902100 -0.451416 2.623071 -3.355091 -16.165436 211915164748.000000
0.007813 -0.896484 -0.447266 2.562069 -2.318063 -16.104435 211915167672.000000
0.012451 -0.896484 -0.454346 2.501068 -1.830049 -15.921430 211915170588.000000
0.015137 -0.892822 -0.453857 2.501068 -1.220033 -16.348441 211915173503.000000
0.013428 -0.896973 -0.449707 2.318063 -0.427012 -16.226438 211915176426.000000
0.008545 -0.893066 -0.455566 2.440066 0.183005 -15.738425 211915179344.000000
0.010742 -0.890137 -0.457031 2.257061 0.610016 -15.799427 211915182259.000000
0.005127 -0.886230 -0.459229 2.257061 1.159031 -15.860428 211915185181.000000
0.003906 -0.888428 -0.461914 2.135058 1.220033 -15.555420 211915188097.000000
0.000977 -0.883301 -0.464600 2.196059 1.281035 -15.311413 211915191024.000000
-0.007813 -0.889648 -0.465576 2.379064 1.525041 -15.372415 211915193941.000000
-0.002197 -0.887207 -0.470459 2.379064 0.793021 -15.616422 211915201681.000000
-0.005859 -0.886230 -0.476074 1.952053 -0.061002 -15.921430 211915204826.000000
-0.006592 -0.883545 -0.475342 2.196059 -0.122003 -15.860428 211915207758.000000
-0.008545 -0.879883 -0.480957 1.830049 -0.915025 -16.287440 211915210674.000000
-0.006836 -0.879639 -0.473877 2.135058 -1.586043 -16.531446 211915213662.000000
-0.011230 -0.873779 -0.478271 1.830049 -2.257061 -17.141463 211915216674.000000
-0.010254 -0.873047 -0.473389 1.647044 -2.684072 -16.775453 211915219615.000000
-0.010742 -0.872803 -0.473145 1.464040 -3.416092 -17.141463 211915222531.000000
-0.016357 -0.874512 -0.471680 1.525041 -4.331117 -16.958458 211915225453.000000
-0.017090 -0.876221 -0.466553 1.708046 -5.124138 -17.080461 211915228380.000000
-0.019775 -0.875977 -0.464600 1.403038 -6.039163 -17.141463 211915231292.000000
-0.026611 -0.877686 -0.461426 1.525041 -7.381199 -17.263466 211915234201.000000
-0.026123 -0.879883 -0.456543 1.403038 -8.479229 -17.141463 211915237125.000000
-0.026123 -0.879150 -0.460449 1.464040 -9.821265 -17.263466 211915240050.000000
-0.028809 -0.881348 -0.456299 1.220033 -10.736290 -17.446471 211915242973.000000
-0.027832 -0.879395 -0.464844 1.220033 -11.956323 -17.507473 211915245893.000000
-0.024658 -0.885742 -0.455811 1.098030 -13.237357 -17.995486 211915248809.000000
-0.023193 -0.885742 -0.459473 0.854023 -13.664369 -17.934484 211915251717.000000
-0.021240 -0.887695 -0.453613 0.793021 -14.823400 -18.483499 211915254626.000000
-0.022705 -0.886719 -0.457764 0.427012 -15.799427 -18.849509 211915257540.000000
-0.017334 -0.889404 -0.464355 0.244007 -16.348441 -19.154517 211915260454.000000
-0.018066 -0.889893 -0.459473 -0.061002 -16.714451 -19.398524 211915263370.000000
-0.016846 -0.886719 -0.458740 -0.244007 -17.202464 -19.581529 211915266280.000000
-0.020996 -0.883057 -0.457275 -0.610016 -17.446471 -19.703532 211915269191.000000
-0.013184 -0.881348 -0.452148 -0.671018 -17.568474 -20.008540 211915272102.000000
-0.010986 -0.882324 -0.451172 -0.427012 -17.995486 -20.252547 211915275024.000000
-0.012939 -0.886230 -0.452148 -0.732020 -17.751479 -20.191545 211915278022.000000
-0.015625 -0.878906 -0.448730 -1.281035 -18.117489 -20.740560 211915280943.000000
-0.017090 -0.879639 -0.450684 -1.952053 -17.934484 -20.801562 211915283867.000000
-0.014160 -0.875000 -0.455566 -1.952053 -18.239492 -20.801562 211915286786.000000
-0.013428 -0.880859 -0.460938 -2.501068 -17.751479 -21.045568 211915289702.000000
-0.013672 -0.880127 -0.461426 -2.989081 -18.056488 -21.289575 211915292618.000000
-0.014893 -0.875488 -0.468506 -3.355091 -17.934484 -21.533581 211915295538.000000
-0.016113 -0.877441 -0.470215 -3.599097 -18.178491 -21.655585 211915298473.000000
-0.015625 -0.878418 -0.461426 -3.904105 -18.056488 -21.655585 211915301500.000000
-0.003174 -0.875000 -0.467529 -4.270115 -18.117489 -21.899591 211915303395.000000
0.005127 -0.877197 -0.472168 -4.209114 -18.239492 -21.960593 211915305196.000000
0.004150 -0.877686 -0.472412 -4.575124 -17.995486 -22.204600 211915306996.000000
0.014404 -0.881592 -0.475342 -4.453120 -17.812481 -22.326603 211915308802.000000
0.016357 -0.878662 -0.476563 -4.636125 -17.568474 -22.265601 211915310607.000000
0.022949 -0.879150 -0.479736 -4.819130 -17.385469 -22.265601 211915312406.000000
0.022705 -0.881104 -0.479492 -4.880132 -17.263466 -22.448606 211915314204.000000
0.030762 -0.883057 -0.483643 -4.819130 -16.775453 -22.631611 211915316039.000000
0.036865 -0.882813 -0.484863 -5.429147 -16.592448 -22.631611 211915317843.000000
0.040527 -0.884521 -0.490234 -5.246142 -16.104435 -22.387604 211915319643.000000
0.043945 -0.884521 -0.486816 -5.429147 -15.494418 -22.082596 211915321444.000000
0.048096 -0.882813 -0.491211 -5.307143 -15.006405 -22.387604 211915323243.000000
0.052979 -0.882813 -0.490234 -5.002135 -14.396389 -22.326603 211915325042.000000
0.058594 -0.879395 -0.483398 -4.941133 -14.213384 -22.082596 211915326843.000000
0.061035 -0.877686 -0.480713 -5.124138 -13.847374 -22.082596 211915328643.000000
0.062012 -0.879639 -0.477295 -4.758128 -13.237357 -22.082596 211915330442.000000
0.062988 -0.880371 -0.474609 -4.758128 -13.115354 -21.716586 211915332240.000000
0.068604 -0.877197 -0.477295 -4.819130 -12.932349 -21.533581 211915334039.000000
0.071777 -0.873779 -0.483154 -4.514122 -12.566339 -21.472580 211915335883.000000
0.076660 -0.872803 -0.480469 -4.331117 -11.834320 -20.923565 211915338088.000000
0.076660 -0.870117 -0.486572 -4.392119 -11.407308 -20.923565 211915340111.000000
0.080322 -0.868408 -0.491455 -4.331117 -11.224303 -20.252547 211915341998.000000
0.083740 -0.866455 -0.494385 -4.270115 -10.736290 -19.764534 211915343803.000000
0.082275 -0.867920 -0.496826 -4.453120 -10.187275 -19.459525 211915345604.000000
0.080078 -0.865479 -0.497314 -4.453120 -9.943268 -18.971512 211915347415.000000
0.082031 -0.860840 -0.489990 -4.209114 -9.760264 -18.117489 211915349214.000000
0.080811 -0.860840 -0.495117 -4.209114 -9.638260 -17.751479 211915351015.000000
0.069580 -0.861328 -0.497314 -3.782102 -9.455255 -17.141463 211915352813.000000
0.072998 -0.863525 -0.492676 -3.660099 -9.272250 -16.592448 211915354613.000000
0.074219 -0.864014 -0.497803 -3.660099 -9.455255 -16.104435 211915356413.000000
0.067139 -0.860596 -0.500488 -3.599097 -9.699262 -15.311413 211915358217.000000
0.065674 -0.863525 -0.509033 -3.416092 -9.394254 -15.006405 211915360017.000000
0.059814 -0.863770 -0.509766 -3.660099 -9.638260 -14.274385 211915361816.000000
0.056152 -0.863770 -0.509521 -3.721100 -10.004270 -13.725371 211915363614.000000
0.049561 -0.866211 -0.507568 -3.233087 -10.065272 -13.298359 211915365413.000000
0.043213 -0.870117 -0.511963 -3.172086 -10.309278 -12.688343 211915367212.000000
0.040527 -0.869873 -0.511963 -3.050082 -10.553285 -12.444336 211915369012.000000
0.039307 -0.872314 -0.517090 -2.928079 -10.797292 -11.773318 211915370811.000000
0.036133 -0.865234 -0.520996 -2.989081 -11.224303 -11.407308 211915372608.000000
0.034424 -0.864258 -0.521240 -3.172086 -11.346306 -10.980296 211915374406.000000
0.036621 -0.864990 -0.527100 -2.989081 -11.468310 -10.614287 211915376205.000000
0.031738 -0.861816 -0.523438 -3.172086 -11.651315 -10.187275 211915378008.000000
0.033691 -0.859375 -0.528564 -3.233087 -11.651315 -10.004270 211915379807.000000
0.021484 -0.850098 -0.527344 -3.416092 -12.078326 -9.577259 211915381606.000000
0.019531 -0.850342 -0.521729 -3.599097 -12.444336 -9.394254 211915383407.000000
0.031738 -0.853516 -0.533447 -3.599097 -12.322333 -9.455255 211915385208.000000
0.033691 -0.857422 -0.519287 -3.599097 -12.810346 -9.394254 211915387012.000000
0.033691 -0.851074 -0.531738 -3.660099 -12.993351 -9.516257 211915388815.000000
0.036865 -0.848389 -0.529297 -3.660099 -12.566339 -9.211249 211915390617.000000
0.032959 -0.847412 -0.532227 -4.087110 -12.749344 -9.211249 211915392419.000000
0.027344 -0.846436 -0.531006 -3.965107 -12.871348 -9.150247 211915394222.000000
0.026611 -0.845947 -0.527344 -4.392119 -12.688343 -9.455255 211915396027.000000
0.032227 -0.844482 -0.535400 -4.514122 -12.505338 -9.211249 211915397830.000000
0.028809 -0.841797 -0.543701 -4.636125 -12.627341 -8.967242 211915399632.000000
0.030518 -0.841797 -0.540283 -4.941133 -12.383334 -9.211249 211915401439.000000
0.023926 -0.842285 -0.538330 -5.429147 -12.566339 -9.516257 211915403241.000000
0.020752 -0.840332 -0.540039 -5.795156 -12.444336 -9.211249 211915405044.000000
0.024414 -0.843750 -0.548340 -6.100165 -12.810346 -9.333252 211915406845.000000
0.020020 -0.846191 -0.544434 -6.161166 -12.627341 -9.577259 211915408644.000000
0.020020 -0.848877 -0.542480 -6.222168 -12.688343 -9.943268 211915410443.000000
0.008545 -0.841309 -0.536621 -6.283170 -13.359361 -9.821265 211915412241.000000
0.001465 -0.842285 -0.533936 -6.588178 -13.237357 -9.821265 211915414039.000000
-0.002930 -0.843750 -0.532227 -6.832184 -14.030379 -10.065272 211915415839.000000
-0.016357 -0.843506 -0.533691 -6.588178 -14.701397 -10.248277 211915417644.000000
-0.018066 -0.841797 -0.530273 -6.710181 -15.311413 -10.126273 211915419446.000000
-0.021729 -0.840820 -0.536377 -6.527176 -16.592448 -10.675288 211915421249.000000
-0.018799 -0.843994 -0.534424 -6.710181 -16.897456 -11.285305 211915423052.000000
-0.019775 -0.851074 -0.529541 -6.771183 -17.629476 -11.407308 211915424853.000000
-0.020508 -0.856445 -0.538574 -6.527176 -18.422497 -11.956323 211915426656.000000
-0.019043 -0.858154 -0.533936 -6.649180 -18.727506 -12.505338 211915428454.000000
-0.020752 -0.861084 -0.534424 -6.527176 -19.520527 -12.993351 211915430252.000000
-0.018311 -0.860596 -0.542725 -6.771183 -20.374550 -13.664369 211915432050.000000
-0.023438 -0.856445 -0.541504 -6.893186 -20.923565 -13.847374 211915433848.000000
-0.027588 -0.865234 -0.541748 -6.832184 -21.655585 -14.518392 211915435650.000000
-0.024902 -0.868652 -0.534912 -6.588178 -22.265601 -14.823400 211915437454.000000
-0.017578 -0.868408 -0.534912 -6.222168 -22.936619 -15.433417 211915439256.000000
-0.013428 -0.869629 -0.535645 -6.283170 -23.546636 -15.738425 211915441059.000000
-0.008545 -0.867920 -0.536865 -6.039163 -24.034649 -16.470445 211915442865.000000
-0.003174 -0.863037 -0.536865 -5.978161 -24.217654 -17.019460 211915444672.000000
-0.000732 -0.857666 -0.533936 -5.917160 -24.339657 -17.690478 211915446476.000000
0.003906 -0.855225 -0.536133 -5.978161 -25.132679 -17.751479 211915448279.000000
0.007324 -0.855713 -0.536133 -5.795156 -25.071677 -18.239492 211915450081.000000
0.009277 -0.851074 -0.529297 -5.612152 -25.376685 -18.422497 211915451884.000000
0.013428 -0.855225 -0.526611 -5.490148 -25.498688 -19.276520 211915453686.000000
0.015625 -0.856445 -0.527832 -5.429147 -25.925700 -19.581529 211915455491.000000
0.015869 -0.858887 -0.533936 -5.490148 -26.291710 -19.825535 211915457293.000000
0.016602 -0.855225 -0.525146 -5.856158 -26.901726 -20.252547 211915459095.000000
0.021973 -0.856201 -0.529541 -5.185140 -27.267736 -20.740560 211915460899.000000
0.023682 -0.857178 -0.527344 -5.246142 -27.450741 -20.862563 211915462705.000000
0.019043 -0.861572 -0.532715 -5.551150 -27.877753 -21.167572 211915464507.000000
0.017578 -0.860596 -0.527100 -5.429147 -28.426768 -21.533581 211915466311.000000
0.020020 -0.858398 -0.532471 -5.551150 -29.219789 -21.594583 211915468113.000000
0.019287 -0.862549 -0.539795 -5.612152 -29.341792 -21.716586 211915469916.000000
0.025879 -0.865479 -0.529297 -6.039163 -29.646800 -22.021595 211915471719.000000
0.021973 -0.854492 -0.544678 -5.978161 -30.195815 -22.143598 211915473522.000000
0.022217 -0.853027 -0.541748 -6.283170 -30.744830 -22.326603 211915475327.000000
0.018555 -0.851318 -0.541260 -6.222168 -31.049838 -22.387604 211915477127.000000
0.017090 -0.848633 -0.544434 -6.344171 -31.415848 -22.387604 211915478930.000000
0.018311 -0.844727 -0.537109 -6.588178 -32.330873 -22.448606 211915480732.000000
0.017334 -0.841064 -0.532227 -6.527176 -32.879888 -22.448606 211915482534.000000
0.018066 -0.840820 -0.536621 -6.222168 -33.367901 -22.387604 211915484337.000000
0.024658 -0.840332 -0.539551 -6.222168 -33.916916 -22.387604 211915486142.000000
0.029297 -0.838623 -0.533203 -6.283170 -34.282926 -22.509608 211915487943.000000
0.032227 -0.840576 -0.530029 -5.917160 -34.648936 -22.448606 211915489746.000000
0.036377 -0.843506 -0.532959 -6.161166 -34.709937 -22.631611 211915491548.000000
0.040283 -0.843506 -0.538818 -6.283170 -34.953944 -22.509608 211915493350.000000
0.054199 -0.843750 -0.548828 -6.039163 -34.770939 -22.387604 211915495156.000000
0.054688 -0.846436 -0.553467 -6.283170 -34.587934 -22.448606 211915496959.000000
0.063721 -0.841797 -0.545166 -6.100165 -34.221924 -22.204600 211915498761.000000
0.057129 -0.841309 -0.544922 -6.283170 -34.160922 -21.777588 211915500563.000000
0.063232 -0.845215 -0.543945 -6.161166 -34.343927 -21.472580 211915502365.000000
0.066406 -0.841309 -0.541016 -5.856158 -33.794912 -21.228573 211915504172.000000
0.071777 -0.851563 -0.545166 -5.856158 -33.794912 -21.045568 211915505976.000000
0.074707 -0.847168 -0.546143 -5.734155 -33.733911 -20.862563 211915507780.000000
0.077881 -0.844971 -0.532715 -5.734155 -33.977917 -20.313548 211915509581.000000
0.077881 -0.845703 -0.535400 -5.734155 -33.245898 -20.252547 211915511384.000000
0.084229 -0.848877 -0.539795 -5.368145 -33.123894 -19.764534 211915513186.000000
0.084717 -0.850098 -0.541504 -5.185140 -32.818886 -19.520527 211915514989.000000
0.092041 -0.852295 -0.544922 -5.429147 -32.147868 -19.032514 211915516793.000000
0.087402 -0.847412 -0.545898 -5.307143 -31.781858 -19.032514 211915518595.000000
0.091064 -0.851563 -0.541016 -5.002135 -31.354847 -18.544501 211915520398.000000
0.088379 -0.848633 -0.545166 -5.185140 -31.110840 -18.117489 211915522201.000000
0.073975 -0.847656 -0.534912 -4.880132 -30.805832 -18.117489 211915524002.000000
0.064941 -0.852051 -0.535400 -5.002135 -31.232843 -17.568474 211915525807.000000
0.060059 -0.851074 -0.535400 -4.758128 -31.659855 -17.385469 211915527609.000000
0.062500 -0.853027 -0.532471 -4.636125 -31.537852 -17.324468 211915529413.000000
0.053223 -0.856689 -0.530029 -4.392119 -32.086866 -17.141463 211915531215.000000
0.049072 -0.860352 -0.525391 -4.331117 -32.452876 -16.897456 211915533019.000000
0.048584 -0.856689 -0.517334 -4.148112 -32.757884 -16.592448 211915534822.000000
0.042236 -0.857178 -0.524658 -4.026109 -32.818886 -16.775453 211915536630.000000
0.043457 -0.860107 -0.526611 -3.965107 -33.367901 -16.592448 211915538433.000000
0.042480 -0.857666 -0.526611 -4.148112 -33.672909 -16.470445 211915540238.000000
0.038086 -0.859131 -0.523682 -3.965107 -34.160922 -16.897456 211915542042.000000
0.033203 -0.862061 -0.527588 -4.209114 -34.709937 -17.141463 211915543844.000000
0.027832 -0.858643 -0.522949 -4.209114 -34.831940 -17.324468 211915545651.000000
0.017334 -0.861572 -0.521973 -4.392119 -36.051973 -17.385469 211915547451.000000
0.026367 -0.863525 -0.527344 -4.453120 -36.173977 -17.324468 211915549254.000000
0.024902 -0.865723 -0.508789 -4.453120 -36.844995 -18.300494 211915551057.000000
0.024414 -0.868164 -0.517334 -4.514122 -37.516013 -18.483499 211915552862.000000
0.021240 -0.861816 -0.507813 -4.941133 -37.821021 -18.666504 211915554664.000000
0.014160 -0.868164 -0.511230 -4.758128 -38.858049 -19.215519 211915556468.000000
0.014404 -0.867188 -0.512207 -4.636125 -39.468066 -19.459525 211915558272.000000
0.016113 -0.870117 -0.510742 -5.063137 -39.956079 -19.520527 211915560074.000000
0.013672 -0.869385 -0.505127 -5.002135 -40.627097 -19.947539 211915561876.000000
0.005859 -0.871826 -0.507568 -4.941133 -41.237113 -20.191545 211915563679.000000
0.004395 -0.869873 -0.509033 -4.819130 -41.908132 -20.740560 211915565487.000000
0.003662 -0.869385 -0.508057 -5.063137 -42.457146 -20.984567 211915567288.000000
-0.005615 -0.865234 -0.509033 -4.880132 -42.945160 -21.106570 211915569090.000000
-0.008789 -0.868652 -0.500977 -4.880132 -43.555176 -21.472580 211915570894.000000
0.002441 -0.866699 -0.510986 -5.185140 -44.043189 -21.838590 211915572696.000000
-0.013184 -0.860107 -0.498535 -5.429147 -44.836211 -22.082596 211915574498.000000
-0.012695 -0.858643 -0.510010 -5.795156 -45.324224 -22.387604 211915576301.000000
-0.019043 -0.855469 -0.516602 -6.466175 -45.873239 -22.875618 211915578104.000000
-0.029785 -0.847168 -0.526855 -6.893186 -46.422253 -22.753614 211915579907.000000
-0.032959 -0.834717 -0.532471 -7.747209 -47.154273 -23.119624 211915581709.000000
-0.041748 -0.830322 -0.541504 -8.174221 -47.642286 -22.875618 211915583511.000000
-0.043213 -0.826904 -0.542725 -8.113219 -48.252303 -23.302629 211915585316.000000
-0.041748 -0.830566 -0.531494 -8.479229 -48.984323 -23.302629 211915587116.000000
-0.035645 -0.825684 -0.530029 -8.296224 -49.655341 -23.119624 211915588919.000000
-0.018799 -0.829102 -0.526367 -8.174221 -49.838346 -23.363631 211915590721.000000
0.000732 -0.833984 -0.529785 -7.503203 -49.289331 -23.424632 211915592525.000000
0.015625 -0.843994 -0.520020 -6.771183 -48.252303 -23.790642 211915594331.000000
0.041504 -0.855469 -0.515137 -5.795156 -47.520283 -24.400659 211915596135.000000
0.073242 -0.868652 -0.515869 -4.697127 -46.361252 -25.071677 211915597939.000000
0.096191 -0.875488 -0.511963 -3.660099 -44.775209 -25.315684 211915599741.000000
0.117188 -0.879639 -0.505127 -3.172086 -42.579150 -26.169707 211915601544.000000
0.124512 -0.879639 -0.505615 -2.501068 -40.383090 -26.535716 211915603346.000000
0.140625 -0.877930 -0.500488 -1.830049 -38.370036 -27.084731 211915605153.000000
0.145752 -0.871094 -0.513428 -1.708046 -36.356982 -26.962728 211915606954.000000
0.151855 -0.871826 -0.507813 -1.586043 -34.160922 -26.718721 211915608756.000000
0.152588 -0.868164 -0.501709 -1.464040 -32.147868 -26.230708 211915610558.000000
0.150146 -0.864502 -0.494873 -1.281035 -30.439822 -25.559690 211915612360.000000
0.143066 -0.854736 -0.493652 -1.647044 -28.853779 -25.193680 211915614162.000000
0.135986 -0.851807 -0.499756 -2.135058 -27.389740 -24.400659 211915615966.000000
0.129883 -0.855957 -0.494141 -2.318063 -26.108705 -23.729641 211915617769.000000
0.119873 -0.862061 -0.495850 -2.562069 -25.254682 -23.424632 211915619571.000000
0.110840 -0.860596 -0.499512 -2.684072 -24.766669 -22.753614 211915621373.000000
0.099365 -0.860596 -0.492432 -2.989081 -24.034649 -22.448606 211915623175.000000
0.089111 -0.858154 -0.489258 -3.172086 -24.095651 -22.082596 211915624977.000000
0.078857 -0.861084 -0.487793 -3.538096 -24.156652 -21.289575 211915626784.000000
0.068115 -0.866211 -0.489990 -3.843104 -23.912646 -20.862563 211915628586.000000
0.050293 -0.868408 -0.486816 -3.904105 -24.583664 -20.557555 211915630389.000000
0.046143 -0.872314 -0.481445 -3.965107 -24.583664 -20.252547 211915632191.000000
0.040283 -0.871826 -0.475342 -3.843104 -24.766669 -19.642530 211915633994.000000
0.031982 -0.875244 -0.474609 -3.599097 -24.888672 -19.398524 211915635799.000000
0.028076 -0.883789 -0.474121 -3.172086 -25.376685 -18.727506 211915637601.000000
0.034668 -0.887451 -0.473877 -3.172086 -25.559690 -18.544501 211915639404.000000
0.034180 -0.889404 -0.472900 -2.867077 -25.803697 -18.239492 211915641205.000000
0.038574 -0.888184 -0.478027 -2.745074 -25.803697 -17.873483 211915643008.000000
0.049072 -0.893311 -0.483398 -2.745074 -25.193680 -17.385469 211915644810.000000
0.050537 -0.891602 -0.478760 -2.440066 -25.132679 -17.141463 211915646613.000000
0.053467 -0.888184 -0.481445 -2.440066 -24.766669 -16.653450 211915648417.000000
0.056641 -0.885986 -0.484863 -2.440066 -24.583664 -16.287440 211915650219.000000
0.064453 -0.889404 -0.476074 -2.257061 -23.729641 -15.738425 211915652023.000000
0.067871 -0.890381 -0.477295 -1.952053 -23.363631 -15.128408 211915653824.000000
0.072998 -0.885986 -0.479248 -2.013054 -23.058623 -14.762399 211915655629.000000
0.079590 -0.886719 -0.473633 -1.891051 -22.509608 -14.274385 211915657430.000000
0.079102 -0.890381 -0.472656 -1.708046 -21.899591 -13.725371 211915659232.000000
0.085449 -0.893799 -0.479248 -1.525041 -21.350576 -13.237357 211915661036.000000
0.095947 -0.897217 -0.489746 -1.525041 -20.496553 -12.871348 211915662839.000000
0.092773 -0.896484 -0.482666 -1.403038 -19.825535 -12.505338 211915664643.000000
0.100342 -0.896484 -0.490234 -1.708046 -19.154517 -11.895321 211915666445.000000
0.096191 -0.893799 -0.484131 -1.830049 -18.300494 -11.651315 211915668247.000000
0.093994 -0.895264 -0.486328 -1.647044 -17.873483 -11.163301 211915670050.000000
0.090576 -0.887207 -0.477783 -2.135058 -17.019460 -11.041298 211915671852.000000
0.088135 -0.883301 -0.478271 -1.952053 -16.775453 -10.553285 211915673654.000000
0.081543 -0.884277 -0.480713 -2.074056 -16.348441 -10.370280 211915675460.000000
0.075928 -0.883545 -0.480469 -1.891051 -15.738425 -10.004270 211915677260.000000
0.071533 -0.879639 -0.481689 -2.074056 -15.311413 -10.004270 211915679062.000000
0.067871 -0.876709 -0.485840 -2.440066 -14.823400 -9.577259 211915680864.000000
0.062744 -0.869629 -0.490479 -2.745074 -14.762399 -9.333252 211915682667.000000
0.054688 -0.867920 -0.484619 -3.050082 -14.396389 -8.967242 211915684469.000000
0.054688 -0.866943 -0.488281 -3.538096 -14.091380 -9.272250 211915686276.000000
0.047363 -0.867188 -0.489502 -3.477094 -14.030379 -9.272250 211915688078.000000
0.041504 -0.859375 -0.490234 -3.965107 -13.481364 -9.089245 211915689880.000000
0.035889 -0.864990 -0.498779 -4.148112 -13.664369 -9.150247 211915691683.000000
0.025146 -0.854980 -0.493408 -4.514122 -13.115354 -8.967242 211915693485.000000
0.019775 -0.848145 -0.492188 -4.575124 -13.054352 -8.967242 211915695291.000000
0.003418 -0.851074 -0.492920 -4.880132 -13.908376 -8.906240 211915697093.000000
0.012207 -0.858887 -0.503662 -4.941133 -13.115354 -9.272250 211915698896.000000
0.007080 -0.850098 -0.489258 -5.246142 -13.359361 -9.333252 211915700698.000000
0.003662 -0.846680 -0.500488 -5.124138 -13.298359 -9.516257 211915702499.000000
0.002686 -0.846680 -0.492188 -5.307143 -13.298359 -9.760264 211915704305.000000
-0.003174 -0.841309 -0.499023 -5.490148 -13.298359 -9.760264 211915706109.000000
-0.001953 -0.837402 -0.510986 -5.673153 -13.298359 -9.882267 211915707911.000000
-0.007080 -0.837646 -0.507080 -5.978161 -13.237357 -10.065272 211915709725.000000
-0.007813 -0.835205 -0.513672 -6.100165 -12.749344 -10.248277 211915711531.000000
-0.004639 -0.838135 -0.511719 -6.283170 -12.566339 -10.492283 211915713333.000000
-0.008545 -0.835205 -0.514160 -6.649180 -12.627341 -10.797292 211915715139.000000
0.000000 -0.840576 -0.519531 -6.771183 -12.139328 -10.980296 211915716943.000000
-0.003906 -0.835449 -0.539551 -6.954188 -11.407308 -11.224303 211915718749.000000
-0.007568 -0.836426 -0.537354 -7.015189 -11.346306 -11.285305 211915720556.000000
-0.008789 -0.840820 -0.543457 -7.137193 -11.285305 -11.407308 211915722358.000000
-0.010498 -0.842041 -0.543457 -7.198194 -11.102300 -11.529311 211915724161.000000
-0.017334 -0.838135 -0.541504 -6.832184 -10.492283 -11.712316 211915725965.000000
-0.025879 -0.832031 -0.540283 -6.771183 -10.675288 -11.651315 211915727769.000000
-0.025879 -0.825684 -0.548096 -6.344171 -10.736290 -11.529311 211915729570.000000
-0.027832 -0.827881 -0.542725 -6.344171 -10.797292 -11.834320 211915731373.000000
-0.030273 -0.825684 -0.539063 -6.283170 -10.736290 -11.651315 211915733176.000000
-0.035889 -0.822998 -0.539551 -6.222168 -11.041298 -11.773318 211915734978.000000
-0.039795 -0.824463 -0.540039 -5.917160 -11.224303 -11.712316 211915736784.000000
-0.039307 -0.823730 -0.543945 -5.673153 -11.529311 -11.529311 211915738586.000000
-0.042969 -0.826660 -0.548340 -5.551150 -11.712316 -11.346306 211915740389.000000
-0.040283 -0.828369 -0.543701 -5.429147 -11.834320 -11.895321 211915742190.000000
-0.041504 -0.832764 -0.549316 -5.063137 -12.627341 -11.895321 211915743991.000000
-0.033447 -0.830566 -0.549316 -4.819130 -12.261331 -12.078326 211915745799.000000
-0.031494 -0.827148 -0.548340 -4.392119 -12.261331 -11.895321 211915747603.000000
-0.020996 -0.831055 -0.544434 -4.453120 -12.261331 -11.773318 211915749404.000000
-0.021973 -0.830322 -0.548584 -4.026109 -12.017324 -11.834320 211915751206.000000
-0.027100 -0.830078 -0.550537 -3.904105 -12.139328 -12.261331 211915753008.000000
-0.027100 -0.831299 -0.549316 -3.965107 -12.383334 -12.078326 211915754811.000000
-0.021240 -0.833252 -0.546143 -3.843104 -12.261331 -12.017324 211915756615.000000
-0.013916 -0.831299 -0.548584 -3.904105 -12.566339 -11.773318 211915758417.000000
-0.011475 -0.829834 -0.548096 -3.477094 -12.261331 -11.468310 211915760221.000000
-0.010010 -0.832275 -0.550781 -3.416092 -12.139328 -11.712316 211915762024.000000
0.000732 -0.834961 -0.553711 -2.989081 -11.468310 -11.529311 211915763826.000000
0.007080 -0.829346 -0.557373 -2.867077 -11.163301 -10.980296 211915765631.000000
0.010742 -0.826172 -0.553955 -2.867077 -10.492283 -10.858293 211915767432.000000
0.013916 -0.828125 -0.554932 -2.623071 -10.309278 -10.431282 211915769233.000000
0.017822 -0.832031 -0.555420 -2.501068 -9.699262 -10.309278 211915771036.000000
0.024414 -0.833984 -0.553223 -2.379064 -9.638260 -10.126273 211915772838.000000
0.020996 -0.831543 -0.551514 -2.379064 -9.760264 -10.004270 211915774642.000000
0.020020 -0.832275 -0.544678 -2.379064 -9.577259 -9.577259 211915776445.000000
0.017578 -0.830322 -0.544189 -2.135058 -9.760264 -9.455255 211915778251.000000
0.018066 -0.828857 -0.551758 -2.318063 -9.455255 -9.211249 211915780054.000000
0.020752 -0.822510 -0.551270 -2.013054 -9.516257 -8.906240 211915781856.000000
0.022461 -0.822510 -0.545898 -2.135058 -9.211249 -8.662234 211915783661.000000
0.030762 -0.823242 -0.545410 -2.074056 -9.333252 -8.418227 211915785466.000000
0.031006 -0.822754 -0.542725 -1.891051 -9.028244 -8.357226 211915787268.000000
0.034912 -0.827637 -0.548584 -2.196059 -8.601232 -8.235222 211915789070.000000
0.041504 -0.826416 -0.544189 -2.440066 -8.113219 -7.869212 211915790872.000000
0.046143 -0.822510 -0.545410 -2.196059 -7.808211 -7.564204 211915792674.000000
0.051025 -0.831055 -0.547363 -2.196059 -7.320198 -7.320198 211915794476.000000
0.053711 -0.831299 -0.548340 -2.257061 -6.893186 -7.442201 211915796280.000000
0.057129 -0.832520 -0.543701 -2.257061 -6.405173 -7.137193 211915798083.000000
0.062500 -0.837402 -0.542969 -2.440066 -6.039163 -6.710181 211915799885.000000
0.064697 -0.841553 -0.535400 -2.257061 -5.795156 -6.588178 211915801688.000000
0.064209 -0.840088 -0.539795 -2.318063 -5.063137 -6.039163 211915803491.000000
0.069092 -0.839600 -0.540039 -2.257061 -4.575124 -5.917160 211915805294.000000
0.070068 -0.847656 -0.537842 -2.318063 -3.477094 -5.734155 211915807096.000000
0.068115 -0.849854 -0.538086 -2.135058 -3.599097 -5.551150 211915808902.000000
0.070557 -0.849365 -0.529541 -2.379064 -2.928079 -5.490148 211915810704.000000
0.074219 -0.850098 -0.536621 -2.318063 -2.623071 -5.124138 211915812506.000000
0.076660 -0.857178 -0.534424 -2.196059 -1.952053 -4.880132 211915814309.000000
0.071045 -0.855225 -0.534912 -2.074056 -1.464040 -4.697127 211915816113.000000
0.073242 -0.855469 -0.537354 -2.135058 -1.342036 -4.575124 211915817916.000000
0.077393 -0.855713 -0.526855 -1.891051 -1.098030 -4.087110 211915819718.000000
0.073486 -0.855469 -0.520020 -2.074056 -0.244007 -4.087110 211915821522.000000
0.072510 -0.854004 -0.525879 -2.196059 0.000000 -3.721100 211915823324.000000
0.075928 -0.852051 -0.529297 -1.769048 0.305008 -3.538096 211915825128.000000
0.070801 -0.851074 -0.527100 -2.074056 1.159031 -3.111084 211915826931.000000
0.070557 -0.846436 -0.527588 -1.830049 1.647044 -3.050082 211915828732.000000
0.067383 -0.851318 -0.528564 -1.769048 2.623071 -2.928079 211915830535.000000
0.064941 -0.853271 -0.530518 -1.891051 2.806076 -2.501068 211915832336.000000
0.061768 -0.855469 -0.526855 -1.464040 3.294089 -1.830049 211915834139.000000
0.054443 -0.856689 -0.526855 -1.098030 3.904105 -2.013054 211915835943.000000
0.048828 -0.857910 -0.528076 -1.159031 3.965107 -1.525041 211915837744.000000
0.045166 -0.858643 -0.517822 -1.342036 4.270115 -1.220033 211915839547.000000
0.035156 -0.861816 -0.516113 -0.793021 4.514122 -1.037028 211915841349.000000
0.037109 -0.861572 -0.518311 -1.037028 4.819130 -0.854023 211915843153.000000
0.030518 -0.858887 -0.524414 -1.037028 4.819130 -1.037028 211915844955.000000
0.027832 -0.855469 -0.520020 -0.671018 5.124138 -0.671018 211915846762.000000
0.021240 -0.860107 -0.524902 -1.220033 5.063137 -0.793021 211915848564.000000
0.026123 -0.855469 -0.528809 -1.342036 5.246142 -0.488013 211915850367.000000
0.024414 -0.852295 -0.527832 -1.403038 5.246142 -0.305008 211915852170.000000
0.023438 -0.850586 -0.533447 -1.342036 5.063137 -0.122003 211915853973.000000
0.029297 -0.852539 -0.528076 -1.403038 5.246142 -0.427012 211915855781.000000
0.024902 -0.842773 -0.524902 -1.464040 5.307143 -0.061002 211915857582.000000
0.027100 -0.846680 -0.533447 -1.403038 5.490148 -0.122003 211915859384.000000
0.026611 -0.845459 -0.537354 -1.525041 5.246142 -0.183005 211915861187.000000
0.026367 -0.844482 -0.540771 -1.281035 5.734155 -0.244007 211915862989.000000
0.030273 -0.837891 -0.539307 -1.708046 6.161166 -0.244007 211915864792.000000
0.031982 -0.840576 -0.553711 -1.403038 6.527176 -0.305008 211915866595.000000
0.026367 -0.843506 -0.539307 -1.525041 6.527176 -0.183005 211915868401.000000
0.028320 -0.840576 -0.545898 -1.342036 6.466175 -0.061002 211915870203.000000
0.028076 -0.845703 -0.545410 -1.403038 6.161166 -0.305008 211915872007.000000
0.022949 -0.844971 -0.550049 -1.464040 5.978161 -0.427012 211915873809.000000
0.022217 -0.837646 -0.545898 -1.281035 5.856158 -0.976026 211915875614.000000
0.027100 -0.836426 -0.550293 -1.464040 5.063137 -0.915025 211915877415.000000
0.027100 -0.833740 -0.552002 -1.830049 4.941133 -0.976026 211915879216.000000
0.024902 -0.828369 -0.552979 -1.769048 4.758128 -1.098030 211915881019.000000
0.028076 -0.829102 -0.563721 -2.013054 4.758128 -1.403038 211915882820.000000
0.030273 -0.825195 -0.565186 -2.501068 4.331117 -1.464040 211915884621.000000
0.036133 -0.825439 -0.570313 -2.440066 4.331117 -1.769048 211915886425.000000
0.036377 -0.825195 -0.567139 -2.440066 3.782102 -1.708046 211915888227.000000
0.029053 -0.820068 -0.577148 -2.379064 3.660099 -1.952053 211915890029.000000
0.026367 -0.807617 -0.578857 -2.562069 3.721100 -2.074056 211915891832.000000
0.017090 -0.808350 -0.575928 -2.440066 3.172086 -2.257061 211915893634.000000
0.009766 -0.800781 -0.577881 -2.135058 2.928079 -2.074056 211915895440.000000
0.006592 -0.799316 -0.575195 -2.440066 2.501068 -2.196059 211915897251.000000
-0.001465 -0.801514 -0.580811 -2.135058 1.830049 -2.318063 211915899054.000000
-0.005127 -0.800049 -0.581787 -2.074056 1.403038 -2.562069 211915900858.000000
-0.011475 -0.795166 -0.585449 -2.135058 1.037028 -2.562069 211915902661.000000
-0.004150 -0.799805 -0.590576 -1.342036 0.671018 -2.562069 211915904463.000000
-0.007568 -0.800293 -0.593994 -1.586043 0.122003 -2.440066 211915906268.000000
-0.007080 -0.804688 -0.586914 -1.159031 -0.122003 -2.135058 211915908073.000000
-0.007813 -0.804932 -0.594238 -1.098030 -0.122003 -2.440066 211915909875.000000
-0.007080 -0.808350 -0.602539 -1.037028 -0.488013 -2.135058 211915911677.000000
-0.010254 -0.805908 -0.593018 -0.671018 -0.305008 -2.257061 211915913480.000000
-0.001221 -0.810059 -0.599121 -0.488013 -0.610016 -2.074056 211915915285.000000
-0.002197 -0.810059 -0.600586 -0.122003 -0.732020 -2.074056 211915917087.000000
-0.002197 -0.801270 -0.592041 -0.183005 -0.732020 -2.196059 211915918889.000000
0.007324 -0.811768 -0.590332 0.671018 -0.549015 -2.013054 211915920690.000000
0.012451 -0.808594 -0.585693 0.671018 -0.305008 -2.318063 211915922492.000000
0.023926 -0.807617 -0.600342 1.281035 0.305008 -2.013054 211915924294.000000
0.027344 -0.806396 -0.592041 1.586043 0.427012 -2.074056 211915926096.000000
0.027344 -0.803467 -0.589600 1.769048 0.732020 -1.891051 211915927900.000000
0.038330 -0.804932 -0.579102 1.891051 1.159031 -1.891051 211915929704.000000
0.041992 -0.807617 -0.584717 2.440066 1.464040 -1.708046 211915931506.000000
0.046387 -0.810059 -0.586426 2.623071 2.196059 -1.708046 211915933308.000000
0.048828 -0.810303 -0.582031 2.806076 2.379064 -1.403038 211915935154.000000
0.055664 -0.806885 -0.582520 3.050082 3.355091 -1.281035 211915936958.000000
0.057129 -0.810547 -0.581787 3.172086 4.026109 -1.098030 211915939346.000000
0.062744 -0.810303 -0.586426 3.233087 4.819130 -0.854023 211915941172.000000
0.061768 -0.808350 -0.587158 3.355091 5.673153 -0.305008 211915942979.000000
0.064453 -0.813232 -0.588135 3.416092 6.588178 -0.244007 211915944782.000000
0.062744 -0.809570 -0.584229 3.477094 7.320198 -0.122003 211915946591.000000
0.058594 -0.805420 -0.587402 3.355091 7.686208 0.366010 211915948395.000000
0.057373 -0.808594 -0.589111 3.355091 8.235222 0.732020 211915950197.000000
0.055176 -0.805176 -0.584717 3.477094 8.662234 1.037028 211915951998.000000
0.052979 -0.806396 -0.580566 3.355091 9.333252 1.525041 211915953802.000000
0.051270 -0.797119 -0.581787 3.294089 9.699262 1.830049 211915955606.000000
0.046631 -0.800537 -0.581299 3.294089 10.004270 2.135058 211915957409.000000
0.046387 -0.794678 -0.576660 3.355091 10.126273 2.684072 211915959212.000000
0.048096 -0.789063 -0.577637 3.111084 10.675288 3.172086 211915961015.000000
0.050537 -0.787598 -0.583740 3.050082 10.980296 3.538096 211915962818.000000
0.048096 -0.788330 -0.594238 2.806076 11.468310 3.721100 211915964619.000000
0.045898 -0.789307 -0.592773 2.989081 12.322333 4.270115 211915966423.000000
0.048096 -0.790283 -0.591309 2.440066 12.688343 4.453120 211915968225.000000
0.039063 -0.791748 -0.595215 2.196059 12.810346 4.636125 211915970035.000000
0.033691 -0.794678 -0.591064 2.135058 13.054352 5.124138 211915971837.000000
0.025391 -0.790527 -0.591064 2.379064 13.237357 5.368145 211915973640.000000
0.015625 -0.793457 -0.589111 2.257061 13.481364 5.856158 211915975445.000000
0.011230 -0.798340 -0.584961 1.769048 13.542366 6.222168 211915977245.000000
0.013428 -0.802734 -0.583008 1.952053 13.481364 6.954188 211915979048.000000
0.011230 -0.806152 -0.596191 1.830049 13.664369 7.015189 211915980850.000000
0.013184 -0.811279 -0.602539 1.403038 13.542366 7.259196 211915982654.000000
0.014404 -0.812744 -0.602783 1.586043 13.847374 7.320198 211915984456.000000
0.012451 -0.815674 -0.598145 1.342036 13.908376 7.259196 211915986259.000000
0.012939 -0.817383 -0.597656 1.098030 13.725371 7.137193 211915988062.000000
0.014648 -0.813965 -0.608154 1.098030 13.542366 7.259196 211915989863.000000
0.011230 -0.813965 -0.607910 1.098030 13.664369 7.442201 211915991664.000000
0.008301 -0.811768 -0.597900 1.281035 13.542366 7.198194 211915993466.000000
0.011230 -0.812256 -0.595215 1.464040 13.237357 7.503203 211915995273.000000
0.010498 -0.810303 -0.597412 1.647044 13.176356 7.259196 211915997075.000000
0.013184 -0.811035 -0.592773 1.891051 12.932349 7.076191 211915998878.000000
0.012695 -0.821045 -0.589844 1.891051 13.054352 7.015189 211916000680.000000
0.011963 -0.816895 -0.584473 2.135058 12.871348 7.320198 211916002483.000000
0.017822 -0.817627 -0.586182 2.684072 12.627341 7.381199 211916004285.000000
0.018555 -0.821289 -0.589355 2.928079 12.505338 6.771183 211916006219.000000
0.022461 -0.819824 -0.586426 3.050082 12.078326 7.015189 211916009139.000000
0.027832 -0.818604 -0.578125 3.599097 12.078326 6.771183 211916012057.000000
0.029541 -0.817627 -0.577881 3.904105 12.017324 6.954188 211916014976.000000
0.037354 -0.820068 -0.576904 4.209114 11.956323 6.771183 211916017898.000000
0.036621 -0.823975 -0.578857 4.636125 12.322333 6.466175 211916020815.000000
0.044189 -0.828613 -0.575928 5.002135 12.200329 6.527176 211916023731.000000
0.042236 -0.832275 -0.573730 5.429147 12.017324 6.344171 211916026651.000000
0.040771 -0.836182 -0.564209 5.612152 11.895321 6.039163 211916029569.000000
0.037109 -0.841797 -0.569580 5.673153 11.773318 5.917160 211916032486.000000
0.035889 -0.838623 -0.560791 5.978161 11.224303 5.856158 211916035410.000000
0.035400 -0.837402 -0.556152 5.856158 10.980296 5.612152 211916038327.000000
0.030273 -0.838135 -0.556885 6.283170 10.248277 5.673153 211916041246.000000
0.030029 -0.832520 -0.555664 6.161166 10.065272 5.734155 211916044172.000000
0.025146 -0.832764 -0.547119 6.405173 9.211249 5.612152 211916047103.000000
0.028809 -0.829346 -0.544678 6.283170 8.784237 5.429147 211916050022.000000
0.033447 -0.825928 -0.538330 6.344171 8.235222 5.978161 211916052940.000000
0.038818 -0.834717 -0.543457 6.344171 8.296224 5.429147 211916055863.000000
0.043213 -0.841553 -0.550781 6.710181 8.235222 5.368145 211916058786.000000
0.044434 -0.843506 -0.543701 6.588178 8.357226 5.429147 211916061705.000000
0.051270 -0.852539 -0.541748 6.588178 8.479229 5.307143 211916064621.000000
0.046875 -0.848145 -0.540771 6.893186 8.418227 5.185140 211916067549.000000
0.049805 -0.849121 -0.534180 7.076191 8.174221 5.368145 211916070467.000000
0.047363 -0.838135 -0.532715 7.015189 8.235222 5.551150 211916073383.000000
0.056152 -0.836426 -0.531982 7.137193 8.174221 5.612152 211916076304.000000
0.057861 -0.837402 -0.536377 7.198194 8.601232 5.978161 211916079221.000000
0.061768 -0.840576 -0.523926 7.442201 8.723236 5.978161 211916082142.000000
0.064697 -0.846436 -0.526611 7.564204 9.455255 6.222168 211916085060.000000
0.074463 -0.854492 -0.528320 7.442201 9.577259 6.161166 211916088028.000000
0.072998 -0.857910 -0.529053 8.113219 10.248277 6.222168 211916090944.000000
0.079346 -0.867676 -0.528809 7.747209 10.736290 6.527176 211916093862.000000
0.070801 -0.873291 -0.526855 7.930214 11.102300 6.344171 211916096783.000000
0.074219 -0.877197 -0.528564 7.991216 11.529311 6.832184 211916099700.000000
0.076172 -0.875244 -0.524414 8.174221 11.712316 7.320198 211916102617.000000
0.071533 -0.877197 -0.526367 8.479229 12.444336 7.564204 211916105538.000000
0.076416 -0.872803 -0.525635 8.967242 12.078326 7.442201 211916108456.000000
0.077148 -0.873291 -0.522705 8.906240 12.261331 7.808211 211916111374.000000
0.079590 -0.870605 -0.523193 9.638260 12.322333 7.930214 211916114292.000000
0.077881 -0.873779 -0.532471 9.882267 12.505338 8.174221 211916117212.000000
0.077637 -0.866455 -0.537842 10.004270 12.566339 8.784237 211916120129.000000
0.084961 -0.864258 -0.549072 10.187275 12.932349 9.211249 211916123048.000000
0.081543 -0.862305 -0.558105 10.370280 13.176356 9.699262 211916125968.000000
0.092041 -0.854736 -0.561768 9.943268 14.152382 10.614287 211916128884.000000
0.094971 -0.843994 -0.568359 10.370280 15.189410 11.163301 211916131804.000000
0.098633 -0.832031 -0.571289 10.492283 16.287440 11.773318 211916134720.000000
0.100098 -0.815186 -0.578125 10.004270 17.507473 12.322333 211916137640.000000
0.094971 -0.797852 -0.578125 9.943268 18.788507 13.054352 211916140558.000000
0.086182 -0.790283 -0.570801 9.394254 19.886537 14.091380 211916143475.000000
0.072266 -0.785400 -0.567871 9.211249 21.167572 14.823400 211916146400.000000
0.064697 -0.777100 -0.565186 8.784237 22.143598 15.921430 211916149320.000000
0.060303 -0.771240 -0.561523 8.784237 23.119624 16.775453 211916152240.000000
0.048828 -0.773926 -0.561523 8.540231 23.790642 17.812481 211916155165.000000
0.043945 -0.776367 -0.564453 8.113219 25.071677 18.422497 211916158087.000000
0.034912 -0.788086 -0.566406 7.869212 26.047703 19.276520 211916161014.000000
0.021729 -0.799561 -0.566406 8.113219 26.291710 19.703532 211916163932.000000
0.020752 -0.806152 -0.561035 7.747209 26.962728 20.435552 211916166860.000000
0.013672 -0.817627 -0.565918 8.052217 27.389740 20.618557 211916169778.000000
0.011719 -0.833984 -0.560059 8.296224 27.877753 21.167572 211916172694.000000
0.015869 -0.844482 -0.550293 9.150247 28.548771 21.106570 211916175626.000000
0.014648 -0.859863 -0.540771 10.065272 28.731776 21.350576 211916178548.000000
0.017578 -0.876709 -0.529053 10.675288 28.670774 21.411578 211916181465.000000
0.011963 -0.883301 -0.518799 11.773318 28.792777 21.045568 211916184382.000000
0.010254 -0.890137 -0.513916 12.383334 28.670774 21.106570 211916187310.000000
0.019531 -0.894775 -0.509033 13.054352 28.365766 21.167572 211916190226.000000
0.024414 -0.895264 -0.494385 13.481364 27.633746 21.167572 211916193143.000000
0.034424 -0.893555 -0.494385 13.664369 28.121759 21.045568 211916196062.000000
0.034668 -0.886230 -0.493164 13.908376 27.999756 20.923565 211916198982.000000
0.040527 -0.874512 -0.491211 13.603367 28.060758 20.984567 211916201900.000000
0.039307 -0.860596 -0.497070 13.420362 28.060758 20.862563 211916204817.000000
0.038086 -0.848145 -0.501709 12.871348 27.877753 21.167572 211916207767.000000
0.038086 -0.833984 -0.495850 12.200329 27.816751 21.228573 211916210685.000000
0.027832 -0.826660 -0.500000 11.712316 27.267736 21.228573 211916213603.000000
0.022217 -0.828613 -0.498779 11.102300 26.657720 21.777588 211916216560.000000
0.017090 -0.828125 -0.503418 10.553285 26.657720 22.021595 211916219478.000000
0.011719 -0.826660 -0.509277 9.882267 25.864698 21.960593 211916222397.000000
0.001465 -0.821777 -0.513184 9.333252 25.254682 22.387604 211916225317.000000
-0.011963 -0.821533 -0.525879 7.930214 23.729641 22.875618 211916233038.000000
-0.020996 -0.815918 -0.532959 6.954188 23.180626 23.058623 211916236221.000000
-0.020508 -0.817139 -0.542725 6.405173 22.509608 22.570609 211916239187.000000
-0.017578 -0.811035 -0.544189 6.039163 22.204600 22.692613 211916242114.000000
-0.013916 -0.812500 -0.548584 5.551150 21.960593 22.509608 211916245189.000000
-0.014648 -0.818604 -0.554443 5.734155 21.899591 21.899591 211916248204.000000
-0.008545 -0.820313 -0.553955 5.429147 21.777588 21.777588 211916251122.000000
-0.002441 -0.819092 -0.554688 5.673153 21.899591 21.167572 211916254040.000000
0.001221 -0.824951 -0.559082 5.734155 22.021595 20.923565 211916256958.000000
0.009033 -0.830811 -0.560791 5.917160 22.204600 20.557555 211916259875.000000
0.011475 -0.833984 -0.555420 6.100165 22.326603 20.313548 211916262786.000000
0.017334 -0.838379 -0.563721 6.100165 22.692613 20.069542 211916265699.000000
0.020508 -0.838379 -0.550293 6.588178 22.997621 19.947539 211916268642.000000
0.018066 -0.847168 -0.554932 6.832184 22.570609 19.215519 211916271561.000000
0.020508 -0.850342 -0.556152 7.442201 22.997621 19.337522 211916274471.000000
0.019287 -0.848633 -0.548340 7.686208 22.753614 18.910511 211916277384.000000
0.024170 -0.857422 -0.551270 8.235222 22.448606 18.849509 211916280305.000000
0.022461 -0.857666 -0.546143 9.028244 22.448606 18.361496 211916283215.000000
0.025635 -0.863770 -0.542236 9.516257 22.204600 17.751479 211916286127.000000
0.028320 -0.869873 -0.535645 10.065272 21.777588 17.568474 211916289046.000000
0.032471 -0.880615 -0.525635 11.041298 21.594583 16.958458 211916291957.000000
0.036133 -0.879883 -0.520996 11.529311 21.228573 16.470445 211916294867.000000
0.043701 -0.880615 -0.519775 12.322333 21.228573 16.165436 211916297791.000000
0.043213 -0.882813 -0.518555 12.810346 20.801562 15.860428 211916300726.000000
0.040283 -0.877441 -0.509521 13.237357 20.923565 15.616422 211916303639.000000
0.046143 -0.866943 -0.501709 13.664369 20.923565 15.006405 211916306682.000000
0.030762 -0.871338 -0.496826 13.908376 20.740560 15.494418 211916309120.000000
0.033203 -0.881348 -0.509521 13.969377 19.947539 15.555420 211916310925.000000
0.046387 -0.882568 -0.500732 13.969377 19.154517 15.677423 211916312730.000000
0.046387 -0.878418 -0.507568 13.847374 18.971512 15.616422 211916314533.000000
0.042969 -0.873291 -0.503906 14.152382 18.605502 15.860428 211916316342.000000
0.042725 -0.869629 -0.510010 13.542366 18.300494 15.616422 211916318150.000000
0.044434 -0.868896 -0.508301 13.359361 18.117489 15.921430 211916319953.000000
0.044678 -0.870361 -0.509521 13.054352 17.751479 16.043433 211916321757.000000
0.042969 -0.865479 -0.512939 12.932349 17.751479 15.921430 211916323561.000000
0.044434 -0.859375 -0.520264 12.749344 17.568474 15.738425 211916325367.000000
0.044434 -0.855225 -0.525635 12.200329 17.385469 16.104435 211916327174.000000
0.046387 -0.852295 -0.524170 12.078326 17.385469 16.226438 211916328980.000000
0.043457 -0.857178 -0.526611 11.590313 17.202464 16.165436 211916330789.000000
0.042725 -0.852051 -0.528320 11.224303 17.019460 16.226438 211916332592.000000
0.042236 -0.851563 -0.530518 11.163301 16.958458 16.531446 211916334397.000000
0.037598 -0.842041 -0.529541 10.736290 17.019460 16.470445 211916336206.000000
0.036621 -0.842773 -0.527588 10.553285 17.019460 16.714451 211916338010.000000
0.031006 -0.838379 -0.521729 10.553285 16.348441 16.897456 211916339814.000000
0.031006 -0.842773 -0.524170 10.553285 16.287440 16.836455 211916341617.000000
0.028564 -0.840088 -0.520752 10.248277 16.043433 17.141463 211916343424.000000
0.025635 -0.839600 -0.531738 10.248277 15.982432 17.141463 211916345231.000000
0.027100 -0.839111 -0.525879 10.248277 15.494418 17.385469 211916347035.000000
0.024658 -0.841064 -0.524414 10.187275 15.311413 17.324468 211916348837.000000
0.030762 -0.843750 -0.531494 10.187275 15.555420 17.446471 211916350644.000000
0.030762 -0.848145 -0.533203 10.004270 15.189410 17.629476 211916352447.000000
0.028809 -0.843262 -0.529785 10.065272 15.128408 17.446471 211916354278.000000
0.025146 -0.846680 -0.530762 9.760264 14.945404 17.507473 211916356343.000000
0.023193 -0.850830 -0.528564 9.760264 15.128408 17.568474 211916358482.000000
0.020020 -0.854736 -0.529785 9.821265 14.884402 17.202464 211916360393.000000
0.018311 -0.854980 -0.531494 9.516257 15.189410 17.629476 211916362197.000000
0.014893 -0.856689 -0.526123 9.699262 15.189410 17.324468 211916363999.000000
0.008301 -0.862305 -0.522705 9.699262 14.884402 17.385469 211916365820.000000
0.008057 -0.865234 -0.515625 9.821265 14.701397 17.568474 211916367621.000000
0.004395 -0.869873 -0.518311 9.638260 14.396389 17.507473 211916369422.000000
0.000732 -0.867920 -0.516113 9.882267 14.152382 17.507473 211916371223.000000
0.000977 -0.874268 -0.519043 9.638260 13.542366 17.385469 211916373027.000000
-0.005859 -0.879395 -0.513672 9.577259 13.054352 17.446471 211916374825.000000
-0.006592 -0.881836 -0.509521 9.699262 12.810346 17.507473 211916376626.000000
-0.003906 -0.878662 -0.502930 9.638260 12.444336 17.080461 211916378424.000000
-0.008301 -0.886719 -0.511963 9.394254 12.017324 16.958458 211916380222.000000
-0.008301 -0.889648 -0.505859 9.272250 11.407308 16.348441 211916382019.000000
-0.006348 -0.889404 -0.490967 9.150247 11.163301 16.226438 211916383816.000000
-0.009033 -0.888428 -0.497803 8.845239 10.492283 16.165436 211916385615.000000
-0.006104 -0.884277 -0.491455 8.723236 10.004270 15.555420 211916387413.000000
-0.005615 -0.884521 -0.490234 8.479229 9.638260 15.067407 211916389210.000000
-0.004639 -0.881836 -0.484375 8.418227 9.150247 14.823400 211916391007.000000
-0.002197 -0.878174 -0.484619 8.235222 8.906240 14.640395 211916392804.000000
-0.000977 -0.876953 -0.490967 7.930214 8.235222 14.030379 211916394601.000000
0.006592 -0.876709 -0.485107 7.869212 7.625206 13.603367 211916396531.000000
0.007080 -0.872803 -0.481934 7.869212 7.137193 13.420362 211916398335.000000
0.011230 -0.867676 -0.480469 7.930214 7.198194 12.932349 211916400133.000000
0.016357 -0.866455 -0.475586 7.503203 6.771183 12.688343 211916401930.000000
0.021973 -0.864746 -0.472900 7.503203 6.344171 12.200329 211916403733.000000
0.024902 -0.866699 -0.475342 7.686208 5.978161 11.895321 211916405533.000000
0.029541 -0.864502 -0.470703 7.320198 5.795156 11.285305 211916407330.000000
0.034912 -0.869141 -0.472168 7.198194 5.673153 11.407308 211916409127.000000
0.039551 -0.868408 -0.477539 7.503203 5.856158 10.858293 211916410924.000000
0.041016 -0.872070 -0.481689 7.076191 5.978161 10.675288 211916412726.000000
0.047363 -0.871338 -0.480713 6.832184 6.039163 10.614287 211916414523.000000
0.053223 -0.874512 -0.477783 6.893186 6.466175 10.309278 211916416320.000000
0.056641 -0.875732 -0.485596 6.649180 6.588178 10.187275 211916418118.000000
0.058594 -0.879883 -0.490234 6.344171 7.015189 10.248277 211916419914.000000
0.059082 -0.880615 -0.488770 6.649180 7.076191 9.699262 211916421715.000000
0.058350 -0.876465 -0.496582 6.222168 7.869212 9.638260 211916423512.000000
0.054932 -0.879639 -0.488525 5.856158 8.174221 9.943268 211916425311.000000
0.055176 -0.875977 -0.489502 6.039163 8.296224 9.699262 211916427111.000000
0.053467 -0.874268 -0.492920 6.039163 8.784237 9.821265 211916428908.000000
0.046875 -0.878662 -0.494141 6.161166 8.906240 9.882267 211916430706.000000
0.048340 -0.882080 -0.491455 6.039163 9.455255 10.004270 211916432506.000000
0.042480 -0.884033 -0.484131 6.344171 9.699262 10.126273 211916434302.000000
0.041748 -0.882568 -0.493896 6.344171 9.882267 10.370280 211916436100.000000
0.043457 -0.885010 -0.495361 6.649180 10.126273 10.675288 211916437905.000000
0.040771 -0.883545 -0.480713 6.588178 10.431282 10.797292 211916439702.000000
0.041504 -0.887695 -0.486328 6.710181 10.797292 10.919295 211916441506.000000
0.039063 -0.888916 -0.488770 6.954188 11.224303 11.041298 211916443304.000000
0.035645 -0.894287 -0.486572 7.198194 11.590313 11.102300 211916445101.000000
0.038574 -0.895752 -0.484375 7.320198 11.529311 11.224303 211916446926.000000
0.037598 -0.890137 -0.495605 7.503203 12.444336 11.712316 211916448727.000000
0.020264 -0.887451 -0.486328 7.625206 12.505338 11.956323 211916450531.000000
0.024902 -0.889404 -0.495117 7.625206 12.749344 12.261331 211916452331.000000
0.020508 -0.891113 -0.483643 7.869212 13.237357 12.444336 211916454136.000000
0.015381 -0.894287 -0.487793 7.869212 12.932349 12.932349 211916455938.000000
0.013916 -0.896973 -0.487305 8.479229 13.115354 13.298359 211916457738.000000
0.008057 -0.893066 -0.479980 8.479229 13.176356 13.237357 211916459538.000000
0.010254 -0.894531 -0.488525 8.357226 12.871348 13.603367 211916461342.000000
0.006348 -0.891846 -0.476563 8.235222 12.810346 13.969377 211916463143.000000
0.002930 -0.889648 -0.475342 8.296224 12.871348 13.847374 211916464944.000000
0.005615 -0.888184 -0.473633 8.235222 12.566339 13.725371 211916466750.000000
0.002930 -0.888916 -0.473633 7.869212 12.261331 14.091380 211916468551.000000
0.006104 -0.891357 -0.471680 7.991216 11.895321 14.213384 211916470356.000000
0.005127 -0.891846 -0.471191 8.052217 11.529311 13.725371 211916472155.000000
0.003662 -0.890625 -0.465332 7.686208 11.468310 13.786372 211916473955.000000
0.010986 -0.887695 -0.472656 7.686208 11.163301 13.786372 211916475760.000000
0.011963 -0.888184 -0.475830 7.564204 10.797292 13.420362 211916477558.000000
0.014893 -0.882813 -0.480225 7.564204 10.614287 13.176356 211916479359.000000
0.013184 -0.881104 -0.476807 7.137193 10.919295 13.420362 211916481161.000000
0.000732 -0.873535 -0.474121 7.198194 10.187275 13.298359 211916482961.000000
0.011230 -0.870361 -0.487793 6.649180 10.065272 13.176356 211916484762.000000
0.002686 -0.865723 -0.481689 6.405173 9.882267 13.115354 211916486564.000000
0.007080 -0.859619 -0.481201 6.161166 9.699262 13.115354 211916488367.000000
0.007080 -0.855713 -0.482910 6.100165 9.638260 13.176356 211916490171.000000
0.008057 -0.852051 -0.479736 5.795156 9.089245 13.237357 211916491972.000000
0.007080 -0.853516 -0.480469 5.673153 8.967242 13.420362 211916493783.000000
0.010010 -0.847412 -0.472412 5.795156 8.418227 13.298359 211916495588.000000
0.015381 -0.846680 -0.482422 5.795156 8.357226 13.237357 211916497386.000000
0.025146 -0.848633 -0.486084 6.039163 8.113219 13.237357 211916499186.000000
0.027588 -0.846191 -0.485840 6.161166 7.686208 12.810346 211916500989.000000
0.033447 -0.849609 -0.484375 5.978161 7.930214 12.871348 211916502786.000000
0.039307 -0.854980 -0.485840 6.039163 8.113219 12.932349 211916504583.000000
0.055176 -0.855469 -0.494873 6.344171 8.174221 13.176356 211916506379.000000
0.055420 -0.867188 -0.500732 6.405173 8.418227 12.810346 211916508178.000000
0.060791 -0.870117 -0.502686 6.283170 8.723236 13.054352 211916509976.000000
0.062744 -0.870850 -0.492676 6.588178 9.150247 12.871348 211916511779.000000
0.064453 -0.875000 -0.502441 6.588178 10.004270 12.932349 211916513576.000000
0.070313 -0.878906 -0.511719 6.649180 10.553285 13.359361 211916515374.000000
0.069336 -0.876709 -0.512207 6.649180 11.163301 13.542366 211916517172.000000
0.067627 -0.879395 -0.515625 6.649180 11.773318 13.664369 211916518969.000000
0.067871 -0.876465 -0.515625 6.649180 11.956323 14.030379 211916520767.000000
0.059814 -0.878174 -0.516113 6.710181 12.505338 14.152382 211916522565.000000
0.056152 -0.874756 -0.508545 6.954188 12.993351 14.823400 211916524363.000000
0.048828 -0.877930 -0.513184 6.832184 13.481364 14.762399 211916526160.000000
0.048096 -0.882080 -0.515137 7.015189 13.542366 15.372415 211916527958.000000
0.048828 -0.880371 -0.511475 7.076191 13.542366 15.677423 211916529755.000000
0.040283 -0.877930 -0.507324 7.137193 13.786372 15.616422 211916531552.000000
0.042480 -0.877686 -0.511475 7.320198 13.420362 15.799427 211916533350.000000
0.046143 -0.879150 -0.507324 7.625206 14.152382 15.799427 211916535148.000000
0.043457 -0.876465 -0.507568 7.137193 14.091380 16.043433 211916536947.000000
0.035156 -0.873291 -0.506348 7.259196 14.396389 15.982432 211916538744.000000
0.035156 -0.871582 -0.503662 7.076191 14.762399 15.921430 211916540540.000000
0.031006 -0.868408 -0.507324 7.442201 14.396389 15.921430 211916542338.000000
0.017090 -0.864502 -0.506592 7.198194 14.640395 15.860428 211916544138.000000
0.013916 -0.863037 -0.507080 7.015189 14.640395 16.287440 211916545941.000000
0.002197 -0.860352 -0.509766 7.015189 14.701397 16.226438 211916547743.000000
-0.005371 -0.854736 -0.504395 6.893186 14.396389 16.470445 211916549544.000000
-0.013428 -0.854736 -0.509521 6.649180 13.969377 16.775453 211916551349.000000
-0.021484 -0.849365 -0.511719 6.222168 13.664369 16.897456 211916553150.000000
-0.025146 -0.850342 -0.505615 6.100165 13.176356 17.080461 211916554954.000000
-0.025635 -0.849854 -0.500244 5.917160 12.688343 17.019460 211916556764.000000
-0.031494 -0.851318 -0.494629 5.734155 12.566339 17.019460 211916558566.000000
-0.038086 -0.841309 -0.485840 5.368145 11.407308 16.958458 211916560367.000000
-0.034912 -0.843018 -0.494141 5.185140 10.797292 16.958458 211916562167.000000
-0.037354 -0.842285 -0.482910 4.941133 10.004270 16.470445 211916563971.000000
-0.042725 -0.842773 -0.489014 4.392119 9.211249 16.409443 211916565784.000000
-0.037109 -0.838379 -0.489502 4.209114 8.662234 16.165436 211916567583.000000
-0.033936 -0.834229 -0.490723 3.904105 7.747209 15.616422 211916569384.000000
-0.034424 -0.830078 -0.486328 3.660099 7.198194 15.128408 211916571184.000000
-0.031982 -0.831055 -0.483643 3.111084 6.527176 14.457390 211916572985.000000
-0.024170 -0.831299 -0.487061 2.867077 5.612152 14.518392 211916574786.000000
-0.020996 -0.831055 -0.490479 2.440066 5.185140 13.908376 211916576589.000000
-0.014404 -0.833252 -0.484619 1.952053 4.209114 12.993351 211916578389.000000
-0.004150 -0.838867 -0.489014 1.708046 3.416092 12.810346 211916580191.000000
0.001953 -0.843018 -0.489258 1.403038 2.806076 11.956323 211916581992.000000
0.009766 -0.852783 -0.495117 1.525041 1.891051 11.285305 211916583792.000000
0.020508 -0.864990 -0.496826 1.098030 1.464040 10.980296 211916585596.000000
0.033936 -0.873291 -0.484619 0.976026 0.549015 10.370280 211916587400.000000
0.050049 -0.875977 -0.499023 1.220033 0.610016 9.577259 211916589201.000000
0.055908 -0.877197 -0.505127 0.732020 0.488013 9.089245 211916591001.000000
0.068848 -0.883545 -0.506348 0.610016 0.671018 8.723236 211916592802.000000
0.071289 -0.889648 -0.515137 0.122003 0.671018 8.174221 211916594604.000000
0.075684 -0.890381 -0.517090 0.122003 0.793021 8.357226 211916596411.000000
0.081787 -0.896484 -0.507568 0.244007 0.793021 8.052217 211916598217.000000
0.080566 -0.901367 -0.514404 0.305008 0.732020 7.991216 211916600015.000000
0.080322 -0.904297 -0.504883 0.671018 0.854023 8.052217 211916601812.000000
0.083252 -0.911377 -0.502686 1.098030 0.610016 8.052217 211916603609.000000
0.088867 -0.913818 -0.491211 1.403038 0.549015 7.991216 211916605410.000000
0.090576 -0.919189 -0.491699 1.708046 0.671018 7.930214 211916607209.000000
0.091309 -0.918213 -0.488770 2.257061 0.244007 7.869212 211916609007.000000
0.098877 -0.915039 -0.476318 2.745074 0.122003 7.930214 211916610803.000000
0.101318 -0.913574 -0.477051 2.928079 -0.244007 7.930214 211916612605.000000
0.103760 -0.910645 -0.470459 3.355091 -0.061002 7.808211 211916614402.000000
0.106689 -0.911133 -0.476318 3.538096 -0.305008 7.259196 211916616199.000000
0.110352 -0.906738 -0.475342 3.660099 -0.366010 7.442201 211916617997.000000
0.109863 -0.906494 -0.468262 4.026109 -0.366010 7.686208 211916619797.000000
0.114990 -0.905518 -0.470947 4.209114 -0.366010 7.625206 211916621595.000000
0.109131 -0.908203 -0.471191 4.270115 -0.061002 7.747209 211916623391.000000
0.095947 -0.898926 -0.466797 4.514122 -0.732020 7.747209 211916625189.000000
0.095459 -0.899658 -0.472412 4.270115 -0.793021 7.991216 211916626987.000000
0.092773 -0.898193 -0.461914 4.636125 -0.793021 8.174221 211916628784.000000
0.085693 -0.897461 -0.467285 4.392119 -0.976026 8.418227 211916630584.000000
0.083496 -0.894287 -0.471680 4.270115 -1.159031 9.089245 211916632381.000000
0.081543 -0.896484 -0.477051 4.392119 -0.976026 9.638260 211916634177.000000
0.079590 -0.891602 -0.474609 4.270115 -1.220033 10.431282 211916635976.000000
0.079346 -0.886475 -0.477783 3.843104 -0.915025 11.041298 211916637781.000000
0.073730 -0.881836 -0.487305 3.721100 -0.671018 11.651315 211916639579.000000
0.067383 -0.879883 -0.492188 3.721100 -0.244007 12.322333 211916641376.000000
0.060303 -0.879883 -0.492188 3.294089 0.732020 13.542366 211916643173.000000
0.060059 -0.877441 -0.491211 2.745074 1.342036 14.091380 211916644971.000000
0.040039 -0.873535 -0.491699 2.867077 1.769048 15.372415 211916646772.000000
0.031982 -0.873291 -0.488525 3.111084 2.257061 16.104435 211916648574.000000
0.015381 -0.868408 -0.488525 3.050082 2.928079 17.019460 211916650375.000000
0.004395 -0.872314 -0.486816 3.172086 3.172086 17.690478 211916652177.000000
-0.003174 -0.869385 -0.487061 2.806076 3.660099 18.483499 211916653977.000000
-0.019287 -0.866211 -0.494629 2.379064 3.782102 19.154517 211916655782.000000
-0.028076 -0.859619 -0.498291 2.257061 3.843104 19.886537 211916657580.000000
-0.037354 -0.854980 -0.504395 1.708046 4.087110 20.618557 211916659380.000000
-0.049072 -0.846436 -0.509766 1.159031 4.209114 21.228573 211916661181.000000
-0.052246 -0.840332 -0.513428 1.098030 4.331117 21.899591 211916662982.000000
-0.061768 -0.834961 -0.516357 0.488013 4.575124 21.899591 211916664785.000000
-0.073730 -0.827881 -0.520996 0.000000 4.758128 22.265601 211916666592.000000
-0.081543 -0.823975 -0.520508 -0.671018 5.002135 22.692613 211916668394.000000
-0.087158 -0.821533 -0.520264 -1.098030 5.002135 22.448606 211916670194.000000
-0.094971 -0.821777 -0.516846 -1.037028 4.636125 22.326603 211916671998.000000
-0.095947 -0.818604 -0.520264 -1.647044 4.758128 22.509608 211916673799.000000
-0.102539 -0.812012 -0.527588 -1.891051 4.270115 22.021595 211916675603.000000
-0.097168 -0.817871 -0.532715 -1.952053 4.148112 21.777588 211916677407.000000
-0.097900 -0.819336 -0.537354 -2.684072 3.904105 21.472580 211916679208.000000
-0.096680 -0.822266 -0.539551 -2.806076 3.843104 20.740560 211916681008.000000
-0.093994 -0.822266 -0.541992 -3.538096 3.721100 20.008540 211916682809.000000
-0.089355 -0.824707 -0.550293 -3.782102 3.843104 19.581529 211916684609.000000
-0.078125 -0.821533 -0.552246 -4.148112 3.233087 18.788507 211916686415.000000
-0.074707 -0.829590 -0.562012 -4.209114 3.416092 18.300494 211916688215.000000
-0.068115 -0.828613 -0.552246 -4.636125 3.599097 17.629476 211916690016.000000
-0.063477 -0.832520 -0.558105 -4.392119 3.172086 16.531446 211916691816.000000
-0.056641 -0.828369 -0.556396 -4.758128 3.172086 15.921430 211916693617.000000
-0.045898 -0.834473 -0.554688 -4.758128 3.233087 15.250412 211916695420.000000
-0.042480 -0.842041 -0.550537 -4.575124 3.416092 14.457390 211916697218.000000
-0.033691 -0.839600 -0.555420 -4.392119 3.172086 14.030379 211916699017.000000
-0.032227 -0.837646 -0.558594 -4.148112 3.355091 13.359361 211916700815.000000
-0.025391 -0.836182 -0.548828 -4.331117 3.538096 12.871348 211916702613.000000
-0.022949 -0.837158 -0.546631 -4.148112 3.660099 12.383334 211916704409.000000
-0.020752 -0.838135 -0.541016 -3.599097 3.294089 12.017324 211916706207.000000
-0.018799 -0.844482 -0.540771 -3.538096 3.233087 11.712316 211916708004.000000
-0.016846 -0.844238 -0.537598 -3.355091 3.721100 11.651315 211916709808.000000
-0.014648 -0.842773 -0.534424 -2.623071 3.538096 11.407308 211916711605.000000
-0.017822 -0.843262 -0.523438 -2.562069 3.416092 11.407308 211916713402.000000
-0.016357 -0.847412 -0.520996 -1.952053 3.172086 11.285305 211916715203.000000
-0.019287 -0.845947 -0.505859 -1.342036 3.050082 11.529311 211916717002.000000
-0.016357 -0.846436 -0.507813 -1.037028 2.196059 11.773318 211916718800.000000
-0.017822 -0.849365 -0.501465 -0.488013 2.257061 11.712316 211916720597.000000
-0.021240 -0.855469 -0.497070 -0.244007 2.257061 11.773318 211916722394.000000
-0.018066 -0.858643 -0.490234 0.122003 1.647044 11.773318 211916724191.000000
-0.018555 -0.863525 -0.487793 0.366010 1.403038 12.017324 211916726022.000000
-0.013916 -0.868164 -0.487061 0.671018 1.220033 11.834320 211916727825.000000
-0.021484 -0.876221 -0.480713 0.610016 0.671018 11.895321 211916729622.000000
-0.026123 -0.879639 -0.485840 0.732020 0.854023 12.200329 211916731418.000000
-0.031982 -0.884766 -0.478760 0.549015 0.427012 12.200329 211916733216.000000
-0.032715 -0.897217 -0.479248 0.305008 0.000000 12.261331 211916735013.000000
-0.030518 -0.901123 -0.476563 0.366010 -0.244007 12.261331 211916736812.000000
-0.035156 -0.899902 -0.469727 -0.183005 -0.732020 12.261331 211916738610.000000
-0.042236 -0.910400 -0.479004 -0.732020 -1.098030 12.139328 211916740408.000000
-0.050293 -0.905273 -0.487549 -0.976026 -1.220033 12.444336 211916742205.000000
-0.058105 -0.896973 -0.481689 -1.708046 -1.525041 12.505338 211916744002.000000
-0.063965 -0.895264 -0.478760 -2.257061 -1.769048 12.444336 211916745802.000000
-0.077881 -0.894531 -0.474854 -2.562069 -1.952053 12.688343 211916747604.000000
-0.093506 -0.888916 -0.481689 -2.867077 -2.562069 12.810346 211916749406.000000
-0.104980 -0.884277 -0.474609 -3.355091 -3.050082 12.993351 211916751207.000000
-0.114746 -0.880127 -0.469238 -3.721100 -3.660099 13.176356 211916753008.000000
-0.120850 -0.875488 -0.469727 -3.599097 -4.148112 12.993351 211916754808.000000
-0.132324 -0.873779 -0.463379 -3.599097 -5.063137 13.237357 211916756615.000000
-0.140381 -0.861572 -0.457520 -3.660099 -6.039163 13.420362 211916758416.000000
-0.144775 -0.860352 -0.457520 -3.477094 -6.954188 13.237357 211916760218.000000
-0.145508 -0.860107 -0.449707 -3.294089 -7.686208 12.505338 211916762019.000000
-0.142822 -0.858643 -0.448730 -3.416092 -8.479229 12.444336 211916763820.000000
-0.141113 -0.857422 -0.462402 -3.477094 -9.089245 11.895321 211916765625.000000
-0.135986 -0.857178 -0.456543 -3.782102 -9.333252 11.407308 211916767425.000000
-0.134033 -0.862549 -0.462402 -3.965107 -10.004270 10.614287 211916769226.000000
-0.129883 -0.865479 -0.472900 -4.087110 -10.004270 10.126273 211916771026.000000
-0.131104 -0.866699 -0.476807 -4.209114 -10.614287 9.516257 211916772827.000000
-0.124756 -0.870117 -0.469482 -4.636125 -10.797292 8.845239 211916774629.000000
-0.122314 -0.875977 -0.466797 -4.514122 -10.858293 7.930214 211916776432.000000
-0.114014 -0.879395 -0.474121 -4.453120 -10.858293 7.442201 211916778234.000000
-0.108643 -0.883301 -0.481689 -4.819130 -11.285305 6.832184 211916780036.000000
-0.107178 -0.885010 -0.488037 -5.002135 -11.163301 6.039163 211916781835.000000
-0.103271 -0.886963 -0.486084 -5.063137 -11.407308 5.612152 211916783639.000000
-0.095947 -0.885742 -0.487549 -5.429147 -11.834320 4.697127 211916785444.000000
-0.090332 -0.882813 -0.491943 -5.734155 -11.651315 3.721100 211916787243.000000
-0.084229 -0.883545 -0.488037 -6.100165 -11.651315 3.172086 211916789045.000000
-0.083496 -0.886230 -0.490479 -6.161166 -11.773318 2.806076 211916790844.000000
-0.076660 -0.884033 -0.484863 -6.466175 -11.956323 2.074056 211916792655.000000
-0.072998 -0.883545 -0.488037 -6.344171 -12.139328 1.403038 211916794457.000000
-0.068604 -0.886230 -0.489014 -6.405173 -12.322333 0.671018 211916796264.000000
-0.062012 -0.882813 -0.493408 -6.466175 -12.017324 0.000000 211916798162.000000
-0.055420 -0.887451 -0.487793 -6.649180 -12.383334 -0.671018 211916799963.000000
-0.058838 -0.883545 -0.491455 -6.649180 -12.810346 -1.098030 211916801760.000000
-0.054932 -0.885742 -0.486328 -6.344171 -12.932349 -1.830049 211916803558.000000
-0.052490 -0.884521 -0.487793 -6.588178 -13.359361 -2.379064 211916805357.000000
-0.058350 -0.883057 -0.483398 -6.527176 -13.664369 -2.989081 211916807155.000000
-0.053711 -0.884521 -0.481934 -6.527176 -14.213384 -3.233087 211916808952.000000
-0.053467 -0.881836 -0.474365 -6.527176 -14.823400 -3.965107 211916810749.000000
-0.055664 -0.878174 -0.476807 -6.710181 -15.433417 -4.087110 211916812546.000000
-0.058838 -0.878174 -0.475830 -6.649180 -16.104435 -4.331117 211916814344.000000
-0.058105 -0.878174 -0.467285 -6.588178 -16.714451 -4.758128 211916816141.000000
-0.061523 -0.870605 -0.470703 -7.076191 -17.324468 -5.185140 211916817940.000000
-0.063232 -0.868164 -0.472412 -7.137193 -18.361496 -5.307143 211916819737.000000
-0.064453 -0.871094 -0.478516 -7.259196 -19.154517 -5.551150 211916821534.000000
-0.066406 -0.865234 -0.471436 -7.320198 -20.313548 -5.429147 211916823331.000000
-0.071533 -0.865234 -0.477295 -7.259196 -21.289575 -5.612152 211916825146.000000
-0.074463 -0.861816 -0.471924 -7.137193 -22.265601 -5.551150 211916826944.000000
-0.079102 -0.861572 -0.466797 -7.381199 -23.180626 -5.734155 211916828742.000000
-0.076416 -0.862793 -0.463135 -7.198194 -24.034649 -5.734155 211916830540.000000
-0.074707 -0.862305 -0.463135 -7.198194 -24.949674 -5.429147 211916832338.000000
-0.072754 -0.860107 -0.466064 -6.954188 -26.047703 -5.307143 211916834135.000000
-0.072021 -0.859863 -0.464600 -6.893186 -26.657720 -5.429147 211916835934.000000
-0.070801 -0.860596 -0.467529 -6.771183 -27.328738 -5.307143 211916837736.000000
-0.068604 -0.861816 -0.469971 -6.649180 -27.938754 -5.185140 211916839534.000000
-0.068359 -0.856689 -0.469727 -6.771183 -28.060758 -4.941133 211916841331.000000
-0.068604 -0.863037 -0.475342 -6.344171 -28.182761 -4.514122 211916843131.000000
-0.067139 -0.863770 -0.477051 -6.283170 -28.975782 -4.392119 211916844930.000000
-0.064453 -0.862549 -0.475830 -6.161166 -28.853779 -4.331117 211916846732.000000
-0.069824 -0.862061 -0.472900 -5.734155 -29.158787 -4.026109 211916848534.000000
-0.068848 -0.867432 -0.478027 -5.917160 -28.792777 -3.599097 211916850334.000000
-0.067871 -0.866699 -0.486084 -5.551150 -28.914781 -3.233087 211916852135.000000
-0.067383 -0.871826 -0.482178 -5.368145 -28.609772 -2.928079 211916853943.000000
-0.068115 -0.874512 -0.483154 -5.246142 -28.060758 -2.562069 211916855747.000000
-0.066406 -0.871582 -0.491455 -5.002135 -27.877753 -1.891051 211916857550.000000
-0.070801 -0.869629 -0.493408 -4.941133 -27.633746 -1.525041 211916859351.000000
-0.070801 -0.865234 -0.495361 -4.697127 -26.901726 -1.098030 211916861152.000000
-0.067871 -0.866699 -0.498047 -4.392119 -26.352712 -0.976026 211916862953.000000
-0.073242 -0.864502 -0.500488 -4.514122 -25.803697 -0.366010 211916864754.000000
-0.076172 -0.869141 -0.495850 -4.148112 -25.254682 -0.366010 211916866564.000000
-0.070557 -0.863037 -0.501221 -3.782102 -24.400659 -0.244007 211916868366.000000
-0.069824 -0.863770 -0.500000 -3.782102 -23.607637 0.061002 211916870167.000000
-0.071045 -0.861328 -0.503662 -3.416092 -22.570609 0.488013 211916871968.000000
-0.070801 -0.858887 -0.505615 -3.172086 -21.838590 0.488013 211916873769.000000
-0.069824 -0.859619 -0.508545 -3.294089 -20.862563 0.915025 211916875573.000000
-0.067627 -0.857422 -0.510742 -3.050082 -19.947539 0.915025 211916877372.000000
-0.065674 -0.853760 -0.514893 -2.867077 -18.971512 0.854023 211916879172.000000
-0.071533 -0.855957 -0.510010 -2.745074 -18.361496 0.915025 211916880972.000000
-0.069336 -0.855713 -0.510254 -2.684072 -17.324468 1.037028 211916882772.000000
-0.067627 -0.852051 -0.519775 -2.623071 -16.226438 0.915025 211916884573.000000
-0.070313 -0.852539 -0.516846 -2.928079 -15.677423 1.159031 211916886376.000000
-0.072021 -0.849121 -0.514404 -2.745074 -14.762399 0.915025 211916888177.000000
-0.072998 -0.846680 -0.516846 -2.806076 -14.152382 1.464040 211916889978.000000
-0.074219 -0.845703 -0.517578 -3.111084 -13.420362 0.854023 211916891777.000000
-0.072266 -0.843994 -0.519043 -3.050082 -12.871348 1.037028 211916893578.000000
-0.078125 -0.839355 -0.524658 -3.294089 -12.383334 1.220033 211916895383.000000
-0.080078 -0.841064 -0.516357 -3.294089 -11.895321 0.976026 211916897182.000000
-0.081055 -0.832520 -0.524902 -3.538096 -11.468310 1.220033 211916898986.000000
-0.085693 -0.835938 -0.524170 -3.599097 -11.163301 0.915025 211916900786.000000
-0.093262 -0.831055 -0.518311 -3.843104 -11.285305 0.976026 211916902584.000000
-0.095703 -0.833008 -0.518066 -3.843104 -11.163301 1.098030 211916904381.000000
-0.097412 -0.827148 -0.517334 -3.843104 -11.102300 0.793021 211916906179.000000
-0.100586 -0.825439 -0.519287 -3.721100 -11.529311 0.915025 211916907982.000000
-0.102539 -0.825928 -0.522461 -3.904105 -11.895321 0.854023 211916909787.000000
-0.102539 -0.826660 -0.515625 -4.148112 -12.017324 0.793021 211916911584.000000
-0.098877 -0.824951 -0.520264 -4.514122 -12.505338 0.366010 211916913381.000000
-0.098389 -0.828613 -0.517334 -4.453120 -13.115354 0.488013 211916915179.000000
-0.094238 -0.824219 -0.520996 -4.209114 -13.237357 0.305008 211916916977.000000
-0.094971 -0.826904 -0.519531 -4.636125 -13.603367 0.305008 211916918775.000000
-0.093506 -0.832275 -0.523438 -4.636125 -14.091380 -0.061002 211916920571.000000
-0.093994 -0.829102 -0.527344 -4.819130 -14.518392 -0.427012 211916922369.000000
-0.093506 -0.832520 -0.523682 -4.941133 -14.640395 -0.427012 211916924166.000000
-0.092041 -0.829346 -0.527344 -4.758128 -14.884402 -0.610016 211916925964.000000
-0.092041 -0.829590 -0.525879 -4.575124 -15.250412 -0.610016 211916927761.000000
-0.090088 -0.835449 -0.531250 -5.002135 -15.616422 -0.366010 211916929560.000000
-0.090820 -0.835449 -0.532959 -5.124138 -15.738425 -0.366010 211916931356.000000
-0.086670 -0.838379 -0.535645 -4.819130 -15.921430 -0.488013 211916933154.000000
-0.088135 -0.835693 -0.533936 -4.880132 -16.226438 -0.305008 211916934951.000000
-0.090088 -0.835938 -0.532715 -5.185140 -16.348441 -0.061002 211916936749.000000
-0.091797 -0.839600 -0.534668 -4.941133 -16.470445 -0.244007 211916938548.000000
-0.093018 -0.841309 -0.531250 -5.002135 -16.653450 0.000000 211916940345.000000
-0.090088 -0.841309 -0.538818 -4.941133 -16.836455 0.305008 211916942143.000000
-0.087891 -0.838135 -0.536133 -4.758128 -17.141463 0.488013 211916943941.000000
-0.089355 -0.839355 -0.533447 -4.453120 -17.446471 0.671018 211916945741.000000
-0.091064 -0.836670 -0.532471 -4.331117 -17.446471 0.549015 211916947542.000000
-0.088623 -0.838623 -0.539063 -3.721100 -17.141463 0.793021 211916949343.000000
-0.086182 -0.838379 -0.532959 -3.965107 -17.080461 0.976026 211916951144.000000
-0.089111 -0.838867 -0.531738 -3.599097 -17.202464 0.732020 211916952946.000000
-0.083984 -0.838867 -0.531738 -2.989081 -16.531446 1.281035 211916954747.000000
-0.084961 -0.836914 -0.538574 -3.050082 -16.165436 1.586043 211916956550.000000
-0.081543 -0.845215 -0.539795 -2.806076 -16.104435 1.403038 211916958356.000000
-0.077881 -0.845459 -0.536865 -2.440066 -15.799427 1.403038 211916960739.000000
-0.080811 -0.842285 -0.536133 -2.135058 -15.433417 2.074056 211916962566.000000
-0.087891 -0.843750 -0.537109 -1.830049 -14.823400 2.135058 211916964371.000000
-0.084473 -0.846436 -0.536621 -1.647044 -14.518392 2.196059 211916966186.000000
-0.084717 -0.843262 -0.536377 -1.342036 -14.213384 2.074056 211916967987.000000
-0.084473 -0.847412 -0.537354 -1.098030 -13.847374 2.257061 211916969789.000000
-0.087402 -0.843262 -0.535400 -0.793021 -13.481364 2.501068 211916971590.000000
-0.083984 -0.845459 -0.535889 -0.732020 -12.688343 2.623071 211916973392.000000
-0.085938 -0.844727 -0.534912 -0.366010 -12.505338 2.379064 211916975197.000000
-0.084473 -0.846191 -0.533691 -0.305008 -12.017324 2.562069 211916977000.000000
-0.082520 -0.847412 -0.533936 -0.122003 -11.651315 2.501068 211916978801.000000
-0.084229 -0.844482 -0.530518 0.122003 -11.041298 2.806076 211916980602.000000
-0.082275 -0.845215 -0.534912 0.244007 -10.797292 2.684072 211916982403.000000
-0.085693 -0.847168 -0.529053 0.122003 -10.492283 2.562069 211916984204.000000
-0.090820 -0.847656 -0.531494 0.366010 -9.882267 2.745074 211916986007.000000
-0.087891 -0.845459 -0.533691 0.488013 -9.272250 2.440066 211916987808.000000
-0.085938 -0.845459 -0.532715 0.610016 -9.333252 2.562069 211916989609.000000
-0.090088 -0.848145 -0.529053 0.915025 -8.967242 2.684072 211916991410.000000
-0.094727 -0.842285 -0.533691 0.976026 -8.845239 2.440066 211916993211.000000
-0.092529 -0.843262 -0.530273 0.915025 -8.296224 2.623071 211916995012.000000
-0.095459 -0.842285 -0.529541 1.037028 -7.991216 2.440066 211916996814.000000
-0.097656 -0.844482 -0.534668 1.159031 -7.625206 2.501068 211916998614.000000
-0.098877 -0.840576 -0.530273 1.281035 -7.625206 2.501068 211917000412.000000
-0.101563 -0.837646 -0.532227 1.220033 -7.259196 2.379064 211917002211.000000
-0.110352 -0.837891 -0.534180 1.281035 -7.442201 2.440066 211917004008.000000
-0.110352 -0.840576 -0.531494 1.403038 -7.320198 2.196059 211917005815.000000
-0.112793 -0.835938 -0.529541 1.281035 -7.503203 2.440066 211917007613.000000
-0.120117 -0.835938 -0.526367 1.037028 -7.564204 2.501068 211917009411.000000
-0.122314 -0.839111 -0.525635 1.220033 -7.747209 2.257061 211917011208.000000
-0.125977 -0.838135 -0.526367 1.525041 -8.235222 2.074056 211917013163.000000
-0.126465 -0.836182 -0.525391 1.586043 -8.723236 2.318063 211917016076.000000
-0.125488 -0.839844 -0.532715 1.586043 -8.845239 2.135058 211917018986.000000
-0.121826 -0.840576 -0.524902 1.525041 -9.150247 2.013054 211917021904.000000
-0.115723 -0.843018 -0.525146 1.525041 -9.699262 1.525041 211917024811.000000
-0.116455 -0.839111 -0.519043 1.525041 -9.699262 1.098030 211917027718.000000
-0.111816 -0.847900 -0.524658 1.708046 -10.065272 1.220033 211917030628.000000
