0.392334 -0.890381 0.323730 -13.542366 -5.002135 3.599097 101858125490.000000
0.393311 -0.892578 0.330078 -13.847374 -4.392119 3.782102 101858128401.000000
0.393066 -0.893066 0.320557 -13.847374 -4.453120 3.294089 101858131332.000000
0.393311 -0.897217 0.317627 -14.152382 -4.087110 3.782102 101858134345.000000
0.396729 -0.899902 0.329346 -14.091380 -4.087110 3.782102 101858136245.000000
0.397217 -0.902832 0.318848 -14.457390 -3.965107 3.721100 101858138045.000000
0.397461 -0.905029 0.331299 -14.579394 -3.721100 3.599097 101858139848.000000
0.399170 -0.905273 0.334473 -14.396389 -3.660099 3.721100 101858141649.000000
0.402588 -0.903076 0.323730 -14.518392 -3.477094 3.416092 101858143449.000000
0.401123 -0.901367 0.324463 -14.396389 -3.599097 3.721100 101858145251.000000
0.395508 -0.907959 0.321777 -14.396389 -3.416092 3.660099 101858147050.000000
0.403320 -0.907715 0.320313 -14.579394 -3.355091 3.721100 101858148852.000000
0.402344 -0.912598 0.323486 -14.579394 -2.928079 3.660099 101858150659.000000
0.401367 -0.915771 0.318604 -14.579394 -2.623071 3.843104 101858152463.000000
0.401611 -0.911133 0.319824 -14.701397 -2.684072 4.026109 101858154265.000000
0.402588 -0.911133 0.319092 -14.518392 -2.379064 4.148112 101858156072.000000
0.402588 -0.914307 0.318359 -14.762399 -2.440066 3.599097 101858157875.000000
0.405518 -0.911865 0.321045 -14.823400 -2.074056 3.965107 101858159679.000000
0.404053 -0.916260 0.322021 -14.579394 -2.013054 4.026109 101858161488.000000
0.404785 -0.912598 0.322510 -14.640395 -2.196059 3.965107 101858163296.000000
0.406494 -0.913086 0.315430 -14.640395 -2.074056 4.270115 101858165098.000000
0.407227 -0.915283 0.315430 -14.762399 -1.769048 4.453120 101858166903.000000
0.404053 -0.914307 0.312012 -14.823400 -1.769048 4.209114 101858168708.000000
0.400635 -0.909912 0.313232 -14.701397 -1.708046 4.087110 101858170511.000000
0.410400 -0.914795 0.314209 -14.640395 -1.647044 4.209114 101858172314.000000
0.407227 -0.911133 0.311279 -14.579394 -1.220033 4.209114 101858174118.000000
0.406982 -0.913086 0.310791 -14.579394 -1.342036 4.636125 101858175920.000000
0.404297 -0.916748 0.309082 -14.762399 -1.220033 4.575124 101858177723.000000
0.403564 -0.916748 0.314697 -14.518392 -1.220033 4.453120 101858179526.000000
0.407227 -0.916992 0.310547 -14.701397 -0.976026 4.575124 101858181328.000000
0.410156 -0.915527 0.309814 -14.579394 -0.854023 4.880132 101858183142.000000
0.410889 -0.914551 0.304688 -14.762399 -1.037028 5.002135 101858184975.000000
0.408936 -0.914551 0.302490 -14.884402 -0.671018 5.063137 101858186934.000000
0.402344 -0.916992 0.310791 -14.823400 -0.915025 5.002135 101858188906.000000
0.408447 -0.918945 0.307129 -14.640395 -0.610016 5.124138 101858190807.000000
0.406982 -0.918701 0.308105 -14.457390 -0.549015 5.185140 101858192664.000000
0.410156 -0.919922 0.309082 -14.762399 -0.366010 5.185140 101858194467.000000
0.408936 -0.916504 0.304443 -14.823400 -0.549015 5.490148 101858196269.000000
0.410645 -0.919189 0.309082 -14.579394 -0.366010 5.673153 101858198069.000000
0.406494 -0.923096 0.307373 -14.579394 0.183005 5.795156 101858199884.000000
0.412842 -0.916016 0.302246 -14.640395 -0.122003 5.612152 101858201686.000000
0.410645 -0.918945 0.308105 -14.701397 0.122003 5.795156 101858203488.000000
0.413330 -0.921387 0.311768 -14.762399 0.061002 5.978161 101858205288.000000
0.412842 -0.917236 0.302490 -14.396389 0.305008 5.978161 101858207095.000000
0.412842 -0.918945 0.306641 -14.396389 0.244007 5.856158 101858208901.000000
0.412598 -0.917480 0.296875 -14.396389 0.549015 6.283170 101858210702.000000
0.414551 -0.916260 0.300781 -14.579394 0.915025 6.649180 101858212504.000000
0.415039 -0.914551 0.302734 -14.457390 0.793021 6.527176 101858214309.000000
0.414551 -0.915771 0.296387 -14.396389 1.220033 6.710181 101858216117.000000
0.419678 -0.917480 0.299072 -14.640395 1.708046 6.832184 101858217917.000000
0.419434 -0.916748 0.297852 -14.579394 1.586043 6.893186 101858219720.000000
0.418945 -0.916748 0.295654 -14.640395 1.891051 7.198194 101858221521.000000
0.417480 -0.919922 0.298584 -14.518392 2.196059 7.320198 101858223323.000000
0.415039 -0.918945 0.291504 -14.518392 2.135058 7.625206 101858225124.000000
0.420166 -0.918945 0.296875 -14.518392 2.623071 7.503203 101858226925.000000
0.417236 -0.922119 0.295654 -14.335387 2.928079 7.686208 101858228729.000000
0.415039 -0.921387 0.293945 -14.396389 3.050082 7.991216 101858230531.000000
0.414551 -0.921875 0.296143 -14.335387 3.294089 8.235222 101858232332.000000
0.420166 -0.920654 0.292236 -14.152382 3.660099 8.174221 101858234132.000000
0.421387 -0.921143 0.297607 -14.152382 3.843104 8.235222 101858235937.000000
0.422852 -0.923096 0.291504 -14.579394 4.026109 8.784237 101858237739.000000
0.425049 -0.924805 0.293213 -14.335387 4.514122 8.540231 101858239543.000000
0.421143 -0.922119 0.301514 -14.091380 5.002135 8.845239 101858241345.000000
0.423584 -0.921631 0.290039 -14.335387 5.429147 9.211249 101858243152.000000
0.421631 -0.919922 0.294189 -14.396389 5.551150 9.272250 101858244960.000000
0.423828 -0.921875 0.290771 -14.213384 5.795156 9.516257 101858246763.000000
0.426758 -0.922363 0.293701 -14.030379 6.222168 9.333252 101858248567.000000
0.429932 -0.925049 0.292725 -13.786372 6.527176 9.882267 101858250375.000000
0.427246 -0.924316 0.288574 -13.847374 6.954188 9.882267 101858252177.000000
0.430664 -0.917480 0.293701 -14.030379 7.442201 10.004270 101858253979.000000
0.432129 -0.922607 0.286865 -13.969377 7.869212 10.004270 101858255785.000000
0.432373 -0.924316 0.285645 -14.030379 8.113219 10.370280 101858257586.000000
0.434326 -0.919434 0.283447 -13.725371 8.540231 10.309278 101858259389.000000
0.431885 -0.922119 0.289551 -13.542366 9.272250 10.553285 101858261190.000000
0.429199 -0.923096 0.286377 -13.725371 9.394254 10.675288 101858262992.000000
0.437500 -0.920898 0.284668 -13.969377 10.065272 10.919295 101858264798.000000
0.436768 -0.920654 0.282227 -13.481364 10.187275 10.736290 101858266599.000000
0.431641 -0.920410 0.276855 -13.420362 10.370280 10.858293 101858268403.000000
0.433350 -0.925049 0.274658 -13.481364 11.163301 11.224303 101858270211.000000
0.437012 -0.923096 0.282715 -13.115354 11.529311 11.285305 101858272012.000000
0.438721 -0.925049 0.277588 -13.359361 11.529311 11.285305 101858273815.000000
0.441162 -0.927002 0.277832 -13.237357 12.078326 11.529311 101858275621.000000
0.437256 -0.923828 0.275635 -13.054352 12.627341 11.407308 101858277423.000000
0.434814 -0.927246 0.281006 -13.237357 12.932349 11.407308 101858279232.000000
0.433105 -0.922852 0.281494 -13.115354 13.298359 11.468310 101858281034.000000
0.434814 -0.922363 0.269287 -12.871348 13.725371 11.346306 101858282836.000000
0.435303 -0.925537 0.274414 -12.749344 13.908376 11.407308 101858284638.000000
0.437012 -0.923340 0.269531 -12.688343 13.847374 11.590313 101858286439.000000
0.438477 -0.916260 0.272705 -12.566339 14.335387 11.224303 101858288241.000000
0.432861 -0.918213 0.275391 -12.139328 14.457390 11.224303 101858290046.000000
0.435303 -0.919434 0.269531 -12.139328 14.579394 11.468310 101858291850.000000
0.436523 -0.920166 0.269043 -12.200329 14.457390 11.407308 101858293652.000000
0.430420 -0.920410 0.267090 -11.773318 14.823400 11.102300 101858295459.000000
0.432861 -0.917236 0.270996 -11.529311 15.128408 11.285305 101858297262.000000
0.431396 -0.917969 0.275635 -11.468310 14.945404 11.651315 101858299067.000000
0.431396 -0.914307 0.263184 -11.468310 15.311413 11.102300 101858300871.000000
0.429199 -0.915283 0.264648 -11.346306 15.189410 11.041298 101858302676.000000
0.432129 -0.913330 0.263916 -11.224303 15.250412 10.980296 101858304478.000000
0.430176 -0.911865 0.262207 -10.919295 14.640395 10.797292 101858306279.000000
0.431641 -0.911865 0.256592 -10.614287 15.067407 10.736290 101858308081.000000
0.429443 -0.911621 0.260010 -10.797292 14.823400 10.309278 101858309892.000000
0.429443 -0.915039 0.259277 -10.553285 14.701397 10.126273 101858311696.000000
0.427734 -0.914063 0.255859 -10.126273 14.945404 10.309278 101858313498.000000
0.430176 -0.908203 0.251465 -10.065272 14.213384 10.431282 101858315299.000000
0.429688 -0.906738 0.246826 -10.004270 14.213384 9.821265 101858317102.000000
0.429932 -0.909912 0.264648 -9.760264 14.213384 9.760264 101858318905.000000
0.426270 -0.908936 0.250732 -9.638260 14.335387 9.821265 101858320707.000000
0.429443 -0.908447 0.254395 -9.394254 13.786372 9.577259 101858322509.000000
0.430664 -0.907959 0.250732 -9.150247 13.481364 8.967242 101858324310.000000
0.428467 -0.909180 0.260010 -8.845239 13.176356 9.089245 101858326117.000000
0.431641 -0.912598 0.259277 -8.723236 12.871348 8.967242 101858327921.000000
0.428955 -0.915039 0.256348 -8.662234 12.688343 8.845239 101858329723.000000
0.429199 -0.912109 0.257568 -8.418227 12.444336 8.296224 101858331525.000000
0.428223 -0.912354 0.256104 -8.357226 12.078326 8.296224 101858333325.000000
0.430420 -0.911865 0.247314 -7.930214 11.651315 8.235222 101858335127.000000
0.427490 -0.912842 0.246582 -7.930214 11.224303 7.747209 101858336929.000000
0.427734 -0.914063 0.249756 -7.442201 11.102300 7.686208 101858338733.000000
0.424561 -0.910645 0.246094 -7.381199 10.980296 7.381199 101858340536.000000
0.428955 -0.908203 0.246094 -7.198194 10.431282 7.259196 101858342343.000000
0.430664 -0.912598 0.243652 -7.076191 10.004270 6.771183 101858344145.000000
0.426758 -0.912598 0.244141 -6.710181 9.638260 6.771183 101858345946.000000
0.424805 -0.914307 0.244629 -6.710181 9.028244 6.344171 101858347751.000000
0.427734 -0.916016 0.242920 -6.283170 8.723236 5.978161 101858349555.000000
0.427490 -0.913574 0.248291 -6.222168 8.235222 5.734155 101858351359.000000
0.419922 -0.914795 0.240234 -6.100165 7.808211 5.246142 101858353161.000000
0.423584 -0.912598 0.247314 -5.856158 7.564204 5.124138 101858354964.000000
0.424561 -0.912109 0.240967 -5.551150 6.954188 4.880132 101858356766.000000
0.426270 -0.910400 0.237549 -5.551150 6.649180 4.636125 101858358569.000000
0.426758 -0.911377 0.238037 -5.429147 6.161166 4.697127 101858360371.000000
0.430664 -0.912842 0.239258 -5.124138 5.307143 4.270115 101858362173.000000
0.426514 -0.912842 0.237061 -4.819130 4.941133 3.904105 101858363979.000000
0.422852 -0.910889 0.235840 -4.697127 4.636125 3.721100 101858365781.000000
0.425049 -0.910645 0.241943 -4.697127 4.026109 3.294089 101858367584.000000
0.419922 -0.912109 0.241699 -4.392119 3.416092 3.233087 101858369395.000000
0.418945 -0.911621 0.239502 -4.087110 2.928079 2.806076 101858371197.000000
0.426025 -0.911133 0.237549 -3.782102 2.135058 2.684072 101858372998.000000
0.424805 -0.910156 0.237793 -3.721100 2.074056 2.440066 101858374800.000000
0.423340 -0.905518 0.238037 -3.477094 1.342036 1.891051 101858376602.000000
0.422852 -0.903076 0.234619 -3.294089 0.610016 1.525041 101858378404.000000
0.422852 -0.904053 0.239502 -2.928079 0.244007 1.342036 101858380206.000000
0.418213 -0.908203 0.233154 -2.989081 -0.366010 1.098030 101858382008.000000
0.419678 -0.902344 0.235840 -2.501068 -0.854023 0.671018 101858383810.000000
0.417725 -0.906982 0.238281 -2.501068 -1.403038 0.488013 101858385612.000000
0.417969 -0.907959 0.237305 -2.135058 -2.318063 -0.183005 101858387413.000000
0.417725 -0.904053 0.237793 -1.769048 -3.050082 -0.427012 101858389217.000000
0.417236 -0.905518 0.231934 -1.830049 -3.599097 -0.793021 101858391023.000000
0.416260 -0.901611 0.232910 -1.647044 -4.270115 -1.159031 101858392825.000000
0.415771 -0.899414 0.227539 -1.281035 -4.575124 -1.281035 101858394627.000000
0.415527 -0.900879 0.229980 -0.976026 -5.734155 -1.708046 101858396429.000000
0.416260 -0.899170 0.230713 -0.793021 -6.405173 -2.013054 101858398231.000000
0.412842 -0.899902 0.234375 -0.732020 -6.893186 -2.440066 101858400034.000000
0.417236 -0.899414 0.227295 -0.671018 -7.320198 -2.684072 101858401842.000000
0.417480 -0.898682 0.232178 -0.488013 -8.113219 -3.172086 101858403644.000000
0.413574 -0.894287 0.231201 -0.366010 -8.540231 -3.477094 101858405445.000000
0.415039 -0.900879 0.219971 -0.061002 -9.211249 -3.660099 101858407248.000000
0.411621 -0.900146 0.228516 0.061002 -9.638260 -3.721100 101858409051.000000
0.419922 -0.897705 0.223633 0.183005 -10.248277 -4.270115 101858410854.000000
0.417236 -0.895020 0.227539 0.244007 -10.858293 -4.453120 101858412655.000000
0.417725 -0.895752 0.231201 0.427012 -11.163301 -4.941133 101858414458.000000
0.417236 -0.894775 0.226563 0.671018 -11.346306 -5.429147 101858416260.000000
0.418701 -0.898193 0.222656 0.488013 -12.017324 -5.612152 101858418061.000000
0.420166 -0.896973 0.228271 0.854023 -12.444336 -5.673153 101858419869.000000
0.414307 -0.900391 0.220703 0.854023 -12.993351 -6.100165 101858421671.000000
0.416504 -0.901611 0.224609 1.098030 -13.420362 -6.466175 101858423477.000000
0.414795 -0.895020 0.221924 1.220033 -13.664369 -6.893186 101858425284.000000
0.413330 -0.899170 0.223389 1.342036 -14.030379 -6.954188 101858427085.000000
0.413818 -0.896973 0.226074 1.464040 -14.335387 -7.320198 101858428888.000000
0.413818 -0.897705 0.222656 1.403038 -14.640395 -7.442201 101858430691.000000
0.417969 -0.899902 0.215576 1.464040 -15.067407 -7.869212 101858432494.000000
0.416016 -0.894775 0.223145 1.891051 -15.555420 -8.174221 101858434295.000000
0.415283 -0.895020 0.226318 1.952053 -15.982432 -8.357226 101858436097.000000
0.416016 -0.897949 0.227051 2.135058 -16.104435 -8.357226 101858437899.000000
0.413086 -0.895996 0.220703 1.952053 -16.226438 -8.845239 101858439702.000000
0.414795 -0.897461 0.226563 1.830049 -16.592448 -8.845239 101858441505.000000
0.413086 -0.900146 0.222656 2.135058 -16.897456 -8.906240 101858443310.000000
0.414063 -0.898438 0.218994 1.891051 -17.141463 -9.394254 101858445115.000000
0.414307 -0.899902 0.226807 2.074056 -17.507473 -9.577259 101858446917.000000
0.411621 -0.903320 0.221191 1.830049 -17.507473 -9.516257 101858448720.000000
0.411621 -0.903076 0.224609 1.891051 -17.690478 -9.760264 101858450521.000000
0.412109 -0.899658 0.221436 2.196059 -17.812481 -10.065272 101858452323.000000
0.414063 -0.900146 0.215088 1.952053 -17.934484 -10.065272 101858454124.000000
0.412842 -0.900391 0.214355 2.135058 -17.995486 -10.370280 101858455926.000000
0.410645 -0.898438 0.214111 2.318063 -18.239492 -10.309278 101858457728.000000
0.411133 -0.898193 0.218750 1.952053 -18.483499 -10.675288 101858459530.000000
0.406738 -0.898682 0.214600 2.074056 -18.605502 -10.736290 101858461332.000000
0.413086 -0.896973 0.216064 2.257061 -18.849509 -10.675288 101858463133.000000
0.409912 -0.899170 0.212646 2.135058 -18.849509 -10.858293 101858464935.000000
0.407227 -0.896973 0.215820 2.379064 -19.154517 -10.980296 101858466738.000000
0.402588 -0.899902 0.215088 2.318063 -19.093516 -10.858293 101858468541.000000
0.404297 -0.895752 0.221436 2.135058 -19.154517 -10.919295 101858470347.000000
0.405518 -0.902100 0.215820 2.135058 -18.971512 -10.980296 101858472150.000000
0.401367 -0.898193 0.215088 1.891051 -19.520527 -10.675288 101858473952.000000
0.403076 -0.900146 0.216309 1.891051 -19.520527 -11.041298 101858475753.000000
0.404297 -0.895996 0.217285 1.891051 -19.520527 -10.736290 101858477554.000000
0.403564 -0.896240 0.214355 1.647044 -19.276520 -10.675288 101858479362.000000
0.404053 -0.901123 0.208740 1.830049 -19.398524 -10.736290 101858481168.000000
0.406250 -0.899414 0.219971 1.464040 -19.276520 -10.614287 101858482970.000000
0.405029 -0.903564 0.215576 1.769048 -19.459525 -11.041298 101858484774.000000
0.407471 -0.903809 0.209717 1.769048 -19.276520 -10.736290 101858486576.000000
0.409912 -0.903320 0.216797 1.525041 -19.154517 -10.614287 101858488379.000000
0.405762 -0.900391 0.218018 1.647044 -19.215519 -10.553285 101858490181.000000
0.405273 -0.902832 0.212646 1.403038 -18.971512 -10.492283 101858491981.000000
0.403076 -0.905029 0.213135 1.464040 -18.422497 -10.614287 101858493785.000000
0.403809 -0.898926 0.214600 1.281035 -18.361496 -10.553285 101858495586.000000
0.402344 -0.900635 0.210938 1.098030 -18.544501 -10.248277 101858497387.000000
0.404297 -0.897461 0.211670 1.342036 -18.178491 -10.126273 101858499248.000000
0.405762 -0.898193 0.212646 1.342036 -17.873483 -10.065272 101858501051.000000
0.403809 -0.898438 0.215332 1.098030 -17.873483 -10.126273 101858502853.000000
0.402588 -0.896484 0.213867 1.220033 -17.446471 -9.943268 101858504654.000000
0.403564 -0.897949 0.211182 1.220033 -17.446471 -9.638260 101858506456.000000
0.407471 -0.895508 0.221191 0.915025 -17.751479 -9.760264 101858508258.000000
0.409668 -0.895020 0.209961 1.159031 -17.019460 -9.638260 101858510061.000000
0.402100 -0.892578 0.214355 1.037028 -16.836455 -9.577259 101858511863.000000
0.402100 -0.889893 0.217529 0.976026 -16.897456 -9.211249 101858513665.000000
0.405029 -0.893311 0.212891 1.098030 -16.348441 -9.211249 101858515467.000000
0.400635 -0.889404 0.218994 0.915025 -16.104435 -9.028244 101858517268.000000
0.402100 -0.884277 0.213379 0.854023 -16.043433 -8.845239 101858519071.000000
0.402100 -0.885010 0.218506 1.037028 -15.555420 -8.723236 101858520873.000000
0.406250 -0.884277 0.217529 0.854023 -15.189410 -8.723236 101858522676.000000
0.405518 -0.882568 0.209717 0.793021 -14.945404 -8.418227 101858524477.000000
0.401123 -0.886230 0.220947 0.915025 -14.884402 -8.479229 101858526278.000000
0.401611 -0.885498 0.217285 0.915025 -14.152382 -7.991216 101858528086.000000
0.403809 -0.881104 0.216797 0.854023 -14.091380 -7.930214 101858529889.000000
0.401855 -0.879395 0.215576 0.793021 -13.969377 -7.747209 101858531692.000000
0.405029 -0.875244 0.213379 0.732020 -13.603367 -7.625206 101858533493.000000
0.404541 -0.881348 0.206299 0.915025 -13.054352 -7.320198 101858535295.000000
0.405518 -0.881104 0.222168 0.854023 -12.688343 -7.259196 101858537098.000000
0.403809 -0.881348 0.215088 1.037028 -12.444336 -7.137193 101858538903.000000
0.403564 -0.881348 0.208740 0.549015 -11.956323 -6.832184 101858540705.000000
0.400391 -0.879150 0.215576 0.732020 -11.712316 -6.588178 101858542507.000000
0.403809 -0.879883 0.214111 0.915025 -11.773318 -6.344171 101858544312.000000
0.406006 -0.888672 0.210693 0.610016 -11.346306 -6.344171 101858546118.000000
0.405762 -0.882813 0.210693 0.793021 -10.797292 -6.039163 101858547920.000000
0.407715 -0.889893 0.212646 0.915025 -10.736290 -6.039163 101858549724.000000
0.401367 -0.882568 0.207031 1.403038 -10.309278 -5.490148 101858551526.000000
0.404053 -0.881348 0.212646 1.037028 -10.370280 -5.246142 101858553332.000000
0.409424 -0.885742 0.210938 0.793021 -10.126273 -5.368145 101858555133.000000
0.407471 -0.883545 0.220215 1.281035 -9.638260 -5.246142 101858556935.000000
0.406982 -0.890137 0.208252 1.525041 -9.516257 -5.063137 101858558738.000000
0.410400 -0.888428 0.208008 1.708046 -9.882267 -4.697127 101858560541.000000
0.408203 -0.887207 0.207520 1.586043 -9.516257 -4.575124 101858562342.000000
0.410645 -0.891846 0.212646 1.647044 -9.089245 -4.514122 101858564144.000000
0.412109 -0.890625 0.204590 1.830049 -9.272250 -4.392119 101858565945.000000
0.407959 -0.893799 0.208496 1.769048 -8.967242 -4.087110 101858567748.000000
0.406494 -0.894531 0.209229 2.135058 -9.516257 -3.965107 101858569552.000000
0.408203 -0.896484 0.207520 2.501068 -9.333252 -4.026109 101858571354.000000
0.407715 -0.895020 0.206299 2.318063 -9.028244 -3.904105 101858573155.000000
0.407471 -0.895996 0.209717 2.806076 -9.455255 -3.599097 101858574956.000000
0.405273 -0.894531 0.209473 2.806076 -9.455255 -3.294089 101858576757.000000
0.410889 -0.895508 0.208252 2.928079 -9.333252 -3.233087 101858578560.000000
0.411377 -0.894531 0.209961 3.111084 -9.699262 -3.416092 101858580361.000000
0.403320 -0.897705 0.204102 3.355091 -9.699262 -3.355091 101858582162.000000
0.407959 -0.894287 0.208252 3.477094 -9.699262 -2.928079 101858583971.000000
0.406982 -0.890381 0.207031 3.416092 -9.821265 -2.684072 101858585772.000000
0.406250 -0.892334 0.205078 3.538096 -9.882267 -2.745074 101858587572.000000
0.404541 -0.891846 0.200195 3.721100 -10.248277 -2.989081 101858589380.000000
0.407471 -0.887451 0.203369 3.843104 -10.492283 -2.562069 101858591183.000000
0.403809 -0.886475 0.201904 3.782102 -10.797292 -2.745074 101858592989.000000
0.402100 -0.892090 0.203857 3.843104 -10.980296 -2.867077 101858594794.000000
0.404053 -0.889404 0.192871 4.087110 -11.041298 -2.867077 101858596597.000000
0.406250 -0.890381 0.193848 3.965107 -11.407308 -2.562069 101858598401.000000
0.405518 -0.890137 0.197510 4.148112 -11.834320 -2.440066 101858600204.000000
0.404541 -0.888672 0.193848 4.209114 -12.078326 -2.806076 101858602005.000000
0.396973 -0.890381 0.193115 4.331117 -12.261331 -2.379064 101858603810.000000
0.401123 -0.889648 0.192627 4.331117 -13.054352 -2.562069 101858605612.000000
0.403809 -0.888672 0.192383 4.270115 -13.176356 -2.501068 101858607414.000000
0.402588 -0.891113 0.194580 4.331117 -13.603367 -2.379064 101858609222.000000
0.402588 -0.890137 0.187744 4.209114 -13.786372 -2.623071 101858611024.000000
0.399414 -0.887451 0.192627 4.270115 -14.396389 -2.440066 101858612825.000000
0.402588 -0.889404 0.187988 4.514122 -14.762399 -2.379064 101858614626.000000
0.402344 -0.892578 0.186035 4.331117 -15.067407 -2.379064 101858616429.000000
0.406738 -0.890381 0.186768 4.331117 -15.616422 -2.318063 101858618230.000000
0.403809 -0.893799 0.192871 4.331117 -15.677423 -2.318063 101858620038.000000
0.402344 -0.897461 0.191895 4.331117 -16.165436 -2.135058 101858621841.000000
0.405518 -0.896484 0.184570 4.453120 -16.714451 -2.257061 101858623643.000000
0.403564 -0.896729 0.183105 4.331117 -17.385469 -2.196059 101858625444.000000
0.404541 -0.898926 0.185059 4.331117 -17.568474 -2.196059 101858627245.000000
0.401855 -0.893555 0.188721 4.087110 -17.690478 -2.196059 101858629048.000000
0.405518 -0.899902 0.182617 4.209114 -18.117489 -2.257061 101858630850.000000
0.403809 -0.895752 0.187500 4.331117 -18.849509 -2.196059 101858632652.000000
0.402100 -0.894531 0.184814 4.270115 -19.276520 -1.891051 101858634455.000000
0.408447 -0.895508 0.185059 4.148112 -19.581529 -2.013054 101858636256.000000
0.405518 -0.892090 0.184570 3.904105 -19.764534 -1.952053 101858638057.000000
0.407227 -0.894531 0.182129 4.026109 -20.313548 -1.952053 101858639860.000000
0.406250 -0.893799 0.185791 3.843104 -20.435552 -1.952053 101858641662.000000
0.408691 -0.892822 0.185791 3.660099 -20.740560 -1.586043 101858643464.000000
0.412842 -0.891602 0.185547 3.416092 -21.106570 -1.708046 101858645265.000000
0.408691 -0.890625 0.186523 3.477094 -21.228573 -1.708046 101858647069.000000
0.412842 -0.888428 0.181885 3.233087 -21.533581 -1.891051 101858648873.000000
0.410400 -0.888184 0.188721 3.477094 -21.472580 -1.830049 101858650674.000000
0.412842 -0.889893 0.186523 3.111084 -21.655585 -1.708046 101858652475.000000
0.413330 -0.888916 0.187744 2.867077 -21.838590 -1.647044 101858654276.000000
0.419678 -0.891113 0.195068 2.745074 -21.594583 -1.525041 101858656084.000000
0.417725 -0.886230 0.185547 2.440066 -21.655585 -1.342036 101858657885.000000
0.419434 -0.886963 0.188965 2.135058 -21.655585 -1.159031 101858659692.000000
0.416504 -0.887939 0.190918 2.135058 -21.899591 -1.159031 101858661497.000000
0.418945 -0.888428 0.191895 1.952053 -21.655585 -1.098030 101858663299.000000
0.423096 -0.887939 0.197266 1.891051 -21.472580 -1.098030 101858665101.000000
0.420898 -0.886475 0.193359 1.952053 -21.228573 -0.976026 101858666905.000000
0.424561 -0.890137 0.194092 1.403038 -21.106570 -0.915025 101858668708.000000
0.426270 -0.886475 0.191406 1.220033 -21.045568 -0.549015 101858670509.000000
0.423096 -0.886230 0.190918 1.220033 -20.557555 -0.549015 101858672311.000000
0.427979 -0.877441 0.185059 0.915025 -20.496553 -0.549015 101858674113.000000
0.427734 -0.879395 0.187988 0.671018 -20.008540 -0.732020 101858675915.000000
0.425293 -0.879150 0.188477 0.488013 -19.947539 -0.549015 101858677717.000000
0.430664 -0.873535 0.181396 0.244007 -19.459525 -0.427012 101858679520.000000
0.428467 -0.875732 0.181641 0.000000 -18.849509 -0.244007 101858681322.000000
0.433594 -0.875732 0.183594 -0.122003 -18.666504 -0.427012 101858683124.000000
0.428711 -0.874756 0.189209 -0.183005 -18.300494 -0.427012 101858684925.000000
0.437500 -0.868164 0.186523 -0.427012 -17.751479 -0.061002 101858686727.000000
0.432373 -0.864502 0.188965 -0.610016 -16.958458 -0.366010 101858688533.000000
0.434082 -0.864258 0.190918 -0.854023 -16.409443 -0.183005 101858690338.000000
0.432129 -0.866455 0.189209 -1.464040 -16.287440 -0.244007 101858692139.000000
0.433350 -0.865234 0.182129 -1.464040 -15.372415 -0.122003 101858693941.000000
0.436523 -0.865234 0.184570 -1.647044 -14.701397 -0.122003 101858695742.000000
0.433838 -0.866455 0.190674 -2.074056 -14.091380 0.305008 101858697544.000000
0.432617 -0.864746 0.187012 -2.074056 -13.359361 0.000000 101858699347.000000
0.433838 -0.860840 0.182861 -2.684072 -12.871348 -0.061002 101858701149.000000
0.437500 -0.859131 0.182861 -2.745074 -11.712316 0.000000 101858702951.000000
0.438232 -0.857178 0.186279 -3.172086 -11.041298 0.122003 101858704756.000000
0.436768 -0.854004 0.187744 -3.172086 -10.736290 0.122003 101858706557.000000
0.437012 -0.856689 0.181641 -3.294089 -9.516257 -0.122003 101858708361.000000
0.429688 -0.858398 0.185059 -3.660099 -9.211249 -0.061002 101858710160.000000
0.433838 -0.849365 0.183350 -4.087110 -8.235222 0.122003 101858711968.000000
0.434570 -0.851563 0.190430 -4.148112 -7.320198 0.122003 101858713769.000000
0.434082 -0.850830 0.189453 -4.270115 -6.771183 0.183005 101858715570.000000
0.435547 -0.849854 0.187744 -4.880132 -5.917160 0.183005 101858717371.000000
0.435547 -0.847412 0.180420 -4.941133 -5.612152 0.366010 101858719176.000000
0.437256 -0.849854 0.187744 -5.063137 -4.941133 -0.061002 101858720978.000000
0.433594 -0.844238 0.187500 -5.307143 -4.026109 0.000000 101858722779.000000
0.434326 -0.844238 0.189941 -5.185140 -3.355091 -0.061002 101858724581.000000
0.431152 -0.842285 0.191895 -5.368145 -2.867077 -0.183005 101858726384.000000
0.436279 -0.844482 0.189209 -5.917160 -2.257061 0.000000 101858728186.000000
0.435303 -0.846191 0.197266 -5.917160 -1.342036 0.122003 101858729988.000000
0.436035 -0.840576 0.199951 -5.917160 -0.976026 -0.427012 101858731791.000000
0.432861 -0.838379 0.195068 -5.978161 -0.488013 -0.244007 101858733592.000000
0.432617 -0.839111 0.195313 -6.161166 0.305008 -0.183005 101858735395.000000
0.436768 -0.835449 0.197998 -6.344171 0.488013 -0.305008 101858737196.000000
0.432617 -0.838867 0.197754 -6.466175 0.915025 -0.305008 101858738999.000000
0.437256 -0.838623 0.197754 -6.588178 1.220033 -0.610016 101858740800.000000
0.433838 -0.834473 0.197998 -6.588178 2.135058 -0.366010 101858742602.000000
0.432861 -0.833496 0.206055 -6.771183 2.074056 -0.610016 101858744404.000000
0.430664 -0.831787 0.197021 -6.954188 2.989081 -0.488013 101858746210.000000
0.432861 -0.831543 0.198975 -7.137193 3.355091 -0.427012 101858748011.000000
0.430420 -0.829590 0.190674 -6.832184 3.904105 -0.610016 101858749814.000000
0.431152 -0.829590 0.193359 -7.259196 4.087110 -0.610016 101858751620.000000
0.430908 -0.829590 0.198242 -7.442201 4.514122 -0.488013 101858753422.000000
0.429932 -0.830566 0.196777 -7.381199 5.246142 -0.793021 101858755223.000000
0.434326 -0.831787 0.196533 -7.564204 5.307143 -1.159031 101858757025.000000
0.429932 -0.830566 0.189209 -7.991216 5.551150 -0.793021 101858758827.000000
0.428711 -0.827393 0.180664 -7.991216 5.917160 -0.976026 101858760630.000000
0.429932 -0.831299 0.184814 -8.235222 5.856158 -1.037028 101858762431.000000
0.431152 -0.828613 0.182617 -8.235222 6.161166 -0.854023 101858764233.000000
0.425537 -0.829590 0.183594 -8.540231 6.344171 -0.976026 101858766034.000000
0.424805 -0.833008 0.187500 -8.418227 6.466175 -1.281035 101858767836.000000
0.424561 -0.835938 0.187744 -8.296224 6.771183 -1.281035 101858769640.000000
0.420410 -0.838379 0.192627 -8.601232 6.649180 -1.342036 101858771441.000000
0.420654 -0.837402 0.192871 -8.601232 6.832184 -1.342036 101858773243.000000
0.417236 -0.839844 0.192139 -8.662234 6.832184 -1.586043 101858775045.000000
0.420410 -0.840576 0.187256 -8.723236 6.527176 -1.708046 101858776849.000000
0.420898 -0.843750 0.192139 -8.784237 6.710181 -1.647044 101858778652.000000
0.417236 -0.843018 0.197754 -8.906240 6.832184 -1.891051 101858780456.000000
0.420898 -0.845703 0.193115 -8.906240 6.649180 -2.013054 101858782258.000000
0.415039 -0.846436 0.188477 -8.845239 6.466175 -1.891051 101858784060.000000
0.415527 -0.846191 0.186035 -8.784237 6.344171 -2.074056 101858785862.000000
0.416016 -0.852051 0.194336 -8.784237 5.917160 -2.196059 101858787665.000000
0.414307 -0.849854 0.197510 -8.540231 6.039163 -2.318063 101858789474.000000
0.416748 -0.850342 0.194580 -8.479229 5.734155 -2.318063 101858791275.000000
0.417236 -0.854980 0.187500 -8.479229 5.551150 -2.501068 101858793662.000000
0.416992 -0.852539 0.192627 -8.479229 5.185140 -2.623071 101858795484.000000
0.417480 -0.853027 0.193604 -8.418227 4.941133 -2.867077 101858797287.000000
0.417969 -0.854736 0.195557 -8.540231 4.941133 -3.111084 101858799102.000000
0.414795 -0.848633 0.196289 -8.662234 4.758128 -3.050082 101858800904.000000
0.416016 -0.851563 0.189941 -8.479229 3.843104 -3.233087 101858802710.000000
0.417969 -0.849854 0.183350 -8.418227 3.965107 -3.111084 101858804511.000000
0.417236 -0.850830 0.194580 -8.357226 3.599097 -3.172086 101858806313.000000
0.418457 -0.854736 0.196777 -8.357226 3.660099 -3.477094 101858808122.000000
0.418457 -0.857666 0.191895 -8.418227 3.233087 -3.538096 101858809930.000000
0.417725 -0.856445 0.191406 -8.418227 3.050082 -3.416092 101858811732.000000
0.418945 -0.855713 0.192383 -8.479229 2.440066 -3.843104 101858813534.000000
0.419434 -0.853516 0.196045 -8.296224 2.440066 -3.477094 101858815337.000000
0.416748 -0.854980 0.186279 -8.174221 2.196059 -3.904105 101858817140.000000
0.418945 -0.860596 0.193115 -8.174221 1.708046 -3.965107 101858818946.000000
0.426270 -0.860596 0.196289 -7.991216 1.891051 -4.026109 101858820750.000000
0.424316 -0.864990 0.196533 -8.174221 1.586043 -4.026109 101858822552.000000
0.422363 -0.864258 0.191895 -8.052217 1.220033 -4.270115 101858824354.000000
0.424805 -0.863037 0.193115 -8.052217 1.403038 -4.453120 101858826156.000000
0.422119 -0.861084 0.192139 -7.930214 1.037028 -4.453120 101858827956.000000
0.418701 -0.867920 0.193604 -7.808211 0.671018 -4.331117 101858829760.000000
0.420898 -0.866943 0.194824 -7.930214 0.488013 -4.880132 101858831563.000000
0.419922 -0.866699 0.193359 -7.686208 0.549015 -4.636125 101858833366.000000
0.419922 -0.868408 0.190186 -7.930214 0.427012 -4.758128 101858835167.000000
0.418213 -0.869873 0.189209 -7.381199 -0.366010 -4.758128 101858836968.000000
0.415039 -0.869629 0.187744 -7.442201 -0.366010 -4.819130 101858838923.000000
0.415771 -0.873779 0.185059 -7.381199 -0.488013 -5.124138 101858841840.000000
0.421143 -0.876221 0.187988 -7.320198 -1.098030 -4.941133 101858844755.000000
0.420410 -0.880859 0.187988 -6.832184 -1.342036 -4.880132 101858847673.000000
0.420166 -0.883545 0.187256 -6.771183 -2.074056 -4.880132 101858850590.000000
0.419189 -0.883301 0.182373 -6.405173 -2.318063 -5.063137 101858853504.000000
0.424316 -0.884766 0.184814 -6.222168 -2.867077 -4.758128 101858856434.000000
0.421631 -0.885254 0.186279 -5.917160 -3.294089 -4.819130 101858859353.000000
0.422119 -0.887207 0.186523 -6.039163 -3.111084 -4.758128 101858862272.000000
0.426270 -0.890625 0.188232 -5.368145 -3.599097 -4.575124 101858865202.000000
0.429688 -0.890381 0.184326 -5.307143 -3.782102 -4.697127 101858868124.000000
0.430908 -0.892578 0.187256 -5.002135 -4.331117 -4.514122 101858871045.000000
0.429688 -0.898682 0.185791 -4.758128 -4.209114 -4.514122 101858873961.000000
0.433838 -0.898193 0.188232 -4.819130 -4.331117 -3.965107 101858876876.000000
0.434814 -0.902344 0.177979 -4.697127 -4.514122 -3.965107 101858879794.000000
0.435547 -0.900879 0.184814 -4.331117 -4.819130 -3.660099 101858882709.000000
0.436035 -0.901611 0.184814 -4.392119 -4.819130 -3.538096 101858885624.000000
0.436768 -0.905273 0.189453 -4.148112 -5.307143 -3.355091 101858888548.000000
0.438477 -0.903076 0.186768 -3.965107 -5.002135 -3.172086 101858891467.000000
0.435791 -0.908691 0.186523 -3.660099 -5.368145 -3.111084 101858894383.000000
0.437012 -0.908447 0.181641 -3.538096 -5.551150 -2.806076 101858897299.000000
0.439697 -0.906738 0.194824 -3.660099 -6.039163 -2.928079 101858900218.000000
0.440430 -0.912109 0.189453 -3.111084 -5.795156 -2.501068 101858903134.000000
0.443115 -0.911133 0.188232 -3.111084 -6.283170 -2.379064 101858906050.000000
0.438965 -0.918701 0.183594 -3.050082 -6.222168 -2.745074 101858908973.000000
0.436523 -0.922852 0.182617 -2.867077 -6.283170 -2.501068 101858911892.000000
0.439941 -0.922607 0.185791 -2.623071 -6.649180 -2.379064 101858914805.000000
0.444580 -0.927734 0.182861 -2.562069 -6.588178 -2.501068 101858917721.000000
0.440918 -0.928711 0.184814 -2.135058 -7.015189 -2.074056 101858920639.000000
0.444336 -0.930908 0.184326 -2.196059 -6.649180 -2.501068 101858923555.000000
0.441895 -0.933105 0.185791 -1.830049 -7.381199 -1.891051 101858926471.000000
0.441895 -0.936768 0.187988 -1.769048 -7.442201 -1.891051 101858929391.000000
0.446777 -0.939209 0.180664 -1.525041 -7.503203 -1.830049 101858932307.000000
0.443115 -0.939697 0.184326 -1.220033 -7.503203 -1.830049 101858935223.000000
0.445313 -0.934326 0.182129 -1.281035 -7.930214 -2.074056 101858938173.000000
0.453369 -0.941406 0.177246 -1.281035 -7.991216 -1.830049 101858941094.000000
0.448730 -0.941162 0.179443 -1.037028 -8.174221 -1.830049 101858944013.000000
0.450928 -0.941162 0.182861 -0.976026 -8.235222 -2.013054 101858946929.000000
0.451416 -0.949951 0.186279 -0.793021 -8.784237 -1.708046 101858949847.000000
0.454590 -0.951416 0.180420 -0.854023 -8.296224 -1.952053 101858952764.000000
0.457275 -0.951660 0.177979 -0.427012 -8.662234 -1.952053 101858955680.000000
0.458252 -0.956299 0.184326 -0.244007 -8.418227 -1.769048 101858958598.000000
0.456055 -0.954346 0.185547 -0.427012 -8.113219 -2.318063 101858961516.000000
0.457764 -0.956299 0.188477 -0.183005 -8.296224 -2.440066 101858964431.000000
0.460205 -0.952881 0.185547 0.000000 -8.296224 -2.379064 101858967348.000000
0.458252 -0.952637 0.187744 0.061002 -8.113219 -2.440066 101858970267.000000
0.455078 -0.952637 0.187744 0.183005 -7.991216 -2.562069 101858973182.000000
0.457764 -0.947021 0.183350 0.183005 -7.564204 -2.623071 101858976098.000000
0.457031 -0.949951 0.187988 0.122003 -7.442201 -2.806076 101858979016.000000
0.458740 -0.948730 0.181152 0.061002 -7.320198 -3.050082 101858981931.000000
0.456787 -0.947510 0.185791 0.305008 -7.076191 -2.989081 101858984847.000000
0.456299 -0.947021 0.181152 0.000000 -6.710181 -3.233087 101858987763.000000
0.458008 -0.941650 0.195313 -0.061002 -6.588178 -3.294089 101858990681.000000
0.455566 -0.943848 0.187988 -0.183005 -6.344171 -3.294089 101858993596.000000
0.456787 -0.947754 0.187256 -0.122003 -5.795156 -3.660099 101858996513.000000
0.456543 -0.949707 0.189453 0.183005 -5.978161 -3.965107 101858999432.000000
0.456543 -0.947754 0.195801 -0.366010 -5.307143 -3.843104 101859002348.000000
0.458740 -0.947754 0.192383 -0.061002 -4.819130 -3.904105 101859005264.000000
0.456787 -0.953613 0.193604 0.122003 -4.575124 -3.843104 101859008182.000000
0.457764 -0.955078 0.200928 -0.122003 -4.087110 -4.209114 101859011109.000000
0.458984 -0.954346 0.198730 0.061002 -3.782102 -4.209114 101859014026.000000
0.458008 -0.954834 0.200439 -0.061002 -3.294089 -4.331117 101859016943.000000
0.461426 -0.952393 0.202881 -0.061002 -2.745074 -4.514122 101859019871.000000
0.462646 -0.950684 0.201416 0.122003 -2.562069 -4.392119 101859022788.000000
0.462402 -0.960205 0.196289 0.305008 -2.074056 -4.575124 101859025705.000000
0.462158 -0.959961 0.203125 0.488013 -1.403038 -4.453120 101859028629.000000
0.457764 -0.957031 0.198975 0.488013 -1.159031 -4.697127 101859031551.000000
0.461426 -0.963135 0.204590 0.610016 -0.671018 -4.575124 101859034468.000000
0.457764 -0.961182 0.199707 0.610016 -0.305008 -4.453120 101859037392.000000
0.459717 -0.959961 0.201904 0.671018 0.671018 -4.636125 101859040313.000000
0.464600 -0.962646 0.200928 0.854023 0.793021 -4.453120 101859043242.000000
0.458008 -0.961670 0.197266 1.098030 1.220033 -4.514122 101859046158.000000
0.460693 -0.959961 0.199219 1.403038 1.769048 -4.453120 101859049090.000000
0.461670 -0.960205 0.195801 1.586043 2.379064 -4.209114 101859052006.000000
0.457764 -0.958496 0.195557 1.952053 2.501068 -4.453120 101859054923.000000
0.456299 -0.958984 0.198975 1.647044 2.806076 -4.392119 101859057839.000000
0.452637 -0.955078 0.201172 2.379064 2.684072 -4.270115 101859060756.000000
0.453857 -0.957031 0.203125 2.318063 2.867077 -4.453120 101859063673.000000
0.454102 -0.953125 0.201172 2.684072 2.989081 -4.392119 101859066588.000000
0.445313 -0.954834 0.197998 2.989081 3.111084 -4.575124 101859069507.000000
0.447266 -0.951904 0.201904 3.233087 2.928079 -4.270115 101859072424.000000
0.440674 -0.948975 0.204346 3.721100 2.562069 -4.209114 101859075341.000000
0.443604 -0.947021 0.199951 3.599097 2.806076 -4.331117 101859078257.000000
0.443115 -0.944824 0.201172 4.148112 2.379064 -4.514122 101859081228.000000
0.437988 -0.947998 0.202881 4.148112 2.257061 -4.392119 101859084144.000000
0.442383 -0.946045 0.200684 4.819130 2.257061 -4.331117 101859087060.000000
0.439209 -0.943848 0.200928 4.636125 1.708046 -4.514122 101859089987.000000
0.438721 -0.942383 0.203857 5.002135 1.769048 -4.636125 101859092904.000000
0.432861 -0.942383 0.201172 5.490148 0.915025 -4.636125 101859100426.000000
0.433105 -0.935547 0.208496 5.673153 0.610016 -4.148112 101859103571.000000
0.435303 -0.941650 0.210938 6.039163 0.427012 -4.453120 101859106500.000000
0.436279 -0.935059 0.207520 6.344171 0.122003 -4.209114 101859109414.000000
0.429688 -0.937988 0.205078 6.588178 -0.183005 -4.087110 101859112405.000000
0.432617 -0.933594 0.206055 6.771183 -0.183005 -4.270115 101859115402.000000
0.430664 -0.936523 0.204590 6.893186 -0.793021 -3.904105 101859118457.000000
0.435059 -0.936768 0.207031 6.893186 -0.610016 -4.148112 101859121396.000000
0.433594 -0.931885 0.208008 7.137193 -0.610016 -3.660099 101859124310.000000
0.437256 -0.934814 0.205078 7.381199 -0.854023 -3.965107 101859127220.000000
0.436279 -0.934082 0.206299 7.381199 -1.159031 -3.599097 101859130132.000000
0.438721 -0.934570 0.205566 7.869212 -0.671018 -3.660099 101859133056.000000
0.438965 -0.936035 0.215332 7.808211 -0.793021 -3.355091 101859135981.000000
0.435059 -0.933350 0.210693 7.991216 -0.793021 -3.416092 101859138896.000000
0.439941 -0.933838 0.204834 8.235222 -0.610016 -3.355091 101859141809.000000
0.440918 -0.933594 0.205566 8.540231 -0.488013 -2.867077 101859144720.000000
0.438721 -0.937988 0.203125 8.479229 -0.488013 -3.233087 101859147631.000000
0.441895 -0.938232 0.202881 8.479229 0.000000 -2.806076 101859150542.000000
0.443604 -0.938721 0.205566 8.845239 0.122003 -2.806076 101859153462.000000
0.440674 -0.936035 0.207764 8.845239 0.488013 -2.562069 101859156371.000000
0.438232 -0.939941 0.208252 9.394254 0.915025 -2.806076 101859159281.000000
0.440186 -0.936279 0.200928 9.394254 0.854023 -2.440066 101859162190.000000
0.445068 -0.932861 0.214355 9.760264 1.281035 -2.623071 101859165098.000000
0.438477 -0.932617 0.202637 9.699262 1.464040 -2.501068 101859168005.000000
0.440918 -0.928955 0.214844 9.943268 1.647044 -2.684072 101859170918.000000
0.441162 -0.928467 0.204102 10.004270 1.891051 -2.440066 101859173828.000000
0.437256 -0.925293 0.204346 10.065272 2.074056 -2.318063 101859176736.000000
0.434082 -0.923096 0.198975 10.431282 2.196059 -2.318063 101859179654.000000
0.433350 -0.922363 0.191650 10.309278 2.440066 -2.562069 101859182572.000000
0.430420 -0.915039 0.204834 10.492283 2.379064 -2.379064 101859185495.000000
0.429443 -0.918213 0.204346 10.553285 2.562069 -2.440066 101859188436.000000
0.427490 -0.915039 0.199219 10.736290 2.318063 -2.440066 101859191357.000000
0.427734 -0.913818 0.203369 10.919295 2.196059 -2.562069 101859194276.000000
0.424805 -0.910889 0.195801 10.919295 2.379064 -2.684072 101859197192.000000
0.424316 -0.908936 0.201416 10.919295 2.440066 -2.623071 101859200113.000000
0.426514 -0.905029 0.200195 10.980296 2.379064 -2.379064 101859203031.000000
0.420410 -0.898682 0.202637 11.285305 2.074056 -2.745074 101859205948.000000
0.417969 -0.894775 0.199219 11.102300 1.891051 -2.867077 101859208867.000000
0.412354 -0.892822 0.196045 11.102300 1.830049 -2.928079 101859211795.000000
0.418457 -0.892090 0.197998 11.102300 1.525041 -2.928079 101859214716.000000
0.417969 -0.887695 0.206055 11.163301 1.281035 -3.294089 101859217633.000000
0.416992 -0.883545 0.208740 11.102300 1.281035 -3.416092 101859220553.000000
0.414551 -0.888184 0.201416 11.224303 1.464040 -3.477094 101859223473.000000
0.413574 -0.882324 0.204102 11.285305 1.159031 -3.294089 101859226391.000000
0.416016 -0.884766 0.208008 11.224303 0.732020 -3.599097 101859229310.000000
0.411377 -0.884277 0.208496 11.102300 0.976026 -3.721100 101859232231.000000
0.412109 -0.884766 0.213135 11.041298 0.793021 -3.660099 101859235161.000000
0.416260 -0.885498 0.210938 10.858293 0.854023 -3.782102 101859238080.000000
0.417480 -0.886963 0.212402 11.285305 1.220033 -3.660099 101859240676.000000
0.413818 -0.888672 0.213135 10.980296 1.403038 -3.599097 101859242484.000000
0.416260 -0.887207 0.211670 10.797292 1.403038 -3.599097 101859244288.000000
0.418213 -0.886475 0.209961 10.797292 1.098030 -3.782102 101859246090.000000
0.418945 -0.890869 0.216309 10.858293 1.708046 -3.538096 101859247893.000000
0.420410 -0.888184 0.211182 10.736290 1.708046 -3.843104 101859249695.000000
0.418945 -0.891846 0.217773 11.041298 1.891051 -3.843104 101859251493.000000
0.418457 -0.894531 0.217773 11.102300 1.952053 -3.782102 101859253299.000000
0.417236 -0.897705 0.218506 10.919295 2.318063 -3.721100 101859255140.000000
0.415771 -0.896729 0.206055 10.980296 2.623071 -3.965107 101859257086.000000
0.422852 -0.895996 0.209473 10.980296 2.745074 -3.599097 101859259023.000000
0.417480 -0.897217 0.208984 11.163301 2.867077 -3.355091 101859260939.000000
0.421143 -0.900146 0.206787 11.041298 3.111084 -3.538096 101859262751.000000
0.419434 -0.899414 0.214355 11.224303 3.477094 -3.477094 101859264554.000000
0.422119 -0.902832 0.207031 11.224303 3.782102 -3.355091 101859266365.000000
0.418945 -0.901611 0.206543 11.285305 3.904105 -3.111084 101859268170.000000
0.419678 -0.902344 0.201904 11.285305 4.209114 -3.172086 101859269971.000000
0.421143 -0.905273 0.204102 11.346306 4.697127 -3.111084 101859271769.000000
0.416504 -0.909180 0.203613 11.590313 4.880132 -2.623071 101859273568.000000
0.421875 -0.908936 0.196289 11.895321 5.002135 -2.623071 101859275365.000000
0.418945 -0.915283 0.201416 11.834320 5.124138 -2.745074 101859277163.000000
0.420166 -0.911377 0.194580 12.017324 5.612152 -2.562069 101859278968.000000
0.418457 -0.916748 0.200684 12.139328 5.734155 -2.379064 101859280772.000000
0.419189 -0.913574 0.195313 12.078326 5.734155 -2.257061 101859282574.000000
0.418457 -0.915527 0.196777 12.261331 6.039163 -2.074056 101859284376.000000
0.418457 -0.917725 0.195557 12.200329 6.222168 -2.074056 101859286177.000000
0.417969 -0.920410 0.192139 12.383334 6.344171 -1.830049 101859287987.000000
0.410400 -0.923340 0.191895 12.566339 6.222168 -1.464040 101859289788.000000
0.412109 -0.918945 0.190918 12.566339 6.405173 -1.525041 101859291586.000000
0.415527 -0.921631 0.191650 12.749344 6.771183 -1.098030 101859293384.000000
0.413574 -0.922119 0.191162 12.688343 6.588178 -1.159031 101859295182.000000
0.412109 -0.918945 0.187744 12.810346 6.771183 -0.976026 101859296979.000000
0.413086 -0.918457 0.197021 13.115354 6.405173 -0.549015 101859298784.000000
0.413818 -0.921387 0.183594 13.115354 6.588178 -0.732020 101859300587.000000
0.411133 -0.921143 0.186523 13.176356 6.344171 -0.549015 101859302389.000000
0.408936 -0.919434 0.187500 13.481364 6.161166 -0.244007 101859304193.000000
0.408203 -0.920410 0.183350 13.237357 6.405173 -0.244007 101859305995.000000
0.407471 -0.919434 0.186279 13.115354 5.856158 0.061002 101859307797.000000
0.402832 -0.915283 0.181641 13.603367 5.429147 0.244007 101859309598.000000
0.401611 -0.913086 0.184570 13.420362 5.368145 0.305008 101859311396.000000
0.399170 -0.915527 0.182617 13.542366 5.490148 0.488013 101859313194.000000
0.404297 -0.915527 0.181396 13.664369 4.880132 0.793021 101859314991.000000
0.400635 -0.915283 0.178467 13.725371 4.697127 0.732020 101859316789.000000
0.401855 -0.918457 0.182129 13.603367 4.209114 1.037028 101859318592.000000
0.400146 -0.918457 0.171143 13.603367 3.721100 1.220033 101859320395.000000
0.399902 -0.913330 0.177490 13.542366 3.599097 1.525041 101859322197.000000
0.403076 -0.916016 0.186523 13.359361 3.416092 1.708046 101859324000.000000
0.395264 -0.914795 0.187500 13.481364 2.806076 1.708046 101859325801.000000
0.401123 -0.914551 0.187500 13.237357 2.257061 2.074056 101859327603.000000
0.399414 -0.908203 0.186523 13.420362 2.074056 2.013054 101859329412.000000
0.396484 -0.914063 0.186035 13.176356 1.586043 2.318063 101859331215.000000
0.395508 -0.913818 0.183594 13.054352 1.098030 2.623071 101859333017.000000
0.392578 -0.908691 0.191406 13.054352 0.732020 2.623071 101859334818.000000
0.401611 -0.905029 0.190430 13.115354 0.366010 2.745074 101859336620.000000
0.393066 -0.902588 0.190186 12.810346 -0.366010 3.111084 101859338423.000000
0.394043 -0.905273 0.192627 12.932349 -0.366010 3.111084 101859340225.000000
0.393555 -0.904053 0.196533 12.688343 -0.976026 3.355091 101859342026.000000
0.395264 -0.903076 0.197754 12.688343 -1.098030 3.538096 101859343828.000000
0.397949 -0.902832 0.189941 12.566339 -1.647044 3.721100 101859345629.000000
0.397705 -0.902832 0.196533 12.444336 -2.135058 4.026109 101859347431.000000
0.397705 -0.900391 0.194824 12.017324 -2.196059 4.087110 101859349234.000000
0.402100 -0.902344 0.196289 11.590313 -2.684072 4.270115 101859351037.000000
0.398438 -0.900879 0.193848 11.651315 -3.111084 4.758128 101859352839.000000
0.398926 -0.898193 0.199951 11.529311 -3.355091 4.819130 101859354640.000000
0.405029 -0.901367 0.196777 11.346306 -3.538096 4.758128 101859356444.000000
0.409180 -0.903809 0.204834 11.102300 -3.477094 5.063137 101859358249.000000
0.408936 -0.905762 0.199951 10.553285 -3.599097 5.246142 101859360056.000000
0.410400 -0.902100 0.201660 10.553285 -3.782102 5.368145 101859361857.000000
0.410156 -0.907959 0.204102 10.492283 -3.965107 5.612152 101859363659.000000
0.415283 -0.904297 0.202881 10.126273 -3.904105 5.734155 101859365461.000000
0.415771 -0.906982 0.205811 10.065272 -3.843104 5.795156 101859367263.000000
0.419434 -0.906006 0.206055 9.821265 -3.599097 6.039163 101859369066.000000
0.421387 -0.903320 0.214355 9.882267 -3.599097 6.222168 101859370867.000000
0.424072 -0.905029 0.214111 9.760264 -3.294089 6.405173 101859372668.000000
0.425049 -0.906250 0.210938 9.455255 -3.294089 6.405173 101859374469.000000
0.427734 -0.904541 0.208496 9.638260 -2.867077 6.405173 101859376272.000000
0.427246 -0.904541 0.216553 9.394254 -2.928079 6.832184 101859378073.000000
0.427246 -0.900391 0.216553 9.394254 -2.379064 7.076191 101859379876.000000
0.429443 -0.899414 0.215332 8.967242 -1.891051 6.893186 101859381677.000000
0.434814 -0.902588 0.210938 9.028244 -1.647044 6.954188 101859383479.000000
0.430176 -0.899902 0.218750 9.028244 -1.159031 7.259196 101859385280.000000
0.435059 -0.899902 0.218018 8.906240 -0.671018 7.198194 101859387081.000000
0.436035 -0.897949 0.215576 8.906240 0.000000 7.198194 101859388886.000000
0.439941 -0.896484 0.209229 8.479229 0.549015 7.259196 101859390696.000000
0.434326 -0.896484 0.211914 8.418227 0.976026 7.503203 101859392503.000000
0.437988 -0.895020 0.213379 8.479229 1.891051 7.320198 101859394310.000000
0.438232 -0.895264 0.215576 8.418227 2.501068 7.564204 101859396117.000000
0.436035 -0.895020 0.210938 8.052217 2.928079 7.503203 101859397925.000000
0.438721 -0.893555 0.214600 7.869212 3.660099 7.381199 101859399729.000000
0.440674 -0.895752 0.208740 7.808211 4.209114 7.503203 101859401532.000000
0.437256 -0.896973 0.205322 8.113219 4.758128 7.503203 101859403337.000000
0.437256 -0.896240 0.206787 7.930214 5.429147 7.442201 101859405139.000000
0.438721 -0.892578 0.209229 7.747209 6.344171 7.381199 101859406942.000000
0.437744 -0.892822 0.210693 7.625206 6.954188 7.442201 101859408750.000000
0.440186 -0.894287 0.202881 7.808211 7.198194 7.503203 101859410552.000000
0.438721 -0.893066 0.199219 7.503203 8.174221 7.381199 101859412353.000000
0.439453 -0.890137 0.199463 7.686208 8.601232 7.320198 101859414155.000000
0.434814 -0.891357 0.200684 7.625206 9.150247 7.259196 101859415964.000000
0.437500 -0.889648 0.200195 7.564204 9.760264 7.381199 101859417766.000000
0.434814 -0.891113 0.197510 7.503203 10.004270 6.893186 101859419571.000000
0.434326 -0.887939 0.196045 7.503203 10.492283 7.076191 101859421373.000000
0.433838 -0.886963 0.200195 7.320198 10.919295 7.076191 101859423175.000000
0.429199 -0.886719 0.199219 7.442201 10.919295 7.076191 101859424977.000000
0.429199 -0.887207 0.198975 7.381199 11.224303 7.198194 101859426778.000000
0.425537 -0.885498 0.201660 7.259196 11.346306 6.832184 101859428583.000000
0.424072 -0.883545 0.195801 7.015189 11.590313 6.893186 101859430382.000000
0.418701 -0.885742 0.197998 7.198194 11.346306 6.771183 101859432184.000000
0.417236 -0.886475 0.199707 7.076191 11.407308 6.649180 101859433987.000000
0.416504 -0.881836 0.196533 7.015189 11.468310 6.588178 101859435791.000000
0.416504 -0.884277 0.205566 6.893186 11.285305 6.649180 101859437592.000000
0.413818 -0.884033 0.200684 6.954188 11.346306 6.405173 101859439396.000000
0.413086 -0.878906 0.200684 6.832184 11.285305 6.527176 101859441198.000000
0.409424 -0.877441 0.204590 6.771183 10.797292 6.466175 101859443000.000000
0.408203 -0.881592 0.206787 6.771183 10.675288 6.222168 101859444801.000000
0.410400 -0.879883 0.210205 6.893186 10.797292 6.161166 101859446603.000000
0.408203 -0.878418 0.214111 6.466175 10.309278 6.100165 101859448407.000000
0.404541 -0.878174 0.219238 6.344171 9.638260 6.222168 101859450209.000000
0.404053 -0.877930 0.219727 6.527176 9.516257 5.978161 101859452010.000000
0.406982 -0.881592 0.218262 6.100165 9.028244 6.100165 101859453811.000000
0.409668 -0.876221 0.216064 6.161166 8.723236 5.978161 101859455612.000000
0.407227 -0.884033 0.218994 6.100165 8.418227 5.795156 101859457413.000000
0.399414 -0.880371 0.220459 6.222168 7.747209 6.039163 101859459216.000000
0.403076 -0.879883 0.219727 5.917160 7.381199 5.978161 101859461023.000000
0.404541 -0.882568 0.229248 5.429147 7.137193 5.795156 101859462825.000000
0.404785 -0.882813 0.227051 5.368145 6.466175 5.795156 101859464628.000000
0.406006 -0.881836 0.233154 5.490148 6.161166 5.856158 101859466429.000000
0.404541 -0.882080 0.232422 5.063137 5.612152 5.856158 101859468230.000000
0.400879 -0.880859 0.231934 5.002135 5.307143 5.673153 101859470035.000000
0.400879 -0.881104 0.231934 5.063137 4.941133 5.856158 101859471836.000000
0.403076 -0.879639 0.239746 4.758128 4.514122 5.612152 101859473637.000000
0.404297 -0.883789 0.239014 4.636125 4.026109 5.795156 101859475438.000000
0.402588 -0.880615 0.236816 4.636125 3.660099 5.856158 101859477239.000000
0.402100 -0.879395 0.249268 4.453120 3.355091 5.612152 101859479042.000000
0.399658 -0.879395 0.239014 4.148112 3.111084 5.612152 101859480846.000000
0.404785 -0.879883 0.243408 4.026109 2.684072 5.673153 101859482647.000000
0.405762 -0.880615 0.250732 3.904105 2.196059 5.551150 101859484448.000000
0.410645 -0.878662 0.238281 3.843104 2.074056 5.612152 101859486250.000000
0.407227 -0.876709 0.242920 3.599097 1.830049 5.795156 101859488051.000000
0.406006 -0.874512 0.250244 3.294089 1.891051 5.429147 101859489854.000000
0.410156 -0.877686 0.247803 3.355091 1.403038 5.612152 101859491656.000000
0.411865 -0.880127 0.244141 2.928079 1.342036 5.612152 101859493457.000000
0.415283 -0.875244 0.246338 2.928079 1.403038 5.307143 101859495259.000000
0.413086 -0.873291 0.241211 2.867077 1.281035 5.246142 101859497061.000000
0.412598 -0.876221 0.248047 2.684072 1.525041 5.490148 101859498864.000000
0.416504 -0.878174 0.246094 2.440066 1.403038 5.185140 101859500665.000000
0.416992 -0.878418 0.238037 2.135058 1.525041 5.185140 101859502467.000000
0.418945 -0.877441 0.247314 2.196059 1.708046 5.307143 101859504269.000000
0.419434 -0.879395 0.247559 2.074056 1.830049 4.819130 101859506071.000000
0.422852 -0.878174 0.255859 1.952053 1.952053 4.941133 101859507872.000000
0.424072 -0.880859 0.243408 1.952053 2.440066 5.307143 101859509680.000000
0.425781 -0.880615 0.245361 1.891051 2.745074 4.819130 101859511486.000000
0.424072 -0.876221 0.249756 1.952053 3.050082 4.697127 101859513288.000000
0.421143 -0.877686 0.247070 1.830049 3.233087 4.697127 101859515089.000000
0.424561 -0.878906 0.247070 1.891051 3.294089 4.636125 101859516890.000000
0.425049 -0.883057 0.246094 1.830049 3.599097 4.514122 101859518693.000000
0.426025 -0.884033 0.248779 1.830049 4.514122 4.758128 101859520498.000000
0.423096 -0.884033 0.250244 1.952053 5.063137 4.453120 101859522300.000000
0.423096 -0.886475 0.242432 1.830049 5.551150 4.514122 101859524101.000000
0.428711 -0.885742 0.245605 1.830049 5.978161 4.514122 101859525903.000000
0.430176 -0.885498 0.239746 1.952053 6.222168 4.331117 101859527705.000000
0.432617 -0.887451 0.243652 1.952053 6.893186 4.392119 101859529513.000000
0.427490 -0.887695 0.244873 1.830049 7.076191 4.392119 101859531315.000000
0.428223 -0.890869 0.243164 1.952053 7.930214 4.514122 101859533117.000000
0.426514 -0.891113 0.243896 2.013054 8.357226 4.087110 101859534919.000000
0.428223 -0.890625 0.244873 1.952053 8.601232 3.843104 101859536721.000000
0.430176 -0.885498 0.242920 1.891051 9.028244 3.721100 101859538526.000000
0.428955 -0.887207 0.243408 2.074056 9.577259 4.087110 101859540331.000000
0.426270 -0.888428 0.242920 2.135058 9.882267 3.782102 101859542132.000000
0.426758 -0.889160 0.247070 2.318063 10.187275 3.904105 101859543935.000000
0.423340 -0.888428 0.251953 2.135058 10.675288 3.721100 101859545737.000000
0.426514 -0.893066 0.249756 2.440066 11.224303 3.477094 101859547539.000000
0.423584 -0.886719 0.249512 2.379064 11.529311 3.477094 101859549341.000000
0.425781 -0.892090 0.248535 2.013054 11.651315 3.599097 101859551143.000000
0.424805 -0.889404 0.246582 2.379064 11.895321 3.538096 101859552944.000000
0.421631 -0.888916 0.248047 2.562069 12.200329 3.416092 101859554746.000000
0.417480 -0.890381 0.248535 2.623071 12.017324 3.477094 101859556547.000000
0.414063 -0.888428 0.253418 2.867077 12.383334 3.294089 101859558350.000000
0.413086 -0.891113 0.250000 2.684072 12.505338 3.111084 101859560152.000000
0.411865 -0.889893 0.252197 2.745074 12.322333 3.050082 101859561954.000000
0.414307 -0.887939 0.259033 2.928079 12.383334 3.233087 101859563757.000000
0.409668 -0.888184 0.261719 2.867077 12.200329 3.233087 101859565557.000000
0.406982 -0.886719 0.253418 3.111084 12.322333 2.867077 101859567359.000000
0.408691 -0.884766 0.256348 3.111084 11.895321 2.806076 101859569161.000000
0.405518 -0.885010 0.260254 2.989081 11.895321 2.745074 101859570962.000000
0.401367 -0.886230 0.265137 3.172086 11.468310 2.562069 101859572764.000000
0.403809 -0.888184 0.266846 3.233087 11.346306 2.623071 101859574567.000000
0.404541 -0.882568 0.265625 3.416092 11.102300 2.562069 101859576368.000000
0.401855 -0.880859 0.270752 3.355091 10.736290 2.318063 101859578169.000000
0.398438 -0.882568 0.274170 3.416092 10.492283 2.379064 101859579971.000000
0.402588 -0.881348 0.268799 3.599097 10.370280 2.257061 101859581773.000000
0.397949 -0.879639 0.277832 3.416092 9.821265 2.196059 101859583575.000000
0.398438 -0.877197 0.278320 3.416092 9.577259 1.830049 101859585376.000000
0.394531 -0.878662 0.282227 3.599097 8.845239 1.769048 101859587178.000000
0.396240 -0.878662 0.281982 3.843104 8.601232 1.708046 101859588984.000000
0.394531 -0.881104 0.274170 3.416092 8.479229 1.891051 101859590784.000000
0.391357 -0.875977 0.279785 3.660099 7.869212 1.647044 101859592585.000000
0.394043 -0.874756 0.283203 3.843104 7.381199 1.464040 101859594387.000000
0.393799 -0.878418 0.281250 3.660099 6.954188 1.342036 101859596188.000000
0.393311 -0.876709 0.283203 3.721100 6.649180 1.281035 101859597989.000000
0.393066 -0.875244 0.272949 3.599097 5.917160 1.342036 101859599792.000000
0.390381 -0.872803 0.279053 3.721100 5.429147 1.098030 101859601597.000000
0.393555 -0.875732 0.282959 3.721100 5.246142 0.854023 101859603399.000000
0.392090 -0.878906 0.277344 3.599097 4.758128 0.732020 101859605200.000000
0.393066 -0.874756 0.276367 3.599097 4.514122 0.854023 101859607001.000000
0.391357 -0.874023 0.278320 3.660099 3.965107 0.732020 101859608807.000000
0.390869 -0.876709 0.276855 3.416092 3.721100 0.854023 101859610605.000000
0.389893 -0.875732 0.279053 3.721100 3.233087 0.488013 101859612407.000000
0.385742 -0.877197 0.281494 3.721100 2.501068 0.488013 101859614213.000000
0.387451 -0.877197 0.285156 3.660099 2.135058 0.671018 101859616016.000000
0.387451 -0.880127 0.284180 3.782102 1.647044 0.488013 101859617818.000000
0.390137 -0.888428 0.280273 3.721100 1.281035 0.610016 101859619626.000000
0.391113 -0.883789 0.281494 3.660099 0.915025 0.610016 101859621431.000000
0.390869 -0.878174 0.273682 3.965107 0.915025 0.427012 101859623233.000000
0.391846 -0.879150 0.269287 3.782102 0.427012 0.610016 101859625035.000000
0.388672 -0.884277 0.274902 3.904105 0.061002 0.305008 101859626837.000000
0.391602 -0.887207 0.278076 4.026109 -0.061002 0.244007 101859628642.000000
0.395508 -0.888428 0.274902 3.904105 -0.488013 0.305008 101859630442.000000
0.397217 -0.885986 0.277832 4.026109 -0.549015 0.122003 101859632245.000000
0.397705 -0.886963 0.278564 4.087110 -0.732020 0.610016 101859634047.000000
0.398193 -0.887451 0.272949 4.087110 -1.098030 0.488013 101859635848.000000
0.399658 -0.883301 0.273438 4.148112 -1.098030 0.488013 101859637652.000000
0.399658 -0.885986 0.284424 3.965107 -1.342036 0.366010 101859639456.000000
0.395020 -0.887451 0.281738 3.904105 -1.281035 0.671018 101859641259.000000
0.395996 -0.885742 0.282959 4.209114 -1.281035 0.732020 101859643060.000000
0.397949 -0.888184 0.272949 4.087110 -0.976026 0.610016 101859644864.000000
0.400391 -0.882813 0.282227 4.270115 -1.098030 0.854023 101859646665.000000
0.403564 -0.887695 0.275391 4.209114 -1.159031 0.793021 101859648468.000000
0.403076 -0.889404 0.275146 4.209114 -0.854023 1.037028 101859650270.000000
0.404297 -0.889893 0.278564 4.087110 -0.854023 0.976026 101859652071.000000
0.401123 -0.885254 0.284668 4.026109 -0.671018 1.098030 101859653872.000000
0.401367 -0.885010 0.274902 3.965107 -0.427012 1.281035 101859655673.000000
0.403320 -0.886230 0.285156 4.026109 -0.427012 1.525041 101859657475.000000
0.404541 -0.882813 0.286377 4.087110 -0.122003 1.464040 101859659278.000000
0.404053 -0.883545 0.286621 3.965107 0.183005 1.830049 101859661079.000000
0.405762 -0.885010 0.285156 3.965107 0.427012 2.013054 101859662887.000000
0.402344 -0.880859 0.286621 3.965107 0.671018 2.135058 101859664689.000000
0.403076 -0.886475 0.287354 4.209114 0.732020 2.196059 101859666492.000000
0.408936 -0.883301 0.283447 3.965107 1.037028 2.196059 101859668292.000000
0.404053 -0.887451 0.289551 3.782102 1.586043 2.562069 101859670120.000000
0.406006 -0.884033 0.290527 3.782102 1.708046 2.562069 101859671922.000000
0.399658 -0.879639 0.293945 3.538096 2.013054 2.745074 101859673723.000000
0.404297 -0.877441 0.286865 3.721100 2.318063 2.867077 101859675525.000000
0.403809 -0.877686 0.289551 3.660099 2.501068 3.172086 101859677327.000000
0.403809 -0.875732 0.293945 3.782102 2.989081 3.050082 101859679130.000000
0.405762 -0.872314 0.288818 3.843104 3.172086 3.294089 101859680931.000000
0.402100 -0.875977 0.298828 3.599097 3.233087 3.660099 101859682732.000000
0.400146 -0.869873 0.301758 3.660099 3.660099 3.660099 101859684533.000000
0.398682 -0.872314 0.296143 3.599097 3.843104 3.904105 101859686339.000000
0.403320 -0.870361 0.302979 3.538096 4.026109 4.148112 101859688141.000000
0.399170 -0.872803 0.303223 3.416092 4.209114 4.270115 101859689945.000000
0.400146 -0.871094 0.305664 3.660099 4.392119 4.331117 101859691746.000000
0.396240 -0.866943 0.305176 3.355091 4.575124 4.575124 101859693548.000000
0.401611 -0.865723 0.310791 2.989081 5.185140 4.697127 101859695350.000000
0.399902 -0.865723 0.305908 3.233087 5.612152 5.124138 101859697151.000000
0.398926 -0.866699 0.310303 2.867077 5.734155 5.185140 101859698955.000000
0.396973 -0.866943 0.303223 2.806076 5.917160 5.307143 101859700754.000000
0.400146 -0.869385 0.307617 2.867077 6.222168 5.490148 101859702556.000000
0.398193 -0.872070 0.302490 2.867077 6.344171 5.612152 101859704361.000000
0.396240 -0.876221 0.300049 2.501068 6.710181 5.795156 101859706162.000000
0.397949 -0.878418 0.301758 2.623071 7.076191 6.222168 101859707963.000000
0.403809 -0.877441 0.306885 2.623071 7.015189 6.344171 101859709768.000000
0.401855 -0.886475 0.307617 2.196059 7.503203 6.161166 101859711575.000000
0.399902 -0.891357 0.306641 2.440066 7.625206 6.527176 101859713376.000000
0.405029 -0.892090 0.300293 2.501068 7.869212 6.771183 101859715309.000000
0.402344 -0.899658 0.308105 2.684072 7.991216 6.893186 101859717121.000000
0.400635 -0.899170 0.302979 2.562069 8.357226 7.137193 101859718925.000000
0.404297 -0.902588 0.304932 2.623071 8.479229 7.076191 101859720728.000000
0.406006 -0.902588 0.314453 2.501068 8.967242 7.625206 101859722537.000000
0.408447 -0.906250 0.309326 2.623071 9.089245 7.869212 101859724339.000000
0.409424 -0.909180 0.308838 2.562069 9.028244 7.869212 101859726141.000000
0.410156 -0.907471 0.310059 2.684072 9.516257 7.808211 101859727943.000000
0.410889 -0.911377 0.309814 2.745074 9.699262 8.174221 101859729753.000000
0.409424 -0.912354 0.310303 2.989081 9.821265 8.601232 101859731556.000000
0.410645 -0.914551 0.311035 2.989081 10.309278 8.601232 101859733358.000000
0.413086 -0.917236 0.307129 3.233087 10.431282 8.540231 101859735161.000000
0.411133 -0.916260 0.310303 3.294089 10.553285 8.662234 101859736963.000000
0.416016 -0.914307 0.314697 3.416092 11.102300 8.662234 101859738765.000000
0.414307 -0.919678 0.317627 3.233087 11.346306 9.089245 101859740566.000000
0.416992 -0.917236 0.314453 3.416092 11.529311 9.089245 101859742369.000000
0.414063 -0.914551 0.312988 3.599097 11.468310 9.211249 101859744171.000000
0.413086 -0.914551 0.311768 3.660099 11.773318 9.211249 101859745972.000000
0.417236 -0.916992 0.318359 3.904105 12.200329 9.638260 101859747774.000000
0.416748 -0.917725 0.315430 4.026109 12.383334 9.516257 101859749576.000000
0.412598 -0.917969 0.313965 3.843104 12.566339 9.699262 101859751379.000000
0.416992 -0.915283 0.320313 3.965107 12.688343 9.638260 101859753181.000000
0.415527 -0.913574 0.322021 4.270115 13.115354 9.821265 101859754983.000000
0.414063 -0.917236 0.312744 4.087110 13.298359 9.699262 101859756786.000000
0.413818 -0.913818 0.316406 4.514122 13.359361 9.821265 101859758589.000000
0.415283 -0.915283 0.314697 4.575124 13.725371 9.882267 101859760392.000000
0.407471 -0.915039 0.313721 4.758128 13.908376 9.943268 101859762193.000000
0.409180 -0.914063 0.311523 4.697127 13.908376 9.699262 101859763994.000000
0.413086 -0.914795 0.312256 4.697127 13.847374 9.821265 101859765800.000000
0.413818 -0.918945 0.309326 5.185140 14.030379 9.638260 101859767602.000000
0.410645 -0.918945 0.314941 5.185140 13.908376 9.455255 101859769407.000000
0.410645 -0.917480 0.320068 5.124138 13.847374 9.577259 101859771209.000000
0.406250 -0.915527 0.315918 5.307143 13.786372 9.516257 101859773015.000000
0.409424 -0.920898 0.326904 5.368145 13.603367 9.394254 101859774816.000000
0.406006 -0.919189 0.322754 5.612152 13.664369 9.394254 101859776618.000000
0.404785 -0.918457 0.316406 5.612152 13.237357 9.150247 101859778422.000000
0.401855 -0.923584 0.322754 5.734155 13.115354 8.784237 101859780224.000000
0.403809 -0.924072 0.324463 6.039163 12.993351 8.723236 101859782025.000000
0.402588 -0.924072 0.321045 6.283170 12.688343 8.601232 101859783828.000000
0.406982 -0.927979 0.321777 6.588178 12.383334 8.296224 101859785631.000000
0.402344 -0.919434 0.324951 6.649180 11.895321 7.991216 101859787432.000000
0.398682 -0.919922 0.329346 7.015189 11.163301 7.930214 101859789239.000000
0.400146 -0.922852 0.328857 7.320198 11.346306 7.625206 101859791041.000000
0.400879 -0.921143 0.324463 7.259196 10.736290 7.503203 101859792844.000000
0.401367 -0.922852 0.328125 7.259196 10.492283 7.015189 101859794646.000000
0.402344 -0.916504 0.326660 7.686208 9.699262 6.771183 101859796448.000000
0.399414 -0.920410 0.324951 7.991216 9.272250 6.466175 101859798250.000000
0.399170 -0.914063 0.330078 8.174221 8.967242 6.283170 101859800054.000000
0.396484 -0.912842 0.333984 8.418227 8.479229 5.856158 101859801856.000000
0.398926 -0.913818 0.334473 8.418227 8.052217 5.307143 101859803658.000000
0.400146 -0.914795 0.335205 8.723236 7.259196 4.941133 101859805460.000000
0.394531 -0.911133 0.331543 8.906240 6.588178 4.758128 101859807261.000000
0.393311 -0.907959 0.336914 9.211249 6.161166 4.514122 101859809065.000000
0.391846 -0.908203 0.334229 9.638260 5.612152 4.270115 101859810867.000000
0.391357 -0.908691 0.342529 9.699262 5.185140 3.538096 101859812669.000000
0.394043 -0.903564 0.342041 9.821265 4.514122 3.172086 101859814475.000000
0.390625 -0.901123 0.336914 9.943268 3.904105 2.684072 101859816277.000000
0.392578 -0.901367 0.332764 10.126273 3.538096 2.196059 101859818079.000000
0.391113 -0.901855 0.336182 10.431282 2.867077 1.830049 101859819883.000000
0.385986 -0.899414 0.332031 10.675288 2.318063 1.464040 101859821685.000000
0.390625 -0.895752 0.335449 10.553285 1.952053 0.915025 101859823487.000000
0.391846 -0.891602 0.343262 10.858293 1.403038 0.366010 101859825290.000000
0.392822 -0.893311 0.329346 10.919295 0.854023 0.122003 101859827092.000000
0.390625 -0.894043 0.332031 10.858293 0.061002 -0.488013 101859828901.000000
0.387451 -0.889648 0.336670 11.346306 -0.427012 -1.037028 101859830701.000000
0.385986 -0.892090 0.333496 11.163301 -0.854023 -1.281035 101859832503.000000
0.384766 -0.890381 0.328369 11.285305 -1.403038 -1.952053 101859834304.000000
0.383545 -0.888672 0.330811 11.468310 -2.196059 -2.379064 101859836106.000000
0.382324 -0.886230 0.331299 11.529311 -2.623071 -2.867077 101859837908.000000
0.378418 -0.887207 0.337646 11.590313 -3.111084 -3.599097 101859839710.000000
0.381104 -0.883789 0.334717 11.834320 -3.599097 -4.026109 101859841513.000000
0.382813 -0.879395 0.333984 11.834320 -4.148112 -4.270115 101859843315.000000
0.383789 -0.885498 0.334717 11.773318 -4.758128 -5.002135 101859845119.000000
0.384277 -0.881592 0.339600 12.017324 -5.246142 -5.795156 101859846923.000000
0.379150 -0.881836 0.336670 12.017324 -5.734155 -6.039163 101859848726.000000
0.380615 -0.882813 0.336914 12.200329 -6.222168 -6.405173 101859850528.000000
0.375488 -0.885742 0.336182 12.566339 -6.771183 -6.771183 101859852944.000000
0.377441 -0.882568 0.334717 12.261331 -7.259196 -7.808211 101859854768.000000
0.374023 -0.883545 0.331787 12.444336 -8.052217 -7.747209 101859856574.000000
0.374268 -0.878662 0.334961 12.688343 -8.540231 -8.479229 101859858376.000000
0.382324 -0.879395 0.334473 12.688343 -9.150247 -8.906240 101859860178.000000
0.377197 -0.878906 0.334229 12.749344 -9.150247 -9.211249 101859861980.000000
0.375488 -0.881348 0.332031 12.749344 -9.760264 -9.821265 101859863781.000000
0.380615 -0.883057 0.346436 12.810346 -10.126273 -10.126273 101859865583.000000
0.377441 -0.882813 0.335449 12.993351 -10.187275 -10.492283 101859867384.000000
0.378906 -0.883789 0.342285 12.993351 -10.675288 -10.797292 101859869209.000000
0.384033 -0.885986 0.333740 13.176356 -10.797292 -11.041298 101859871014.000000
0.381104 -0.884033 0.333496 12.993351 -10.919295 -11.346306 101859872819.000000
0.380859 -0.886963 0.337402 13.054352 -11.407308 -11.407308 101859874620.000000
0.383057 -0.884521 0.337891 13.115354 -11.529311 -11.895321 101859876421.000000
0.383057 -0.891113 0.333984 13.054352 -11.346306 -12.139328 101859878222.000000
0.381104 -0.894531 0.343506 13.237357 -11.285305 -12.200329 101859880025.000000
0.383789 -0.890137 0.343262 12.932349 -11.590313 -12.810346 101859881826.000000
0.382324 -0.889648 0.333496 12.993351 -11.651315 -12.566339 101859883628.000000
0.386963 -0.891602 0.335938 13.054352 -11.468310 -12.871348 101859885429.000000
0.384521 -0.891602 0.341309 13.115354 -11.407308 -13.115354 101859887232.000000
0.382813 -0.896973 0.337158 13.054352 -11.285305 -13.237357 101859889045.000000
0.381592 -0.897949 0.337646 12.932349 -11.468310 -13.237357 101859890850.000000
0.380615 -0.897217 0.327637 12.993351 -11.529311 -13.420362 101859892652.000000
0.381836 -0.896973 0.331787 12.566339 -11.407308 -13.542366 101859894454.000000
0.383057 -0.900635 0.335693 12.566339 -11.407308 -13.664369 101859896256.000000
0.381104 -0.901855 0.333740 12.749344 -11.102300 -13.542366 101859898059.000000
0.376953 -0.902832 0.333740 12.993351 -11.163301 -13.664369 101859899862.000000
0.384521 -0.909668 0.334961 12.566339 -10.736290 -13.603367 101859901663.000000
0.383545 -0.907959 0.331543 12.749344 -10.797292 -13.725371 101859903465.000000
0.385010 -0.911377 0.331299 12.505338 -11.102300 -13.725371 101859905270.000000
0.381836 -0.909912 0.334961 12.688343 -10.858293 -13.603367 101859907071.000000
0.383301 -0.906982 0.334229 12.444336 -10.614287 -13.847374 101859908876.000000
0.381104 -0.911621 0.333252 12.688343 -10.797292 -13.664369 101859910676.000000
0.376709 -0.910889 0.329834 12.566339 -10.431282 -13.542366 101859912478.000000
0.377930 -0.911865 0.336182 12.566339 -10.370280 -13.603367 101859914279.000000
0.381592 -0.910156 0.330322 12.566339 -10.309278 -13.908376 101859916081.000000
0.378418 -0.911133 0.331543 12.566339 -10.187275 -13.176356 101859917882.000000
0.377441 -0.908691 0.336182 12.627341 -10.065272 -13.176356 101859919684.000000
0.376709 -0.914307 0.333252 12.261331 -10.126273 -13.176356 101859921486.000000
0.379639 -0.912598 0.329102 12.261331 -9.882267 -13.359361 101859923290.000000
0.377686 -0.914063 0.326172 12.139328 -9.760264 -13.237357 101859925092.000000
0.374023 -0.914795 0.327637 12.261331 -9.821265 -12.810346 101859926894.000000
0.375977 -0.918945 0.331055 12.139328 -9.882267 -12.627341 101859928700.000000
0.375977 -0.916260 0.323730 12.383334 -9.394254 -12.383334 101859930498.000000
0.377197 -0.915771 0.324219 12.017324 -9.577259 -12.261331 101859932305.000000
0.375000 -0.917725 0.333740 11.834320 -9.394254 -12.078326 101859934107.000000
0.376465 -0.917725 0.327637 11.773318 -9.211249 -11.773318 101859935908.000000
0.376221 -0.922119 0.328857 12.078326 -9.272250 -11.773318 101859937711.000000
0.378418 -0.922363 0.327637 11.895321 -9.333252 -11.773318 101859939515.000000
0.379639 -0.920654 0.326904 11.651315 -9.211249 -11.590313 101859941316.000000
0.378174 -0.919434 0.324463 11.407308 -8.906240 -11.285305 101859943118.000000
0.375244 -0.918701 0.326416 11.407308 -9.028244 -10.858293 101859945076.000000
0.376709 -0.913818 0.325195 11.590313 -9.028244 -10.553285 101859947993.000000
0.378662 -0.916748 0.329834 11.163301 -8.906240 -10.309278 101859950912.000000
0.377441 -0.913818 0.322021 11.285305 -8.540231 -9.943268 101859953827.000000
0.381348 -0.911865 0.322998 10.797292 -8.357226 -9.821265 101859956742.000000
0.378418 -0.908691 0.330566 10.858293 -8.418227 -9.211249 101859959662.000000
0.377441 -0.907227 0.330566 10.187275 -7.686208 -8.723236 101859962577.000000
0.374512 -0.906982 0.327637 10.431282 -7.625206 -8.479229 101859965492.000000
0.376953 -0.908691 0.337402 9.699262 -7.503203 -8.174221 101859968411.000000
0.378662 -0.907471 0.333740 9.577259 -6.771183 -7.808211 101859971328.000000
0.380615 -0.904541 0.338623 9.394254 -6.527176 -7.564204 101859974243.000000
0.381836 -0.904053 0.333008 8.967242 -6.222168 -7.320198 101859977172.000000
0.382568 -0.904053 0.336914 8.723236 -5.856158 -7.259196 101859980088.000000
0.381592 -0.902344 0.336426 8.662234 -5.246142 -7.076191 101859983004.000000
0.380371 -0.904297 0.332031 8.235222 -4.453120 -6.527176 101859985920.000000
0.381592 -0.906250 0.337891 7.747209 -3.965107 -6.344171 101859988835.000000
0.384033 -0.905518 0.338135 7.442201 -3.294089 -6.344171 101859991759.000000
0.384521 -0.904297 0.341309 6.893186 -2.867077 -5.795156 101859994674.000000
0.384277 -0.903076 0.337891 6.527176 -1.891051 -5.612152 101859997597.000000
0.383789 -0.907471 0.336426 6.344171 -1.464040 -5.978161 101900000515.000000
0.383545 -0.908203 0.334961 5.795156 -0.793021 -5.673153 101900003433.000000
0.389404 -0.906494 0.332275 5.734155 -0.122003 -5.612152 101900006359.000000
0.389893 -0.908691 0.344238 5.002135 0.671018 -5.307143 101900009286.000000
0.389648 -0.908447 0.338135 4.880132 1.403038 -5.063137 101900012204.000000
0.385742 -0.909912 0.339844 4.514122 2.074056 -5.429147 101900015120.000000
0.385254 -0.913574 0.343750 4.026109 2.379064 -4.941133 101900018037.000000
0.386719 -0.915771 0.340332 3.660099 3.233087 -4.941133 101900020963.000000
0.387207 -0.917236 0.332275 3.294089 3.843104 -4.880132 101900023879.000000
0.390625 -0.918213 0.341553 3.050082 4.453120 -5.002135 101900026794.000000
0.390137 -0.919922 0.338379 2.623071 4.880132 -5.002135 101900029713.000000
0.391357 -0.925049 0.336426 2.562069 5.246142 -5.124138 101900032642.000000
0.393555 -0.924072 0.341797 2.379064 5.490148 -5.002135 101900035579.000000
0.390137 -0.923096 0.342773 2.074056 5.795156 -5.063137 101900038499.000000
0.390381 -0.924072 0.349121 1.891051 5.978161 -5.307143 101900041416.000000
0.387695 -0.923096 0.349365 1.952053 6.161166 -5.246142 101900044372.000000
0.389160 -0.924561 0.349121 1.708046 6.466175 -5.124138 101900047289.000000
0.384277 -0.922119 0.350342 1.586043 6.466175 -5.490148 101900050211.000000
0.386719 -0.913574 0.348877 1.342036 6.527176 -5.856158 101900053127.000000
0.386719 -0.912598 0.353516 1.281035 6.771183 -5.673153 101900056043.000000
0.384033 -0.909180 0.352539 1.037028 6.771183 -5.856158 101900058968.000000
0.388916 -0.911621 0.354980 0.732020 6.893186 -5.673153 101900061884.000000
0.380615 -0.908447 0.354248 0.366010 6.771183 -6.039163 101900064800.000000
0.384277 -0.902832 0.350830 0.366010 6.893186 -6.100165 101900067715.000000
0.381348 -0.902832 0.352539 -0.244007 7.259196 -6.283170 101900070635.000000
0.378662 -0.899170 0.351318 -0.366010 6.893186 -6.283170 101900073559.000000
0.373291 -0.894287 0.358398 -0.183005 7.015189 -6.527176 101900076477.000000
0.378662 -0.896729 0.360107 -0.610016 7.076191 -6.466175 101900079394.000000
0.376953 -0.899658 0.364258 -0.793021 6.832184 -6.771183 101900082311.000000
0.375732 -0.893311 0.359863 -0.915025 6.893186 -6.710181 101900085225.000000
0.377930 -0.896729 0.363037 -0.915025 6.893186 -7.137193 101900088143.000000
0.374512 -0.898926 0.364014 -1.342036 6.710181 -6.893186 101900091069.000000
0.373047 -0.893555 0.366455 -1.281035 6.344171 -7.320198 101900093986.000000
0.375000 -0.900146 0.365234 -1.281035 6.344171 -7.137193 101900096903.000000
0.376709 -0.899902 0.363037 -1.342036 5.917160 -7.381199 101900099830.000000
0.375488 -0.902100 0.360840 -1.708046 6.222168 -7.137193 101900102746.000000
0.377441 -0.901611 0.363281 -1.464040 5.734155 -7.137193 101900105661.000000
0.376221 -0.904785 0.368896 -1.708046 5.856158 -7.076191 101900108583.000000
0.380615 -0.905273 0.368408 -1.586043 5.490148 -6.710181 101900111501.000000
0.380371 -0.909180 0.368896 -1.525041 5.368145 -6.954188 101900114416.000000
0.383545 -0.911377 0.367920 -1.403038 5.429147 -6.588178 101900117331.000000
0.383301 -0.916504 0.360840 -1.525041 5.246142 -6.405173 101900120251.000000
0.385986 -0.916504 0.367432 -1.159031 5.429147 -6.222168 101900123167.000000
0.386719 -0.919678 0.368164 -1.281035 5.490148 -5.429147 101900130896.000000
0.389160 -0.924316 0.366699 -1.342036 5.429147 -5.307143 101900134073.000000
0.387451 -0.919189 0.367676 -0.854023 5.246142 -4.697127 101900137061.000000
0.385010 -0.924561 0.368896 -0.915025 5.124138 -4.941133 101900139992.000000
0.389160 -0.922852 0.362793 -0.549015 4.941133 -4.453120 101900142994.000000
0.389404 -0.921875 0.375488 -0.732020 5.002135 -4.331117 101900146041.000000
0.386719 -0.920898 0.369873 -0.366010 4.758128 -3.904105 101900148964.000000
0.387695 -0.922852 0.373779 -0.366010 4.514122 -3.599097 101900151877.000000
0.385498 -0.920654 0.370605 -0.122003 4.087110 -3.355091 101900154793.000000
0.389160 -0.918457 0.373291 -0.122003 4.209114 -3.233087 101900157726.000000
0.390381 -0.920410 0.375977 0.061002 3.782102 -2.928079 101900160639.000000
0.387207 -0.913330 0.379150 0.244007 3.904105 -2.867077 101900163571.000000
0.388184 -0.916260 0.382080 0.366010 3.660099 -2.623071 101900166495.000000
