-0.074951 -0.987793 -0.111816 17.080461 -1.098030 3.111084 101858124868.000000
-0.079590 -0.995117 -0.114014 17.019460 -0.610016 3.355091 101858127782.000000
-0.081299 -0.989990 -0.115723 17.080461 -0.549015 3.660099 101858130733.000000
-0.084961 -0.992188 -0.108643 17.080461 -0.671018 3.782102 101858133650.000000
-0.079590 -0.995117 -0.113037 17.080461 -0.244007 4.087110 101858136565.000000
-0.083496 -0.999512 -0.113281 17.141463 0.061002 4.453120 101858139488.000000
-0.086182 -0.994873 -0.099609 17.507473 0.183005 5.063137 101858142408.000000
-0.082275 -1.000000 -0.106201 17.202464 0.183005 5.124138 101858145323.000000
-0.088623 -1.000244 -0.096191 17.141463 0.671018 5.551150 101858149425.000000
-0.088867 -1.003418 -0.096924 17.141463 1.037028 5.734155 101858152385.000000
-0.085938 -1.005859 -0.097412 17.202464 1.464040 6.344171 101858155316.000000
-0.092773 -1.007080 -0.097900 16.897456 1.830049 6.588178 101858158232.000000
-0.093262 -1.006348 -0.086914 16.836455 2.318063 7.076191 101858161161.000000
-0.101563 -1.007080 -0.082520 16.836455 2.562069 7.625206 101858164076.000000
-0.100098 -1.010254 -0.084717 16.653450 3.050082 7.808211 101858166992.000000
-0.104248 -1.010010 -0.072266 16.653450 3.599097 8.296224 101858169915.000000
-0.108154 -1.010742 -0.063477 16.958458 4.209114 9.150247 101858172831.000000
-0.112305 -1.015381 -0.067139 16.897456 4.880132 9.455255 101858175746.000000
-0.115723 -1.019531 -0.063965 17.019460 5.307143 10.004270 101858178669.000000
-0.116699 -1.020752 -0.049316 16.897456 5.917160 10.370280 101858181585.000000
-0.122559 -1.024414 -0.052002 17.080461 6.588178 10.858293 101858184496.000000
-0.124756 -1.033691 -0.048096 17.263466 6.893186 10.858293 101858187406.000000
-0.125000 -1.033203 -0.044922 17.202464 7.259196 11.590313 101858190315.000000
-0.132568 -1.035645 -0.039307 17.324468 7.442201 11.956323 101858193225.000000
-0.139404 -1.037354 -0.036377 17.263466 7.564204 12.139328 101858196173.000000
-0.144531 -1.039795 -0.030518 17.324468 7.808211 12.505338 101858199084.000000
-0.150635 -1.040283 -0.027100 17.080461 8.113219 12.261331 101858201995.000000
-0.151855 -1.040771 -0.022949 17.202464 7.808211 12.627341 101858204904.000000
-0.157471 -1.041504 -0.019775 17.019460 7.564204 12.749344 101858207811.000000
-0.156006 -1.044434 -0.024414 17.080461 7.442201 12.810346 101858210754.000000
-0.159912 -1.040527 -0.020264 16.714451 6.832184 12.749344 101858213671.000000
-0.156494 -1.036621 -0.014648 16.897456 6.283170 12.383334 101858216588.000000
-0.162842 -1.037598 -0.017822 16.287440 5.917160 12.200329 101858219506.000000
-0.159180 -1.035645 -0.010254 16.165436 5.673153 11.773318 101858222423.000000
-0.153320 -1.031982 -0.012207 15.555420 4.758128 11.651315 101858225339.000000
-0.156006 -1.028809 -0.010498 15.311413 4.331117 11.407308 101858228253.000000
-0.154785 -1.025391 -0.016113 14.457390 3.782102 11.224303 101858231171.000000
-0.150879 -1.024902 -0.011230 14.274385 3.355091 10.797292 101858234088.000000
-0.147217 -1.021729 -0.012451 13.969377 2.806076 10.675288 101858237002.000000
-0.143799 -1.024170 -0.003418 13.603367 2.318063 10.614287 101858239925.000000
-0.145020 -1.025879 -0.010010 12.871348 1.830049 10.431282 101858242843.000000
-0.137695 -1.022705 -0.003662 12.993351 1.342036 10.309278 101858245760.000000
-0.138184 -1.024902 -0.002930 12.444336 0.976026 10.431282 101858248674.000000
-0.141113 -1.026123 -0.003174 12.322333 0.244007 10.248277 101858251598.000000
-0.137207 -1.027344 -0.001221 12.017324 0.366010 10.187275 101858254513.000000
-0.143311 -1.029053 0.003906 12.017324 -0.671018 10.248277 101858257428.000000
-0.135254 -1.029053 0.003662 12.017324 -0.671018 10.187275 101858260350.000000
-0.140137 -1.027588 0.000488 12.078326 -0.610016 10.431282 101858263268.000000
-0.147461 -1.029541 0.005371 12.322333 -1.281035 10.858293 101858266192.000000
-0.141602 -1.024902 0.013916 12.322333 -1.220033 10.675288 101858269107.000000
-0.145020 -1.024902 0.019287 12.566339 -1.586043 10.919295 101858272038.000000
-0.143066 -1.022217 0.030518 12.932349 -1.525041 11.529311 101858274952.000000
-0.143799 -1.019531 0.023193 13.298359 -1.342036 11.712316 101858277873.000000
-0.144775 -1.015381 0.024902 13.298359 -1.281035 11.712316 101858280787.000000
-0.145264 -1.013916 0.032715 14.030379 -1.220033 11.895321 101858283699.000000
-0.145996 -1.013184 0.037354 14.518392 -1.098030 12.627341 101858286609.000000
-0.148926 -1.010010 0.041992 15.189410 -1.098030 12.505338 101858289520.000000
-0.149414 -1.005859 0.039551 15.311413 -0.854023 13.359361 101858292428.000000
-0.153076 -1.010742 0.042969 15.616422 -0.793021 13.420362 101858295336.000000
-0.154297 -1.003418 0.049561 16.470445 -0.488013 14.030379 101858298274.000000
-0.155029 -1.004150 0.051514 16.714451 -0.061002 14.518392 101858301190.000000
-0.154053 -1.000977 0.051025 17.324468 0.244007 15.006405 101858304116.000000
-0.158936 -0.995117 0.049316 17.629476 0.732020 15.128408 101858307024.000000
-0.159912 -0.992432 0.044434 18.178491 1.037028 15.555420 101858309938.000000
-0.156494 -0.990234 0.054443 18.361496 1.830049 16.226438 101858312859.000000
-0.158447 -0.990967 0.048096 18.849509 1.891051 16.348441 101858315775.000000
-0.160400 -0.989990 0.050537 19.276520 2.745074 16.836455 101858318702.000000
-0.156982 -0.988281 0.047607 19.947539 3.111084 16.836455 101858321619.000000
-0.165039 -0.988525 0.049561 20.130544 2.989081 17.324468 101858324532.000000
-0.168457 -0.981934 0.043213 20.374550 3.904105 17.263466 101858327449.000000
-0.161133 -0.986328 0.045166 20.984567 4.026109 17.690478 101858330371.000000
-0.169434 -0.985840 0.046143 21.411578 4.636125 17.690478 101858333302.000000
-0.167236 -0.982910 0.043701 21.838590 4.636125 17.812481 101858336217.000000
-0.173828 -0.982666 0.049072 22.387604 4.697127 17.873483 101858339130.000000
-0.171143 -0.985107 0.038574 22.875618 5.368145 17.995486 101858342054.000000
-0.177246 -0.982422 0.039063 22.936619 5.185140 18.178491 101858344969.000000
-0.171875 -0.978516 0.037598 23.668639 5.612152 17.812481 101858347883.000000
-0.177734 -0.974365 0.034180 23.851644 5.978161 17.507473 101858350808.000000
-0.182617 -0.969238 0.033203 24.522662 6.039163 17.507473 101858353724.000000
-0.187256 -0.968506 0.029785 24.400659 6.283170 17.385469 101858356638.000000
-0.187988 -0.960693 0.020020 24.522662 5.978161 17.263466 101858359564.000000
-0.193848 -0.965088 0.019531 25.010675 6.405173 17.080461 101858362483.000000
-0.196289 -0.966797 0.019287 25.315684 6.222168 17.080461 101858365406.000000
-0.199707 -0.963623 0.019287 25.620692 6.222168 16.897456 101858368324.000000
-0.203857 -0.957764 0.009766 25.803697 5.856158 17.324468 101858371248.000000
-0.208496 -0.959717 0.011963 25.681693 5.978161 16.958458 101858374163.000000
-0.212158 -0.953369 0.004639 25.864698 5.368145 16.836455 101858377078.000000
-0.216553 -0.957031 0.010010 25.559690 5.795156 16.653450 101858379995.000000
-0.223633 -0.952148 0.004150 25.925700 4.880132 16.653450 101858382914.000000
-0.227051 -0.950684 -0.001221 26.169707 4.514122 16.531446 101858385824.000000
-0.231445 -0.946533 -0.009521 25.681693 4.453120 16.226438 101858388732.000000
-0.236084 -0.945801 -0.003662 25.681693 4.148112 16.287440 101858391644.000000
-0.239258 -0.946045 -0.005615 25.437687 3.416092 16.165436 101858394554.000000
-0.245605 -0.943848 -0.008057 25.315684 2.867077 16.104435 101858397489.000000
-0.242676 -0.944580 -0.011963 25.376685 2.257061 15.982432 101858400400.000000
-0.246582 -0.941895 -0.012207 25.010675 1.952053 16.043433 101858403311.000000
-0.251221 -0.944824 -0.013428 24.766669 1.281035 15.860428 101858406220.000000
-0.255615 -0.938965 -0.012939 24.522662 0.305008 15.616422 101858409127.000000
-0.257324 -0.943604 -0.013672 24.461660 -0.671018 15.616422 101858412049.000000
-0.260254 -0.945801 -0.016113 24.400659 -0.976026 15.799427 101858414966.000000
-0.265137 -0.943604 -0.019043 23.790642 -2.074056 16.043433 101858417880.000000
-0.267090 -0.944580 -0.010742 23.546636 -2.745074 15.982432 101858420797.000000
-0.273926 -0.943848 -0.015625 23.058623 -3.721100 15.982432 101858423712.000000
-0.275391 -0.944580 -0.016602 22.753614 -4.514122 16.409443 101858426627.000000
-0.279053 -0.940186 -0.018555 22.143598 -5.124138 16.714451 101858429591.000000
-0.270752 -0.945068 -0.023926 21.594583 -6.344171 16.714451 101858432556.000000
-0.278809 -0.946533 -0.020752 21.228573 -6.893186 16.897456 101858435471.000000
-0.273926 -0.943115 -0.014160 20.618557 -7.381199 17.080461 101858438386.000000
-0.277100 -0.949707 -0.021973 20.252547 -8.113219 16.836455 101858441311.000000
-0.272705 -0.947510 -0.011230 19.825535 -9.272250 16.958458 101858444226.000000
-0.271973 -0.944824 -0.017578 19.459525 -9.943268 17.141463 101858447141.000000
-0.270996 -0.943115 -0.018311 18.666504 -10.248277 17.324468 101858450065.000000
-0.267578 -0.948975 -0.007813 18.178491 -10.858293 17.141463 101858452982.000000
-0.264648 -0.949951 -0.017334 17.934484 -11.407308 17.202464 101858455897.000000
-0.264404 -0.951904 -0.011719 17.507473 -12.017324 16.897456 101858458812.000000
-0.260010 -0.954834 -0.007813 17.446471 -12.566339 17.141463 101858461739.000000
-0.255127 -0.953857 0.002930 17.141463 -12.322333 16.775453 101858464654.000000
-0.253906 -0.951904 0.000488 17.080461 -12.749344 16.470445 101858467569.000000
-0.249023 -0.956299 0.002441 16.653450 -12.810346 16.104435 101858470492.000000
-0.245361 -0.958740 0.013916 16.409443 -12.932349 15.982432 101858473408.000000
-0.241943 -0.960938 0.011963 15.860428 -12.932349 15.555420 101858476320.000000
-0.232178 -0.951904 0.033936 15.189410 -12.932349 15.311413 101858484351.000000
-0.220215 -0.947021 0.039063 14.701397 -12.993351 15.616422 101858487514.000000
-0.216553 -0.947266 0.043457 14.274385 -12.993351 15.616422 101858490482.000000
-0.209717 -0.948730 0.048584 14.274385 -12.993351 15.799427 101858493415.000000
-0.209473 -0.950439 0.053955 13.847374 -13.420362 15.982432 101858496417.000000
-0.200684 -0.951172 0.064453 13.603367 -13.115354 16.165436 101858499477.000000
-0.196533 -0.952148 0.067139 13.176356 -13.115354 16.470445 101858502415.000000
-0.192383 -0.955322 0.065430 13.176356 -12.993351 16.531446 101858505334.000000
-0.186279 -0.956055 0.079346 13.054352 -13.176356 16.714451 101858508255.000000
-0.189453 -0.955078 0.077637 13.420362 -13.725371 17.141463 101858511168.000000
-0.187744 -0.961426 0.078125 13.481364 -13.664369 16.714451 101858514080.000000
-0.183838 -0.962646 0.084961 13.298359 -13.054352 16.470445 101858516991.000000
-0.191406 -0.959473 0.085693 12.688343 -12.810346 16.409443 101858519929.000000
-0.191162 -0.962646 0.093018 12.444336 -12.993351 16.714451 101858522849.000000
-0.191406 -0.967041 0.090088 12.078326 -12.993351 16.409443 101858525786.000000
-0.190430 -0.966797 0.098633 12.444336 -13.298359 16.165436 101858528698.000000
-0.192383 -0.971436 0.105225 12.383334 -12.932349 16.226438 101858531617.000000
-0.197266 -0.970947 0.103516 12.444336 -13.359361 16.165436 101858534534.000000
-0.200928 -0.972168 0.103271 12.322333 -13.359361 16.043433 101858537444.000000
-0.200684 -0.973633 0.109863 12.322333 -13.237357 15.921430 101858540360.000000
-0.204102 -0.975830 0.110596 12.322333 -13.298359 15.799427 101858543273.000000
-0.204590 -0.977539 0.116455 12.505338 -13.481364 15.677423 101858546188.000000
-0.204346 -0.980713 0.124268 12.810346 -13.481364 15.555420 101858549096.000000
-0.207520 -0.977783 0.118408 12.749344 -13.176356 15.372415 101858552044.000000
-0.208984 -0.985352 0.123535 12.749344 -13.176356 14.884402 101858554966.000000
-0.207275 -0.985107 0.122314 12.871348 -13.054352 14.884402 101858557890.000000
-0.208984 -0.984131 0.122070 12.932349 -12.688343 14.457390 101858560812.000000
-0.215332 -0.982666 0.121338 13.542366 -12.810346 14.335387 101858563731.000000
-0.214600 -0.985840 0.119385 13.115354 -12.627341 14.030379 101858566649.000000
-0.212158 -0.983643 0.116943 13.237357 -12.261331 14.091380 101858569568.000000
-0.217529 -0.981934 0.112061 13.420362 -12.566339 13.969377 101858572490.000000
-0.218750 -0.990479 0.117432 13.664369 -11.956323 13.969377 101858575405.000000
-0.219482 -0.982422 0.108643 13.359361 -12.627341 13.664369 101858578327.000000
-0.219482 -0.982422 0.105713 13.664369 -12.383334 13.481364 101858581259.000000
-0.219238 -0.983887 0.108887 13.664369 -12.810346 13.725371 101858584195.000000
-0.223145 -0.984375 0.102051 13.542366 -13.054352 13.481364 101858587111.000000
-0.219971 -0.986816 0.099854 13.725371 -13.542366 13.847374 101858590024.000000
-0.218994 -0.989990 0.103027 13.664369 -14.213384 13.481364 101858592943.000000
-0.223633 -0.986816 0.095703 13.847374 -14.579394 13.359361 101858595862.000000
-0.220947 -0.984863 0.093262 13.969377 -15.311413 13.115354 101858598860.000000
-0.222656 -0.983643 0.092285 13.847374 -16.043433 13.237357 101858601305.000000
-0.222412 -0.985107 0.093506 13.847374 -16.653450 13.115354 101858603112.000000
-0.219971 -0.981934 0.085205 14.030379 -16.897456 12.932349 101858604913.000000
-0.222168 -0.980469 0.092773 14.213384 -17.080461 13.054352 101858606712.000000
-0.218994 -0.976807 0.089844 13.969377 -17.934484 12.810346 101858608512.000000
-0.220947 -0.980469 0.088135 13.908376 -18.239492 12.749344 101858610320.000000
-0.216553 -0.979004 0.085205 13.969377 -18.605502 12.444336 101858612125.000000
-0.219971 -0.975830 0.085693 13.969377 -19.154517 12.566339 101858613929.000000
-0.216553 -0.974854 0.080811 14.030379 -19.459525 12.383334 101858615735.000000
-0.218506 -0.973145 0.085449 13.969377 -19.764534 12.627341 101858617542.000000
-0.218506 -0.977783 0.083008 13.847374 -20.069542 12.322333 101858619351.000000
-0.216553 -0.972656 0.083984 14.152382 -20.679558 12.322333 101858621165.000000
-0.217285 -0.973877 0.079590 13.969377 -20.984567 12.261331 101858622972.000000
-0.214600 -0.975830 0.083496 13.786372 -21.350576 12.139328 101858624777.000000
-0.216064 -0.973633 0.087158 13.847374 -21.350576 12.200329 101858626660.000000
-0.211426 -0.973633 0.084961 14.030379 -21.899591 12.017324 101858628628.000000
-0.216064 -0.975342 0.085693 14.030379 -22.143598 12.139328 101858630571.000000
-0.212158 -0.974365 0.090088 13.847374 -22.448606 12.322333 101858632468.000000
-0.210938 -0.973389 0.090576 14.030379 -22.570609 11.895321 101858634275.000000
-0.212402 -0.974609 0.087402 13.847374 -22.997621 12.139328 101858636080.000000
-0.214600 -0.969238 0.084717 13.908376 -23.119624 12.200329 101858637883.000000
-0.214844 -0.971924 0.089111 13.725371 -22.997621 12.261331 101858639688.000000
-0.211182 -0.973877 0.084229 13.725371 -23.424632 12.200329 101858641490.000000
-0.210938 -0.975586 0.091064 13.603367 -23.302629 12.444336 101858643298.000000
-0.214355 -0.974854 0.090820 13.725371 -23.424632 12.444336 101858645099.000000
-0.207764 -0.973389 0.092773 13.664369 -23.302629 12.322333 101858646907.000000
-0.211426 -0.979248 0.094727 13.603367 -23.424632 12.322333 101858648709.000000
-0.205322 -0.971924 0.092529 13.603367 -23.546636 12.566339 101858650512.000000
-0.204834 -0.974121 0.091553 13.420362 -23.363631 12.810346 101858652315.000000
-0.202637 -0.978271 0.104492 13.420362 -23.363631 12.749344 101858654117.000000
-0.204590 -0.976318 0.102295 13.603367 -23.058623 12.383334 101858655919.000000
-0.205811 -0.978271 0.099121 13.786372 -22.692613 12.932349 101858657720.000000
-0.200928 -0.977783 0.102539 13.603367 -22.936619 12.505338 101858659522.000000
-0.203613 -0.975586 0.104004 13.664369 -22.692613 12.749344 101858661321.000000
-0.198486 -0.979004 0.103516 13.542366 -22.143598 12.871348 101858663119.000000
-0.198242 -0.978760 0.103271 13.786372 -21.777588 12.810346 101858664918.000000
-0.194824 -0.970947 0.107910 13.725371 -21.777588 12.627341 101858666716.000000
-0.193604 -0.975830 0.103516 13.725371 -20.984567 12.749344 101858668514.000000
-0.191162 -0.970947 0.109863 13.908376 -20.496553 12.749344 101858670388.000000
-0.185791 -0.975830 0.113525 14.030379 -20.496553 12.749344 101858672198.000000
-0.187256 -0.971680 0.110352 13.969377 -20.069542 12.749344 101858674003.000000
-0.187744 -0.971680 0.113525 14.152382 -19.398524 12.871348 101858675811.000000
-0.189697 -0.971924 0.117188 14.335387 -18.788507 12.932349 101858677621.000000
-0.183838 -0.971191 0.112793 14.396389 -18.605502 12.871348 101858679428.000000
-0.185059 -0.970215 0.117188 14.457390 -18.056488 12.810346 101858681233.000000
-0.182617 -0.971191 0.120361 14.396389 -17.446471 12.871348 101858683034.000000
-0.184814 -0.974365 0.113770 14.823400 -17.141463 12.810346 101858684841.000000
-0.186279 -0.969727 0.125488 15.067407 -16.531446 12.932349 101858686647.000000
-0.187500 -0.973389 0.126221 15.189410 -15.982432 13.481364 101858688455.000000
-0.184814 -0.973145 0.129883 15.128408 -15.494418 13.115354 101858690259.000000
-0.188477 -0.973633 0.118896 15.189410 -14.701397 13.115354 101858692062.000000
-0.187744 -0.977295 0.127930 15.311413 -14.396389 13.420362 101858693864.000000
-0.189941 -0.975098 0.126709 15.372415 -13.786372 13.298359 101858695666.000000
-0.189453 -0.978516 0.130615 15.494418 -13.115354 13.420362 101858697468.000000
-0.191650 -0.977539 0.124023 15.494418 -12.810346 13.725371 101858699270.000000
-0.193359 -0.980957 0.126221 15.372415 -12.078326 13.420362 101858701091.000000
-0.199219 -0.975342 0.128906 15.555420 -11.285305 13.664369 101858702894.000000
-0.194824 -0.979492 0.123535 15.677423 -10.980296 13.847374 101858704697.000000
-0.195313 -0.977539 0.127930 15.860428 -10.919295 13.786372 101858706499.000000
-0.196533 -0.979492 0.123535 15.616422 -10.431282 13.725371 101858708307.000000
-0.202393 -0.979736 0.128418 15.921430 -10.248277 13.786372 101858710110.000000
-0.199951 -0.979736 0.122070 16.104435 -9.577259 13.725371 101858711912.000000
-0.201172 -0.979004 0.127930 16.043433 -8.845239 13.847374 101858713714.000000
-0.203369 -0.980469 0.129395 16.104435 -8.540231 13.725371 101858715516.000000
-0.205322 -0.982422 0.124268 16.165436 -8.479229 13.664369 101858717321.000000
-0.212646 -0.978027 0.125488 16.043433 -8.113219 13.908376 101858719123.000000
-0.207764 -0.982178 0.128174 16.104435 -7.930214 13.786372 101858720927.000000
-0.216553 -0.985840 0.126953 16.592448 -8.113219 13.664369 101858722729.000000
-0.215576 -0.981689 0.128174 15.982432 -7.869212 13.603367 101858724530.000000
-0.220215 -0.984131 0.132080 16.348441 -7.686208 13.664369 101858726336.000000
-0.222168 -0.984131 0.132813 16.409443 -7.381199 13.664369 101858728141.000000
-0.225586 -0.983398 0.126953 16.470445 -7.747209 13.542366 101858729944.000000
-0.226074 -0.985352 0.123291 16.531446 -7.442201 13.481364 101858731745.000000
-0.223877 -0.987793 0.126953 16.653450 -7.625206 13.603367 101858733549.000000
-0.222412 -0.988281 0.124756 16.775453 -7.747209 13.603367 101858735351.000000
-0.226807 -0.990234 0.128418 16.836455 -7.869212 13.481364 101858737155.000000
-0.233643 -0.985352 0.129883 16.897456 -8.296224 13.603367 101858738959.000000
-0.231445 -0.988525 0.123779 17.019460 -8.052217 13.298359 101858740762.000000
-0.232666 -0.988770 0.134521 17.202464 -8.418227 13.237357 101858742564.000000
-0.234131 -0.989990 0.134521 17.202464 -8.540231 13.115354 101858744367.000000
-0.233887 -0.987305 0.135498 17.446471 -8.662234 13.420362 101858746172.000000
-0.238525 -0.988037 0.127686 17.812481 -8.784237 13.115354 101858747975.000000
-0.241211 -0.987305 0.135254 17.751479 -9.028244 12.810346 101858749779.000000
-0.234619 -0.987061 0.136230 17.751479 -9.272250 12.871348 101858751581.000000
-0.235596 -0.989502 0.139648 17.934484 -9.394254 12.627341 101858753383.000000
-0.239258 -0.989014 0.129883 18.300494 -9.760264 12.871348 101858755183.000000
-0.241211 -0.985596 0.135498 18.300494 -9.882267 12.627341 101858756988.000000
-0.243408 -0.985596 0.138672 18.422497 -10.065272 12.383334 101858758790.000000
-0.244385 -0.984375 0.138428 18.544501 -10.248277 12.139328 101858760598.000000
-0.240967 -0.984619 0.140625 18.727506 -10.370280 11.834320 101858762401.000000
-0.238525 -0.985352 0.141602 19.093516 -10.736290 12.200329 101858764203.000000
-0.242188 -0.983398 0.139893 18.971512 -10.736290 11.956323 101858766005.000000
-0.238770 -0.979004 0.135986 19.337522 -10.980296 11.651315 101858767810.000000
-0.244385 -0.979248 0.145264 19.581529 -11.346306 11.590313 101858769615.000000
-0.243408 -0.979492 0.142334 19.459525 -11.407308 11.407308 101858771414.000000
-0.243896 -0.980225 0.146484 20.008540 -11.224303 11.102300 101858773216.000000
-0.243164 -0.976563 0.148438 20.252547 -11.224303 10.980296 101858775019.000000
-0.241455 -0.971191 0.146729 20.191545 -11.529311 11.102300 101858776821.000000
-0.237061 -0.968994 0.153076 20.069542 -11.529311 10.980296 101858778629.000000
-0.241699 -0.973389 0.146729 20.435552 -11.285305 10.736290 101858780433.000000
-0.240479 -0.970703 0.157471 20.374550 -11.529311 10.492283 101858782237.000000
-0.240723 -0.967285 0.155518 20.618557 -11.468310 10.309278 101858784040.000000
-0.240967 -0.963135 0.159424 20.984567 -11.285305 10.309278 101858785842.000000
-0.240234 -0.964355 0.161133 20.801562 -11.346306 10.187275 101858787642.000000
-0.241211 -0.960449 0.163330 20.923565 -11.224303 9.882267 101858789446.000000
-0.243896 -0.959961 0.162598 21.289575 -11.224303 9.821265 101858791250.000000
-0.240479 -0.955078 0.166016 21.106570 -10.919295 9.699262 101858793052.000000
-0.241211 -0.953125 0.162842 21.350576 -11.224303 9.821265 101858794853.000000
-0.240234 -0.949707 0.169189 21.350576 -11.102300 9.699262 101858796654.000000
-0.239746 -0.945068 0.174805 21.533581 -10.980296 9.760264 101858798456.000000
-0.241455 -0.943359 0.174072 21.533581 -10.919295 9.211249 101858800263.000000
-0.242920 -0.941650 0.175049 21.838590 -10.858293 9.333252 101858802065.000000
-0.243164 -0.940918 0.177734 21.838590 -10.919295 9.455255 101858803867.000000
-0.242920 -0.935547 0.180908 21.838590 -10.675288 9.333252 101858805669.000000
-0.241455 -0.932617 0.179199 21.838590 -10.553285 9.272250 101858807470.000000
-0.240967 -0.932861 0.184082 21.594583 -10.370280 9.211249 101858809272.000000
-0.240234 -0.928467 0.185547 21.655585 -10.065272 9.394254 101858811096.000000
-0.243164 -0.926270 0.181885 21.777588 -10.248277 9.455255 101858812898.000000
-0.244141 -0.926514 0.180908 22.021595 -10.004270 9.150247 101858814699.000000
-0.245850 -0.923828 0.188232 21.960593 -10.065272 9.028244 101858816501.000000
-0.249023 -0.924072 0.186768 21.899591 -9.821265 9.211249 101858818303.000000
-0.248535 -0.920898 0.188965 21.899591 -9.943268 9.394254 101858820105.000000
-0.246826 -0.918213 0.183838 21.533581 -9.943268 9.211249 101858821911.000000
-0.243896 -0.917236 0.184326 21.716586 -9.821265 9.089245 101858823714.000000
-0.243408 -0.916748 0.189453 21.289575 -9.821265 9.028244 101858825515.000000
-0.247803 -0.915283 0.190430 21.167572 -9.516257 9.211249 101858827317.000000
-0.247803 -0.913086 0.196045 21.472580 -9.638260 9.333252 101858829118.000000
-0.245117 -0.908447 0.188232 21.289575 -9.638260 9.211249 101858830930.000000
-0.245605 -0.905273 0.188477 21.106570 -9.577259 9.028244 101858832732.000000
-0.244385 -0.904053 0.187256 21.350576 -9.638260 8.784237 101858834534.000000
-0.247803 -0.906250 0.192139 21.228573 -9.577259 8.601232 101858836339.000000
-0.246094 -0.901611 0.188965 21.167572 -9.516257 8.418227 101858838141.000000
-0.242432 -0.902100 0.190430 21.350576 -9.699262 8.662234 101858839947.000000
-0.248535 -0.905029 0.190674 21.045568 -9.638260 8.540231 101858841747.000000
-0.243896 -0.902100 0.180176 20.740560 -9.882267 8.662234 101858843549.000000
-0.242920 -0.900391 0.181152 20.923565 -10.248277 8.540231 101858845350.000000
-0.243652 -0.903564 0.180420 20.740560 -10.309278 8.662234 101858847153.000000
-0.245850 -0.900879 0.184814 20.801562 -10.187275 8.235222 101858848954.000000
-0.245361 -0.900146 0.189453 20.679558 -10.614287 8.296224 101858850762.000000
-0.249512 -0.901855 0.187012 20.740560 -10.736290 8.174221 101858852563.000000
-0.248779 -0.902832 0.185059 20.740560 -11.163301 8.052217 101858854367.000000
-0.245605 -0.906494 0.183105 20.679558 -11.346306 8.235222 101858856169.000000
-0.246582 -0.904053 0.179443 20.435552 -11.651315 8.235222 101858857973.000000
-0.244629 -0.903076 0.179932 20.557555 -11.956323 8.113219 101858859777.000000
-0.241943 -0.902588 0.177490 20.374550 -12.078326 8.174221 101858861580.000000
-0.242432 -0.905273 0.179688 20.496553 -12.383334 8.235222 101858863382.000000
-0.247803 -0.901855 0.185791 20.496553 -12.566339 8.052217 101858865188.000000
-0.240479 -0.900879 0.178711 20.557555 -12.749344 7.869212 101858866990.000000
-0.240479 -0.898682 0.178955 20.496553 -13.115354 7.869212 101858868791.000000
-0.241699 -0.901123 0.177002 20.618557 -13.115354 8.113219 101858870594.000000
-0.240234 -0.895264 0.177002 20.496553 -13.115354 8.113219 101858872396.000000
-0.241455 -0.898926 0.180664 20.252547 -13.298359 7.991216 101858874199.000000
-0.239014 -0.898926 0.174561 20.313548 -13.481364 7.686208 101858876001.000000
-0.237793 -0.897949 0.181152 20.313548 -13.542366 7.930214 101858877806.000000
-0.236084 -0.897217 0.183350 20.435552 -13.542366 8.052217 101858879609.000000
-0.233154 -0.894043 0.187012 20.740560 -13.542366 7.869212 101858881411.000000
-0.234863 -0.897217 0.185547 20.557555 -13.786372 7.747209 101858883212.000000
-0.231201 -0.899170 0.184570 20.496553 -13.420362 7.808211 101858885013.000000
-0.226318 -0.896240 0.187012 20.313548 -13.298359 7.808211 101858886818.000000
-0.229736 -0.894531 0.175293 20.313548 -13.481364 8.052217 101858888621.000000
-0.229736 -0.894287 0.175293 20.374550 -13.298359 7.686208 101858890424.000000
-0.224365 -0.897461 0.183105 20.374550 -12.688343 8.113219 101858892226.000000
-0.225830 -0.894043 0.185303 19.947539 -12.810346 8.235222 101858894040.000000
-0.221436 -0.895264 0.187012 19.947539 -12.322333 8.418227 101858895842.000000
-0.220703 -0.893555 0.185547 20.008540 -12.200329 8.174221 101858897647.000000
-0.223633 -0.893555 0.181396 19.581529 -11.834320 8.235222 101858899451.000000
-0.225586 -0.890869 0.182373 19.520527 -11.407308 8.296224 101858901252.000000
-0.219238 -0.891357 0.181396 19.581529 -11.102300 8.540231 101858903061.000000
-0.215088 -0.891357 0.187744 19.093516 -10.492283 8.418227 101858904864.000000
-0.218018 -0.889893 0.182129 18.788507 -10.187275 8.540231 101858906665.000000
-0.215576 -0.888184 0.187012 18.849509 -9.577259 8.540231 101858908467.000000
-0.210205 -0.889893 0.189453 18.666504 -9.211249 8.601232 101858910271.000000
-0.211426 -0.891113 0.194336 18.300494 -8.540231 8.540231 101858912073.000000
-0.206543 -0.891846 0.194580 17.995486 -7.930214 8.723236 101858913877.000000
-0.215332 -0.886719 0.196045 17.934484 -7.198194 8.906240 101858915679.000000
-0.211670 -0.888916 0.190430 17.751479 -6.832184 9.028244 101858917481.000000
-0.209717 -0.891113 0.188477 17.751479 -6.222168 8.967242 101858919304.000000
-0.213623 -0.892822 0.194092 17.629476 -5.307143 8.906240 101858921106.000000
-0.213623 -0.889893 0.199707 17.202464 -4.819130 9.089245 101858922907.000000
-0.215088 -0.892822 0.198975 17.019460 -4.148112 8.845239 101858924709.000000
-0.209961 -0.891357 0.199219 16.714451 -3.599097 9.150247 101858926511.000000
-0.211670 -0.891846 0.200684 16.714451 -3.111084 9.089245 101858928313.000000
-0.218018 -0.888428 0.197998 16.348441 -2.501068 8.967242 101858930119.000000
-0.219727 -0.895508 0.200195 16.348441 -1.830049 9.211249 101858931924.000000
-0.217041 -0.891846 0.198975 16.043433 -1.464040 9.211249 101858933725.000000
-0.215088 -0.891846 0.200684 15.860428 -0.854023 9.333252 101858935527.000000
-0.216309 -0.891113 0.199463 15.494418 -0.244007 9.150247 101858937329.000000
-0.221191 -0.893555 0.200928 15.555420 0.183005 9.333252 101858939130.000000
-0.222656 -0.892578 0.203125 15.311413 0.732020 9.455255 101858940934.000000
-0.224121 -0.891113 0.198242 15.006405 1.037028 9.455255 101858942736.000000
-0.227295 -0.891602 0.207031 14.945404 1.342036 9.394254 101858944538.000000
-0.226318 -0.890137 0.212646 14.762399 1.830049 9.577259 101858946339.000000
-0.229492 -0.888916 0.200928 14.640395 2.013054 9.333252 101858948140.000000
-0.229492 -0.889893 0.206787 14.213384 2.257061 9.333252 101858949946.000000
-0.228760 -0.887695 0.211182 14.396389 2.562069 9.333252 101858951746.000000
-0.232910 -0.888916 0.198730 14.274385 2.745074 9.333252 101858953552.000000
-0.230957 -0.888184 0.203125 13.664369 2.989081 9.455255 101858955353.000000
-0.234863 -0.887207 0.207520 13.603367 3.172086 9.150247 101858957162.000000
-0.233398 -0.889893 0.205811 13.481364 3.233087 8.967242 101858958965.000000
-0.239746 -0.890625 0.206787 13.359361 3.050082 8.845239 101858960768.000000
-0.234375 -0.886719 0.212646 13.359361 3.294089 8.906240 101858962569.000000
-0.236328 -0.888672 0.213135 13.054352 3.172086 8.845239 101858964371.000000
-0.243652 -0.887207 0.202393 12.688343 3.233087 8.601232 101858966172.000000
-0.242188 -0.891113 0.208252 12.566339 3.294089 8.479229 101858967973.000000
-0.245117 -0.886230 0.207764 12.383334 3.050082 8.601232 101858969779.000000
-0.242188 -0.886719 0.205811 12.322333 3.172086 8.113219 101858971578.000000
-0.245361 -0.887695 0.206787 12.139328 3.050082 7.991216 101858973380.000000
-0.247559 -0.887939 0.206543 12.139328 2.867077 8.052217 101858975185.000000
-0.248047 -0.885010 0.208984 11.468310 2.684072 8.113219 101858976987.000000
-0.247803 -0.886475 0.218994 11.529311 2.989081 7.747209 101858978789.000000
-0.253174 -0.885498 0.210693 11.346306 2.623071 7.503203 101858980593.000000
-0.257813 -0.885498 0.213379 11.102300 2.318063 7.259196 101858982395.000000
-0.251709 -0.887207 0.211670 10.675288 2.074056 7.259196 101858984197.000000
-0.251221 -0.883301 0.213379 10.126273 2.318063 7.381199 101858985999.000000
-0.250244 -0.882080 0.215820 9.943268 1.891051 7.015189 101858987804.000000
-0.253906 -0.886963 0.223633 9.943268 1.891051 6.893186 101858989608.000000
-0.252930 -0.885498 0.222412 9.943268 1.830049 6.771183 101858991410.000000
-0.252930 -0.887451 0.218750 9.516257 1.586043 6.283170 101858993211.000000
-0.257080 -0.886963 0.222412 9.333252 1.647044 6.466175 101858995012.000000
-0.258301 -0.886719 0.222412 8.784237 1.342036 6.527176 101858996814.000000
-0.258301 -0.891357 0.227295 8.479229 1.342036 6.161166 101858998616.000000
-0.259766 -0.887207 0.226563 8.479229 1.159031 6.222168 101859000419.000000
-0.260010 -0.886475 0.223633 8.052217 1.220033 6.039163 101859002221.000000
-0.256592 -0.890137 0.219971 7.991216 1.037028 5.734155 101859004024.000000
-0.259033 -0.884766 0.226807 7.564204 0.915025 5.795156 101859005826.000000
-0.258545 -0.882568 0.224609 7.259196 0.610016 5.856158 101859007628.000000
-0.257324 -0.886230 0.222168 6.893186 0.671018 5.612152 101859009431.000000
-0.258301 -0.886230 0.224854 6.405173 0.732020 5.368145 101859011233.000000
-0.259521 -0.881836 0.224121 6.161166 0.427012 5.246142 101859013034.000000
-0.256836 -0.885010 0.224121 5.978161 0.610016 5.429147 101859014837.000000
-0.257324 -0.884033 0.223389 5.673153 0.366010 5.124138 101859016639.000000
-0.258545 -0.882080 0.222412 5.246142 0.549015 5.368145 101859018441.000000
-0.258057 -0.883789 0.222656 4.636125 0.610016 5.002135 101859020244.000000
-0.251221 -0.882813 0.229248 4.453120 0.366010 4.758128 101859022046.000000
-0.250244 -0.882813 0.226074 4.148112 0.610016 4.697127 101859023849.000000
-0.254883 -0.883301 0.220459 4.148112 0.549015 4.636125 101859025651.000000
-0.252197 -0.881592 0.218262 3.965107 0.732020 4.453120 101859027453.000000
-0.246582 -0.880615 0.216309 3.294089 0.915025 4.026109 101859029261.000000
-0.246094 -0.883545 0.212402 3.172086 1.342036 4.087110 101859031092.000000
-0.247070 -0.882080 0.216797 2.928079 1.037028 4.087110 101859032894.000000
-0.241211 -0.884521 0.209717 2.745074 0.793021 3.660099 101859034696.000000
-0.238037 -0.884033 0.214600 2.501068 1.586043 3.355091 101859036498.000000
-0.238770 -0.883789 0.214844 2.318063 1.464040 3.111084 101859038300.000000
-0.236328 -0.877930 0.219727 1.891051 1.708046 3.111084 101859040109.000000
-0.235352 -0.882324 0.216553 2.013054 1.830049 3.050082 101859041915.000000
-0.235107 -0.879395 0.213135 1.647044 2.135058 2.623071 101859043717.000000
-0.236816 -0.879639 0.213379 1.220033 2.074056 2.623071 101859045519.000000
-0.236328 -0.880371 0.218018 1.098030 2.318063 2.379064 101859047322.000000
-0.236816 -0.882568 0.213867 1.159031 2.684072 2.196059 101859049124.000000
-0.235840 -0.880127 0.216064 0.793021 2.867077 1.830049 101859050932.000000
-0.233398 -0.881592 0.218994 0.305008 2.928079 1.708046 101859052734.000000
-0.234619 -0.876465 0.213379 0.366010 2.745074 1.769048 101859054536.000000
-0.232910 -0.880127 0.214111 0.000000 3.111084 1.952053 101859056338.000000
-0.234131 -0.879883 0.217529 -0.183005 3.477094 1.464040 101859058139.000000
-0.234619 -0.883057 0.213867 -0.366010 3.599097 1.403038 101859059955.000000
-0.239258 -0.877197 0.214844 -0.488013 3.599097 1.403038 101859061756.000000
-0.237549 -0.875977 0.215820 -0.793021 3.721100 1.281035 101859063559.000000
-0.236816 -0.874756 0.214355 -1.403038 3.782102 1.037028 101859065361.000000
-0.237549 -0.874512 0.207031 -1.342036 3.843104 1.220033 101859067163.000000
-0.242676 -0.874023 0.211914 -1.647044 3.904105 1.098030 101859068965.000000
-0.242676 -0.874512 0.216309 -1.891051 4.148112 1.037028 101859070769.000000
-0.240967 -0.873047 0.213135 -2.074056 4.148112 1.037028 101859072571.000000
-0.241943 -0.877441 0.214844 -2.501068 4.148112 0.854023 101859074373.000000
-0.242920 -0.878418 0.208496 -2.928079 4.270115 0.976026 101859076174.000000
-0.249268 -0.876465 0.208008 -3.111084 4.148112 0.549015 101859077976.000000
-0.245361 -0.871094 0.211426 -3.294089 4.270115 1.037028 101859079791.000000
-0.246582 -0.877441 0.204346 -3.660099 4.270115 0.854023 101859081615.000000
-0.244873 -0.879639 0.204834 -3.843104 4.697127 0.610016 101859083418.000000
-0.242432 -0.878662 0.206299 -4.087110 4.270115 0.671018 101859085222.000000
-0.241455 -0.877930 0.201904 -4.331117 4.514122 0.671018 101859087033.000000
-0.244385 -0.875732 0.200439 -4.514122 4.697127 0.915025 101859088835.000000
-0.241943 -0.876709 0.206787 -5.246142 4.453120 0.305008 101859090638.000000
-0.243164 -0.876709 0.207764 -5.368145 4.575124 0.549015 101859092440.000000
-0.242676 -0.879883 0.206055 -5.490148 4.758128 0.549015 101859094246.000000
-0.236328 -0.884521 0.199463 -5.673153 5.246142 0.183005 101859096050.000000
-0.238525 -0.881348 0.205322 -5.856158 5.063137 0.183005 101859097853.000000
-0.238770 -0.878906 0.206787 -6.039163 5.307143 0.061002 101859099659.000000
-0.237549 -0.881836 0.208984 -6.222168 5.429147 -0.305008 101859101462.000000
-0.238525 -0.887207 0.200928 -6.588178 5.856158 -0.427012 101859103264.000000
-0.236084 -0.886475 0.195557 -6.344171 5.795156 -0.488013 101859105066.000000
-0.237305 -0.885986 0.199219 -6.588178 5.978161 -0.854023 101859106867.000000
-0.237061 -0.886719 0.196777 -6.893186 6.283170 -0.671018 101859108669.000000
-0.239258 -0.890137 0.199707 -6.588178 6.588178 -0.976026 101859110473.000000
-0.240723 -0.887451 0.195557 -7.076191 6.588178 -1.342036 101859112277.000000
-0.240479 -0.883545 0.198242 -7.076191 7.015189 -1.525041 101859114078.000000
-0.239014 -0.889648 0.199707 -7.198194 7.015189 -1.647044 101859115880.000000
-0.244385 -0.887451 0.196777 -7.381199 7.076191 -2.074056 101859117683.000000
-0.237793 -0.888428 0.199707 -7.564204 7.503203 -2.013054 101859119486.000000
-0.241455 -0.889648 0.198486 -7.564204 7.869212 -2.074056 101859121288.000000
-0.246826 -0.892334 0.196533 -7.991216 7.991216 -2.196059 101859123090.000000
-0.249756 -0.887939 0.205811 -8.052217 8.357226 -2.501068 101859124891.000000
-0.250488 -0.890137 0.197266 -8.357226 8.601232 -2.440066 101859126694.000000
-0.253662 -0.893066 0.197510 -8.296224 8.479229 -2.562069 101859128496.000000
-0.253906 -0.895264 0.194824 -8.540231 8.723236 -2.745074 101859130299.000000
-0.250977 -0.890137 0.198242 -8.784237 9.577259 -2.623071 101859132100.000000
-0.259033 -0.889893 0.207031 -9.089245 9.333252 -2.806076 101859133903.000000
-0.253662 -0.893311 0.195557 -9.455255 9.577259 -2.867077 101859135705.000000
-0.259766 -0.898193 0.196289 -9.516257 9.882267 -2.806076 101859137507.000000
-0.258789 -0.892822 0.193115 -9.760264 10.004270 -2.745074 101859139315.000000
-0.263916 -0.891602 0.190186 -9.821265 10.492283 -2.928079 101859141120.000000
-0.264160 -0.894775 0.188965 -10.004270 10.614287 -3.050082 101859142930.000000
-0.267822 -0.899658 0.184814 -10.675288 10.431282 -2.989081 101859144732.000000
-0.262695 -0.896973 0.184814 -10.980296 10.797292 -2.867077 101859146534.000000
-0.264648 -0.898438 0.187012 -11.041298 10.797292 -2.806076 101859148336.000000
-0.267822 -0.899170 0.182617 -11.346306 10.675288 -3.294089 101859150142.000000
-0.268066 -0.901367 0.177979 -11.529311 10.736290 -3.233087 101859151947.000000
-0.270264 -0.902344 0.179932 -11.712316 10.797292 -2.928079 101859153748.000000
-0.271729 -0.905518 0.176758 -12.200329 10.858293 -3.172086 101859155555.000000
-0.269531 -0.905518 0.175293 -12.505338 10.492283 -3.416092 101859157358.000000
-0.267090 -0.902344 0.175781 -12.627341 10.614287 -3.599097 101859159160.000000
-0.270996 -0.907715 0.170898 -12.749344 10.370280 -3.660099 101859160968.000000
-0.267334 -0.907227 0.173340 -12.993351 10.309278 -3.965107 101859162771.000000
-0.269043 -0.910889 0.169922 -13.298359 10.004270 -4.270115 101859164572.000000
-0.269287 -0.905762 0.163818 -13.481364 9.455255 -4.148112 101859166374.000000
-0.273193 -0.906250 0.168701 -13.481364 9.272250 -4.331117 101859168177.000000
-0.269775 -0.910645 0.164795 -13.481364 9.333252 -4.819130 101859169983.000000
-0.273193 -0.912109 0.159180 -13.725371 8.784237 -4.453120 101859171783.000000
-0.275879 -0.912598 0.162842 -13.908376 8.357226 -4.575124 101859173585.000000
-0.274414 -0.912598 0.160645 -14.030379 7.869212 -5.002135 101859175388.000000
-0.273193 -0.915527 0.158203 -14.152382 7.686208 -5.246142 101859177190.000000
-0.276123 -0.910156 0.160400 -14.213384 7.320198 -5.185140 101859178991.000000
-0.277344 -0.915283 0.155029 -14.274385 7.076191 -5.429147 101859180799.000000
-0.275391 -0.914551 0.155273 -14.640395 6.466175 -5.734155 101859182603.000000
-0.275391 -0.914551 0.154297 -14.762399 6.100165 -5.734155 101859184408.000000
-0.273438 -0.915527 0.158203 -14.884402 5.612152 -6.039163 101859186209.000000
-0.283203 -0.919189 0.153076 -14.823400 5.307143 -6.222168 101859188010.000000
-0.281738 -0.918945 0.154053 -14.823400 4.575124 -6.161166 101859189814.000000
-0.278076 -0.919678 0.150879 -14.945404 4.026109 -6.283170 101859191616.000000
-0.280273 -0.921387 0.148682 -15.250412 3.538096 -6.588178 101859193418.000000
-0.282959 -0.921143 0.149414 -15.372415 3.416092 -6.527176 101859195219.000000
-0.281250 -0.918457 0.146973 -15.311413 2.379064 -6.649180 101859197021.000000
-0.283203 -0.927002 0.155029 -15.311413 1.952053 -6.527176 101859198823.000000
-0.282959 -0.922852 0.149658 -15.372415 1.525041 -7.137193 101859200626.000000
-0.281494 -0.923584 0.150879 -15.677423 1.281035 -6.954188 101859202428.000000
-0.280762 -0.922852 0.156006 -15.982432 0.549015 -6.832184 101859204229.000000
-0.278564 -0.924805 0.156982 -15.860428 0.000000 -7.442201 101859206037.000000
-0.283447 -0.922363 0.154053 -16.104435 -0.488013 -7.381199 101859207838.000000
-0.283936 -0.923096 0.155762 -16.409443 -0.854023 -7.259196 101859209641.000000
-0.282471 -0.920898 0.158447 -16.714451 -1.159031 -7.808211 101859211444.000000
-0.279541 -0.919434 0.161621 -16.714451 -1.830049 -7.625206 101859213249.000000
-0.276123 -0.919189 0.158203 -16.958458 -2.013054 -7.808211 101859215058.000000
-0.277344 -0.921143 0.164795 -17.263466 -2.074056 -7.625206 101859216860.000000
-0.278564 -0.924316 0.158936 -17.324468 -2.196059 -7.503203 101859218662.000000
-0.279297 -0.918945 0.158691 -17.751479 -2.440066 -7.808211 101859220465.000000
-0.277588 -0.921631 0.165283 -18.361496 -2.684072 -7.869212 101859222268.000000
-0.271240 -0.925537 0.165283 -18.239492 -2.745074 -7.747209 101859224070.000000
-0.273926 -0.919678 0.170898 -18.544501 -2.623071 -7.808211 101859225872.000000
-0.266602 -0.923340 0.169189 -18.849509 -2.867077 -7.625206 101859228302.000000
-0.264160 -0.926025 0.169678 -19.215519 -2.257061 -7.869212 101859230137.000000
-0.261230 -0.924561 0.178711 -19.398524 -2.135058 -7.808211 101859231950.000000
-0.261963 -0.924072 0.171387 -19.520527 -2.318063 -7.808211 101859233753.000000
-0.259766 -0.924805 0.173828 -19.886537 -2.013054 -7.747209 101859235554.000000
-0.255615 -0.923096 0.176025 -20.008540 -1.952053 -7.625206 101859237357.000000
-0.255859 -0.921143 0.173340 -20.069542 -1.342036 -7.747209 101859239160.000000
-0.251709 -0.927490 0.177734 -20.496553 -1.098030 -7.808211 101859240968.000000
-0.252930 -0.924072 0.176514 -20.984567 -0.854023 -7.442201 101859242769.000000
-0.249512 -0.926758 0.181641 -20.984567 -0.244007 -7.625206 101859244570.000000
-0.245850 -0.924561 0.177490 -21.472580 0.244007 -7.564204 101859246373.000000
-0.248535 -0.934570 0.182129 -21.350576 0.610016 -7.442201 101859248174.000000
-0.244141 -0.928467 0.177979 -21.777588 1.098030 -7.503203 101859249980.000000
-0.245361 -0.922607 0.175049 -21.777588 1.586043 -7.503203 101859251780.000000
-0.245361 -0.927490 0.183838 -21.960593 1.891051 -7.381199 101859253582.000000
-0.243652 -0.924805 0.182861 -22.143598 2.379064 -7.381199 101859255385.000000
-0.242676 -0.925537 0.179443 -22.265601 2.745074 -6.954188 101859257186.000000
-0.243164 -0.930420 0.182129 -22.326603 3.233087 -7.381199 101859258987.000000
-0.239746 -0.929932 0.180908 -22.509608 3.477094 -7.259196 101859260795.000000
-0.243652 -0.926758 0.176025 -22.448606 4.087110 -7.015189 101859262598.000000
-0.244873 -0.926270 0.171143 -22.814616 4.453120 -7.198194 101859264400.000000
-0.242920 -0.927979 0.174316 -22.997621 4.636125 -7.015189 101859266200.000000
-0.245117 -0.926514 0.176270 -23.180626 5.124138 -6.954188 101859268003.000000
-0.246338 -0.928955 0.176514 -22.875618 5.185140 -6.954188 101859269809.000000
-0.247559 -0.929932 0.175293 -23.302629 5.734155 -7.076191 101859271608.000000
-0.246338 -0.928223 0.169189 -23.241628 5.673153 -7.137193 101859273410.000000
-0.246826 -0.934570 0.158691 -23.302629 5.978161 -6.832184 101859275212.000000
-0.253174 -0.934326 0.168213 -23.180626 6.222168 -7.015189 101859277013.000000
-0.252686 -0.934814 0.160645 -23.363631 6.161166 -6.832184 101859278816.000000
-0.254639 -0.936768 0.160645 -22.997621 6.161166 -6.832184 101859280620.000000
-0.257568 -0.938965 0.163574 -23.180626 6.039163 -6.649180 101859282423.000000
-0.254150 -0.941895 0.156006 -23.668639 5.978161 -7.015189 101859284225.000000
-0.252930 -0.938721 0.157959 -23.119624 5.734155 -6.771183 101859286034.000000
-0.253418 -0.944580 0.150391 -23.241628 5.368145 -6.771183 101859287836.000000
-0.258057 -0.951416 0.151123 -23.241628 5.307143 -6.649180 101859289639.000000
-0.256836 -0.951904 0.150879 -23.058623 5.246142 -6.893186 101859291446.000000
-0.253418 -0.946777 0.148438 -23.058623 4.758128 -6.954188 101859293247.000000
-0.254639 -0.948486 0.145752 -22.753614 4.392119 -7.076191 101859295057.000000
-0.256104 -0.948486 0.137939 -22.570609 4.026109 -7.015189 101859296859.000000
-0.254639 -0.951904 0.143066 -22.692613 3.355091 -7.320198 101859298660.000000
-0.251709 -0.953369 0.142822 -22.448606 2.989081 -7.381199 101859300463.000000
-0.256104 -0.952148 0.137939 -22.387604 2.623071 -7.503203 101859302266.000000
-0.251953 -0.950439 0.135010 -22.387604 2.013054 -7.503203 101859304071.000000
-0.252197 -0.953369 0.131104 -22.387604 1.769048 -7.869212 101859306470.000000
-0.253174 -0.954102 0.131348 -22.143598 0.732020 -7.991216 101859309391.000000
-0.252441 -0.952881 0.127197 -21.960593 0.000000 -7.930214 101859312311.000000
-0.249023 -0.953369 0.123291 -21.838590 -0.854023 -8.052217 101859315226.000000
-0.252930 -0.953369 0.123047 -21.838590 -1.403038 -8.113219 101859318142.000000
-0.252441 -0.952637 0.121338 -21.655585 -2.257061 -8.113219 101859321061.000000
-0.250000 -0.952148 0.128662 -21.716586 -2.684072 -8.296224 101859323977.000000
-0.246338 -0.954346 0.119629 -21.716586 -3.233087 -8.296224 101859326892.000000
-0.246338 -0.950928 0.123047 -21.716586 -3.843104 -8.601232 101859329815.000000
-0.241943 -0.953857 0.129639 -21.716586 -3.904105 -7.991216 101859332733.000000
-0.239014 -0.951660 0.127441 -22.082596 -4.270115 -8.540231 101859335651.000000
-0.238525 -0.955566 0.125732 -22.082596 -3.965107 -8.418227 101859338566.000000
-0.232910 -0.956055 0.124023 -22.021595 -4.087110 -8.540231 101859341495.000000
-0.227051 -0.958252 0.131104 -21.777588 -3.782102 -8.418227 101859344410.000000
-0.224854 -0.956055 0.125488 -22.021595 -3.660099 -8.723236 101859347333.000000
-0.223389 -0.964844 0.127930 -22.143598 -2.867077 -8.296224 101859350256.000000
-0.222168 -0.960205 0.132080 -22.265601 -2.013054 -8.235222 101859353175.000000
-0.218018 -0.959229 0.132080 -22.204600 -1.525041 -8.174221 101859356090.000000
-0.218994 -0.964844 0.127930 -22.265601 -0.488013 -8.174221 101859359007.000000
-0.217773 -0.963623 0.130615 -22.448606 0.366010 -7.869212 101859361933.000000
-0.220703 -0.961670 0.131348 -22.326603 1.281035 -7.991216 101859364848.000000
-0.215820 -0.957764 0.133301 -22.387604 2.013054 -7.808211 101859367764.000000
-0.218994 -0.958984 0.135498 -22.509608 3.050082 -7.564204 101859370683.000000
-0.216064 -0.950684 0.132080 -22.326603 4.270115 -7.381199 101859373602.000000
-0.217529 -0.951416 0.136963 -22.509608 4.819130 -7.137193 101859376518.000000
-0.213135 -0.948975 0.123779 -22.570609 5.856158 -6.588178 101859379439.000000
-0.218018 -0.950928 0.126709 -22.326603 6.710181 -6.466175 101859382356.000000
-0.220703 -0.955566 0.129150 -22.265601 7.686208 -6.222168 101859385273.000000
-0.222900 -0.955322 0.123291 -22.265601 7.991216 -6.222168 101859388188.000000
-0.221680 -0.956299 0.113281 -22.082596 8.601232 -6.039163 101859391107.000000
-0.221191 -0.956055 0.112305 -22.082596 8.845239 -5.917160 101859394022.000000
-0.223633 -0.958008 0.097656 -21.899591 9.333252 -5.368145 101859396939.000000
-0.227295 -0.956543 0.094238 -21.594583 9.211249 -5.795156 101859399859.000000
-0.224609 -0.957764 0.090332 -21.167572 9.455255 -5.673153 101859402776.000000
-0.233154 -0.962158 0.085693 -21.045568 9.028244 -5.795156 101859405733.000000
-0.237793 -0.961914 0.075684 -20.862563 8.784237 -5.856158 101859408653.000000
-0.237549 -0.961670 0.081055 -20.496553 8.113219 -5.673153 101859411570.000000
-0.233887 -0.965332 0.074463 -20.069542 7.991216 -6.100165 101859414485.000000
-0.238037 -0.965332 0.069824 -19.764534 7.564204 -5.795156 101859417400.000000
-0.241211 -0.966064 0.073486 -19.215519 6.588178 -6.100165 101859420317.000000
-0.245850 -0.966797 0.070801 -18.788507 5.917160 -5.917160 101859423234.000000
-0.244141 -0.966309 0.068848 -18.849509 5.307143 -6.283170 101859426151.000000
-0.250244 -0.965576 0.067627 -18.239492 4.392119 -6.344171 101859429067.000000
-0.248291 -0.966797 0.059326 -18.361496 3.904105 -6.405173 101859432000.000000
-0.251465 -0.963867 0.059570 -17.751479 3.416092 -6.527176 101859434918.000000
-0.248535 -0.966309 0.056885 -18.056488 2.623071 -6.527176 101859437833.000000
-0.252197 -0.971191 0.055908 -17.934484 2.196059 -6.588178 101859440760.000000
-0.249268 -0.963623 0.054688 -17.812481 1.647044 -6.710181 101859443675.000000
-0.248291 -0.971191 0.050293 -18.056488 0.793021 -6.588178 101859446599.000000
-0.251465 -0.967773 0.050537 -17.995486 0.549015 -6.771183 101859449531.000000
-0.245605 -0.971924 0.056396 -17.995486 -0.366010 -6.893186 101859452450.000000
-0.247559 -0.974121 0.046387 -18.117489 -0.061002 -6.954188 101859455365.000000
-0.243164 -0.973389 0.057617 -17.873483 -0.488013 -7.137193 101859458281.000000
-0.238770 -0.974609 0.047363 -17.873483 -0.671018 -7.259196 101859461208.000000
-0.239990 -0.972900 0.051514 -18.056488 -0.366010 -7.442201 101859464136.000000
-0.235840 -0.975342 0.060547 -17.873483 -0.732020 -7.442201 101859467054.000000
-0.230225 -0.967773 0.059814 -17.934484 0.000000 -7.747209 101859469979.000000
-0.227295 -0.973145 0.060791 -17.995486 0.122003 -7.930214 101859472897.000000
-0.229980 -0.968750 0.054443 -18.178491 0.488013 -8.052217 101859475814.000000
-0.228271 -0.963867 0.064209 -18.056488 0.976026 -8.235222 101859478730.000000
-0.227539 -0.967041 0.067383 -18.239492 1.769048 -8.174221 101859481648.000000
-0.226807 -0.963867 0.066895 -18.178491 2.196059 -8.052217 101859484564.000000
-0.231445 -0.961670 0.066162 -18.300494 2.745074 -8.052217 101859487480.000000
-0.228516 -0.969482 0.068848 -18.361496 3.355091 -7.930214 101859490399.000000
-0.228271 -0.963867 0.066650 -18.300494 3.416092 -8.052217 101859493317.000000
-0.228027 -0.964355 0.066406 -18.422497 3.904105 -7.991216 101859496233.000000
-0.229492 -0.964600 0.065186 -18.605502 4.026109 -7.808211 101859499148.000000
-0.233154 -0.961670 0.057129 -18.605502 4.148112 -7.930214 101859502067.000000
-0.233154 -0.963867 0.061768 -18.666504 4.331117 -7.991216 101859505011.000000
-0.232910 -0.960693 0.056396 -18.788507 4.148112 -7.869212 101859507928.000000
-0.230713 -0.958252 0.054688 -18.361496 3.660099 -8.296224 101859515581.000000
-0.234131 -0.961182 0.049072 -18.178491 2.989081 -8.540231 101859518733.000000
-0.234375 -0.955078 0.041016 -18.056488 2.684072 -8.723236 101859521664.000000
-0.236572 -0.956543 0.043457 -17.934484 2.196059 -8.845239 101859524582.000000
-0.235840 -0.957520 0.045898 -17.629476 1.403038 -9.089245 101859527579.000000
-0.236328 -0.957520 0.043701 -17.690478 0.671018 -9.211249 101859530572.000000
-0.236084 -0.958252 0.035645 -17.690478 0.183005 -9.638260 101859533504.000000
-0.235352 -0.957275 0.035645 -17.446471 -0.427012 -10.004270 101859536454.000000
-0.233154 -0.955566 0.036133 -17.202464 -1.220033 -10.370280 101859539368.000000
-0.231934 -0.957520 0.038330 -17.019460 -1.708046 -10.553285 101859542292.000000
-0.234375 -0.955078 0.033203 -16.958458 -2.379064 -10.858293 101859545204.000000
-0.224854 -0.955566 0.031494 -16.958458 -3.111084 -10.980296 101859548115.000000
-0.225586 -0.959717 0.028809 -16.775453 -3.416092 -11.529311 101859551026.000000
-0.226807 -0.957275 0.031250 -16.592448 -3.965107 -11.895321 101859553939.000000
-0.223877 -0.951172 0.033936 -16.531446 -4.514122 -12.139328 101859556850.000000
-0.225098 -0.946289 0.031738 -16.470445 -4.941133 -12.261331 101859559769.000000
-0.218750 -0.946289 0.035889 -16.470445 -5.307143 -12.383334 101859562682.000000
-0.217041 -0.945313 0.027100 -16.409443 -5.795156 -12.932349 101859565595.000000
-0.214600 -0.943848 0.030029 -16.348441 -5.673153 -12.932349 101859568508.000000
-0.214600 -0.940918 0.031006 -16.470445 -5.856158 -13.176356 101859571421.000000
-0.209473 -0.937256 0.029053 -16.897456 -6.222168 -13.481364 101859574336.000000
-0.208008 -0.938232 0.030518 -16.653450 -6.283170 -13.359361 101859577247.000000
-0.202148 -0.939453 0.026855 -17.019460 -6.283170 -13.420362 101859580161.000000
-0.198242 -0.931641 0.025391 -17.324468 -6.222168 -13.542366 101859583086.000000
-0.199219 -0.934814 0.027100 -17.324468 -6.161166 -13.359361 101859586000.000000
-0.197754 -0.938965 0.022217 -17.690478 -6.161166 -13.054352 101859588912.000000
-0.191650 -0.937012 0.020996 -17.873483 -5.856158 -12.871348 101859591823.000000
-0.188232 -0.941650 0.022217 -18.117489 -5.368145 -12.810346 101859594736.000000
-0.187012 -0.940674 0.014893 -18.239492 -5.368145 -12.566339 101859597646.000000
-0.182129 -0.940186 0.015625 -18.666504 -5.063137 -12.261331 101859600558.000000
-0.182129 -0.948975 0.008789 -18.910511 -4.514122 -12.017324 101859603477.000000
-0.176758 -0.950928 0.010010 -18.788507 -4.392119 -12.078326 101859606476.000000
-0.180176 -0.953857 0.008057 -18.910511 -4.148112 -11.712316 101859608373.000000
-0.174072 -0.954346 0.001221 -19.154517 -3.965107 -11.834320 101859610200.000000
-0.173584 -0.959229 0.006348 -19.093516 -4.026109 -11.529311 101859612007.000000
-0.173340 -0.960205 0.004883 -19.032514 -3.965107 -11.407308 101859613812.000000
-0.175049 -0.960938 0.003174 -19.215519 -3.721100 -11.468310 101859615617.000000
-0.170654 -0.960205 -0.004395 -19.276520 -3.477094 -11.346306 101859617420.000000
-0.170410 -0.963623 -0.008301 -19.032514 -2.928079 -10.797292 101859619228.000000
-0.171875 -0.966064 -0.010254 -19.398524 -2.928079 -11.346306 101859621058.000000
-0.167969 -0.970459 -0.010742 -19.215519 -2.806076 -11.102300 101859622864.000000
-0.169678 -0.971680 -0.010986 -19.337522 -3.111084 -10.797292 101859624670.000000
-0.167969 -0.972656 -0.007324 -19.520527 -2.623071 -10.675288 101859626475.000000
-0.170166 -0.974365 -0.019531 -19.398524 -2.379064 -10.797292 101859628278.000000
-0.167236 -0.978760 -0.013672 -19.215519 -2.196059 -10.248277 101859630083.000000
-0.165283 -0.981689 -0.020264 -19.337522 -2.135058 -10.370280 101859631892.000000
-0.162842 -0.982422 -0.015625 -19.276520 -1.769048 -10.431282 101859633697.000000
-0.164551 -0.984619 -0.017090 -19.337522 -2.013054 -10.431282 101859635501.000000
-0.165039 -0.987305 -0.014404 -18.971512 -1.708046 -10.309278 101859637307.000000
-0.165527 -0.990723 -0.018555 -19.032514 -1.342036 -10.065272 101859639111.000000
-0.160645 -0.989502 -0.019287 -19.032514 -1.403038 -10.309278 101859640916.000000
-0.162354 -0.992920 -0.021973 -18.544501 -1.403038 -10.004270 101859642721.000000
-0.162354 -0.994141 -0.026611 -18.849509 -0.976026 -9.943268 101859644559.000000
-0.160156 -0.994629 -0.022949 -18.666504 -0.854023 -9.943268 101859646530.000000
-0.158447 -0.998779 -0.019287 -18.361496 -0.854023 -9.943268 101859648489.000000
-0.155762 -0.995117 -0.024902 -18.361496 -0.366010 -9.821265 101859650388.000000
-0.154541 -0.994385 -0.026611 -18.422497 -0.488013 -9.943268 101859652239.000000
-0.155273 -0.994385 -0.026855 -18.361496 -0.183005 -9.638260 101859654054.000000
-0.149902 -0.993408 -0.020020 -18.117489 0.000000 -9.699262 101859655858.000000
-0.146973 -0.995361 -0.024658 -17.995486 0.305008 -9.333252 101859657661.000000
-0.146484 -0.993652 -0.019775 -17.690478 0.488013 -9.272250 101859659464.000000
-0.150391 -0.991699 -0.024902 -17.568474 0.854023 -9.333252 101859661273.000000
-0.146240 -0.986572 -0.023682 -17.629476 1.098030 -9.150247 101859663076.000000
-0.143555 -0.988525 -0.020752 -17.629476 1.647044 -9.028244 101859664879.000000
-0.142822 -0.988770 -0.017334 -17.629476 1.769048 -8.784237 101859666682.000000
-0.142822 -0.990479 -0.016602 -17.141463 2.196059 -8.540231 101859668494.000000
-0.141846 -0.990723 -0.023926 -17.019460 2.928079 -8.662234 101859670298.000000
-0.135254 -0.990967 -0.013428 -17.080461 3.294089 -8.418227 101859672100.000000
-0.138428 -0.989258 -0.016602 -17.019460 3.660099 -8.479229 101859673903.000000
-0.136230 -0.989258 -0.022461 -16.836455 4.270115 -8.052217 101859675705.000000
-0.134521 -0.992432 -0.022705 -16.897456 4.758128 -8.418227 101859677507.000000
-0.133301 -0.992432 -0.019531 -16.897456 5.490148 -7.930214 101859679312.000000
-0.137451 -0.998535 -0.019043 -16.470445 5.917160 -7.686208 101859681116.000000
-0.131348 -1.001221 -0.027100 -16.653450 6.344171 -7.869212 101859682916.000000
-0.132080 -1.001465 -0.023438 -16.714451 6.954188 -7.686208 101859684719.000000
-0.131104 -1.004395 -0.020996 -16.470445 7.625206 -7.503203 101859686521.000000
-0.126709 -1.003662 -0.030518 -16.653450 8.174221 -7.442201 101859688328.000000
-0.131836 -1.010742 -0.024902 -16.287440 9.028244 -7.442201 101859690137.000000
-0.128174 -1.013428 -0.025635 -16.592448 9.455255 -7.320198 101859691939.000000
-0.132568 -1.012939 -0.032959 -16.592448 9.699262 -7.015189 101859693742.000000
-0.133789 -1.014160 -0.034912 -16.409443 10.370280 -7.015189 101859695544.000000
-0.133789 -1.014404 -0.029053 -16.226438 11.163301 -6.954188 101859697346.000000
-0.134766 -1.015625 -0.029053 -16.409443 11.590313 -7.137193 101859699148.000000
-0.137695 -1.021484 -0.038086 -16.409443 12.261331 -6.771183 101859700951.000000
-0.134521 -1.025879 -0.037842 -16.470445 12.505338 -6.954188 101859702754.000000
-0.134766 -1.024658 -0.034424 -16.226438 12.871348 -7.137193 101859704556.000000
-0.130127 -1.030762 -0.028564 -16.165436 13.725371 -7.137193 101859706358.000000
-0.141357 -1.026611 -0.037842 -16.104435 14.152382 -7.137193 101859708160.000000
-0.137451 -1.029297 -0.038086 -16.104435 14.518392 -7.015189 101859709964.000000
-0.141113 -1.030273 -0.032715 -15.921430 15.128408 -7.198194 101859711767.000000
-0.142822 -1.032959 -0.036377 -15.860428 15.311413 -7.015189 101859713569.000000
-0.143311 -1.035645 -0.039795 -15.799427 15.799427 -7.076191 101859715374.000000
-0.141846 -1.038818 -0.037598 -15.555420 16.226438 -7.442201 101859717177.000000
-0.142334 -1.038574 -0.039063 -15.250412 16.714451 -7.564204 101859718979.000000
-0.146484 -1.039307 -0.038818 -15.067407 16.897456 -7.747209 101859720783.000000
-0.146484 -1.039063 -0.040771 -15.006405 17.141463 -7.869212 101859722585.000000
-0.150879 -1.041260 -0.041748 -14.701397 17.141463 -7.991216 101859724387.000000
-0.152588 -1.031982 -0.033447 -14.579394 17.263466 -8.174221 101859726190.000000
-0.153809 -1.039063 -0.041260 -14.579394 17.812481 -8.052217 101859727992.000000
-0.156494 -1.035156 -0.037842 -14.091380 17.751479 -8.296224 101859729795.000000
-0.157959 -1.033691 -0.040283 -13.969377 18.178491 -8.418227 101859731598.000000
-0.162598 -1.035645 -0.038818 -13.664369 18.117489 -8.540231 101859733400.000000
-0.159668 -1.039795 -0.040771 -13.603367 18.178491 -8.540231 101859735203.000000
-0.163818 -1.036865 -0.037598 -13.359361 18.178491 -9.089245 101859737005.000000
-0.162109 -1.032471 -0.046387 -13.054352 18.422497 -9.150247 101859738806.000000
-0.165527 -1.033691 -0.050781 -12.871348 18.056488 -8.784237 101859740615.000000
-0.165771 -1.033936 -0.045654 -12.688343 17.995486 -9.028244 101859742418.000000
-0.169922 -1.031250 -0.047363 -12.139328 18.178491 -9.150247 101859744220.000000
-0.163086 -1.028076 -0.043701 -12.139328 18.422497 -9.394254 101859746025.000000
-0.166504 -1.033936 -0.045166 -12.200329 18.361496 -9.333252 101859747827.000000
-0.167969 -1.028564 -0.043701 -11.834320 18.483499 -9.333252 101859749637.000000
-0.173584 -1.028809 -0.044678 -11.468310 18.239492 -9.516257 101859751446.000000
-0.168945 -1.025635 -0.048584 -11.224303 18.483499 -9.577259 101859753251.000000
-0.173096 -1.028809 -0.049316 -11.163301 18.605502 -9.699262 101859755053.000000
-0.173584 -1.022705 -0.050293 -10.797292 18.117489 -9.638260 101859756858.000000
-0.174561 -1.027832 -0.050049 -10.675288 18.300494 -10.248277 101859758660.000000
-0.176270 -1.026123 -0.050049 -10.553285 18.361496 -10.309278 101859760468.000000
-0.169922 -1.022461 -0.048340 -10.370280 17.934484 -10.370280 101859762271.000000
-0.174805 -1.020752 -0.051514 -10.309278 17.690478 -10.248277 101859764073.000000
-0.177734 -1.015625 -0.049316 -10.187275 17.629476 -10.370280 101859765875.000000
-0.177734 -1.018066 -0.054932 -9.882267 17.202464 -10.675288 101859767678.000000
-0.179932 -1.018799 -0.057373 -9.760264 16.897456 -11.102300 101859769484.000000
-0.179199 -1.017578 -0.056641 -9.516257 16.958458 -11.163301 101859771284.000000
-0.180420 -1.016846 -0.056396 -9.516257 16.897456 -11.102300 101859773086.000000
-0.181641 -1.015869 -0.055664 -9.333252 16.653450 -11.407308 101859774889.000000
-0.182373 -1.019043 -0.058594 -9.028244 16.165436 -11.529311 101859776691.000000
-0.183594 -1.016602 -0.060791 -8.967242 16.165436 -11.590313 101859778494.000000
-0.184570 -1.011719 -0.061768 -9.028244 15.799427 -11.773318 101859780296.000000
-0.181152 -1.005859 -0.059570 -8.479229 15.311413 -12.017324 101859782101.000000
-0.184570 -1.010498 -0.063965 -8.418227 15.189410 -12.139328 101859783903.000000
-0.185059 -1.008301 -0.067383 -8.601232 14.823400 -12.139328 101859785706.000000
-0.184326 -1.008057 -0.060791 -8.235222 14.579394 -12.383334 101859787508.000000
-0.181641 -1.005859 -0.065430 -8.235222 14.152382 -12.810346 101859789313.000000
-0.185303 -1.003174 -0.064453 -8.357226 14.030379 -12.871348 101859791116.000000
-0.183350 -1.001709 -0.063965 -7.930214 13.420362 -12.993351 101859792918.000000
-0.183105 -1.000977 -0.062988 -7.442201 13.115354 -13.115354 101859794721.000000
-0.184814 -0.999512 -0.064697 -7.259196 12.871348 -13.115354 101859796522.000000
-0.181885 -0.999756 -0.067871 -7.259196 12.505338 -13.481364 101859798324.000000
-0.178711 -0.998047 -0.080078 -7.320198 12.017324 -13.420362 101859800128.000000
-0.181152 -0.992920 -0.073730 -7.198194 12.017324 -13.603367 101859801930.000000
-0.180664 -0.992676 -0.077393 -7.076191 11.773318 -13.969377 101859803731.000000
-0.177002 -0.991943 -0.075928 -7.198194 11.102300 -13.908376 101859805534.000000
-0.177246 -0.987793 -0.073486 -6.710181 10.919295 -13.969377 101859807338.000000
-0.180176 -0.982910 -0.081543 -6.527176 10.614287 -14.213384 101859809143.000000
-0.177979 -0.986328 -0.081055 -6.771183 10.492283 -14.213384 101859810947.000000
-0.176758 -0.988037 -0.077637 -6.466175 10.004270 -14.152382 101859812749.000000
-0.173584 -0.986328 -0.081055 -6.466175 9.699262 -14.396389 101859814555.000000
-0.175537 -0.983887 -0.084229 -6.283170 9.516257 -14.518392 101859816358.000000
-0.177979 -0.987061 -0.084473 -6.100165 9.394254 -14.396389 101859818161.000000
-0.175537 -0.984131 -0.085938 -6.161166 8.845239 -14.213384 101859819964.000000
-0.169922 -0.979736 -0.088623 -6.161166 8.662234 -14.518392 101859821767.000000
-0.169922 -0.978760 -0.089844 -5.978161 8.540231 -14.396389 101859823569.000000
-0.176758 -0.979980 -0.098389 -5.795156 7.991216 -14.457390 101859825372.000000
-0.174316 -0.984863 -0.097168 -5.856158 7.930214 -14.396389 101859827173.000000
-0.175293 -0.985107 -0.094971 -5.856158 7.503203 -14.518392 101859828975.000000
-0.172607 -0.982178 -0.095703 -5.917160 7.259196 -14.091380 101859830780.000000
-0.174805 -0.981689 -0.093750 -5.795156 7.503203 -14.274385 101859832583.000000
-0.174561 -0.979492 -0.103271 -5.490148 7.076191 -14.396389 101859834386.000000
-0.169189 -0.982422 -0.096436 -5.490148 6.771183 -14.091380 101859836188.000000
-0.169678 -0.979980 -0.103271 -5.673153 6.588178 -14.213384 101859837990.000000
-0.167725 -0.978516 -0.100586 -5.490148 6.283170 -14.274385 101859839797.000000
-0.168701 -0.980957 -0.103271 -5.551150 6.283170 -14.091380 101859841602.000000
-0.170410 -0.976807 -0.099854 -5.246142 6.039163 -14.213384 101859843405.000000
-0.166260 -0.977051 -0.108398 -5.429147 5.795156 -14.213384 101859845208.000000
-0.165771 -0.981689 -0.105469 -5.673153 5.795156 -14.030379 101859847010.000000
-0.166992 -0.982666 -0.108398 -5.307143 5.734155 -13.969377 101859848813.000000
-0.163086 -0.981201 -0.105713 -5.429147 5.612152 -13.786372 101859850621.000000
-0.163086 -0.980225 -0.106934 -5.124138 5.673153 -13.664369 101859852424.000000
-0.163330 -0.984375 -0.109619 -5.368145 5.429147 -13.420362 101859854226.000000
-0.161865 -0.984375 -0.112305 -5.063137 5.246142 -13.420362 101859856029.000000
-0.160156 -0.984131 -0.118408 -5.490148 5.307143 -13.359361 101859857831.000000
-0.156738 -0.982910 -0.111816 -5.368145 5.124138 -12.932349 101859859637.000000
-0.159424 -0.987793 -0.113525 -5.307143 5.124138 -12.749344 101859861438.000000
-0.160400 -0.986816 -0.117432 -5.368145 5.246142 -12.932349 101859863240.000000
-0.156494 -0.986572 -0.117676 -5.429147 4.819130 -12.627341 101859865043.000000
-0.158936 -0.988525 -0.119141 -5.307143 4.758128 -12.505338 101859866849.000000
-0.155518 -0.987793 -0.126221 -5.368145 4.941133 -12.322333 101859868654.000000
-0.155762 -0.987793 -0.120850 -5.551150 4.697127 -11.895321 101859870458.000000
-0.156250 -0.990967 -0.122803 -5.490148 4.880132 -11.834320 101859872265.000000
-0.154541 -0.993652 -0.127930 -5.490148 4.514122 -11.773318 101859874066.000000
-0.152588 -0.994629 -0.123779 -5.734155 4.514122 -11.407308 101859875869.000000
-0.151367 -0.994629 -0.124268 -5.612152 4.575124 -11.041298 101859877671.000000
-0.146729 -0.992676 -0.127441 -5.612152 4.819130 -11.224303 101859879477.000000
-0.150879 -0.994629 -0.130615 -5.490148 4.270115 -11.041298 101859881276.000000
-0.150146 -0.998291 -0.127686 -5.673153 4.331117 -10.675288 101859883078.000000
-0.149902 -0.997559 -0.130371 -5.856158 4.514122 -10.492283 101859884880.000000
-0.146973 -0.998535 -0.131348 -5.856158 4.575124 -10.309278 101859886683.000000
-0.150146 -0.997803 -0.136230 -5.734155 4.453120 -10.370280 101859888485.000000
-0.146973 -1.001221 -0.125488 -5.551150 4.270115 -10.065272 101859890289.000000
-0.143066 -0.998047 -0.128418 -5.917160 4.453120 -10.004270 101859892091.000000
-0.141357 -1.001465 -0.130127 -5.917160 4.148112 -10.065272 101859893893.000000
-0.143066 -1.001709 -0.129883 -5.734155 4.270115 -9.577259 101859895694.000000
-0.140137 -1.001953 -0.124756 -5.734155 4.270115 -9.272250 101859897496.000000
-0.140137 -1.002441 -0.131348 -5.734155 4.331117 -9.028244 101859899300.000000
-0.135986 -1.002930 -0.129395 -5.429147 4.270115 -8.906240 101859901101.000000
-0.140137 -1.008789 -0.135498 -5.673153 4.209114 -9.150247 101859902910.000000
-0.134521 -1.008301 -0.131592 -5.612152 4.209114 -8.479229 101859904712.000000
-0.134766 -1.010010 -0.131104 -5.795156 4.331117 -8.540231 101859906514.000000
-0.138428 -1.003662 -0.134033 -5.551150 4.148112 -8.357226 101859908320.000000
-0.132813 -1.003418 -0.131836 -5.429147 4.270115 -8.113219 101859910125.000000
-0.133301 -1.008789 -0.131348 -5.734155 4.209114 -8.357226 101859911927.000000
-0.132080 -0.998047 -0.126953 -5.551150 4.331117 -7.991216 101859913729.000000
-0.127197 -1.002197 -0.132568 -5.429147 4.392119 -7.808211 101859915532.000000
-0.129395 -1.004395 -0.131104 -5.429147 4.148112 -7.747209 101859917335.000000
-0.127930 -1.007324 -0.125488 -5.490148 4.392119 -7.503203 101859919138.000000
-0.128418 -1.004395 -0.130371 -5.612152 4.514122 -7.320198 101859920941.000000
-0.124023 -1.003174 -0.131836 -5.368145 4.331117 -7.442201 101859922743.000000
-0.123047 -1.001953 -0.126953 -5.551150 4.514122 -7.442201 101859924545.000000
-0.122803 -1.004395 -0.129883 -5.429147 4.453120 -7.137193 101859926347.000000
-0.121582 -1.000000 -0.130371 -5.246142 4.392119 -7.198194 101859928149.000000
-0.116699 -1.001221 -0.128418 -5.246142 4.697127 -6.954188 101859929956.000000
-0.118896 -1.002686 -0.121826 -5.246142 4.880132 -6.954188 101859931759.000000
-0.121094 -1.001465 -0.121338 -5.124138 4.636125 -6.710181 101859933562.000000
-0.118896 -1.004150 -0.121338 -5.002135 5.307143 -6.344171 101859935364.000000
-0.116943 -1.002197 -0.123047 -4.880132 5.429147 -6.588178 101859937166.000000
-0.113281 -1.004150 -0.129883 -4.880132 5.307143 -6.588178 101859938968.000000
-0.114746 -1.003906 -0.128662 -4.819130 5.551150 -5.978161 101859940776.000000
-0.115723 -1.001953 -0.127686 -4.819130 5.673153 -6.039163 101859942579.000000
-0.116211 -1.003906 -0.123779 -4.758128 5.673153 -5.795156 101859944381.000000
-0.111572 -1.002441 -0.125977 -4.331117 5.978161 -5.856158 101859946184.000000
-0.116699 -1.004639 -0.120850 -4.453120 5.917160 -6.039163 101859947986.000000
-0.113525 -1.005127 -0.127441 -4.331117 5.734155 -5.368145 101859949793.000000
-0.112549 -1.004883 -0.128418 -4.575124 5.917160 -5.612152 101859951594.000000
-0.114014 -1.000977 -0.126953 -4.331117 5.917160 -5.490148 101859953396.000000
-0.111572 -1.002930 -0.120117 -4.148112 6.222168 -5.429147 101859955198.000000
-0.109131 -1.003418 -0.123535 -4.087110 6.222168 -5.307143 101859957000.000000
-0.109619 -1.001709 -0.125244 -3.965107 6.344171 -5.185140 101859958803.000000
-0.111084 -1.001221 -0.127441 -3.965107 6.283170 -5.246142 101859960612.000000
-0.112061 -0.999512 -0.124512 -3.721100 6.222168 -5.063137 101859962415.000000
-0.109131 -0.999512 -0.120117 -3.538096 6.100165 -5.246142 101859964216.000000
-0.109619 -1.003174 -0.125244 -3.538096 6.344171 -5.368145 101859966025.000000
-0.108643 -1.002686 -0.129395 -3.477094 6.222168 -5.002135 101859967827.000000
-0.106445 -1.001465 -0.128662 -3.233087 6.100165 -4.941133 101859969632.000000
-0.108154 -1.000732 -0.126709 -3.294089 6.222168 -5.246142 101859971433.000000
-0.111816 -0.999023 -0.129639 -2.989081 6.222168 -5.063137 101859973236.000000
-0.106934 -1.000977 -0.123291 -3.172086 6.100165 -5.185140 101859975044.000000
-0.109619 -1.003906 -0.126953 -3.050082 6.100165 -4.941133 101859976846.000000
-0.108887 -0.998535 -0.130859 -2.867077 6.161166 -4.697127 101859978647.000000
-0.110596 -1.000244 -0.131836 -2.684072 6.161166 -5.063137 101859980452.000000
-0.101074 -1.003174 -0.129883 -2.684072 5.856158 -4.575124 101859982254.000000
-0.107666 -1.001709 -0.128906 -2.684072 5.795156 -4.697127 101859984060.000000
-0.112793 -1.005615 -0.131836 -2.318063 5.612152 -4.697127 101859985861.000000
-0.106934 -1.011475 -0.128662 -2.501068 5.551150 -4.636125 101859987663.000000
-0.106201 -1.009277 -0.124023 -2.196059 5.307143 -4.514122 101859989467.000000
-0.107422 -1.007080 -0.130127 -2.135058 5.246142 -4.453120 101859991270.000000
-0.108154 -1.008789 -0.134766 -2.074056 5.124138 -4.209114 101859993072.000000
-0.110840 -1.008545 -0.131104 -1.952053 4.880132 -4.270115 101859994875.000000
-0.112793 -1.006104 -0.140137 -1.952053 4.697127 -4.331117 101859996680.000000
-0.108887 -1.008301 -0.138184 -1.647044 4.697127 -3.965107 101859998483.000000
-0.109375 -1.013672 -0.134033 -1.586043 4.270115 -3.721100 101900000286.000000
-0.108643 -1.010254 -0.134766 -1.647044 4.148112 -4.209114 101900002089.000000
-0.106201 -1.012451 -0.135742 -1.647044 4.087110 -3.904105 101900003891.000000
-0.104736 -1.012695 -0.142090 -1.525041 4.148112 -3.843104 101900005693.000000
-0.106689 -1.010742 -0.141846 -1.464040 3.599097 -3.538096 101900007495.000000
-0.105225 -1.006836 -0.131592 -1.525041 3.843104 -3.843104 101900009298.000000
-0.104004 -1.008545 -0.140137 -1.464040 3.538096 -3.660099 101900011100.000000
-0.103027 -1.010986 -0.134521 -1.220033 3.111084 -3.599097 101900012902.000000
-0.101563 -1.013916 -0.143066 -0.976026 3.355091 -3.477094 101900014704.000000
-0.099854 -1.013916 -0.138428 -0.793021 3.233087 -3.782102 101900016507.000000
-0.099854 -1.013672 -0.140625 -1.220033 2.928079 -3.599097 101900018311.000000
-0.096191 -1.009521 -0.138184 -0.854023 3.111084 -3.660099 101900020124.000000
-0.098877 -1.010254 -0.136475 -0.671018 3.111084 -3.660099 101900021931.000000
-0.098633 -1.006348 -0.132324 -1.098030 3.111084 -3.782102 101900023737.000000
-0.100098 -1.004395 -0.135498 -0.671018 2.867077 -3.538096 101900025542.000000
-0.095459 -1.002686 -0.138916 -0.366010 2.684072 -3.355091 101900027347.000000
-0.094238 -1.000732 -0.140381 -0.610016 2.806076 -3.538096 101900029155.000000
-0.092285 -0.998779 -0.136230 -0.488013 2.928079 -3.355091 101900030961.000000
-0.090576 -1.001221 -0.135742 -0.488013 2.928079 -3.416092 101900032763.000000
-0.089844 -1.003418 -0.138184 -0.427012 3.172086 -3.416092 101900034565.000000
-0.091309 -1.002197 -0.132324 -0.549015 3.050082 -3.111084 101900036367.000000
-0.085205 -0.999512 -0.136475 -0.366010 3.233087 -3.111084 101900038169.000000
-0.088379 -0.996094 -0.130127 -0.305008 3.599097 -2.806076 101900039974.000000
-0.083740 -0.995117 -0.129639 -0.305008 3.599097 -2.684072 101900041776.000000
-0.083496 -0.998535 -0.129639 -0.549015 3.782102 -2.806076 101900043579.000000
-0.087402 -0.993896 -0.135986 -0.183005 3.965107 -2.379064 101900045381.000000
-0.084473 -0.993652 -0.138672 -0.061002 4.087110 -2.257061 101900047185.000000
-0.085205 -0.993408 -0.138916 -0.244007 4.392119 -2.196059 101900048986.000000
-0.086914 -0.993652 -0.134033 0.122003 4.636125 -2.074056 101900050789.000000
-0.085449 -0.993408 -0.132080 0.122003 5.124138 -2.257061 101900052593.000000
-0.085449 -0.989014 -0.126709 0.061002 5.429147 -2.013054 101900054396.000000
-0.084473 -0.995605 -0.131592 0.000000 5.429147 -1.830049 101900056198.000000
-0.084229 -0.994385 -0.127441 0.122003 5.734155 -1.403038 101900058004.000000
-0.082764 -0.994629 -0.133789 0.244007 6.222168 -1.464040 101900059814.000000
-0.083252 -0.991943 -0.136230 0.122003 6.405173 -1.098030 101900061619.000000
-0.080811 -0.992432 -0.132813 -0.061002 6.832184 -1.098030 101900063422.000000
-0.083740 -0.987793 -0.127441 0.122003 7.259196 -0.610016 101900065224.000000
-0.084961 -0.993652 -0.134277 0.061002 7.625206 -0.488013 101900067026.000000
-0.078613 -0.991699 -0.140137 0.244007 7.869212 -0.305008 101900068827.000000
-0.083252 -0.988770 -0.132080 0.244007 8.235222 -0.488013 101900070632.000000
-0.077393 -0.990723 -0.128906 -0.061002 8.967242 -0.122003 101900072435.000000
-0.089111 -0.992188 -0.137695 0.000000 9.272250 0.000000 101900074236.000000
-0.083252 -0.995850 -0.141602 0.061002 9.577259 0.000000 101900076037.000000
-0.083252 -0.994385 -0.135986 0.061002 9.821265 0.305008 101900077840.000000
-0.084473 -0.997314 -0.138428 -0.061002 10.431282 0.671018 101900079646.000000
-0.087646 -0.997559 -0.141846 0.122003 10.614287 0.488013 101900081451.000000
-0.081787 -1.001221 -0.140869 0.244007 11.102300 0.793021 101900083253.000000
-0.085693 -1.006104 -0.138428 0.061002 11.590313 1.098030 101900085055.000000
-0.083008 -1.003662 -0.143311 0.183005 11.895321 1.037028 101900086858.000000
-0.087402 -1.008057 -0.142578 -0.122003 12.200329 1.098030 101900088661.000000
-0.084473 -1.006104 -0.144531 0.061002 12.200329 1.464040 101900090464.000000
-0.090332 -1.006592 -0.151367 0.000000 12.505338 1.464040 101900092267.000000
-0.093750 -1.010986 -0.148926 0.183005 12.810346 1.586043 101900094070.000000
-0.087402 -1.013184 -0.145752 0.122003 13.359361 1.769048 101900095872.000000
-0.092529 -1.009033 -0.151611 0.244007 13.420362 1.769048 101900097673.000000
-0.093750 -1.010986 -0.151123 0.244007 13.481364 1.952053 101900099476.000000
-0.092529 -1.008545 -0.157715 0.061002 13.664369 2.135058 101900101283.000000
-0.088867 -1.010254 -0.158203 -0.122003 14.091380 2.074056 101900103085.000000
-0.092773 -1.010254 -0.153809 0.244007 13.847374 2.318063 101900104886.000000
-0.093506 -1.014404 -0.154297 0.305008 14.030379 2.074056 101900106687.000000
-0.091553 -1.014648 -0.161377 0.305008 14.518392 2.379064 101900108489.000000
-0.097656 -1.011963 -0.160400 0.122003 14.640395 2.379064 101900110293.000000
-0.094971 -1.010986 -0.155029 0.122003 14.640395 2.440066 101900112095.000000
-0.098877 -1.010742 -0.156982 0.244007 14.884402 2.257061 101900113901.000000
-0.099365 -1.009033 -0.148926 0.366010 14.945404 2.440066 101900115703.000000
-0.098877 -1.012207 -0.151367 0.366010 15.250412 2.379064 101900117506.000000
-0.100830 -1.010254 -0.161133 -0.122003 15.128408 2.440066 101900119313.000000
-0.096191 -1.009033 -0.157471 0.305008 15.128408 2.257061 101900121115.000000
-0.100830 -1.012207 -0.157227 0.427012 15.555420 2.440066 101900122917.000000
-0.105469 -1.007324 -0.154297 0.366010 15.372415 2.623071 101900124719.000000
-0.100830 -1.008301 -0.159668 0.671018 15.555420 2.806076 101900126522.000000
-0.104980 -1.014160 -0.160645 0.610016 15.799427 2.501068 101900128325.000000
-0.104736 -1.010010 -0.154541 0.854023 15.616422 2.501068 101900130128.000000
-0.104248 -1.004395 -0.154297 0.488013 15.860428 2.745074 101900131931.000000
-0.105957 -1.006836 -0.158203 0.427012 15.616422 2.501068 101900133733.000000
-0.107422 -1.005127 -0.160889 0.488013 15.616422 2.196059 101900135535.000000
-0.106201 -1.001953 -0.153564 0.671018 15.921430 2.684072 101900137338.000000
-0.112061 -1.005127 -0.154297 0.488013 15.982432 2.684072 101900139140.000000
-0.107422 -1.002930 -0.155029 0.671018 15.921430 2.928079 101900140948.000000
-0.109619 -1.000977 -0.157959 0.793021 16.165436 2.440066 101900142751.000000
-0.110596 -0.997070 -0.154541 0.671018 16.165436 2.318063 101900144553.000000
-0.113281 -1.001465 -0.152588 0.732020 16.104435 2.623071 101900146355.000000
-0.111816 -0.997314 -0.155518 0.610016 15.860428 2.562069 101900148156.000000
-0.112793 -0.998047 -0.150635 0.732020 15.982432 2.745074 101900149961.000000
-0.111816 -0.993896 -0.155518 0.732020 15.921430 2.318063 101900151761.000000
-0.114502 -0.991455 -0.156250 0.793021 16.104435 2.379064 101900153563.000000
-0.113525 -0.993652 -0.164063 1.159031 15.921430 2.806076 101900155365.000000
-0.116943 -0.991699 -0.158936 1.098030 15.860428 2.440066 101900157167.000000
-0.111572 -0.991211 -0.156738 0.854023 15.677423 2.379064 101900158970.000000
-0.115234 -0.988770 -0.160645 0.854023 15.860428 2.501068 101900160778.000000
-0.115723 -0.989258 -0.156738 0.915025 15.921430 2.440066 101900162581.000000
-0.120117 -0.983643 -0.153320 0.915025 15.738425 2.135058 101900164383.000000
-0.120850 -0.981934 -0.153564 0.976026 15.494418 2.623071 101900166186.000000
-0.122314 -0.986816 -0.154053 0.976026 15.433417 2.745074 101900167988.000000
