-0.293945 -0.979004 -0.041748 16.226438 48.008296 14.030379 154301714790.000000
-0.293945 -0.981201 -0.039063 16.714451 47.703288 14.091380 154301717704.000000
-0.294189 -0.978271 -0.040283 17.202464 47.459281 14.579394 154301720618.000000
-0.302734 -0.981201 -0.036133 17.446471 47.093272 14.152382 154301723527.000000
-0.300293 -0.984131 -0.032227 17.873483 46.727262 14.762399 154301726437.000000
-0.309570 -0.989258 -0.018555 18.422497 46.544257 15.067407 154301729347.000000
-0.306641 -0.988770 -0.020508 19.337522 46.849265 15.311413 154301732258.000000
-0.300049 -0.986572 -0.021729 19.825535 46.849265 15.433417 154301735166.000000
-0.305176 -0.986572 -0.018555 20.435552 47.032270 15.860428 154301738075.000000
-0.298096 -0.986572 -0.015869 21.106570 47.154273 16.165436 154301740984.000000
-0.299561 -0.981445 -0.018799 21.655585 47.581285 15.982432 154301743890.000000
-0.301025 -0.984863 -0.010986 22.265601 47.642286 16.104435 154301746813.000000
-0.300537 -0.981934 -0.009521 22.936619 48.069298 16.470445 154301749730.000000
-0.298096 -0.984863 -0.017090 23.424632 48.557311 16.531446 154301752645.000000
-0.299072 -0.980469 -0.008789 24.217654 48.862319 16.653450 154301755553.000000
-0.299561 -0.985352 -0.013672 24.583664 49.533337 16.775453 154301758468.000000
-0.297363 -0.982178 -0.012451 25.315684 49.838346 16.897456 154301761384.000000
-0.294434 -0.982666 -0.011963 25.742695 50.082352 17.080461 154301764299.000000
-0.301514 -0.988281 -0.012939 26.535716 50.570365 17.324468 154301767215.000000
-0.303467 -0.987549 -0.006348 26.718721 50.692369 17.263466 154301770141.000000
-0.307373 -0.985840 -0.000488 27.206735 50.814372 17.446471 154301773055.000000
-0.312256 -0.992188 -0.002197 27.389740 50.570365 17.690478 154301775969.000000
-0.319092 -0.990967 -0.001953 28.182761 50.509364 17.629476 154301778892.000000
-0.327393 -0.993652 0.004639 28.548771 50.021351 17.934484 154301781807.000000
-0.339355 -0.993164 0.004395 28.670774 49.472336 18.056488 154301784720.000000
-0.335449 -0.992432 0.009033 29.585799 48.984323 18.056488 154301787645.000000
-0.344238 -1.002930 0.013916 29.402794 48.252303 18.239492 154301790562.000000
-0.347900 -0.998047 0.020752 30.500824 47.520283 18.239492 154301793477.000000
-0.352539 -1.001221 0.021729 30.561825 46.483255 18.422497 154301796416.000000
-0.359131 -1.005859 0.027100 31.232843 45.812237 18.483499 154301799340.000000
-0.367432 -1.005859 0.033203 31.781858 45.141219 18.544501 154301802256.000000
-0.365479 -1.010010 0.041992 32.330873 44.348197 18.849509 154301805170.000000
-0.367920 -1.014160 0.045654 33.428903 43.799183 19.276520 154301808091.000000
-0.374512 -1.019287 0.052490 34.038919 43.128164 19.703532 154301811018.000000
-0.376953 -1.020264 0.056885 35.014945 42.884158 20.069542 154301813932.000000
-0.378906 -1.032227 0.066895 35.990972 42.457146 20.557555 154301816996.000000
-0.377197 -1.031738 0.066162 37.211005 42.152138 20.984567 154301819918.000000
-0.371094 -1.036621 0.072754 38.431038 42.213140 21.533581 154301822829.000000
-0.367920 -1.039063 0.070557 39.529067 42.274141 21.838590 154301825741.000000
-0.367676 -1.041016 0.080078 41.237113 42.701153 22.326603 154301828652.000000
-0.367432 -1.039063 0.088623 42.152138 42.945160 22.875618 154301831566.000000
-0.362061 -1.039551 0.091064 43.677179 43.921186 23.058623 154301834474.000000
-0.358398 -1.038818 0.094727 44.897212 44.531202 23.790642 154301837382.000000
-0.351563 -1.036621 0.090576 46.239248 45.629232 24.095651 154301840356.000000
-0.345215 -1.037842 0.099609 47.398280 46.666260 24.400659 154301843266.000000
-0.340820 -1.038086 0.095459 48.496309 47.459281 24.644665 154301846180.000000
-0.335205 -1.037598 0.109131 49.960349 48.496309 24.705667 154301849090.000000
-0.335205 -1.034668 0.111572 51.424388 49.289331 25.193680 154301851999.000000
-0.332520 -1.039551 0.119141 53.071433 49.716342 24.766669 154301854907.000000
-0.324707 -1.041016 0.126221 54.291466 49.899347 24.705667 154301857818.000000
-0.326904 -1.041992 0.130371 55.389496 50.692369 24.400659 154301860735.000000
-0.328613 -1.034424 0.129883 56.670530 50.936375 24.400659 154301863650.000000
-0.336426 -1.035156 0.134277 57.829561 51.546392 24.217654 154301866572.000000
-0.343506 -1.039307 0.139404 58.927591 51.363387 24.461660 154301869500.000000
-0.352051 -1.040771 0.150146 60.147624 51.668395 24.644665 154301872413.000000
-0.352783 -1.046143 0.146729 61.123650 51.363387 24.400659 154301875329.000000
-0.362549 -1.050293 0.148926 62.343683 51.851400 24.705667 154301878251.000000
-0.369385 -1.050781 0.149170 63.807723 52.034405 24.644665 154301881169.000000
-0.374268 -1.053467 0.141846 64.539743 52.156408 24.827670 154301884085.000000
-0.376465 -1.055664 0.145020 65.820777 52.583420 25.193680 154301886999.000000
-0.381104 -1.055176 0.144775 67.162813 52.644421 25.620692 154301889924.000000
-0.391846 -1.057617 0.140625 68.138840 53.437443 25.803697 154301892841.000000
-0.392822 -1.060547 0.142578 69.419874 53.864454 26.474715 154301895755.000000
-0.395020 -1.059326 0.139648 70.395901 54.169463 26.840725 154301898673.000000
-0.392822 -1.057617 0.147705 71.737937 54.657476 27.267736 154301901590.000000
-0.396484 -1.057861 0.146973 72.774965 55.328494 27.633746 154301904504.000000
-0.392822 -1.059326 0.143799 73.872995 55.511499 27.999756 154301907419.000000
-0.383545 -1.059570 0.143799 75.154029 55.999512 28.121759 154301910368.000000
-0.381104 -1.053467 0.145020 76.008052 56.487525 28.487769 154301913280.000000
-0.381836 -1.051758 0.151367 76.679070 56.670530 28.731776 154301916197.000000
-0.376953 -1.047852 0.146973 77.472092 57.524553 28.731776 154301919116.000000
-0.378418 -1.049072 0.146484 78.204112 58.073568 29.097786 154301922029.000000
-0.382080 -1.049561 0.141846 78.448118 58.744586 29.341792 154301924938.000000
-0.380371 -1.046143 0.143066 78.997133 59.659611 30.012810 154301927846.000000
-0.383545 -1.051270 0.145020 79.302141 60.208626 30.561825 154301930756.000000
-0.392822 -1.046143 0.152100 79.668151 60.818642 30.927835 154301933664.000000
-0.403320 -1.052734 0.150635 80.217166 61.428659 31.415848 154301936577.000000
-0.411377 -1.055176 0.148438 80.278168 61.977673 32.025865 154301939492.000000
-0.416260 -1.051025 0.154053 80.522174 62.282682 32.452876 154301942402.000000
-0.428711 -1.056396 0.150879 80.339169 62.648692 33.306899 154301945316.000000
-0.438477 -1.053223 0.155762 80.400171 62.587690 33.611908 154301948227.000000
-0.449951 -1.053955 0.152832 80.827182 62.770695 34.221924 154301951135.000000
-0.458740 -1.056641 0.159668 80.644177 62.770695 35.136949 154301954050.000000
-0.468994 -1.058838 0.165283 80.522174 62.343683 35.685964 154301956958.000000
-0.477783 -1.059814 0.168945 80.766181 62.404685 36.539987 154301959872.000000
-0.486572 -1.064209 0.177490 81.071189 62.038675 37.638016 154301962792.000000
-0.498779 -1.065430 0.176270 81.010187 61.916672 38.797048 154301965707.000000
-0.501221 -1.072266 0.177979 81.437199 61.733667 39.468066 154301968628.000000
-0.508057 -1.072021 0.171875 81.315196 61.489660 41.054108 154301971548.000000
-0.508057 -1.072754 0.173584 81.681205 61.611664 41.908132 154301974464.000000
-0.509033 -1.069580 0.173096 81.437199 61.550662 43.311169 154301977378.000000
-0.510498 -1.075928 0.163086 81.498200 61.794668 44.409199 154301980343.000000
-0.511719 -1.071289 0.168701 81.437199 62.282682 45.751235 154301983260.000000
-0.519775 -1.075195 0.157471 81.315196 62.526688 47.154273 154301986176.000000
-0.520264 -1.079834 0.160156 81.193192 63.502715 48.557311 154301989109.000000
-0.523926 -1.080322 0.162354 81.254194 64.661746 50.143354 154301992025.000000
-0.523926 -1.082520 0.165283 81.010187 65.515769 51.363387 154301994940.000000
-0.526855 -1.085938 0.155273 81.193192 66.979808 53.010431 154301997869.000000
-0.531494 -1.090820 0.150391 81.193192 68.321845 54.413469 154302000786.000000
-0.534668 -1.095459 0.151367 81.376197 70.273897 56.304520 154302003703.000000
-0.542480 -1.098633 0.147461 81.254194 72.408955 57.890563 154302006620.000000
-0.541016 -1.099365 0.147461 81.376197 74.849021 59.415604 154302009544.000000
-0.552002 -1.103516 0.145752 81.498200 77.106082 61.062649 154302012472.000000
-0.554443 -1.107178 0.137207 81.315196 79.546148 62.404685 154302015385.000000
-0.566406 -1.104736 0.140869 81.315196 81.925212 64.295736 154302018298.000000
-0.575439 -1.102539 0.143799 81.315196 84.609284 65.820777 154302021214.000000
-0.587646 -1.106201 0.135010 81.132191 86.805344 67.406820 154302024124.000000
-0.595703 -1.104980 0.138672 81.193192 89.001403 69.175868 154302027034.000000
-0.604492 -1.101074 0.130615 80.949186 90.953456 70.639907 154302029945.000000
-0.610107 -1.100830 0.133057 80.522174 92.539499 72.042945 154302032855.000000
-0.621582 -1.093262 0.134521 80.156164 94.064540 73.811993 154302035764.000000
-0.631104 -1.089111 0.129395 79.973159 95.223571 75.276032 154302038680.000000
-0.646729 -1.084961 0.132568 79.729153 96.138596 76.984079 154302041600.000000
-0.649658 -1.078369 0.131592 79.302141 96.992619 78.509120 154302044528.000000
-0.660156 -1.081543 0.130859 78.692125 97.541634 80.339169 154302047441.000000
-0.666260 -1.069580 0.123779 78.021107 97.907644 81.803209 154302050389.000000
-0.679199 -1.070801 0.132813 77.655097 97.846642 83.633258 154302053300.000000
-0.686035 -1.069824 0.127441 77.045080 97.602635 85.036296 154302056207.000000
-0.691895 -1.063721 0.133301 76.801074 97.358629 86.805344 154302059134.000000
-0.709717 -1.062988 0.129395 76.374062 97.358629 88.513390 154302062051.000000
-0.711914 -1.061523 0.135498 76.130056 97.236625 90.160434 154302064971.000000
-0.717773 -1.056152 0.135010 75.703044 96.870616 91.868480 154302067895.000000
-0.720703 -1.055176 0.134766 75.642042 96.321601 93.454523 154302070814.000000
-0.720703 -1.053467 0.131592 74.910023 96.077594 94.735558 154302073738.000000
-0.720703 -1.058594 0.134766 74.910023 96.016592 96.382602 154302076657.000000
-0.727539 -1.053955 0.127930 74.605014 95.406576 97.724639 154302079581.000000
-0.730469 -1.061035 0.124023 73.811993 95.040566 98.822668 154302082496.000000
-0.731689 -1.061768 0.125000 73.323980 94.918563 100.164704 154302085410.000000
-0.737305 -1.063232 0.120361 73.140975 94.430550 101.506741 154302088332.000000
-0.744385 -1.069336 0.116211 72.957970 94.003538 102.909779 154302091250.000000
-0.748291 -1.064453 0.114746 72.469957 92.844507 104.068810 154302094165.000000
-0.751465 -1.063721 0.110107 72.286952 91.990484 105.105838 154302097081.000000
-0.757568 -1.062988 0.104980 72.042945 90.465443 105.898859 154302099999.000000
-0.766113 -1.065918 0.107910 71.676935 88.818398 106.996889 154302102915.000000
-0.767822 -1.065918 0.104248 71.554932 86.988349 107.606905 154302105830.000000
-0.769531 -1.067383 0.097168 71.310925 85.219301 108.521930 154302108751.000000
-0.762451 -1.071777 0.087402 70.822912 83.450253 109.192948 154302111667.000000
-0.760498 -1.073486 0.084717 70.761911 81.254194 109.497956 154302114580.000000
-0.752686 -1.071289 0.071289 70.639907 79.973159 110.290978 154302117537.000000
-0.742920 -1.073975 0.061523 69.846886 78.509120 110.595986 154302120457.000000
-0.736328 -1.075928 0.059814 69.358873 77.106082 111.145001 154302123367.000000
-0.724609 -1.082275 0.051025 68.870860 76.130056 111.572012 154302126276.000000
-0.722656 -1.087402 0.057617 68.138840 75.154029 112.060026 154302129185.000000
-0.721924 -1.095459 0.057129 67.284817 74.300006 112.609040 154302132093.000000
-0.723877 -1.099121 0.057373 66.430794 73.628988 112.792045 154302135008.000000
-0.719971 -1.099365 0.063965 65.454767 72.835967 113.219057 154302137916.000000
-0.724609 -1.103760 0.071533 64.966754 71.615934 113.524065 154302140823.000000
-0.734131 -1.106201 0.072021 64.051729 70.700909 114.012078 154302143730.000000
-0.742920 -1.106689 0.086670 62.953700 69.114866 113.707070 154302146637.000000
-0.754395 -1.101074 0.092285 62.465687 67.467822 113.646068 154302149546.000000
-0.779297 -1.100830 0.114990 61.489660 65.210761 113.158055 154302152456.000000
-0.800781 -1.095215 0.130859 61.367657 62.404685 113.036052 154302155364.000000
-0.826904 -1.087402 0.152588 60.574636 58.988593 112.670042 154302158277.000000
-0.854492 -1.078369 0.166260 60.025621 55.633502 112.304032 154302161193.000000
-0.878662 -1.066406 0.181152 59.720612 51.485390 111.999024 154302164112.000000
-0.897461 -1.059082 0.186768 59.476606 47.032270 111.633014 154302167027.000000
-0.914307 -1.055664 0.201172 59.293601 42.274141 111.511011 154302169953.000000
-0.928955 -1.047119 0.221191 59.232599 37.333008 111.083999 154302172869.000000
-0.943848 -1.044922 0.224854 59.171598 32.391875 111.389008 154302175783.000000
-0.952393 -1.045166 0.232666 58.988593 27.755749 111.755017 154302178699.000000
-0.952393 -1.037598 0.235840 59.415604 23.485634 111.877021 154302181614.000000
-0.943604 -1.039063 0.237061 59.354603 19.642530 112.121027 154302184527.000000
-0.928223 -1.034668 0.242432 60.086622 16.348441 112.792045 154302187443.000000
-0.909668 -1.035400 0.247559 60.757640 13.420362 113.158055 154302190391.000000
-0.885498 -1.034424 0.241455 60.940645 10.980296 113.524065 154302193307.000000
-0.868164 -1.029541 0.236572 61.367657 9.516257 114.012078 154302196221.000000
-0.846436 -1.029297 0.229004 61.733667 8.357226 114.500092 154302199145.000000
-0.827637 -1.023438 0.214600 62.282682 8.418227 115.110108 154302202059.000000
-0.816895 -1.015381 0.223633 62.404685 8.357226 115.659123 154302204972.000000
-0.798584 -1.007324 0.214600 63.014701 8.967242 116.513146 154302207892.000000
-0.786377 -1.009766 0.209229 63.075703 9.943268 116.940157 154302210821.000000
-0.776123 -1.000977 0.200928 63.624718 10.919295 117.489172 154302213741.000000
-0.768066 -0.997559 0.199707 64.051729 12.200329 117.672177 154302216661.000000
-0.767578 -0.997803 0.195313 63.990728 13.664369 117.794180 154302219574.000000
-0.763916 -0.998047 0.189941 64.539743 15.128408 118.526200 154302222485.000000
-0.770020 -0.991455 0.186768 64.722748 17.080461 118.709205 154302225475.000000
-0.770752 -0.986816 0.180176 65.576771 18.605502 118.953212 154302228402.000000
-0.776611 -0.982178 0.174072 66.247789 20.374550 119.807235 154302231320.000000
-0.784180 -0.978516 0.177246 66.613799 21.960593 119.868236 154302234231.000000
-0.786133 -0.973877 0.177002 67.284817 23.607637 120.173245 154302237147.000000
-0.794922 -0.967041 0.175537 67.284817 25.010675 120.112243 154302240056.000000
-0.799805 -0.964355 0.175537 67.833832 26.474715 120.661258 154302242984.000000
-0.816895 -0.960938 0.179199 68.321845 27.816751 121.088269 154302245892.000000
-0.829346 -0.959473 0.186523 68.687855 29.280791 121.637284 154302248802.000000
-0.842529 -0.962646 0.185791 69.358873 30.622827 122.125297 154302251712.000000
-0.844482 -0.963379 0.184082 70.273897 32.025865 122.918319 154302254621.000000
-0.849121 -0.965332 0.180420 71.005917 34.160922 123.955347 154302257531.000000
-0.845215 -0.965088 0.180908 71.737937 35.990972 124.443360 154302260462.000000
-0.842773 -0.961670 0.180664 72.835967 38.370036 125.846398 154302263376.000000
-0.836426 -0.958008 0.166016 73.384981 41.115110 126.578418 154302266290.000000
-0.822266 -0.950684 0.166992 73.872995 43.555176 127.188434 154302269214.000000
-0.806885 -0.941650 0.151367 74.239004 46.849265 128.286464 154302272128.000000
-0.800293 -0.930176 0.145508 74.727018 49.899347 128.469469 154302275043.000000
-0.795410 -0.920410 0.141602 74.666016 53.071433 129.079485 154302277965.000000
-0.793945 -0.905273 0.134277 74.666016 55.694504 129.262490 154302280882.000000
-0.799805 -0.896484 0.115967 74.788019 58.317575 129.811505 154302283798.000000
-0.801270 -0.884766 0.104736 74.361008 60.391631 129.994510 154302286713.000000
-0.800049 -0.871338 0.097900 73.689990 62.587690 130.238516 154302289638.000000
-0.806396 -0.855225 0.078613 73.262978 63.929726 129.994510 154302292566.000000
-0.814941 -0.849854 0.076416 72.652962 65.454767 129.811505 154302295480.000000
-0.828369 -0.838867 0.071533 72.164948 65.759776 129.628500 154302298397.000000
-0.843750 -0.833984 0.078613 71.554932 66.491795 129.323492 154302301313.000000
-0.857910 -0.828369 0.069336 71.127920 66.674800 129.201488 154302304228.000000
-0.873047 -0.824463 0.068848 70.578906 66.491795 129.262490 154302307143.000000
-0.891113 -0.821289 0.066895 70.029891 66.186787 129.262490 154302310067.000000
-0.899414 -0.819092 0.065918 69.846886 66.064784 129.567498 154302312986.000000
-0.904785 -0.813965 0.064209 69.358873 65.576771 130.177515 154302315901.000000
-0.907471 -0.813232 0.054932 68.809858 65.332764 130.665528 154302318815.000000
-0.907959 -0.811035 0.055176 68.321845 65.881779 131.153541 154302321738.000000
-0.899170 -0.806641 0.056396 68.077838 66.369792 132.068566 154302324679.000000
-0.894043 -0.802002 0.047852 67.589825 67.406820 132.312572 154302327597.000000
-0.882813 -0.790039 0.043701 67.162813 68.565851 133.349600 154302330513.000000
-0.871338 -0.784668 0.038086 66.613799 69.907888 133.837614 154302333422.000000
-0.866943 -0.773193 0.036377 65.820777 71.615934 134.264625 154302336328.000000
-0.860107 -0.759766 0.023682 65.088757 73.140975 134.874642 154302339235.000000
-0.854248 -0.742920 0.009277 64.600744 74.849021 135.362655 154302342143.000000
-0.857178 -0.721191 0.006836 63.441713 76.313060 135.240651 154302345050.000000
-0.859131 -0.711426 0.002441 62.343683 77.350088 135.301653 154302347961.000000
-0.861816 -0.698486 -0.007324 60.696639 78.082108 135.118648 154302350870.000000
-0.871582 -0.684082 -0.015381 59.415604 78.326115 135.057647 154302353780.000000
-0.884766 -0.672607 -0.011963 58.012566 77.838102 134.813640 154302356690.000000
-0.903076 -0.661133 -0.015381 56.121515 76.923077 134.569633 154302359605.000000
-0.921387 -0.649414 -0.021729 54.840481 75.520039 134.508632 154302362523.000000
-0.947998 -0.640625 -0.023682 53.437443 74.056000 134.386628 154302365438.000000
-0.962158 -0.627686 -0.027588 51.973403 71.859940 134.203623 154302368362.000000
-0.982910 -0.612793 -0.038330 50.692369 69.236869 134.569633 154302371281.000000
-0.996582 -0.600830 -0.036621 49.045324 66.796804 134.630635 154302374197.000000
-0.999268 -0.595703 -0.041992 47.520283 63.380711 134.813640 154302377111.000000
-1.011475 -0.588623 -0.051758 45.690234 60.818642 135.179650 154302380028.000000
-1.012207 -0.589600 -0.053223 43.799183 57.646556 135.423656 154302382941.000000
-1.015869 -0.585938 -0.056641 42.091136 54.962484 135.667663 154302385856.000000
-1.015869 -0.591309 -0.067627 40.139084 52.278412 136.338681 154302388778.000000
-1.010742 -0.600830 -0.072998 38.675044 49.594339 137.131703 154302391697.000000
-0.999023 -0.606934 -0.081055 36.600988 47.520283 137.985726 154302394612.000000
-0.989746 -0.613037 -0.090576 34.709937 45.263222 138.595742 154302397536.000000
-0.979004 -0.613525 -0.097656 33.184896 43.433173 139.571768 154302400453.000000
-0.969971 -0.611328 -0.101318 31.049838 41.847130 140.181785 154302403369.000000
-0.962402 -0.612793 -0.101318 28.975782 40.383090 140.791801 154302406282.000000
-0.951904 -0.611816 -0.106689 26.840725 38.980052 141.157811 154302409205.000000
-0.945801 -0.610107 -0.110840 25.132679 37.577015 141.767828 154302412119.000000
-0.941162 -0.602295 -0.113037 22.997621 36.417983 141.523821 154302415033.000000
-0.943115 -0.593506 -0.112061 21.228573 34.648936 141.889831 154302417946.000000
-0.950439 -0.585205 -0.101074 19.154517 33.001891 141.767828 154302420865.000000
-0.967041 -0.566406 -0.093262 17.324468 30.622827 141.889831 154302423780.000000
-0.984863 -0.557617 -0.092773 15.677423 28.365766 142.072836 154302426717.000000
-0.998047 -0.542725 -0.083252 13.786372 25.559690 142.011834 154302429628.000000
-1.021729 -0.525635 -0.071777 12.200329 22.875618 142.011834 154302432537.000000
-1.046387 -0.512451 -0.069580 10.431282 20.191545 142.621851 154302435445.000000
-1.060059 -0.493896 -0.057861 9.150247 17.446471 142.987861 154302438356.000000
-1.076416 -0.485107 -0.052979 7.686208 15.311413 143.597877 154302441265.000000
-1.086426 -0.467529 -0.046631 6.222168 13.298359 143.963887 154302444172.000000
-1.096924 -0.464844 -0.055176 5.002135 11.529311 144.695907 154302447079.000000
-1.103516 -0.458740 -0.054688 4.148112 10.248277 145.732935 154302449989.000000
-1.105469 -0.458496 -0.050293 2.867077 9.699262 147.135973 154302452899.000000
-1.099854 -0.457520 -0.059082 1.769048 9.516257 148.417007 154302455805.000000
-1.096680 -0.456543 -0.068604 0.976026 10.126273 150.491063 154302458720.000000
-1.088379 -0.461426 -0.075928 -0.122003 11.834320 152.809126 154302461636.000000
-1.061035 -0.467529 -0.095459 -1.525041 13.725371 154.883182 154302464552.000000
-1.033203 -0.471680 -0.100830 -2.501068 16.287440 156.652230 154302467475.000000
-0.989990 -0.477783 -0.108154 -3.843104 19.398524 158.421277 154302470395.000000
-0.949707 -0.486328 -0.120361 -5.490148 22.692613 159.824315 154302473310.000000
-0.915771 -0.483887 -0.132324 -7.320198 25.742695 160.556335 154302476224.000000
-0.885986 -0.476318 -0.137207 -8.845239 29.524797 161.471360 154302479149.000000
-0.864746 -0.467285 -0.126221 -10.614287 32.574880 161.837370 154302482065.000000
-0.850586 -0.459717 -0.127441 -12.200329 35.990972 162.081376 154302484979.000000
-0.844238 -0.443604 -0.114990 -13.603367 37.821021 161.898371 154302487905.000000
-0.840088 -0.424072 -0.094482 -14.823400 39.834076 161.471360 154302490823.000000
-0.852783 -0.401855 -0.082520 -15.799427 41.054108 160.678338 154302493738.000000
-0.873291 -0.377686 -0.071533 -16.775453 41.359117 160.312328 154302496656.000000
-0.897949 -0.364258 -0.055420 -17.507473 41.420118 159.946319 154302499576.000000
-0.913086 -0.342773 -0.049805 -17.751479 40.444092 159.092295 154302502490.000000
-0.934814 -0.333008 -0.037354 -18.300494 39.529067 158.543281 154302505405.000000
-0.948242 -0.327148 -0.040283 -18.605502 38.248033 157.689258 154302508327.000000
-0.961426 -0.321289 -0.046143 -18.727506 37.150003 157.079241 154302511244.000000
-0.971436 -0.321777 -0.048584 -18.910511 36.356982 156.957238 154302514156.000000
-0.980713 -0.317139 -0.054688 -18.971512 35.624962 155.798207 154302517070.000000
-0.980957 -0.318359 -0.063965 -18.849509 35.746965 156.103215 154302520141.000000
-0.987549 -0.322510 -0.076416 -18.605502 36.234978 156.042213 154302523055.000000
-0.982666 -0.327881 -0.079346 -18.727506 36.539987 156.225218 154302525989.000000
-0.980225 -0.333008 -0.100830 -18.788507 37.943024 156.896236 154302528920.000000
-0.980957 -0.331787 -0.115234 -18.910511 39.285061 157.323248 154302531832.000000
-0.975098 -0.335693 -0.139160 -19.459525 41.115110 158.604282 154302534742.000000
-0.953857 -0.330566 -0.166748 -20.069542 42.823156 159.519307 154302537652.000000
-0.934326 -0.328613 -0.175781 -20.679558 44.836211 160.007320 154302540576.000000
-0.908447 -0.319824 -0.186035 -22.021595 46.544257 160.434332 154302543483.000000
-0.891846 -0.313477 -0.181641 -22.570609 48.374306 160.739340 154302546391.000000
-0.878906 -0.295654 -0.187012 -23.790642 50.448362 161.166351 154302549298.000000
-0.870850 -0.275879 -0.188721 -24.583664 52.339413 161.410358 154302553342.000000
-0.860596 -0.240723 -0.178467 -25.559690 55.084487 161.410358 154302556289.000000
-0.849854 -0.215820 -0.171875 -26.596718 56.548527 160.739340 154302559221.000000
-0.844482 -0.186768 -0.156738 -27.267736 57.524553 160.251327 154302562141.000000
-0.853027 -0.157227 -0.152588 -27.450741 58.317575 159.275300 154302565058.000000
-0.854248 -0.142578 -0.157715 -28.365766 58.866589 158.177271 154302567979.000000
-0.860107 -0.119141 -0.155273 -28.914781 58.744586 156.530226 154302570898.000000
-0.862061 -0.104492 -0.152100 -29.463796 59.049594 155.066187 154302573817.000000
-0.866699 -0.097412 -0.149658 -29.768804 58.073568 152.931129 154302576735.000000
-0.879639 -0.096436 -0.151123 -29.707802 57.646556 151.101080 154302579652.000000
-0.895996 -0.090820 -0.147705 -29.951809 57.158543 149.454035 154302582568.000000
-0.910645 -0.080322 -0.155273 -29.585799 56.914537 147.684987 154302585481.000000
-0.928467 -0.080078 -0.160645 -29.585799 55.999512 146.647959 154302588418.000000
-0.941895 -0.078369 -0.168213 -29.280791 55.389496 145.549930 154302591335.000000
-0.949219 -0.087402 -0.186768 -29.280791 54.901482 144.817910 154302594250.000000
-0.954346 -0.097900 -0.198486 -29.280791 54.779479 143.780882 154302597167.000000
-0.947266 -0.104492 -0.209229 -29.585799 54.291466 143.292869 154302600083.000000
-0.948975 -0.113037 -0.226563 -30.134814 54.657476 143.414872 154302603007.000000
-0.936768 -0.131104 -0.245850 -30.561825 54.718477 143.048862 154302605922.000000
-0.917236 -0.148193 -0.264160 -31.476850 55.450497 143.109864 154302608843.000000
-0.890137 -0.157471 -0.272705 -32.513878 56.426524 142.804856 154302611756.000000
-0.875977 -0.161377 -0.286133 -33.855914 57.524553 143.414872 154302614676.000000
-0.855225 -0.151123 -0.289307 -34.892942 59.293601 143.719880 154302617949.000000
-0.833008 -0.133057 -0.300293 -36.966998 61.367657 144.268895 154302620888.000000
-0.806885 -0.118896 -0.293213 -38.248033 63.075703 144.451900 154302623828.000000
-0.777832 -0.093018 -0.295654 -39.712072 64.722748 143.475874 154302626774.000000
-0.763916 -0.066895 -0.285400 -40.932105 66.064784 142.682852 154302629686.000000
-0.757324 -0.034180 -0.274658 -42.396145 66.613799 141.035808 154302632597.000000
-0.761963 -0.007080 -0.255859 -43.372171 66.674800 139.571768 154302635505.000000
-0.768555 0.028809 -0.252441 -44.348197 66.125785 137.497712 154302638415.000000
-0.789795 0.055176 -0.236816 -45.324224 65.088757 135.606661 154302641325.000000
-0.813232 0.072266 -0.231689 -45.934240 63.197706 133.410602 154302644235.000000
-0.833252 0.078613 -0.218750 -46.178247 61.489660 131.763558 154302647142.000000
-0.845947 0.083740 -0.229492 -46.544257 59.537608 130.421521 154302650052.000000
-0.850830 0.084229 -0.229492 -46.483255 58.378576 129.018483 154302652967.000000
-0.850830 0.077148 -0.241211 -46.910267 57.219545 127.676447 154302655875.000000
-0.836914 0.066895 -0.253662 -46.544257 56.975538 126.761423 154302658785.000000
-0.824707 0.056885 -0.263672 -46.666260 57.158543 125.602391 154302661693.000000
-0.798340 0.044678 -0.281982 -47.093272 58.500580 124.626365 154302664601.000000
-0.777588 0.034668 -0.287354 -47.764290 59.842616 123.711340 154302667527.000000
-0.759277 0.021729 -0.308350 -48.252303 62.465687 123.040322 154302670446.000000
-0.744873 0.011475 -0.322021 -49.350332 65.820777 122.735314 154302673362.000000
-0.725098 0.000000 -0.335205 -50.387360 69.236869 123.223327 154302676278.000000
-0.709473 -0.009521 -0.349609 -51.607393 73.628988 123.467334 154302679203.000000
-0.682861 -0.015137 -0.353027 -53.071433 78.204112 124.016348 154302682118.000000
-0.657959 -0.017334 -0.364990 -54.657476 82.535228 124.443360 154302685034.000000
-0.641357 -0.010010 -0.363770 -56.182517 86.866345 124.260355 154302687956.000000
-0.617920 -0.000488 -0.356934 -57.768560 90.709449 124.199353 154302690877.000000
-0.614990 0.018311 -0.352783 -59.293601 94.247545 123.040322 154302693791.000000
-0.614258 0.042969 -0.340576 -60.696639 96.992619 122.125297 154302696705.000000
-0.625977 0.070801 -0.319580 -61.977673 98.334655 120.600256 154302699623.000000
-0.646484 0.104736 -0.298340 -63.136705 98.883670 118.709205 154302702537.000000
-0.675781 0.140869 -0.275391 -64.051729 98.029647 116.757152 154302705450.000000
-0.710693 0.173096 -0.266846 -64.905752 96.077594 114.683096 154302708372.000000
-0.745117 0.201660 -0.257813 -65.637772 93.759532 112.853047 154302711290.000000
-0.775879 0.220459 -0.254395 -66.003782 90.282438 111.450009 154302714218.000000
-0.798340 0.230469 -0.246338 -66.735802 86.561337 110.046971 154302717133.000000
-0.804688 0.231689 -0.255615 -67.528823 82.779235 108.521930 154302720045.000000
-0.803467 0.227539 -0.260498 -68.565851 79.424144 106.935887 154302722958.000000
-0.803711 0.234131 -0.272705 -69.907888 76.008052 106.264869 154302725868.000000
-0.797852 0.233398 -0.281982 -71.310925 73.689990 105.410846 154302728808.000000
-0.788574 0.224121 -0.300049 -72.835967 71.859940 105.227841 154302731722.000000
-0.771484 0.219482 -0.301758 -74.910023 70.944916 104.983835 154302734641.000000
-0.759521 0.218262 -0.317139 -76.862075 70.700909 105.715854 154302737550.000000
-0.746582 0.218506 -0.330566 -78.936131 71.676935 106.081864 154302740472.000000
-0.722412 0.216309 -0.346680 -81.193192 72.469957 107.240896 154302743380.000000
-0.702393 0.215088 -0.354980 -83.938266 74.178003 108.033917 154302746288.000000
-0.678955 0.221191 -0.358643 -86.134326 76.069054 108.887940 154302749196.000000
-0.659912 0.223389 -0.350586 -88.818398 77.594095 109.375953 154302752105.000000
-0.651123 0.229736 -0.339111 -91.502471 79.058135 109.741963 154302755016.000000
-0.648438 0.232666 -0.328613 -94.125541 79.729153 109.985970 154302757925.000000
-0.647217 0.241699 -0.309814 -96.626609 79.973159 109.924968 154302760833.000000
-0.661621 0.245850 -0.289063 -98.578662 79.546148 109.680961 154302763740.000000
-0.674072 0.239990 -0.255615 -100.103703 78.753126 109.009943 154302766647.000000
-0.696777 0.244873 -0.232422 -101.201732 76.435064 108.094919 154302769562.000000
-0.731934 0.247314 -0.210938 -102.238760 73.079973 106.813884 154302772493.000000
-0.762939 0.253418 -0.187744 -102.543769 69.480876 106.142866 154302775408.000000
-0.793701 0.256836 -0.169678 -102.665772 64.844751 105.044836 154302778327.000000
-0.830322 0.268555 -0.158691 -102.848777 59.537608 104.007808 154302781242.000000
-0.864990 0.278564 -0.161133 -102.665772 54.230464 103.519795 154302784158.000000
-0.888428 0.296875 -0.164795 -102.970780 49.167328 103.336790 154302787076.000000
-0.898926 0.310791 -0.178467 -103.458793 43.799183 103.397792 154302790002.000000
-0.903076 0.316406 -0.180908 -104.251815 38.980052 103.885805 154302792916.000000
-0.899658 0.323486 -0.186768 -105.166840 34.587934 104.861831 154302795832.000000
-0.882324 0.328613 -0.198486 -106.508876 30.744830 105.654853 154302798753.000000
-0.864258 0.346680 -0.211426 -108.155920 28.182761 107.118892 154302801673.000000
-0.833984 0.354492 -0.225098 -109.924968 26.230708 108.521930 154302804600.000000
-0.792969 0.361572 -0.229736 -111.938022 25.315684 110.229976 154302807522.000000
-0.746338 0.365234 -0.231201 -113.951077 25.193680 111.206003 154302810440.000000
-0.694336 0.356934 -0.225342 -116.147136 26.047703 112.060026 154302813356.000000
-0.647461 0.355957 -0.213623 -117.855182 27.023730 112.121027 154302816270.000000
-0.622559 0.354248 -0.209961 -119.868236 28.121759 112.304032 154302819189.000000
-0.602783 0.363525 -0.198486 -121.637284 29.280791 112.975050 154302822100.000000
-0.591553 0.359619 -0.178223 -123.223327 30.561825 112.975050 154302825009.000000
-0.583008 0.354248 -0.172607 -124.504362 30.805832 112.975050 154302827922.000000
-0.574707 0.350830 -0.155273 -126.029403 30.805832 112.731044 154302830833.000000
-0.575439 0.341309 -0.141113 -126.700421 30.195815 112.365034 154302833741.000000
-0.576416 0.332520 -0.127686 -127.615446 29.158787 111.694016 154302836648.000000
-0.583984 0.325439 -0.110107 -128.713475 27.877753 110.900994 154302839557.000000
-0.594971 0.318848 -0.098389 -129.079485 26.047703 110.168975 154302842467.000000
-0.606445 0.321289 -0.092773 -129.567498 24.400659 109.314952 154302845374.000000
-0.621826 0.329102 -0.085693 -129.445495 22.997621 108.948942 154302848284.000000
-0.626465 0.334717 -0.090088 -129.628500 21.533581 108.399927 154302851194.000000
-0.629150 0.345459 -0.086914 -129.445495 20.862563 108.094919 154302854102.000000
-0.626709 0.347900 -0.086182 -129.262490 20.618557 107.850912 154302857010.000000
-0.626221 0.350586 -0.092529 -129.323492 20.984567 107.728909 154302859920.000000
-0.617188 0.354980 -0.092041 -128.835479 22.204600 107.484902 154302862829.000000
-0.601318 0.357910 -0.098877 -128.469469 24.217654 107.423900 154302865737.000000
-0.589600 0.359131 -0.108154 -127.737449 26.901726 107.606905 154302868653.000000
-0.578125 0.368896 -0.108398 -127.554444 30.439822 107.484902 154302871570.000000
-0.562988 0.376465 -0.102539 -126.883426 34.038919 107.240896 154302874485.000000
-0.556396 0.387207 -0.100098 -125.907399 37.150003 106.935887 154302877401.000000
-0.559570 0.407471 -0.084473 -125.297383 40.139084 106.020863 154302880355.000000
-0.598633 0.461670 -0.071777 -124.321357 45.263222 104.678826 154302887918.000000
-0.614502 0.478271 -0.066406 -124.260355 45.812237 104.007808 154302891066.000000
-0.614502 0.483643 -0.061035 -124.382358 45.629232 103.397792 154302893994.000000
-0.625244 0.490723 -0.054932 -124.382358 44.958214 102.421765 154302896912.000000
-0.626953 0.491943 -0.053955 -124.870372 43.494174 101.811749 154302899911.000000
-0.625244 0.493164 -0.054443 -125.419386 42.152138 101.445739 154302902904.000000
-0.614258 0.490479 -0.061035 -125.419386 40.993107 100.835723 154302905825.000000
-0.601807 0.483154 -0.051025 -126.029403 39.895077 100.408711 154302908738.000000
-0.576904 0.471436 -0.046875 -126.273409 38.919051 99.920698 154302911652.000000
-0.555908 0.462402 -0.042725 -126.456414 38.370036 99.188678 154302914563.000000
-0.528320 0.467285 -0.031494 -126.456414 38.248033 98.761667 154302917528.000000
-0.504883 0.465332 -0.038330 -126.334411 38.248033 97.968645 154302920447.000000
-0.488281 0.472168 -0.030762 -126.578418 38.431038 97.602635 154302923398.000000
-0.472412 0.474365 -0.030273 -126.273409 39.529067 96.443604 154302926309.000000
-0.459229 0.470947 -0.023193 -126.273409 40.017080 95.284573 154302929220.000000
-0.447754 0.475830 -0.018799 -125.968401 41.054108 94.674556 154302932137.000000
-0.438965 0.477051 -0.024414 -125.602391 42.030135 93.454523 154302935046.000000
-0.437500 0.472412 -0.029541 -125.663393 43.494174 92.356494 154302937958.000000
-0.435303 0.477539 -0.027588 -124.992375 44.531202 91.197462 154302940878.000000
-0.431641 0.483887 -0.027100 -124.504362 45.812237 90.282438 154302943787.000000
-0.435791 0.485596 -0.020996 -124.016348 46.605258 89.245410 154302946696.000000
-0.440186 0.506836 -0.021240 -123.528335 47.825291 88.025377 154302949621.000000
-0.442627 0.525146 -0.032471 -123.040322 48.435308 86.988349 154302952532.000000
-0.445801 0.539063 -0.019531 -123.101324 48.862319 85.524309 154302955442.000000
-0.449463 0.558105 -0.024658 -123.040322 49.045324 84.182273 154302958352.000000
-0.460205 0.575439 -0.017822 -123.223327 48.557311 82.901238 154302961265.000000
-0.470459 0.592285 -0.013184 -124.077350 47.764290 81.620204 154302964176.000000
-0.483398 0.600342 -0.000244 -124.504362 46.544257 80.522174 154302967085.000000
-0.496826 0.601074 0.015625 -124.809370 45.202220 79.973159 154302970005.000000
-0.507568 0.597168 0.020264 -125.358385 43.555176 79.424144 154302972924.000000
-0.514404 0.593506 0.025879 -125.602391 41.908132 78.753126 154302975841.000000
-0.517578 0.590088 0.036621 -126.212408 40.566095 78.997133 154302978760.000000
-0.514893 0.586914 0.049805 -126.944427 38.614043 79.058135 154302981678.000000
-0.511963 0.575928 0.064697 -127.432441 37.882023 78.936131 154302984593.000000
-0.495361 0.562744 0.068359 -127.981455 36.844995 78.753126 154302987521.000000
-0.482666 0.559814 0.073730 -128.286464 35.746965 78.509120 154302990438.000000
-0.470215 0.548828 0.080322 -128.774477 35.197950 78.936131 154302993354.000000
-0.458496 0.547607 0.087646 -129.079485 35.441957 78.936131 154302996270.000000
-0.440186 0.544922 0.086914 -129.384493 35.258952 78.692125 154302999202.000000
-0.421875 0.548584 0.102539 -129.445495 35.380955 78.570121 154303002128.000000
-0.408203 0.546143 0.100098 -129.933508 35.319954 78.326115 154303005049.000000
-0.395752 0.543701 0.095215 -130.177515 36.356982 77.899103 154303007970.000000
-0.387695 0.552002 0.094971 -130.177515 36.905996 77.289087 154303010890.000000
-0.375244 0.552246 0.102539 -130.177515 38.431038 76.862075 154303013808.000000
-0.360107 0.552979 0.109131 -130.482523 39.346062 76.252059 154303016725.000000
-0.345703 0.551270 0.115967 -130.482523 40.627097 75.947051 154303019677.000000
-0.336670 0.554688 0.132568 -130.909535 42.091136 74.666016 154303022657.000000
-0.339111 0.570801 0.134033 -130.787531 43.494174 74.544013 154303025599.000000
-0.338135 0.587402 0.148926 -131.275544 44.836211 73.750991 154303028538.000000
-0.341553 0.608398 0.167236 -131.519551 46.422253 73.506985 154303031460.000000
-0.341064 0.628418 0.180420 -131.580553 48.069298 73.323980 154303034373.000000
-0.341064 0.646729 0.181152 -131.763558 49.045324 72.713963 154303037283.000000
-0.350342 0.657471 0.196289 -132.495577 49.777344 71.981944 154303040194.000000
-0.360107 0.667480 0.209961 -133.166595 50.265357 71.493930 154303043119.000000
-0.374023 0.679443 0.216309 -134.020619 50.082352 71.188922 154303046028.000000
-0.383057 0.684326 0.221680 -135.057647 49.167328 70.456902 154303048948.000000
-0.401855 0.685791 0.228516 -136.033673 47.520283 70.334899 154303051862.000000
-0.418701 0.695801 0.236084 -136.887696 45.019216 70.151894 154303054780.000000
-0.436279 0.700684 0.246338 -138.107729 42.152138 69.968889 154303057710.000000
-0.451660 0.701660 0.249512 -139.205759 38.248033 69.602879 154303061666.000000
-0.461914 0.707275 0.266113 -140.608796 32.818886 68.870860 154303064791.000000
-0.462402 0.704590 0.267090 -141.462819 27.999756 68.138840 154303067829.000000
-0.462402 0.691895 0.282471 -142.316843 23.119624 67.406820 154303070801.000000
-0.461426 0.685547 0.299805 -142.865857 18.300494 66.613799 154303073722.000000
-0.455566 0.670898 0.314453 -143.048862 13.847374 66.247789 154303076631.000000
-0.451904 0.663818 0.328369 -143.414872 9.333252 66.369792 154303079544.000000
-0.446289 0.655273 0.337158 -143.109864 6.039163 65.637772 154303082455.000000
-0.428711 0.642090 0.357666 -142.377844 3.355091 66.247789 154303085364.000000
-0.409912 0.630371 0.365967 -140.974806 1.342036 66.552797 154303088288.000000
-0.389160 0.616699 0.374512 -139.449765 0.488013 66.979808 154303091199.000000
-0.352051 0.604492 0.374756 -137.802721 0.854023 67.040810 154303094108.000000
-0.323730 0.594727 0.374268 -136.338681 2.013054 67.162813 154303097021.000000
-0.304199 0.592773 0.369629 -134.142622 4.270115 67.467822 154303099932.000000
-0.272949 0.588135 0.359131 -133.044592 7.015189 67.223815 154303102843.000000
-0.240479 0.592041 0.350586 -131.580553 10.858293 67.040810 154303105751.000000
-0.212891 0.592285 0.335693 -130.238516 15.128408 66.491795 154303108661.000000
-0.193115 0.592529 0.330566 -128.835479 20.191545 66.003782 154303111571.000000
-0.173828 0.596680 0.316162 -127.920454 25.132679 65.332764 154303114478.000000
-0.155029 0.601074 0.296631 -127.127432 30.073812 64.722748 154303117385.000000
-0.150879 0.594482 0.289795 -126.517416 35.502959 63.990728 154303120370.000000
-0.150879 0.597656 0.280518 -125.663393 40.261087 62.770695 154303123294.000000
-0.146729 0.594482 0.272217 -125.236381 44.470201 62.038675 154303126205.000000
-0.151367 0.587891 0.270752 -124.504362 48.313304 60.879644 154303129112.000000
-0.156006 0.579346 0.265137 -124.870372 51.241384 59.903617 154303132022.000000
-0.163574 0.582275 0.261475 -124.138352 53.925456 58.744586 154303134930.000000
-0.171875 0.570557 0.266357 -124.077350 55.938510 56.975538 154303137838.000000
-0.183594 0.558105 0.255615 -124.016348 56.853535 55.633502 154303140746.000000
-0.197266 0.547852 0.265381 -124.077350 57.524553 53.925456 154303143653.000000
-0.210205 0.534668 0.266602 -123.711340 57.463552 52.095407 154303146561.000000
-0.235596 0.521973 0.281494 -124.077350 56.975538 50.753370 154303149476.000000
-0.265137 0.507324 0.293213 -124.016348 55.755505 49.960349 154303152386.000000
-0.290283 0.488770 0.306885 -123.528335 54.413469 48.862319 154303155294.000000
-0.313232 0.487305 0.316406 -123.650339 53.193436 48.191301 154303158202.000000
-0.328857 0.489990 0.330811 -123.284329 51.180382 48.069298 154303161110.000000
-0.340820 0.491943 0.335938 -122.491307 49.106326 47.520283 154303164019.000000
-0.347168 0.504883 0.351563 -121.820289 46.971268 46.910267 154303166926.000000
-0.348389 0.512939 0.368896 -121.027268 44.592204 46.666260 154303169844.000000
-0.345215 0.534180 0.371582 -120.722260 42.518148 45.568230 154303172761.000000
-0.332764 0.549561 0.374756 -119.929238 40.383090 44.653206 154303175675.000000
-0.323975 0.571289 0.377441 -119.502227 38.614043 43.738181 154303178594.000000
-0.308838 0.590088 0.376709 -119.258220 36.905996 42.396145 154303181509.000000
-0.290283 0.604492 0.381836 -119.319222 35.685964 41.176112 154303184422.000000
-0.278564 0.617188 0.384521 -119.197218 34.282926 40.017080 154303187337.000000
-0.271729 0.632813 0.383057 -119.441225 33.184896 38.736046 154303190260.000000
-0.263672 0.639160 0.379883 -120.051241 32.574880 37.455011 154303193184.000000
-0.258545 0.648682 0.382568 -120.356250 32.208870 36.661990 154303196101.000000
-0.255127 0.666260 0.386719 -120.539255 31.659855 35.258952 154303199026.000000
-0.254883 0.667725 0.377686 -121.088269 31.171842 34.465931 154303201941.000000
-0.252930 0.678223 0.379883 -121.576283 30.927835 33.367901 154303204855.000000
-0.250977 0.677979 0.377686 -122.857317 30.378820 32.147868 154303207776.000000
-0.254395 0.684082 0.378662 -123.772342 29.585799 31.293845 154303210693.000000
-0.259033 0.679199 0.380371 -124.992375 29.158787 30.317819 154303213608.000000
-0.266602 0.667969 0.382813 -125.907399 27.999756 29.402794 154303216521.000000
-0.277344 0.660645 0.393799 -126.761423 26.779723 28.243763 154303219443.000000
-0.284180 0.646729 0.400146 -127.798451 25.803697 28.060758 154303222355.000000
-0.293457 0.637939 0.415283 -128.530470 24.156652 26.962728 154303225268.000000
-0.298584 0.626465 0.423828 -129.262490 22.692613 26.413713 154303228177.000000
-0.302246 0.620361 0.422607 -129.567498 20.801562 25.925700 154303231086.000000
-0.305664 0.610596 0.434082 -130.299518 19.459525 25.864698 154303234000.000000
-0.299316 0.610352 0.433105 -130.970536 18.056488 25.010675 154303236910.000000
-0.302246 0.605469 0.437500 -131.824559 16.470445 24.766669 154303239818.000000
-0.299805 0.599365 0.446045 -132.983591 15.250412 24.400659 154303242727.000000
-0.300537 0.601563 0.446777 -133.837614 13.481364 23.973647 154303245634.000000
-0.298584 0.602295 0.460938 -134.508632 12.017324 23.546636 154303248544.000000
-0.305176 0.594727 0.474365 -135.362655 10.492283 23.668639 154303251453.000000
-0.308105 0.590576 0.483887 -135.179650 9.272250 22.875618 154303254361.000000
-0.304443 0.586182 0.493896 -135.057647 8.296224 22.631611 154303257267.000000
-0.303467 0.581787 0.504639 -134.874642 7.137193 22.204600 154303260177.000000
-0.293945 0.580322 0.503662 -134.935643 6.222168 22.143598 154303263101.000000
-0.292969 0.582520 0.501465 -134.874642 5.368145 21.106570 154303266016.000000
-0.285400 0.580566 0.504883 -135.179650 4.453120 20.557555 154303268941.000000
-0.285889 0.584717 0.504639 -135.850668 3.416092 20.008540 154303271863.000000
-0.283447 0.580811 0.508301 -136.094675 2.074056 19.032514 154303274780.000000
-0.292725 0.583496 0.518555 -136.399683 1.098030 18.239492 154303277713.000000
-0.302490 0.587158 0.523682 -136.826694 -0.122003 17.446471 154303280634.000000
-0.308838 0.591309 0.525391 -137.192704 -1.342036 17.141463 154303283560.000000
-0.316406 0.592041 0.529785 -137.741719 -2.928079 16.531446 154303286486.000000
-0.319824 0.597900 0.531982 -138.412737 -4.575124 16.104435 154303289412.000000
-0.325195 0.595703 0.539063 -139.022754 -6.527176 15.738425 154303292332.000000
-0.328857 0.589355 0.548828 -139.205759 -7.747209 15.128408 154303295251.000000
-0.329834 0.583496 0.547607 -139.937778 -9.211249 15.433417 154303298169.000000
-0.327637 0.576904 0.558350 -140.181785 -10.370280 15.616422 154303301090.000000
-0.320557 0.565186 0.559570 -140.669798 -11.529311 16.043433 154303304005.000000
-0.319092 0.560303 0.549805 -140.913805 -12.261331 16.043433 154303306921.000000
-0.312988 0.543945 0.558350 -141.157811 -13.115354 16.714451 154303309846.000000
-0.300049 0.531494 0.562256 -141.035808 -13.481364 16.958458 154303312758.000000
-0.295410 0.518066 0.579834 -140.669798 -14.274385 17.324468 154303315672.000000
-0.286621 0.501953 0.583252 -140.608796 -14.884402 17.324468 154303318597.000000
-0.281982 0.489014 0.591797 -139.876777 -15.250412 17.690478 154303321513.000000
-0.280029 0.473633 0.612549 -138.778747 -15.677423 18.239492 154303324441.000000
-0.267822 0.463135 0.612549 -137.680717 -16.104435 18.544501 154303327350.000000
-0.261963 0.457275 0.620850 -137.131703 -15.799427 18.666504 154303330324.000000
-0.262207 0.453369 0.627197 -136.826694 -15.738425 19.032514 154303333234.000000
-0.259033 0.453125 0.642334 -135.972671 -15.555420 19.032514 154303336143.000000
-0.259033 0.456787 0.647949 -135.606661 -14.945404 19.154517 154303339053.000000
-0.256836 0.455566 0.649170 -134.813640 -13.786372 19.337522 154303341964.000000
-0.253418 0.457275 0.644043 -134.142622 -12.810346 19.642530 154303344871.000000
-0.248779 0.460205 0.644043 -133.898615 -11.346306 19.947539 154303347780.000000
-0.244873 0.460938 0.643311 -133.776612 -10.675288 19.825535 154303350691.000000
-0.236572 0.465820 0.636230 -133.837614 -9.272250 19.947539 154303353602.000000
-0.237305 0.455811 0.652832 -133.776612 -8.418227 20.008540 154303356526.000000
-0.241455 0.458496 0.653320 -133.532605 -7.747209 19.764534 154303359437.000000
-0.239746 0.452148 0.654297 -132.922589 -7.137193 19.886537 154303362347.000000
-0.240479 0.445801 0.655273 -132.678582 -6.222168 19.581529 154303365254.000000
-0.242920 0.448730 0.656006 -132.129567 -5.551150 19.703532 154303368167.000000
-0.232178 0.444824 0.653809 -131.824559 -5.063137 19.642530 154303371085.000000
-0.221191 0.441162 0.647705 -131.092539 -4.026109 20.008540 154303374000.000000
-0.214111 0.436279 0.645020 -130.726530 -2.989081 19.825535 154303376914.000000
-0.199951 0.424805 0.631348 -129.994510 -1.891051 19.947539 154303379831.000000
-0.183838 0.417725 0.626953 -129.323492 -0.305008 19.886537 154303382744.000000
-0.167969 0.403564 0.626465 -129.018483 1.708046 20.130544 154303385657.000000
-0.153564 0.388184 0.629639 -128.652474 3.355091 20.191545 154303388591.000000
-0.146729 0.376709 0.635254 -128.591472 5.368145 19.947539 154303391516.000000
-0.135742 0.364502 0.631104 -128.713475 7.686208 19.947539 154303394432.000000
-0.141113 0.352295 0.635742 -129.384493 9.394254 19.886537 154303397352.000000
-0.161377 0.343750 0.657715 -129.384493 10.980296 19.215519 154303400304.000000
-0.173584 0.341797 0.673096 -130.116513 12.200329 18.910511 154303403219.000000
-0.199707 0.336914 0.698486 -130.299518 12.566339 18.117489 154303406132.000000
-0.229492 0.331543 0.710205 -129.933508 12.444336 17.812481 154303409058.000000
-0.255371 0.333740 0.731445 -130.238516 11.956323 17.507473 154303411972.000000
-0.264893 0.333740 0.738281 -129.445495 10.736290 17.019460 154303414886.000000
-0.284424 0.342773 0.746826 -129.567498 8.723236 16.470445 154303417809.000000
-0.292480 0.347412 0.759277 -129.872507 6.954188 16.043433 154303420727.000000
-0.308350 0.357910 0.761719 -129.567498 4.636125 15.433417 154303423643.000000
-0.303467 0.360352 0.764893 -129.323492 3.050082 14.884402 154303426553.000000
-0.296387 0.363037 0.768066 -129.262490 1.403038 14.335387 154303429463.000000
-0.286865 0.358887 0.765869 -128.713475 0.915025 14.274385 154303432374.000000
-0.270020 0.353516 0.759277 -128.225462 1.037028 13.664369 154303435282.000000
-0.244629 0.347900 0.745850 -127.493442 1.464040 13.786372 154303438195.000000
-0.220947 0.343750 0.728271 -126.700421 3.233087 14.152382 154303441105.000000
-0.194092 0.336670 0.717285 -126.273409 5.673153 14.762399 154303444014.000000
-0.165771 0.322998 0.711426 -125.785396 8.784237 15.067407 154303446919.000000
-0.152588 0.315186 0.704346 -125.053376 12.383334 16.043433 154303449828.000000
-0.140869 0.302246 0.701416 -124.443360 16.653450 16.775453 154303452738.000000
-0.121094 0.288574 0.687988 -124.443360 21.289575 17.629476 154303455643.000000
-0.112061 0.274170 0.690430 -124.382358 26.230708 18.361496 154303458553.000000
-0.112549 0.261963 0.696045 -124.931373 30.378820 18.910511 154303461462.000000
-0.122314 0.248291 0.715576 -125.846398 34.099921 18.605502 154303464371.000000
-0.142334 0.243408 0.734131 -126.883426 37.028000 18.422497 154303467278.000000
-0.178467 0.234619 0.759033 -128.042457 39.468066 17.690478 154303470192.000000
-0.220703 0.237061 0.784668 -128.469469 40.688099 17.446471 154303473107.000000
-0.265137 0.237061 0.810303 -129.323492 41.054108 17.202464 154303476022.000000
-0.305176 0.244873 0.841553 -129.262490 39.590069 16.897456 154303478958.000000
-0.333496 0.251221 0.856934 -129.750503 37.638016 16.531446 154303481874.000000
-0.359863 0.261963 0.870605 -129.567498 34.038919 16.470445 154303484789.000000
-0.390381 0.264648 0.882324 -129.628500 30.622827 15.860428 154303487718.000000
-0.402832 0.268799 0.887695 -129.323492 26.352712 15.494418 154303490644.000000
-0.408447 0.269287 0.883301 -129.445495 22.875618 15.250412 154303493559.000000
-0.404053 0.268311 0.870605 -129.262490 19.642530 14.823400 154303496473.000000
-0.386719 0.265137 0.865723 -129.262490 16.958458 14.701397 154303499391.000000
-0.365967 0.258789 0.860352 -129.079485 15.250412 14.945404 154303502307.000000
-0.339844 0.243164 0.842529 -128.530470 14.091380 15.311413 154303505220.000000
-0.308594 0.236572 0.833496 -128.225462 13.908376 15.616422 154303508144.000000
-0.281006 0.223633 0.818115 -127.737449 14.701397 16.104435 154303511062.000000
-0.258057 0.211670 0.812256 -127.554444 16.043433 16.897456 154303513984.000000
-0.247314 0.201172 0.820557 -126.883426 18.056488 17.934484 154303516900.000000
-0.224854 0.181641 0.823730 -126.456414 20.008540 18.849509 154303519823.000000
-0.215820 0.167236 0.832764 -125.480388 22.326603 19.886537 154303522736.000000
-0.208984 0.140137 0.838867 -124.809370 25.498688 20.801562 154303525652.000000
-0.191650 0.131104 0.842285 -123.894345 28.426768 21.777588 154303528571.000000
-0.185791 0.116943 0.844238 -123.589337 31.720856 22.143598 154303531484.000000
-0.173584 0.106689 0.854980 -123.223327 34.770939 22.021595 154303534393.000000
-0.177246 0.103760 0.860107 -123.345330 37.699018 21.777588 154303537300.000000
-0.189209 0.102295 0.872314 -123.528335 40.261087 21.533581 154303540209.000000
-0.203369 0.098145 0.887939 -123.406332 42.762155 20.984567 154303543117.000000
-0.228760 0.100830 0.902100 -123.223327 44.531202 20.496553 154303546029.000000
-0.256104 0.105225 0.916748 -122.857317 45.629232 19.703532 154303548935.000000
-0.276123 0.111084 0.924805 -122.430306 46.117245 19.154517 154303551842.000000
-0.299316 0.114258 0.935303 -121.515281 45.202220 18.910511 154303554752.000000
-0.321533 0.122803 0.941650 -121.149271 44.226194 18.300494 154303557662.000000
-0.335938 0.123291 0.941406 -120.051241 43.311169 18.117489 154303560570.000000
-0.345459 0.127441 0.933838 -119.624230 41.664125 18.056488 154303563479.000000
-0.343506 0.122314 0.927002 -118.770207 40.810102 17.629476 154303566387.000000
-0.337402 0.123779 0.920898 -118.343195 39.651071 17.568474 154303569301.000000
-0.321289 0.119873 0.909912 -117.550174 39.529067 17.873483 154303572219.000000
-0.303955 0.109131 0.902588 -116.208138 39.590069 17.751479 154303575134.000000
-0.282227 0.104004 0.899170 -115.293113 40.200085 18.117489 154303578054.000000
-0.264648 0.090332 0.894287 -114.317087 41.298115 18.117489 154303580970.000000
-0.251709 0.083008 0.892090 -113.036052 42.457146 18.849509 154303583885.000000
-0.237549 0.071045 0.892822 -111.816019 44.653206 18.910511 154303586800.000000
-0.224854 0.060791 0.896973 -110.778991 46.910267 19.215519 154303589727.000000
-0.212646 0.054443 0.898926 -109.558958 49.289331 19.520527 154303592641.000000
-0.205322 0.042725 0.904541 -108.338925 52.217410 19.886537 154303595557.000000
-0.205566 0.039795 0.902100 -107.484902 54.962484 20.191545 154303598477.000000
-0.199951 0.036377 0.896973 -106.447874 58.073568 20.435552 154303601391.000000
-0.201660 0.030762 0.899414 -105.959861 60.391631 20.252547 154303604305.000000
-0.202637 0.028320 0.900146 -105.593851 62.831696 19.825535 154303607219.000000
-0.212402 0.025635 0.910889 -105.532849 63.990728 19.093516 154303610143.000000
-0.237793 0.021729 0.915771 -106.386872 64.905752 17.873483 154303613064.000000
-0.271973 0.025879 0.925293 -106.020863 65.088757 17.141463 154303615977.000000
-0.289307 0.024658 0.936035 -105.654853 64.234734 16.165436 154303618900.000000
-0.325684 0.026855 0.948242 -105.349844 62.282682 15.250412 154303621816.000000
-0.352051 0.031494 0.959229 -104.495821 60.147624 14.579394 154303624729.000000
-0.367188 0.032471 0.959961 -103.458793 57.646556 13.725371 154303627640.000000
-0.382080 0.034180 0.968262 -102.055756 54.657476 13.176356 154303630551.000000
-0.379883 0.035889 0.956787 -101.628744 51.790398 12.505338 154303633458.000000
-0.369141 0.038086 0.945801 -101.079729 49.594339 11.956323 154303636367.000000
-0.350586 0.039551 0.933594 -99.981700 48.252303 11.346306 154303639276.000000
-0.324219 0.035645 0.922119 -98.822668 47.703288 10.919295 154303642184.000000
-0.296875 0.028076 0.912354 -97.907644 47.581285 10.431282 154303645093.000000
-0.271484 0.023926 0.896973 -97.236625 48.435308 10.309278 154303648003.000000
-0.249756 0.012695 0.897461 -96.504606 49.838346 10.370280 154303650912.000000
-0.234375 0.009521 0.901367 -95.467578 51.668395 10.187275 154303653819.000000
-0.226563 -0.001953 0.903076 -94.552553 54.291466 10.248277 154303656726.000000
-0.225586 -0.008057 0.902344 -93.881535 57.524553 10.248277 154303659635.000000
-0.217285 -0.014893 0.900146 -93.027512 60.574636 10.431282 154303662545.000000
-0.219238 -0.024902 0.900635 -92.051485 63.868724 10.248277 154303665452.000000
-0.218262 -0.023926 0.901123 -91.624474 67.528823 10.187275 154303668368.000000
-0.219482 -0.032959 0.892578 -91.197462 70.578906 9.821265 154303671285.000000
-0.228516 -0.035156 0.900879 -91.075459 73.018972 9.089245 154303674200.000000
-0.237793 -0.043945 0.905762 -90.770451 74.727018 8.296224 154303677115.000000
-0.257324 -0.044922 0.906738 -91.197462 75.520039 7.015189 154303680041.000000
-0.281738 -0.053223 0.918213 -91.258464 75.520039 5.490148 154303682955.000000
-0.304932 -0.054688 0.923340 -91.075459 74.422009 4.148112 154303685869.000000
-0.334473 -0.052979 0.937256 -91.136461 73.079973 2.806076 154303688790.000000
-0.359375 -0.058594 0.948730 -90.465443 71.005917 1.586043 154303691707.000000
-0.382080 -0.056396 0.947510 -89.611420 68.565851 0.488013 154303694622.000000
-0.391357 -0.061523 0.945801 -89.184408 66.247789 -0.366010 154303697542.000000
-0.393311 -0.061279 0.937744 -88.147380 63.502715 -1.159031 154303700475.000000
-0.382568 -0.066895 0.932861 -87.049350 61.611664 -1.830049 154303703389.000000
-0.365234 -0.065674 0.925293 -86.134326 60.147624 -2.562069 154303706304.000000
-0.335205 -0.071045 0.900879 -84.365278 59.476606 -3.050082 154303709231.000000
-0.305176 -0.081543 0.897217 -82.901238 59.598609 -3.416092 154303712148.000000
-0.266113 -0.087402 0.874756 -81.559202 61.245654 -3.782102 154303715066.000000
-0.230225 -0.089600 0.854004 -79.363143 63.319710 -4.026109 154303717987.000000
-0.188965 -0.088135 0.830566 -77.594095 66.796804 -4.209114 154303720912.000000
-0.152588 -0.095703 0.816650 -75.764046 71.432929 -4.636125 154303723983.000000
-0.120850 -0.097168 0.802734 -74.483011 76.618069 -5.307143 154303726894.000000
-0.112793 -0.100830 0.801514 -73.750991 81.986214 -6.100165 154303729804.000000
-0.111328 -0.101318 0.812012 -73.689990 87.049350 -7.137193 154303732787.000000
-0.130615 -0.103760 0.815430 -73.445983 91.746477 -8.479229 154303735698.000000
-0.164795 -0.103027 0.836426 -73.323980 96.382602 -9.760264 154303738611.000000
-0.205811 -0.098145 0.861328 -73.506985 99.127676 -11.041298 154303741521.000000
-0.249756 -0.098145 0.873291 -73.384981 101.079729 -12.932349 154303744429.000000
-0.291260 -0.090088 0.894531 -73.079973 101.689746 -14.213384 154303747336.000000
-0.321777 -0.091309 0.912354 -72.652962 100.469713 -16.714451 154303750243.000000
-0.360107 -0.095459 0.933838 -71.920942 97.907644 -18.910511 154303753154.000000
-0.392822 -0.098633 0.944092 -71.188922 94.552553 -21.716586 154303756061.000000
-0.415527 -0.100830 0.947021 -70.212896 90.953456 -24.339657 154303758971.000000
-0.425293 -0.101563 0.944336 -69.724883 86.866345 -27.755749 154303761882.000000
-0.435303 -0.109131 0.941162 -68.870860 82.474227 -30.439822 154303764788.000000
-0.433594 -0.110107 0.934814 -68.199841 79.302141 -33.123894 154303767701.000000
-0.428955 -0.112061 0.923828 -67.345818 76.191057 -35.929970 154303770617.000000
-0.418945 -0.119873 0.898193 -66.552797 74.300006 -37.516013 154303773534.000000
-0.396240 -0.128174 0.868164 -65.515769 73.323980 -39.346062 154303776448.000000
-0.375732 -0.140137 0.853027 -64.722748 74.056000 -40.627097 154303779366.000000
-0.342041 -0.150879 0.826172 -63.685720 75.276032 -42.091136 154303782282.000000
-0.315918 -0.164551 0.806152 -61.977673 77.655097 -43.067163 154303785197.000000
-0.278564 -0.173584 0.770020 -60.391631 81.925212 -43.982188 154303788119.000000
-0.252441 -0.183838 0.738525 -58.500580 86.012322 -44.653206 154303791046.000000
-0.225830 -0.197998 0.707031 -56.487525 91.624474 -45.141219 154303793962.000000
-0.208740 -0.210205 0.688232 -54.474471 97.541634 -46.239248 154303796877.000000
-0.190674 -0.222900 0.660645 -52.827426 104.068810 -46.849265 154303799802.000000
-0.181152 -0.236084 0.638672 -51.546392 110.290978 -47.337278 154303802717.000000
-0.185791 -0.243896 0.627686 -50.570365 116.330141 -48.679314 154303805633.000000
-0.207031 -0.253418 0.619385 -50.631367 121.393278 -49.777344 154303808557.000000
-0.238770 -0.260254 0.629150 -50.509364 124.870372 -51.485390 154303811476.000000
-0.284912 -0.266602 0.640137 -50.692369 127.798451 -53.193436 154303814391.000000
-0.337646 -0.263428 0.656006 -50.753370 128.957482 -55.511499 154303817313.000000
-0.388672 -0.265869 0.663330 -50.570365 129.201488 -57.890563 154303820229.000000
-0.441162 -0.260986 0.669189 -49.838346 127.188434 -59.903617 154303823140.000000
-0.481934 -0.258789 0.679199 -49.777344 124.626365 -61.916672 154303826056.000000
-0.518066 -0.258545 0.683105 -49.289331 120.722260 -64.356738 154303828965.000000
-0.543945 -0.257813 0.680664 -49.106326 116.086134 -66.796804 154303831873.000000
-0.568359 -0.254150 0.681641 -49.167328 111.145001 -69.053864 154303834810.000000
-0.589355 -0.253662 0.670166 -49.716342 105.898859 -71.066919 154303837721.000000
-0.605713 -0.261963 0.660156 -49.716342 100.957726 -72.835967 154303840629.000000
-0.612549 -0.272949 0.646973 -50.387360 96.504606 -73.933996 154303843537.000000
-0.606201 -0.278076 0.637695 -50.692369 92.539499 -75.215031 154303846445.000000
-0.600342 -0.287109 0.627930 -50.143354 89.367413 -76.008052 154303849353.000000
-0.576416 -0.299805 0.603760 -50.204356 87.110352 -76.740072 154303852264.000000
-0.554199 -0.305908 0.583740 -49.838346 86.012322 -76.923077 154303855172.000000
-0.524658 -0.314209 0.561523 -49.838346 86.073324 -77.228085 154303858082.000000
-0.491455 -0.321289 0.525879 -49.716342 87.049350 -77.289087 154303860994.000000
-0.455078 -0.330078 0.502197 -49.838346 88.879400 -77.472092 154303863902.000000
-0.436768 -0.339600 0.494385 -49.655341 91.868480 -77.472092 154303866809.000000
-0.412109 -0.340088 0.468750 -49.899347 94.613555 -77.594095 154303869725.000000
-0.385254 -0.352295 0.447998 -49.167328 98.456658 -77.777100 154303872644.000000
-0.373047 -0.360352 0.434326 -49.167328 101.689746 -78.143110 154303875559.000000
-0.374512 -0.368408 0.430664 -49.045324 105.227841 -78.265113 154303878480.000000
-0.382324 -0.381592 0.432861 -48.984323 108.155920 -78.570121 154303881399.000000
-0.401123 -0.385742 0.432129 -49.228329 110.168975 -78.875130 154303884313.000000
-0.434326 -0.392822 0.424316 -49.594339 111.938022 -79.607149 154303887227.000000
-0.454102 -0.402832 0.419678 -50.631367 111.999024 -80.888184 154303890153.000000
-0.493652 -0.415283 0.428955 -51.302385 113.768072 -82.108217 154303893069.000000
-0.410645 -0.466309 0.392578 -50.387360 113.402062 -85.219301 154303895983.000000
-0.430176 -0.462402 0.441895 -53.437443 107.728909 -90.343439 154303898907.000000
-0.470947 -0.424316 0.391113 -57.829561 102.665772 -94.430550 154303901821.000000
-0.577637 -0.384521 0.478027 -59.354603 95.772586 -96.077594 154303904735.000000
-0.677490 -0.346436 0.497803 -62.221680 89.367413 -96.565607 154303907657.000000
-0.736816 -0.350586 0.535889 -64.844751 82.230220 -98.517660 154303910574.000000
-0.792480 -0.347412 0.566650 -66.613799 75.093028 -100.103703 154303913494.000000
-0.822021 -0.360596 0.587158 -67.589825 67.894833 -101.262734 154303916425.000000
-0.839600 -0.380615 0.609863 -68.138840 59.781614 -102.238760 154303919350.000000
-0.844482 -0.398438 0.607666 -68.504850 52.095407 -102.055756 154303922265.000000
-0.834473 -0.421387 0.597656 -69.541878 45.934240 -101.811749 154303925180.000000
-0.812012 -0.443848 0.566406 -70.334899 40.810102 -101.689746 154303928088.000000
-0.777832 -0.478516 0.551758 -71.859940 36.539987 -101.750747 154303931009.000000
-0.741211 -0.503906 0.536377 -72.286952 34.099921 -101.384737 154303933945.000000
-0.717773 -0.526367 0.523682 -73.201976 33.001891 -100.835723 154303936854.000000
-0.670654 -0.550537 0.510986 -73.506985 32.452876 -100.225706 154303939765.000000
-0.625000 -0.566650 0.493164 -73.811993 33.550906 -99.554688 154303942674.000000
-0.577637 -0.575195 0.472168 -74.239004 35.868968 -99.005673 154303945591.000000
-0.535156 -0.582764 0.447754 -74.361008 39.346062 -97.968645 154303948513.000000
-0.499023 -0.596436 0.434570 -74.422009 43.311169 -97.358629 154303951421.000000
-0.464111 -0.609131 0.416504 -74.422009 47.886293 -96.870616 154303954329.000000
-0.440186 -0.620117 0.399170 -73.872995 52.705423 -96.382602 154303957236.000000
-0.429688 -0.634033 0.389160 -73.750991 57.707558 -95.833588 154303960144.000000
-0.435059 -0.647217 0.376953 -72.530958 62.526688 -96.077594 154303963058.000000
-0.441406 -0.651367 0.358887 -72.225950 67.284817 -95.833588 154303965974.000000
-0.451172 -0.655029 0.347168 -71.371927 71.554932 -96.443604 154303968931.000000
-0.458496 -0.661133 0.328857 -71.005917 75.398036 -96.809614 154303971848.000000
-0.470947 -0.661865 0.317139 -70.944916 78.021107 -97.663637 154303974763.000000
-0.486084 -0.663574 0.318848 -70.761911 79.424144 -99.127676 154303977679.000000
-0.514893 -0.652100 0.335938 -71.432929 80.034161 -100.957726 154303980605.000000
-0.556885 -0.638916 0.363037 -71.371927 79.363143 -102.665772 154303983520.000000
-0.608154 -0.623535 0.390625 -72.225950 77.899103 -104.373818 154303986434.000000
-0.656738 -0.605225 0.422363 -72.896968 75.337034 -105.715854 154303989360.000000
-0.704590 -0.590088 0.444336 -73.628988 72.835967 -106.874886 154303992273.000000
-0.738037 -0.581299 0.473145 -74.056000 69.358873 -107.728909 154303995187.000000
-0.767090 -0.589111 0.493164 -74.666016 65.576771 -108.460928 154303998110.000000
-0.780762 -0.602295 0.508789 -75.032026 62.099677 -108.826938 154304001027.000000
-0.783447 -0.620605 0.523193 -74.666016 58.866589 -109.070945 154304003943.000000
-0.778809 -0.638428 0.520020 -74.727018 55.023486 -109.375953 154304006859.000000
-0.772949 -0.667236 0.515381 -74.483011 52.583420 -109.802965 154304009786.000000
-0.754150 -0.690674 0.511475 -74.056000 50.326359 -109.802965 154304012710.000000
-0.744141 -0.710693 0.512207 -73.689990 48.374306 -110.412981 154304015626.000000
-0.723633 -0.722656 0.489014 -73.445983 47.093272 -110.229976 154304019655.000000
-0.704590 -0.736328 0.483398 -72.652962 45.751235 -109.924968 154304022607.000000
-0.687744 -0.741699 0.469971 -72.408955 45.995242 -109.497956 154304025530.000000
-0.661133 -0.743164 0.457520 -71.981944 46.666260 -108.948942 154304028468.000000
-0.628418 -0.751953 0.445557 -71.127920 48.191301 -108.277924 154304031382.000000
-0.596436 -0.763428 0.439453 -70.456902 49.594339 -108.216922 154304034330.000000
-0.568604 -0.773926 0.421387 -69.663881 52.156408 -108.277924 154304037252.000000
-0.548340 -0.789307 0.414307 -69.114866 54.962484 -108.216922 154304040163.000000
-0.540527 -0.791992 0.401367 -68.138840 58.378576 -108.582932 154304043074.000000
-0.539307 -0.801514 0.388428 -67.040810 61.916672 -108.765937 154304045982.000000
-0.532471 -0.804932 0.370117 -66.186787 65.454767 -108.460928 154304048938.000000
-0.528320 -0.812988 0.358643 -65.271762 69.480876 -108.765937 154304051847.000000
-0.522461 -0.814453 0.345215 -64.905752 72.469957 -109.375953 154304054756.000000
-0.522461 -0.811035 0.342529 -64.600744 75.520039 -110.412981 154304057665.000000
-0.536133 -0.805176 0.343262 -64.173733 77.655097 -111.450009 154304060587.000000
-0.552002 -0.792236 0.337646 -64.356738 80.034161 -112.548039 154304063494.000000
-0.581055 -0.780518 0.341064 -64.722748 81.193192 -113.402062 154304066402.000000
-0.604492 -0.771973 0.351318 -65.088757 82.169219 -114.561093 154304069322.000000
-0.634033 -0.771240 0.348877 -65.637772 82.413225 -115.598121 154304072238.000000
-0.655273 -0.775635 0.361084 -66.064784 81.864210 -116.452144 154304075154.000000
-0.678223 -0.787598 0.373535 -66.552797 81.254194 -116.879156 154304078080.000000
-0.692627 -0.808838 0.387207 -66.430794 79.668151 -117.977185 154304080999.000000
-0.709473 -0.831787 0.394775 -66.613799 78.143110 -118.404197 154304083915.000000
-0.715088 -0.846680 0.395508 -66.613799 76.496065 -118.465199 154304086830.000000
-0.722412 -0.865967 0.402588 -66.979808 74.971024 -118.831208 154304089756.000000
-0.726563 -0.882568 0.405762 -66.552797 73.445983 -118.465199 154304092672.000000
-0.717285 -0.896729 0.405518 -66.918807 72.591960 -118.404197 154304095586.000000
-0.700928 -0.912354 0.407959 -66.308790 71.554932 -117.733179 154304098503.000000
-0.683105 -0.917725 0.397949 -66.613799 71.188922 -117.672177 154304101418.000000
-0.663330 -0.928955 0.401855 -66.552797 71.188922 -117.184164 154304104331.000000
-0.641846 -0.938232 0.399414 -66.491795 71.554932 -117.550174 154304107248.000000
-0.627686 -0.952148 0.399414 -66.491795 72.286952 -117.367169 154304110174.000000
-0.616943 -0.960693 0.393311 -66.064784 73.323980 -117.794180 154304113089.000000
-0.614990 -0.968750 0.390137 -65.820777 74.910023 -117.855182 154304116004.000000
-0.623535 -0.979736 0.394775 -64.966754 76.313060 -117.855182 154304118927.000000
-0.629395 -0.985352 0.385742 -64.295736 77.838102 -117.550174 154304121841.000000
-0.645264 -0.991699 0.379395 -63.014701 79.058135 -117.428171 154304124934.000000
-0.650879 -0.991211 0.378662 -62.343683 79.973159 -117.245166 154304127849.000000
-0.661865 -0.988281 0.379150 -60.940645 80.339169 -117.367169 154304130758.000000
-0.674805 -0.983887 0.380371 -59.720612 80.583176 -117.611176 154304133667.000000
-0.691162 -0.974121 0.375000 -58.622583 80.217166 -118.038187 154304136604.000000
-0.699219 -0.960449 0.375732 -57.829561 80.034161 -118.831208 154304139515.000000
-0.705811 -0.949707 0.370605 -56.731532 79.668151 -119.685232 154304142424.000000
-0.708252 -0.942383 0.370361 -55.938510 78.814128 -121.027268 154304145333.000000
-0.708984 -0.943115 0.368652 -55.023486 78.326115 -122.308302 154304148247.000000
-0.710205 -0.944824 0.370361 -54.474471 77.472092 -123.528335 154304151157.000000
-0.709473 -0.951904 0.369873 -53.315440 76.984079 -124.504362 154304154065.000000
-0.698242 -0.966797 0.360352 -52.278412 76.984079 -125.419386 154304156972.000000
-0.698242 -0.978271 0.350342 -51.058379 77.167084 -126.212408 154304159880.000000
-0.686035 -0.992432 0.351807 -50.570365 78.082108 -126.456414 154304162790.000000
-0.677734 -1.011475 0.341797 -49.655341 78.936131 -126.822424 154304165698.000000
-0.671875 -1.027344 0.343018 -48.679314 79.790154 -127.310437 154304168613.000000
-0.662354 -1.044678 0.340332 -48.130300 81.376197 -127.371439 154304171529.000000
-0.653076 -1.054199 0.336426 -47.520283 82.779235 -126.944427 154304174443.000000
-0.653809 -1.063477 0.341553 -47.154273 84.304276 -126.639419 154304177357.000000
-0.653809 -1.070313 0.336182 -46.117245 86.134326 -125.724395 154304180310.000000
-0.646484 -1.074219 0.340820 -45.812237 87.842372 -124.443360 154304183227.000000
-0.635254 -1.071777 0.332520 -45.141219 89.550418 -123.101324 154304186145.000000
-0.625244 -1.072510 0.326416 -44.775209 91.563472 -121.698286 154304189072.000000
-0.607666 -1.065430 0.321777 -44.470201 93.759532 -120.295248 154304191986.000000
-0.589355 -1.058838 0.322021 -44.653206 95.711584 -119.563228 154304194900.000000
-0.577881 -1.053467 0.320313 -44.897212 98.151650 -118.831208 154304197820.000000
-0.570801 -1.048340 0.329102 -45.141219 100.652718 -118.282194 154304200737.000000
-0.571045 -1.048828 0.340820 -44.958214 103.763802 -117.916184 154304203651.000000
-0.580566 -1.042236 0.347656 -44.775209 106.569877 -117.611176 154304206565.000000
-0.597656 -1.042969 0.351074 -44.348197 109.192948 -117.062161 154304209500.000000
-0.617432 -1.047119 0.353516 -44.165192 112.060026 -115.964131 154304212441.000000
-0.643066 -1.045166 0.364502 -43.311169 113.951077 -114.866101 154304215356.000000
-0.659424 -1.047119 0.367432 -42.152138 115.293113 -113.829073 154304218274.000000
-0.667236 -1.058105 0.365967 -41.603123 116.086134 -113.219057 154304221188.000000
-0.678711 -1.072021 0.364014 -41.054108 116.513146 -113.280059 154304224100.000000
-0.682617 -1.096436 0.369629 -40.505094 116.757152 -113.585067 154304227014.000000
-0.690186 -1.118896 0.367188 -39.956079 117.062161 -114.195083 154304229924.000000
-0.701660 -1.137451 0.369385 -39.407064 116.879156 -114.866101 154304232832.000000
-0.716553 -1.158447 0.372070 -38.553041 116.635149 -114.988105 154304235769.000000
-0.723633 -1.185303 0.374756 -37.760020 116.391143 -115.293113 154304238680.000000
-0.736816 -1.200928 0.375488 -36.173977 116.086134 -114.988105 154304241599.000000
-0.739746 -1.215576 0.364502 -34.770939 116.391143 -114.195083 154304244521.000000
-0.739746 -1.224854 0.364014 -33.123894 116.452144 -113.280059 154304247427.000000
-0.735596 -1.220703 0.349365 -31.659855 116.452144 -111.816019 154304250404.000000
-0.722656 -1.207275 0.342773 -30.195815 117.123162 -109.985970 154304253313.000000
-0.701660 -1.193115 0.330322 -29.585799 117.855182 -107.972915 154304256220.000000
-0.674316 -1.167725 0.317627 -29.158787 118.953212 -106.142866 154304259130.000000
-0.644287 -1.148682 0.310059 -29.036784 120.112243 -104.007808 154304262040.000000
-0.608887 -1.119141 0.301514 -28.548771 122.552309 -101.750747 154304264947.000000
-0.574463 -1.093994 0.284424 -28.853779 125.480388 -99.371683 154304267859.000000
-0.546875 -1.084717 0.274658 -29.219789 128.530470 -96.870616 154304270774.000000
-0.503418 -1.072021 0.260254 -29.585799 132.373574 -94.735558 154304273699.000000
-0.462646 -1.060547 0.248047 -30.195815 137.497712 -92.295492 154304276613.000000
-0.435547 -1.058105 0.239502 -30.866833 142.316843 -90.221436 154304279538.000000
-0.402588 -1.063232 0.229492 -31.476850 147.928994 -88.147380 154304282461.000000
-0.383789 -1.073975 0.216309 -31.903861 153.785152 -86.012322 154304285375.000000
-0.372803 -1.083008 0.218018 -32.574880 159.763314 -83.999268 154304288297.000000
-0.370117 -1.098633 0.198242 -33.184896 166.473495 -81.803209 154304291215.000000
-0.366943 -1.122559 0.187744 -33.733911 172.329653 -79.790154 154304294130.000000
-0.373535 -1.156738 0.185791 -33.733911 177.941804 -78.448118 154304297043.000000
-0.379639 -1.202637 0.170410 -33.977917 183.370951 -77.594095 154304299959.000000
-0.407715 -1.249268 0.158936 -33.306899 187.763070 -78.082108 154304302875.000000
-0.431641 -1.287109 0.159912 -32.635881 191.484170 -78.875130 154304305789.000000
-0.478760 -1.342285 0.172852 -30.500824 193.924236 -80.461172 154304308712.000000
-0.534912 -1.397949 0.179932 -28.548771 194.778259 -82.230220 154304311634.000000
-0.593262 -1.445557 0.198242 -25.437687 194.290246 -84.182273 154304314550.000000
-0.661377 -1.493408 0.219971 -21.167572 192.643201 -86.988349 154304317498.000000
-0.729004 -1.530273 0.236572 -17.019460 189.288111 -89.062405 154304320413.000000
-0.790039 -1.565186 0.253418 -12.139328 184.956994 -91.807479 154304323330.000000
-0.838623 -1.579102 0.271484 -6.710181 179.649851 -94.552553 154304326243.000000
-0.885986 -1.587891 0.274658 -1.525041 174.037699 -97.053620 154304329151.000000
-0.914063 -1.575195 0.267578 4.148112 167.937534 -99.798695 154304332063.000000
-0.923828 -1.551270 0.263916 8.967242 162.325383 -102.177759 154304334971.000000
-0.919922 -1.516357 0.253662 13.847374 157.140243 -104.129812 154304337907.000000
-0.906982 -1.489258 0.241455 18.483499 153.114134 -105.837858 154304340816.000000
-0.882568 -1.444092 0.221924 22.143598 150.186055 -106.813884 154304343724.000000
-0.840332 -1.389893 0.195557 25.376685 148.234002 -107.301897 154304346631.000000
-0.713867 -1.261475 0.116211 30.317819 149.454035 -105.776856 154304354381.000000
-0.662842 -1.226074 0.104004 30.622827 151.467090 -104.251815 154304357565.000000
-0.613525 -1.190430 0.074463 30.988837 154.029159 -102.909779 154304360512.000000
-0.571533 -1.160156 0.061523 30.439822 156.469225 -101.567742 154304363442.000000
-0.537598 -1.131836 0.055908 29.646800 158.970292 -99.920698 154304366452.000000
-0.510986 -1.108643 0.051758 27.877753 160.678338 -98.212652 154304369440.000000
-0.504639 -1.085205 0.044922 26.230708 161.837370 -96.687611 154304372367.000000
-0.501465 -1.072754 0.062744 25.071677 162.081376 -95.101568 154304375281.000000
-0.528320 -1.062012 0.069336 23.119624 162.020375 -92.966510 154304378198.000000
-0.549316 -1.062256 0.107422 21.838590 160.190325 -91.380467 154304381158.000000
-0.573242 -1.065918 0.132324 20.801562 157.628256 -89.428415 154304384073.000000
-0.605225 -1.083740 0.159424 19.703532 154.395169 -87.537364 154304387016.000000
-0.629883 -1.102539 0.182861 19.276520 149.698042 -85.097298 154304389941.000000
-0.660889 -1.125244 0.202637 19.276520 145.183920 -83.206247 154304392854.000000
-0.674805 -1.144531 0.218750 19.337522 139.754773 -81.010187 154304395783.000000
-0.689209 -1.167236 0.235840 20.008540 134.264625 -79.180138 154304398711.000000
-0.694336 -1.189209 0.246826 20.557555 128.774477 -76.557067 154304401625.000000
-0.689941 -1.205811 0.254150 21.716586 123.833344 -74.788019 154304404554.000000
-0.684814 -1.220459 0.263428 23.058623 120.051241 -73.018972 154304407538.000000
-0.677490 -1.228516 0.268799 24.644665 115.903129 -71.066919 154304410459.000000
-0.675049 -1.224854 0.272461 26.230708 112.304032 -69.297871 154304413370.000000
-0.665039 -1.225586 0.270020 27.267736 108.399927 -67.040810 154304416285.000000
-0.653809 -1.229980 0.273926 28.914781 105.044836 -65.271762 154304419196.000000
-0.637939 -1.230957 0.277588 30.500824 101.994754 -63.685720 154304422126.000000
-0.617432 -1.227783 0.267334 32.391875 99.188678 -62.282682 154304425043.000000
-0.604980 -1.220215 0.253662 34.343927 97.480632 -60.574636 154304427967.000000
-0.589111 -1.203613 0.230225 35.929970 96.199597 -58.988593 154304430882.000000
-0.578369 -1.193359 0.217285 37.089001 95.650583 -56.975538 154304433794.000000
-0.553955 -1.177979 0.201172 38.187031 95.345574 -54.718477 154304436797.000000
-0.534424 -1.158936 0.172119 39.407064 96.321601 -52.949430 154304439708.000000
-0.514648 -1.142334 0.148682 40.078082 97.968645 -50.753370 154304442627.000000
-0.499268 -1.131836 0.125000 40.078082 100.164704 -48.191301 154304445544.000000
-0.478027 -1.118164 0.094482 40.566095 103.214787 -45.873239 154304448456.000000
-0.463135 -1.116455 0.076904 40.749100 105.959861 -43.921186 154304451367.000000
-0.445801 -1.104980 0.047119 39.590069 108.765937 -41.603123 154304454288.000000
-0.423584 -1.119629 0.020020 39.407064 112.548039 -39.712072 154304457197.000000
-0.406738 -1.129150 0.008301 38.858049 115.964131 -37.943024 154304460107.000000
-0.395020 -1.135498 -0.013428 38.614043 119.075215 -36.966998 154304463024.000000
-0.387451 -1.149414 -0.031494 37.638016 122.247301 -35.807967 154304465951.000000
-0.365967 -1.164551 -0.039795 37.272006 125.175380 -34.770939 154304468937.000000
-0.342285 -1.177246 -0.054443 36.783993 128.042457 -34.282926 154304471865.000000
-0.338867 -1.192139 -0.063477 36.539987 131.153541 -34.099921 154304474782.000000
-0.331055 -1.198486 -0.077881 36.234978 133.959617 -33.489904 154304477703.000000
-0.335449 -1.205322 -0.079102 35.929970 135.728665 -32.940889 154304480620.000000
-0.331543 -1.210205 -0.083496 35.746965 137.802721 -32.208870 154304483544.000000
-0.330078 -1.220215 -0.083252 35.807967 139.388763 -31.720856 154304486461.000000
-0.325928 -1.219727 -0.087402 35.380955 141.096810 -30.866833 154304489381.000000
-0.327881 -1.215576 -0.077881 35.502959 142.011834 -30.317819 154304492297.000000
-0.321777 -1.206055 -0.077881 35.563960 143.658879 -29.768804 154304495214.000000
-0.325928 -1.200928 -0.067383 35.685964 145.061917 -29.768804 154304498147.000000
-0.326660 -1.193359 -0.062744 35.929970 146.281950 -29.707802 154304501071.000000
-0.319824 -1.177490 -0.058350 36.722992 147.501983 -30.012810 154304503994.000000
-0.333252 -1.164063 -0.045410 36.966998 148.722015 -29.890807 154304506911.000000
-0.332031 -1.159180 -0.038330 37.394010 149.942048 -30.256817 154304509831.000000
-0.352783 -1.146729 -0.035889 37.882023 150.552065 -30.500824 154304512750.000000
-0.358887 -1.139160 -0.023438 38.309034 150.552065 -30.317819 154304515666.000000
-0.373047 -1.129639 -0.020996 39.224059 150.369060 -30.256817 154304518582.000000
-0.390137 -1.116455 -0.002686 39.590069 149.271030 -30.683828 154304521496.000000
-0.395264 -1.108887 -0.006836 40.444092 148.539011 -30.500824 154304524438.000000
-0.406738 -1.104004 -0.002197 41.481120 146.830964 -30.744830 154304527587.000000
-0.422119 -1.098389 0.000977 42.335143 145.244922 -30.927835 154304530738.000000
-0.432861 -1.087891 0.008057 43.555176 143.536875 -31.110840 154304534100.000000
-0.441650 -1.081299 0.015381 44.531202 141.340816 -31.354847 154304537099.000000
-0.445068 -1.075684 0.014648 45.629232 139.388763 -31.659855 154304540031.000000
-0.447998 -1.065918 0.015625 46.605258 137.070701 -31.781858 154304542944.000000
-0.449951 -1.064941 0.013672 47.703288 135.240651 -32.208870 154304545853.000000
-0.453613 -1.064697 0.013184 48.435308 133.166595 -32.696883 154304548765.000000
-0.451660 -1.063232 0.009521 50.021351 130.543525 -33.001891 154304551674.000000
-0.450195 -1.069824 -0.001953 51.180382 128.957482 -33.916916 154304554583.000000
-0.443115 -1.068848 -0.008545 52.644421 127.188434 -34.343927 154304557512.000000
-0.439941 -1.072510 -0.017334 53.925456 125.724395 -34.770939 154304560424.000000
-0.430908 -1.074951 -0.020264 55.328494 124.382358 -35.319954 154304563332.000000
-0.420898 -1.071289 -0.029541 56.731532 123.406332 -35.624962 154304566239.000000
-0.416260 -1.073242 -0.038086 58.256573 122.430306 -36.112975 154304569147.000000
-0.406738 -1.073730 -0.051514 59.354603 121.881291 -36.234978 154304572058.000000
-0.396729 -1.068359 -0.060547 61.062649 122.064296 -36.356982 154304574965.000000
-0.381836 -1.062256 -0.056396 62.282682 121.942292 -36.417983 154304577874.000000
-0.381348 -1.059082 -0.069580 63.685720 122.430306 -36.600988 154304580785.000000
-0.369873 -1.046875 -0.077148 64.478741 122.918319 -36.661990 154304583699.000000
-0.356445 -1.041260 -0.090088 65.698774 123.528335 -36.539987 154304586608.000000
-0.353271 -1.031982 -0.093750 66.247789 124.077350 -36.844995 154304589526.000000
-0.347656 -1.022217 -0.102783 67.223815 124.870372 -37.394010 154304592446.000000
-0.340820 -1.009277 -0.109131 67.650827 125.358385 -37.577015 154304595369.000000
-0.340576 -0.995117 -0.111328 67.955835 125.419386 -37.943024 154304598297.000000
-0.341064 -0.988525 -0.120850 68.321845 125.785396 -38.614043 154304601213.000000
-0.343994 -0.971436 -0.124023 68.748856 125.541390 -38.858049 154304604124.000000
-0.342773 -0.963867 -0.120850 69.114866 125.236381 -39.407064 154304607031.000000
-0.349609 -0.954346 -0.115479 69.297871 124.565363 -39.651071 154304609947.000000
-0.360596 -0.950928 -0.110840 69.419874 123.589337 -40.017080 154304612864.000000
-0.359619 -0.945313 -0.115723 69.480876 122.369304 -40.627097 154304615785.000000
-0.370605 -0.943604 -0.111816 69.541878 121.149271 -40.688099 154304618703.000000
-0.375244 -0.940186 -0.112549 69.297871 119.380223 -40.993107 154304621617.000000
-0.382568 -0.942139 -0.101074 69.663881 117.916184 -41.054108 154304624535.000000
-0.385742 -0.944580 -0.101318 69.663881 116.391143 -40.688099 154304627448.000000
-0.387695 -0.951416 -0.096680 69.541878 114.561093 -41.237113 154304630434.000000
-0.391113 -0.955078 -0.092285 69.602879 113.219057 -40.871104 154304633342.000000
-0.390381 -0.955811 -0.094971 69.785884 111.633014 -40.749100 154304636251.000000
-0.389648 -0.960449 -0.089844 69.602879 110.473983 -40.566095 154304639160.000000
-0.389160 -0.965576 -0.091064 69.846886 109.070945 -40.078082 154304642070.000000
-0.388672 -0.972168 -0.085205 70.090892 108.399927 -39.956079 154304644977.000000
-0.382813 -0.966064 -0.083740 69.846886 108.094919 -39.285061 154304647896.000000
-0.378662 -0.973145 -0.091064 70.273897 107.545904 -38.919051 154304650806.000000
-0.373779 -0.971924 -0.092529 70.639907 107.850912 -37.943024 154304653714.000000
-0.367676 -0.978760 -0.091064 70.883914 108.033917 -37.394010 154304656620.000000
-0.358398 -0.974121 -0.094971 70.822912 108.765937 -36.722992 154304659530.000000
-0.353271 -0.964111 -0.098389 70.761911 109.802965 -35.929970 154304662440.000000
-0.342529 -0.959717 -0.096924 70.822912 110.351980 -35.075947 154304665347.000000
-0.340820 -0.951416 -0.101563 70.456902 111.755017 -34.404929 154304668261.000000
-0.335693 -0.943848 -0.106689 70.273897 112.914049 -33.672909 154304671178.000000
-0.334717 -0.935303 -0.109619 69.846886 114.195083 -32.757884 154304674094.000000
-0.331543 -0.934570 -0.111328 69.358873 115.720124 -31.720856 154304677009.000000
-0.330078 -0.931152 -0.120361 69.053864 117.184164 -30.805832 154304679944.000000
-0.330322 -0.923828 -0.113770 68.199841 118.831208 -29.707802 154304682866.000000
-0.325684 -0.924072 -0.116455 67.955835 120.417251 -28.426768 154304685782.000000
-0.321777 -0.921143 -0.124023 66.979808 122.125297 -27.450741 154304688703.000000
-0.323975 -0.922852 -0.116943 66.430794 124.077350 -26.230708 154304691622.000000
-0.316406 -0.924805 -0.126953 65.759776 125.907399 -24.766669 154304694547.000000
-0.312012 -0.919189 -0.130127 64.844751 128.286464 -23.546636 154304697501.000000
-0.309570 -0.918457 -0.135498 64.356738 130.482523 -22.387604 154304700431.000000
-0.307373 -0.919434 -0.130615 63.563716 132.617581 -21.045568 154304703347.000000
-0.295898 -0.918213 -0.133789 62.831696 134.752638 -19.581529 154304706263.000000
-0.293945 -0.916260 -0.131104 62.038675 137.497712 -18.056488 154304709189.000000
-0.289307 -0.913086 -0.131348 61.611664 139.998780 -16.897456 154304712105.000000
-0.286377 -0.919678 -0.137939 60.818642 142.682852 -15.555420 154304715020.000000
-0.282715 -0.915039 -0.130127 60.269627 145.244922 -14.030379 154304717941.000000
-0.281982 -0.916016 -0.135254 58.866589 147.867992 -12.810346 154304720858.000000
-0.280518 -0.919678 -0.134033 58.317575 150.430062 -11.407308 154304723772.000000
-0.282471 -0.920654 -0.135742 57.097542 152.382114 -9.943268 154304726684.000000
-0.282471 -0.920410 -0.138672 56.243519 154.639175 -8.479229 154304729608.000000
-0.281494 -0.927246 -0.138916 55.145489 156.896236 -6.893186 154304732534.000000
-0.288086 -0.923096 -0.136963 54.474471 159.214299 -5.429147 154304735441.000000
-0.287598 -0.926270 -0.138916 53.254438 160.861343 -3.843104 154304738351.000000
-0.287842 -0.924805 -0.132080 52.522418 163.240407 -2.562069 154304741261.000000
-0.285156 -0.919189 -0.138916 51.607393 165.253462 -0.671018 154304744168.000000
-0.290039 -0.916016 -0.131104 50.265357 167.083511 0.610016 154304747076.000000
-0.286133 -0.909180 -0.139160 49.472336 168.974562 2.135058 154304749990.000000
-0.286133 -0.902588 -0.132813 48.374306 171.475630 3.843104 154304752900.000000
-0.284668 -0.901367 -0.138672 46.910267 173.122674 5.063137 154304755807.000000
-0.282227 -0.898682 -0.138428 45.995242 175.318734 6.527176 154304758717.000000
-0.282715 -0.892334 -0.132813 44.653206 177.087781 7.808211 154304761626.000000
-0.285400 -0.894043 -0.140137 43.128164 179.222839 9.089245 154304764555.000000
-0.285645 -0.887939 -0.135986 42.457146 181.052888 10.614287 154304767517.000000
-0.286621 -0.884766 -0.134033 40.688099 182.455926 11.712316 154304770436.000000
-0.288574 -0.882080 -0.132080 39.956079 183.797963 13.054352 154304773353.000000
-0.294434 -0.877441 -0.132813 38.370036 185.139999 14.213384 154304776267.000000
-0.297607 -0.880127 -0.138672 37.028000 185.689014 15.311413 154304779184.000000
-0.300049 -0.873535 -0.129883 36.173977 186.421033 16.287440 154304782101.000000
-0.307129 -0.872314 -0.130127 34.648936 186.787043 17.568474 154304785016.000000
-0.311523 -0.875000 -0.135010 33.428903 186.970048 18.361496 154304787939.000000
-0.312500 -0.878906 -0.135254 32.574880 187.031050 19.093516 154304790858.000000
-0.309570 -0.878418 -0.133301 31.476850 186.665040 20.374550 154304793774.000000
-0.309082 -0.879395 -0.136230 30.378820 186.726042 20.801562 154304796689.000000
-0.306396 -0.881348 -0.135498 29.463796 186.055023 21.594583 154304799620.000000
-0.309570 -0.880371 -0.140869 28.731776 185.750015 22.143598 154304802535.000000
-0.302979 -0.877441 -0.140381 27.877753 185.017995 22.387604 154304805450.000000
-0.305664 -0.883789 -0.140137 27.023730 184.590984 22.875618 154304808374.000000
-0.301025 -0.888184 -0.139160 26.108705 183.614958 23.058623 154304811293.000000
-0.305908 -0.886230 -0.135498 25.132679 182.638931 23.119624 154304814208.000000
-0.299805 -0.889160 -0.138184 24.461660 181.967913 23.668639 154304817123.000000
-0.300293 -0.890625 -0.136719 23.058623 181.052888 23.607637 154304820039.000000
-0.301514 -0.887451 -0.132568 22.021595 180.015860 23.973647 154304822954.000000
-0.300049 -0.888672 -0.139648 21.289575 178.795827 24.034649 154304825885.000000
-0.302734 -0.890869 -0.142090 20.008540 177.758799 24.034649 154304828803.000000
-0.302490 -0.886963 -0.144775 18.666504 176.416763 24.217654 154304831714.000000
-0.302246 -0.890869 -0.141602 17.934484 174.952724 23.973647 154304834625.000000
-0.299805 -0.888672 -0.148438 16.592448 173.305679 23.729641 154304837537.000000
-0.303955 -0.889404 -0.144775 15.311413 171.536631 23.058623 154304840446.000000
-0.308838 -0.881836 -0.152832 13.725371 169.279571 22.631611 154304843354.000000
-0.310303 -0.879395 -0.150635 12.749344 166.595498 21.960593 154304846261.000000
-0.321289 -0.874268 -0.144287 11.102300 163.545416 21.411578 154304849169.000000
-0.331055 -0.871582 -0.142334 9.821265 160.129323 20.679558 154304852087.000000
-0.339111 -0.868896 -0.137939 8.540231 156.347221 20.130544 154304854996.000000
-0.352051 -0.862061 -0.136230 7.259196 151.711096 19.093516 154304857904.000000
-0.364258 -0.861084 -0.127441 5.978161 147.074971 18.544501 154304860816.000000
-0.368896 -0.864258 -0.128662 4.575124 141.767828 17.568474 154304863723.000000
-0.378906 -0.858643 -0.122314 3.294089 136.399683 16.958458 154304866631.000000
-0.390137 -0.859131 -0.114014 2.074056 130.665528 16.226438 154304869553.000000
-0.397461 -0.855713 -0.111084 1.281035 124.321357 15.433417 154304872469.000000
-0.401367 -0.852783 -0.104004 -0.183005 117.794180 14.518392 154304875385.000000
-0.400635 -0.858154 -0.101807 -0.732020 111.511011 13.542366 154304878308.000000
-0.404541 -0.856934 -0.092041 -1.708046 105.044836 12.566339 154304881226.000000
-0.407471 -0.858154 -0.092773 -2.623071 98.212652 11.407308 154304884141.000000
-0.405762 -0.858154 -0.091064 -3.416092 91.990484 10.065272 154304887062.000000
-0.396484 -0.853027 -0.089355 -4.331117 85.890319 9.089245 154304889995.000000
-0.393799 -0.856201 -0.089111 -5.124138 79.424144 7.808211 154304892916.000000
-0.392090 -0.856445 -0.089600 -5.795156 73.811993 6.832184 154304895831.000000
-0.384277 -0.854248 -0.086914 -6.710181 68.077838 5.795156 154304898748.000000
-0.382568 -0.857666 -0.085449 -7.991216 62.343683 4.880132 154304901665.000000
-0.378418 -0.858154 -0.084717 -8.906240 57.158543 3.782102 154304904579.000000
-0.370850 -0.865723 -0.088623 -9.272250 52.644421 2.684072 154304907501.000000
-0.367676 -0.873047 -0.097900 -10.370280 47.581285 1.830049 154304910420.000000
-0.365723 -0.872070 -0.094238 -11.346306 43.067163 0.976026 154304913333.000000
-0.358154 -0.876953 -0.101807 -11.773318 39.163057 0.244007 154304916248.000000
-0.353027 -0.877686 -0.092529 -12.993351 35.136949 -0.671018 154304919173.000000
-0.354004 -0.877197 -0.095703 -13.664369 31.354847 -1.342036 154304922093.000000
-0.351563 -0.879395 -0.094727 -14.518392 27.694748 -2.257061 154304925009.000000
-0.346680 -0.881836 -0.095703 -15.006405 24.156652 -2.989081 154304927928.000000
-0.341553 -0.885498 -0.098145 -15.799427 21.594583 -3.721100 154304930839.000000
-0.338379 -0.884521 -0.094971 -16.165436 18.300494 -4.148112 154304933747.000000
-0.333984 -0.885498 -0.091309 -17.080461 15.372415 -4.880132 154304936654.000000
-0.328369 -0.887939 -0.097656 -17.751479 12.383334 -5.429147 154304939568.000000
-0.323242 -0.889160 -0.091553 -18.300494 9.821265 -5.917160 154304942479.000000
-0.319824 -0.889893 -0.086914 -18.971512 7.137193 -6.710181 154304945386.000000
-0.316895 -0.884033 -0.084717 -19.520527 4.575124 -7.259196 154304948294.000000
-0.313965 -0.882813 -0.084229 -20.130544 2.074056 -7.808211 154304951203.000000
-0.307617 -0.887695 -0.079102 -20.618557 -0.183005 -8.296224 154304954111.000000
-0.304443 -0.890137 -0.079102 -20.984567 -2.257061 -8.967242 154304957020.000000
-0.297363 -0.885986 -0.079590 -21.594583 -4.209114 -9.577259 154304959929.000000
-0.285156 -0.888428 -0.073730 -21.655585 -6.222168 -10.065272 154304962838.000000
-0.285889 -0.887451 -0.066650 -22.326603 -7.564204 -10.370280 154304965747.000000
-0.278320 -0.886719 -0.069092 -22.448606 -8.784237 -10.614287 154304968659.000000
-0.276123 -0.888916 -0.072754 -22.570609 -10.004270 -11.102300 154304971575.000000
-0.270996 -0.892822 -0.061523 -22.753614 -10.675288 -11.834320 154304974489.000000
-0.269531 -0.890869 -0.059814 -22.936619 -11.468310 -11.712316 154304977403.000000
-0.268799 -0.891602 -0.050537 -23.363631 -11.834320 -12.139328 154304980363.000000
-0.269287 -0.896973 -0.055664 -23.302629 -12.444336 -12.383334 154304983280.000000
-0.272217 -0.897461 -0.045166 -23.302629 -12.688343 -12.688343 154304986200.000000
-0.272705 -0.901367 -0.050293 -23.119624 -12.566339 -12.505338 154304989127.000000
-0.275635 -0.907959 -0.042725 -23.180626 -12.566339 -12.444336 154304992047.000000
-0.279297 -0.910400 -0.048828 -23.058623 -12.505338 -12.322333 154304994981.000000
-0.276611 -0.914307 -0.046631 -23.058623 -12.200329 -12.078326 154304997903.000000
-0.278076 -0.918945 -0.035400 -22.814616 -11.712316 -12.139328 154305000821.000000
-0.281250 -0.918457 -0.039307 -22.692613 -11.407308 -12.261331 154305003737.000000
-0.285156 -0.931152 -0.030029 -22.448606 -10.980296 -11.529311 154305006652.000000
-0.288818 -0.939453 -0.031250 -22.570609 -10.675288 -11.468310 154305009589.000000
-0.287598 -0.946777 -0.030518 -22.326603 -10.126273 -10.919295 154305012519.000000
-0.291748 -0.954590 -0.023438 -22.570609 -10.126273 -10.370280 154305015433.000000
-0.291992 -0.960693 -0.024658 -22.448606 -9.577259 -10.004270 154305018351.000000
-0.291992 -0.971436 -0.024902 -22.082596 -8.723236 -9.333252 154305021265.000000
-0.291992 -0.978027 -0.026123 -22.448606 -7.930214 -8.601232 154305024178.000000
-0.279785 -0.981445 -0.025635 -22.021595 -6.649180 -7.686208 154305027102.000000
-0.266357 -0.985596 -0.024658 -22.021595 -5.063137 -7.076191 154305030016.000000
-0.257324 -0.989014 -0.024902 -22.082596 -3.294089 -6.283170 154305032928.000000
-0.242432 -0.989746 -0.032227 -22.326603 -1.281035 -5.856158 154305035838.000000
-0.236084 -0.991943 -0.034424 -22.387604 1.342036 -5.002135 154305038749.000000
-0.219238 -0.989990 -0.038574 -22.875618 3.965107 -4.636125 154305041659.000000
-0.209961 -0.989990 -0.041748 -22.997621 7.137193 -3.965107 154305044578.000000
-0.201416 -0.988525 -0.040527 -23.851644 10.370280 -3.294089 154305047532.000000
-0.194092 -0.987061 -0.044922 -23.973647 14.030379 -2.623071 154305050444.000000
-0.184082 -0.986816 -0.041748 -24.766669 17.324468 -2.013054 154305053353.000000
-0.175293 -0.986816 -0.038574 -25.620692 21.045568 -1.037028 154305056261.000000
-0.177002 -0.988281 -0.040039 -25.986702 24.400659 -0.732020 154305059170.000000
-0.178955 -0.991211 -0.033691 -26.901726 28.060758 0.122003 154305062081.000000
-0.178711 -0.996582 -0.027344 -27.389740 31.232843 0.610016 154305064988.000000
-0.182861 -0.991699 -0.020996 -28.182761 34.099921 1.342036 154305067901.000000
-0.186768 -0.991699 -0.021973 -28.792777 37.272006 2.013054 154305070816.000000
-0.188232 -0.991211 -0.010498 -29.158787 39.895077 2.440066 154305073732.000000
-0.201172 -0.990234 0.002197 -30.317819 42.457146 3.111084 154305076646.000000
-0.208984 -0.988770 0.002197 -30.988837 44.470201 3.538096 154305079572.000000
-0.219482 -0.987061 0.007080 -31.415848 46.361252 4.209114 154305082489.000000
-0.226318 -0.980957 0.017578 -32.391875 48.313304 4.209114 154305085414.000000
-0.239990 -0.984619 0.025635 -32.635881 49.655341 4.636125 154305088335.000000
-0.249268 -0.983643 0.030518 -33.184896 50.265357 4.941133 154305091260.000000
-0.263916 -0.986328 0.036133 -33.428903 50.997377 5.002135 154305094175.000000
-0.276123 -0.983643 0.046143 -33.977917 51.546392 5.185140 154305097088.000000
-0.288086 -0.988281 0.045166 -34.587934 51.363387 5.185140 154305100007.000000
-0.297852 -0.986572 0.048584 -34.831940 51.180382 5.185140 154305102925.000000
-0.310303 -0.991699 0.054443 -35.136949 50.265357 5.246142 154305105842.000000
-0.312012 -0.991699 0.053223 -35.319954 49.411334 5.368145 154305108765.000000
-0.319824 -0.996094 0.054443 -35.502959 48.191301 5.063137 154305111683.000000
-0.330566 -1.000000 0.064697 -35.685964 46.727262 5.063137 154305114598.000000
-0.336426 -1.001221 0.062256 -35.502959 45.385225 4.880132 154305117519.000000
-0.338379 -0.999756 0.060303 -35.746965 43.189166 4.331117 154305120435.000000
-0.337891 -1.002197 0.071045 -35.502959 41.420118 4.087110 154305123350.000000
-0.341064 -1.001465 0.066162 -35.563960 39.285061 3.538096 154305126268.000000
-0.343750 -0.999268 0.076660 -34.953944 36.966998 3.111084 154305129180.000000
-0.341309 -1.001221 0.075195 -35.136949 34.831940 2.623071 154305132091.000000
-0.337891 -1.004883 0.069580 -35.014945 32.696883 1.830049 154305134999.000000
-0.338623 -1.002930 0.072266 -34.587934 30.073812 1.342036 154305137907.000000
-0.338379 -1.000244 0.070557 -34.526932 27.572744 0.427012 154305140816.000000
-0.334717 -0.996582 0.067139 -33.855914 25.193680 -0.244007 154305143819.000000
-0.333008 -0.999268 0.063721 -33.733911 23.058623 -0.793021 154305146739.000000
-0.334473 -0.994873 0.065430 -33.672909 20.923565 -1.647044 154305149650.000000
-0.331055 -0.995850 0.059326 -33.611908 18.788507 -2.257061 154305152560.000000
-0.331787 -0.998535 0.056152 -33.550906 17.080461 -3.050082 154305155469.000000
-0.327637 -0.993896 0.049316 -33.062893 15.006405 -3.721100 154305158379.000000
-0.325439 -0.996826 0.042480 -33.062893 13.115354 -4.209114 154305161288.000000
-0.326172 -0.994141 0.038086 -32.940889 11.590313 -4.758128 154305164197.000000
-0.324707 -0.992920 0.042725 -32.757884 9.882267 -5.307143 154305167105.000000
-0.319824 -0.994629 0.027588 -32.818886 8.479229 -5.917160 154305170024.000000
-0.318604 -0.992188 0.027100 -32.635881 7.137193 -6.344171 154305172948.000000
-0.322266 -0.995117 0.026855 -32.147868 5.368145 -6.893186 154305175862.000000
-0.314941 -0.993408 0.018799 -32.269871 4.270115 -7.564204 154305178781.000000
-0.315918 -0.993652 0.015381 -32.086866 3.050082 -8.174221 154305181704.000000
-0.316406 -0.992676 0.012695 -31.842860 1.647044 -8.967242 154305184622.000000
-0.314941 -0.993164 0.010498 -32.086866 0.732020 -9.089245 154305187553.000000
-0.312988 -0.993408 0.010254 -31.659855 -0.366010 -9.455255 154305190469.000000
-0.315918 -0.988525 0.006592 -31.476850 -1.586043 -10.187275 154305193384.000000
-0.315430 -0.988770 0.007568 -31.781858 -2.623071 -10.492283 154305196299.000000
-0.317139 -0.991943 0.008789 -31.415848 -3.660099 -10.980296 154305199216.000000
-0.317627 -0.983398 0.010498 -31.476850 -4.941133 -11.773318 154305202130.000000
-0.321533 -0.985596 0.006348 -31.293845 -6.283170 -11.956323 154305205046.000000
-0.322510 -0.985352 0.008789 -31.110840 -7.808211 -12.505338 154305207967.000000
-0.325195 -0.983887 0.002930 -30.805832 -9.150247 -12.871348 154305210884.000000
-0.327881 -0.985107 0.010498 -30.988837 -10.370280 -13.359361 154305213799.000000
-0.326172 -0.984863 0.011719 -30.622827 -12.200329 -13.786372 154305216713.000000
-0.330566 -0.989746 0.009521 -30.500824 -13.786372 -14.091380 154305219627.000000
-0.330078 -0.990479 0.020752 -30.195815 -15.372415 -14.518392 154305222543.000000
-0.331787 -0.993652 0.022461 -29.768804 -17.019460 -14.884402 154305225504.000000
-0.330811 -0.993652 0.025879 -29.585799 -18.422497 -15.006405 154305228436.000000
