0.303223 -0.858398 -0.389160 -3.416092 10.675288 1.098030 201827234676.000000
0.301270 -0.864990 -0.391602 -3.233087 10.065272 1.281035 201827237603.000000
0.301514 -0.861084 -0.389648 -2.928079 9.760264 1.220033 201827240519.000000
0.297607 -0.862793 -0.384277 -2.745074 9.577259 0.976026 201827243436.000000
0.303467 -0.869873 -0.375000 -2.318063 9.089245 1.037028 201827246362.000000
0.306641 -0.868896 -0.377197 -2.135058 8.845239 0.854023 201827249279.000000
0.310303 -0.868408 -0.381348 -2.257061 8.601232 0.671018 201827252195.000000
0.313965 -0.865479 -0.379639 -1.769048 8.296224 0.549015 201827255115.000000
0.314209 -0.868896 -0.382568 -1.708046 8.357226 0.671018 201827258033.000000
0.317627 -0.862549 -0.375000 -1.586043 7.991216 0.305008 201827260948.000000
0.316650 -0.864258 -0.383057 -1.647044 8.174221 0.427012 201827263864.000000
0.318115 -0.864746 -0.385010 -1.403038 8.235222 0.244007 201827266791.000000
0.315674 -0.865234 -0.384521 -1.769048 8.113219 0.305008 201827269707.000000
0.320068 -0.863037 -0.380371 -1.220033 8.174221 0.122003 201827272623.000000
0.323730 -0.862061 -0.380127 -1.098030 8.235222 0.488013 201827275546.000000
0.318359 -0.865479 -0.375732 -0.793021 8.235222 0.244007 201827278466.000000
0.320557 -0.868652 -0.374268 -0.488013 8.296224 0.183005 201827281383.000000
0.322021 -0.865479 -0.384766 -0.305008 8.479229 0.183005 201827284299.000000
0.318848 -0.859619 -0.391846 -0.610016 8.357226 0.366010 201827287218.000000
0.316895 -0.841797 -0.439209 -3.904105 8.296224 0.366010 201827290134.000000
0.306152 -0.855225 -0.415283 -4.453120 8.418227 0.122003 201827293050.000000
0.303955 -0.878662 -0.357910 -1.342036 8.723236 0.000000 201827295968.000000
0.308350 -0.869629 -0.384521 -1.586043 9.028244 0.244007 201827298890.000000
0.313232 -0.870361 -0.382080 -2.013054 9.272250 -0.183005 201827301812.000000
0.323486 -0.874268 -0.368652 -0.366010 9.272250 -0.366010 201827304728.000000
0.323975 -0.872559 -0.370117 -0.305008 9.272250 -0.244007 201827307647.000000
0.329346 -0.863037 -0.387939 -1.159031 8.784237 -0.854023 201827310572.000000
0.330322 -0.858887 -0.396240 -0.854023 8.540231 -0.915025 201827313504.000000
0.330078 -0.854980 -0.392822 -1.342036 7.930214 -0.915025 201827316428.000000
0.329590 -0.854248 -0.401367 -1.769048 7.869212 -1.220033 201827319351.000000
0.328613 -0.854004 -0.393311 -1.769048 7.991216 -0.976026 201827322268.000000
0.325195 -0.850830 -0.390381 -1.891051 8.235222 -1.281035 201827325188.000000
0.320801 -0.845703 -0.400146 -2.745074 8.540231 -1.037028 201827328105.000000
0.319336 -0.847168 -0.398926 -2.562069 8.479229 -1.220033 201827331019.000000
0.317383 -0.845947 -0.398438 -2.501068 8.723236 -1.220033 201827333935.000000
0.320557 -0.847168 -0.406494 -2.928079 8.845239 -1.525041 201827336861.000000
0.319580 -0.850098 -0.397217 -2.257061 8.784237 -1.159031 201827339778.000000
0.321533 -0.844971 -0.392822 -2.013054 8.723236 -1.403038 201827342695.000000
0.323486 -0.849121 -0.399170 -1.708046 9.150247 -1.464040 201827345614.000000
0.321533 -0.849609 -0.401367 -1.952053 8.479229 -1.220033 201827348532.000000
0.322510 -0.849609 -0.400391 -1.586043 9.150247 -1.220033 201827351463.000000
0.319824 -0.848877 -0.409424 -1.891051 8.967242 -1.586043 201827354380.000000
0.322510 -0.844971 -0.407959 -2.013054 8.601232 -1.220033 201827357307.000000
0.324219 -0.845947 -0.419678 -2.745074 9.150247 -1.037028 201827360222.000000
0.311523 -0.839600 -0.439209 -4.941133 9.760264 -1.220033 201827363137.000000
0.307861 -0.863281 -0.378662 -2.379064 9.394254 -0.671018 201827366061.000000
0.318115 -0.860596 -0.395752 -1.952053 9.760264 -0.915025 201827368981.000000
0.313721 -0.862549 -0.394287 -2.013054 10.675288 -0.427012 201827371896.000000
0.323730 -0.855469 -0.388672 -1.708046 11.041298 -0.549015 201827374813.000000
0.328857 -0.859375 -0.386475 -0.366010 11.956323 -0.793021 201827377778.000000
0.334717 -0.849609 -0.387695 -0.976026 12.139328 -0.732020 201827380696.000000
0.333984 -0.853027 -0.386719 -0.915025 12.322333 -0.793021 201827383624.000000
0.340576 -0.848633 -0.378662 -0.366010 12.688343 -0.793021 201827386549.000000
0.338867 -0.846191 -0.389893 -0.854023 13.054352 -0.915025 201827389467.000000
0.333740 -0.848145 -0.384521 -0.732020 13.359361 -0.732020 201827392384.000000
0.332764 -0.855225 -0.390137 -0.305008 13.847374 -0.488013 201827395312.000000
0.325684 -0.855469 -0.388428 -0.488013 14.579394 -0.793021 201827398233.000000
0.325684 -0.860840 -0.381104 -0.610016 14.823400 -0.366010 201827401150.000000
0.323975 -0.859619 -0.377197 0.244007 15.555420 -0.488013 201827404064.000000
0.318359 -0.861572 -0.388184 -0.366010 15.616422 -0.244007 201827406982.000000
0.317871 -0.862061 -0.392334 -0.976026 15.799427 -0.427012 201827409898.000000
0.319580 -0.862549 -0.389893 -0.915025 15.921430 -0.305008 201827412820.000000
0.314941 -0.861816 -0.401611 -0.671018 15.677423 0.061002 201827415742.000000
0.313232 -0.858154 -0.398926 -1.403038 15.860428 -0.305008 201827418658.000000
0.307373 -0.858643 -0.395996 -1.281035 15.860428 -0.183005 201827421573.000000
0.303955 -0.852051 -0.394775 -1.403038 15.860428 0.488013 201827424488.000000
0.309570 -0.862793 -0.403809 -2.257061 15.494418 -0.183005 201827427405.000000
0.300781 -0.859131 -0.397949 -1.525041 15.677423 0.061002 201827430321.000000
0.299805 -0.841309 -0.455078 -4.148112 15.860428 0.061002 201827433237.000000
0.288330 -0.854004 -0.399902 -4.087110 15.738425 -0.244007 201827436160.000000
0.291504 -0.860840 -0.374756 -2.440066 15.372415 -0.305008 201827439081.000000
0.292236 -0.854980 -0.379639 -2.318063 15.555420 -0.427012 201827441996.000000
0.283447 -0.856934 -0.400635 -3.416092 15.738425 -0.732020 201827444920.000000
0.290771 -0.863525 -0.376953 -2.135058 16.165436 -0.915025 201827447839.000000
0.298340 -0.864014 -0.392334 -2.562069 15.616422 -1.403038 201827450754.000000
0.299072 -0.870850 -0.390137 -2.623071 15.616422 -1.647044 201827453672.000000
0.303467 -0.871582 -0.378662 -1.708046 15.616422 -1.952053 201827456598.000000
0.309326 -0.874268 -0.380127 -1.586043 15.372415 -2.196059 201827459515.000000
0.307129 -0.873047 -0.381104 -1.708046 15.250412 -2.684072 201827462431.000000
0.301025 -0.874268 -0.374268 -1.220033 15.677423 -2.867077 201827465355.000000
0.303711 -0.877441 -0.376953 -1.098030 15.616422 -2.806076 201827468274.000000
0.305664 -0.877686 -0.373535 -1.159031 15.799427 -2.684072 201827471191.000000
0.310791 -0.886230 -0.376221 -1.037028 16.653450 -2.806076 201827474108.000000
0.311523 -0.880859 -0.364014 -0.976026 16.348441 -2.806076 201827477036.000000
0.309326 -0.884521 -0.367920 -0.671018 16.897456 -2.989081 201827479953.000000
0.314209 -0.886475 -0.363770 -0.610016 16.348441 -3.233087 201827482870.000000
0.313965 -0.887207 -0.357910 -0.732020 16.836455 -3.172086 201827485791.000000
0.311279 -0.885742 -0.344238 -0.183005 17.019460 -3.416092 201827488708.000000
0.313232 -0.883301 -0.350342 -0.183005 17.080461 -2.928079 201827491629.000000
0.311768 -0.889893 -0.347412 0.610016 16.958458 -2.928079 201827494546.000000
0.313232 -0.883545 -0.347656 0.610016 16.836455 -3.538096 201827497469.000000
0.304688 -0.884766 -0.335205 1.281035 16.409443 -3.233087 201827500385.000000
0.302246 -0.882080 -0.340576 1.281035 15.921430 -3.355091 201827503301.000000
0.302246 -0.888672 -0.341797 1.647044 16.226438 -3.233087 201827506220.000000
0.302002 -0.883057 -0.336182 1.586043 15.860428 -3.660099 201827509137.000000
0.297852 -0.884521 -0.340332 1.464040 15.921430 -3.660099 201827512054.000000
0.296387 -0.885498 -0.344482 1.830049 15.494418 -3.904105 201827514971.000000
0.302246 -0.883545 -0.342773 1.708046 15.128408 -4.392119 201827517887.000000
0.301270 -0.887207 -0.339355 1.952053 15.067407 -4.392119 201827520804.000000
0.297607 -0.888672 -0.341553 1.647044 15.006405 -4.636125 201827523720.000000
0.301025 -0.886475 -0.349854 1.769048 14.701397 -4.941133 201827526638.000000
0.306152 -0.887939 -0.348633 1.647044 14.457390 -5.124138 201827529556.000000
0.304443 -0.887207 -0.343506 1.403038 14.030379 -5.124138 201827532471.000000
0.304688 -0.888672 -0.346191 1.830049 13.969377 -5.429147 201827535395.000000
0.307373 -0.889160 -0.343994 1.464040 13.969377 -5.551150 201827538315.000000
0.312500 -0.888672 -0.346191 1.769048 13.664369 -5.490148 201827541230.000000
0.313721 -0.887451 -0.343750 1.708046 13.542366 -5.734155 201827544146.000000
0.315674 -0.885742 -0.344727 1.952053 13.115354 -5.612152 201827547073.000000
0.314697 -0.883545 -0.341309 1.830049 13.359361 -5.490148 201827549990.000000
0.312500 -0.872314 -0.332275 2.196059 13.298359 -5.612152 201827552909.000000
0.314697 -0.881592 -0.338623 2.318063 13.054352 -5.429147 201827555833.000000
0.313965 -0.886719 -0.330322 2.989081 13.542366 -5.490148 201827558752.000000
0.320313 -0.876221 -0.335449 3.172086 13.054352 -5.246142 201827561667.000000
0.315186 -0.881348 -0.335693 3.965107 13.603367 -5.124138 201827564589.000000
0.315430 -0.884766 -0.342773 4.209114 14.701397 -5.185140 201827567531.000000
0.315186 -0.880127 -0.331299 4.148112 15.555420 -4.880132 201827570447.000000
0.314209 -0.876709 -0.325439 3.660099 15.921430 -4.636125 201827573364.000000
0.324463 -0.874023 -0.325928 4.514122 15.982432 -4.514122 201827576284.000000
0.321045 -0.882324 -0.322021 5.246142 16.165436 -4.331117 201827579200.000000
0.313965 -0.887939 -0.321289 5.063137 17.019460 -4.087110 201827582117.000000
0.319580 -0.889648 -0.312012 5.551150 17.446471 -3.782102 201827585036.000000
0.324463 -0.888916 -0.319336 5.612152 17.934484 -3.416092 201827587957.000000
0.327881 -0.894043 -0.313232 5.917160 17.812481 -3.416092 201827590880.000000
0.327881 -0.898926 -0.296875 6.832184 18.056488 -3.416092 201827593797.000000
0.328857 -0.896484 -0.297607 7.747209 18.788507 -3.050082 201827596717.000000
0.326904 -0.899658 -0.305176 8.479229 19.215519 -2.684072 201827599645.000000
0.325195 -0.902588 -0.292480 9.089245 19.764534 -2.562069 201827602559.000000
0.326416 -0.900635 -0.284668 10.248277 19.947539 -2.135058 201827605477.000000
0.323486 -0.905273 -0.277100 10.919295 20.374550 -1.708046 201827608393.000000
0.318848 -0.900146 -0.274414 11.651315 21.106570 -1.281035 201827611308.000000
0.329346 -0.904541 -0.281006 12.078326 21.716586 -0.732020 201827614223.000000
0.327148 -0.909424 -0.271973 12.871348 21.594583 -0.854023 201827617142.000000
0.332520 -0.913574 -0.262695 13.359361 21.777588 -0.549015 201827620059.000000
0.321289 -0.916260 -0.270508 14.457390 22.631611 -0.549015 201827622975.000000
0.325195 -0.910645 -0.261719 14.823400 22.875618 0.244007 201827625893.000000
0.328125 -0.914307 -0.263184 15.311413 22.753614 0.305008 201827628809.000000
0.323975 -0.916016 -0.252197 16.409443 22.997621 0.671018 201827631731.000000
0.322266 -0.917480 -0.240967 17.141463 23.241628 1.037028 201827634647.000000
0.321045 -0.918945 -0.240723 17.812481 22.936619 1.586043 201827637574.000000
0.321045 -0.922607 -0.237793 19.215519 23.546636 2.013054 201827640491.000000
0.318604 -0.927734 -0.221924 19.825535 23.485634 2.440066 201827643407.000000
0.319092 -0.925537 -0.220703 21.106570 23.546636 2.989081 201827646334.000000
0.319824 -0.927490 -0.221680 22.143598 23.668639 3.477094 201827649250.000000
0.322510 -0.936523 -0.203613 23.668639 23.485634 3.843104 201827652165.000000
0.320068 -0.943604 -0.205811 24.705667 23.790642 4.209114 201827655088.000000
0.322021 -0.938965 -0.199707 25.620692 23.912646 4.392119 201827658009.000000
0.324463 -0.943115 -0.197266 26.657720 24.522662 4.758128 201827660924.000000
0.321289 -0.953369 -0.175049 28.121759 24.156652 5.246142 201827663842.000000
0.322998 -0.957275 -0.179199 29.341792 24.888672 5.734155 201827666768.000000
0.326172 -0.958984 -0.177490 30.744830 25.071677 5.917160 201827669684.000000
0.326660 -0.962402 -0.171875 31.537852 25.437687 6.161166 201827672599.000000
0.325195 -0.960693 -0.176514 32.635881 26.047703 6.771183 201827675520.000000
0.326660 -0.964111 -0.164307 33.672909 26.230708 7.198194 201827678440.000000
0.331543 -0.967285 -0.161133 34.892942 26.718721 7.259196 201827681357.000000
0.319580 -0.972656 -0.174805 34.770939 28.426768 8.296224 201827684279.000000
0.323975 -0.967773 -0.164063 35.197950 28.304764 8.723236 201827687206.000000
0.337402 -0.958984 -0.159180 35.380955 28.670774 8.967242 201827690122.000000
0.340576 -0.968994 -0.164795 36.478985 29.585799 9.333252 201827693043.000000
0.336426 -0.959229 -0.172852 36.539987 29.158787 10.248277 201827695963.000000
0.350830 -0.957520 -0.172607 36.661990 30.378820 10.492283 201827698879.000000
0.350586 -0.955566 -0.160889 37.638016 30.317819 10.736290 201827701795.000000
0.362305 -0.951904 -0.167480 37.638016 30.927835 11.346306 201827704712.000000
0.361328 -0.950928 -0.164551 38.248033 31.354847 11.895321 201827707630.000000
0.370117 -0.947754 -0.163086 38.248033 32.452876 12.017324 201827710548.000000
0.371338 -0.934326 -0.163330 38.919051 32.757884 12.749344 201827713463.000000
0.387207 -0.942383 -0.175537 38.431038 33.428903 12.871348 201827716381.000000
0.384033 -0.938721 -0.164307 39.468066 34.221924 13.298359 201827719297.000000
0.393555 -0.935547 -0.150635 40.383090 35.807967 13.725371 201827722213.000000
0.389160 -0.954834 -0.104736 44.653206 36.844995 14.396389 201827725132.000000
0.406982 -0.953613 -0.104004 48.557311 38.431038 14.884402 201827728048.000000
0.445801 -0.936523 -0.144531 50.814372 38.858049 14.823400 201827730962.000000
0.472412 -0.920166 -0.196045 50.570365 39.956079 13.969377 201827733879.000000
0.474609 -0.908447 -0.216553 50.143354 41.115110 13.359361 201827736805.000000
0.479004 -0.889160 -0.234619 46.971268 43.311169 12.993351 201827739720.000000
0.468262 -0.871094 -0.232910 45.385225 42.213140 13.115354 201827742637.000000
0.485352 -0.871582 -0.244385 44.287196 41.542122 12.993351 201827745577.000000
0.472168 -0.885254 -0.235840 44.165192 43.311169 13.115354 201827748507.000000
0.459473 -0.884033 -0.245117 42.579150 44.348197 13.481364 201827751437.000000
0.455811 -0.892578 -0.240723 42.274141 43.860184 14.152382 201827754354.000000
0.467041 -0.906982 -0.254150 42.579150 43.982188 14.335387 201827757288.000000
0.462891 -0.919434 -0.250488 42.579150 43.677179 14.152382 201827760206.000000
0.455811 -0.923340 -0.263916 41.481120 43.311169 14.579394 201827763122.000000
0.448242 -0.939453 -0.242432 42.396145 43.433173 15.006405 201827766057.000000
0.445801 -0.943604 -0.251953 42.091136 42.396145 15.860428 201827768976.000000
0.448730 -0.956299 -0.263184 42.335143 41.298115 16.592448 201827771891.000000
0.439697 -0.959717 -0.273438 43.006161 40.078082 17.202464 201827774807.000000
0.442139 -0.970459 -0.277100 43.250168 39.895077 17.812481 201827777776.000000
0.429443 -0.975098 -0.283936 43.555176 39.224059 18.605502 201827780694.000000
0.434082 -0.984863 -0.290039 43.494174 39.895077 19.093516 201827783624.000000
0.427490 -0.986572 -0.287354 44.226194 39.529067 20.008540 201827786623.000000
0.431641 -0.986328 -0.275879 44.592204 38.248033 20.496553 201827789544.000000
0.423096 -0.994629 -0.271484 45.995242 38.004026 21.472580 201827792467.000000
0.411865 -1.002197 -0.270020 46.788263 37.333008 22.997621 201827795385.000000
0.412354 -1.005371 -0.258301 47.520283 36.234978 24.278656 201827798300.000000
0.409424 -1.017578 -0.247070 49.106326 35.624962 25.620692 201827801217.000000
0.416504 -1.019043 -0.235107 51.668395 34.831940 26.657720 201827804131.000000
0.399658 -1.039063 -0.222168 53.742451 34.526932 27.572744 201827807056.000000
0.415527 -1.026611 -0.197510 56.243519 34.648936 28.487769 201827809972.000000
0.412842 -1.031494 -0.171387 58.927591 33.916916 28.975782 201827812888.000000
0.407471 -1.036133 -0.178467 61.855670 33.611908 29.829805 201827815807.000000
0.404053 -1.039063 -0.139893 65.210761 33.245898 30.622827 201827818724.000000
0.395752 -1.048828 -0.129150 68.870860 32.940889 31.049838 201827821643.000000
0.393799 -1.056885 -0.112061 72.591960 32.330873 32.269871 201827824563.000000
0.395020 -1.061523 -0.114502 74.910023 32.147868 32.879888 201827827482.000000
0.385254 -1.063232 -0.103271 77.655097 33.123894 33.550906 201827830399.000000
0.391602 -1.064697 -0.079590 79.790154 32.940889 33.672909 201827833315.000000
0.390137 -1.069824 -0.032471 83.328250 32.330873 33.611908 201827836238.000000
0.395508 -1.099365 0.002686 87.537364 31.415848 33.367901 201827839158.000000
0.378174 -1.135010 0.000732 91.075459 32.330873 33.367901 201827842074.000000
0.377197 -1.142822 0.033936 94.186543 32.330873 32.818886 201827844998.000000
0.374268 -1.171875 0.043945 96.809614 32.574880 32.635881 201827847918.000000
0.371338 -1.183105 0.052979 100.103703 31.354847 32.330873 201827850832.000000
0.387695 -1.182617 0.051025 100.469713 33.245898 31.293845 201827853748.000000
0.359619 -1.197021 0.039795 101.384737 32.208870 30.439822 201827856674.000000
0.371094 -1.185791 0.041504 101.506741 30.988837 29.463796 201827859589.000000
0.362549 -1.198486 0.047607 103.153785 30.561825 28.060758 201827862507.000000
0.352295 -1.161133 0.047852 101.445739 29.768804 27.206735 201827865430.000000
0.352051 -1.144531 0.048584 101.079729 29.463796 26.718721 201827868349.000000
0.345703 -1.119629 0.069336 101.201732 27.267736 25.193680 201827871266.000000
0.343506 -1.096680 0.034912 98.700665 26.169707 25.010675 201827874181.000000
0.335449 -1.098389 0.051514 97.236625 24.583664 24.034649 201827877113.000000
0.336914 -1.074707 0.070313 96.260599 22.570609 23.790642 201827880030.000000
0.319336 -1.061523 0.076660 95.833588 22.265601 23.241628 201827882944.000000
0.320313 -1.050049 0.054688 92.295492 22.082596 22.509608 201827885873.000000
0.303467 -1.040283 0.075439 91.136461 20.862563 22.082596 201827888820.000000
0.306396 -1.038330 0.099121 89.977429 19.093516 21.350576 201827891739.000000
0.301758 -1.036621 0.109131 89.855426 17.934484 20.008540 201827894656.000000
0.290527 -1.042969 0.108154 88.818398 16.714451 19.276520 201827897575.000000
0.290039 -1.041016 0.116699 88.147380 15.311413 18.361496 201827900492.000000
0.283203 -1.042969 0.133789 88.025377 12.688343 17.141463 201827903409.000000
0.280273 -1.046875 0.137451 88.208382 10.980296 15.860428 201827906328.000000
0.284424 -1.043701 0.104248 87.354359 9.943268 14.823400 201827909245.000000
0.281494 -1.064209 0.100098 85.890319 8.174221 13.176356 201827912161.000000
0.287109 -1.074951 0.069336 84.365278 6.466175 11.834320 201827915079.000000
0.293213 -1.070313 0.044189 82.901238 4.819130 10.675288 201827917996.000000
0.304932 -1.080811 0.028076 81.254194 4.148112 8.967242 201827920913.000000
0.328857 -1.091797 -0.010742 79.729153 3.416092 7.198194 201827923828.000000
0.342773 -1.097412 -0.034668 77.533093 2.745074 5.429147 201827926748.000000
0.347900 -1.110596 -0.050293 75.215031 2.501068 3.477094 201827929663.000000
0.333984 -1.093262 -0.077393 73.506985 1.830049 2.989081 201827932579.000000
0.321777 -1.087402 -0.081055 71.310925 0.793021 2.318063 201827935518.000000
0.308350 -1.079346 -0.090332 69.480876 -0.427012 2.196059 201827938437.000000
0.296631 -1.075684 -0.095459 67.833832 -1.952053 2.135058 201827941356.000000
0.297852 -1.067627 -0.101563 66.674800 -3.477094 2.135058 201827944271.000000
0.286377 -1.059814 -0.098389 64.966754 -6.039163 2.867077 201827947197.000000
0.288330 -1.045410 -0.113770 63.502715 -7.686208 3.660099 201827950112.000000
0.302490 -1.033203 -0.135986 61.855670 -8.906240 4.392119 201827953028.000000
0.317871 -1.026855 -0.139160 60.330629 -9.638260 4.575124 201827955950.000000
0.333740 -1.018799 -0.133789 59.598609 -10.126273 5.246142 201827958871.000000
0.345215 -1.016846 -0.135986 59.537608 -11.224303 5.795156 201827961786.000000
0.357666 -1.014893 -0.135986 60.025621 -10.797292 5.978161 201827964703.000000
0.362793 -1.009766 -0.143066 60.635637 -11.590313 6.771183 201827967646.000000
0.363281 -0.989258 -0.143066 60.513634 -11.346306 7.564204 201827970561.000000
0.366211 -0.974854 -0.162598 60.452632 -11.224303 8.906240 201827973478.000000
0.377197 -0.958252 -0.172852 60.330629 -12.139328 10.614287 201827976405.000000
0.381104 -0.948242 -0.169922 60.818642 -13.603367 12.078326 201827979324.000000
0.417236 -0.947266 -0.179443 60.940645 -14.579394 13.481364 201827982242.000000
0.422852 -0.943115 -0.155273 62.648692 -16.958458 15.189410 201827985161.000000
0.448975 -0.938477 -0.161865 63.929726 -18.544501 17.019460 201827988103.000000
0.497803 -0.951660 -0.145508 66.064784 -20.313548 18.178491 201827991020.000000
0.524170 -0.950195 -0.141357 68.321845 -21.411578 18.239492 201827993936.000000
0.591309 -0.992188 -0.195557 68.016836 -22.631611 17.873483 201827996855.000000
0.618408 -0.976563 -0.205078 68.687855 -22.631611 18.178491 201827999770.000000
0.651123 -0.997559 -0.206543 69.541878 -23.119624 17.812481 201828002686.000000
0.702881 -1.006592 -0.173828 73.140975 -22.631611 17.568474 201828005607.000000
0.725098 -0.989502 -0.186768 75.459037 -20.984567 17.873483 201828008526.000000
0.726563 -0.956543 -0.186768 76.008052 -19.154517 18.666504 201828011440.000000
0.731689 -0.935059 -0.190674 76.679070 -16.470445 19.947539 201828014356.000000
0.737061 -0.935791 -0.158447 79.424144 -13.542366 21.777588 201828017274.000000
0.744873 -0.925781 -0.146240 81.193192 -10.187275 23.546636 201828020192.000000
0.755859 -0.905029 -0.131104 82.169219 -5.612152 25.010675 201828023108.000000
0.742920 -0.887695 -0.124268 82.901238 -0.915025 27.633746 201828026025.000000
0.745605 -0.862061 -0.093750 83.511255 4.331117 29.585799 201828028942.000000
0.738770 -0.843994 -0.082031 83.084243 8.357226 31.171842 201828031859.000000
0.713379 -0.839111 -0.054199 81.925212 10.675288 32.818886 201828034774.000000
0.701416 -0.852539 -0.033203 81.254194 13.054352 34.465931 201828037782.000000
0.686279 -0.854248 -0.019043 80.461172 16.104435 35.624962 201828040700.000000
0.681885 -0.833252 -0.002930 77.960105 18.971512 36.966998 201828043616.000000
0.679443 -0.827148 0.012939 75.947051 22.387604 38.187031 201828046545.000000
0.689453 -0.834473 0.032715 75.520039 25.498688 37.577015 201828049463.000000
0.678955 -0.822510 0.016113 73.750991 29.219789 36.966998 201828052387.000000
0.650635 -0.799316 0.031494 72.225950 33.489904 36.356982 201828055313.000000
0.643066 -0.808838 0.019287 71.005917 37.760020 34.343927 201828058236.000000
0.620117 -0.826904 0.038574 70.700909 41.237113 31.964863 201828061153.000000
0.599854 -0.832764 0.037598 68.321845 44.897212 28.975782 201828064070.000000
0.571533 -0.842529 0.035645 67.223815 48.618313 26.352712 201828066996.000000
0.546387 -0.851563 0.035645 65.942780 51.607393 23.363631 201828069913.000000
0.517578 -0.869629 0.030518 64.478741 53.925456 20.557555 201828072831.000000
0.497803 -0.894287 0.026123 63.624718 56.121515 17.873483 201828075748.000000
0.475342 -0.912842 0.025391 63.197706 57.463552 15.799427 201828078666.000000
0.450928 -0.926758 0.020020 62.953700 58.866589 13.420362 201828081596.000000
0.426758 -0.943604 0.020508 62.770695 59.598609 11.895321 201828084510.000000
0.394043 -0.953613 0.027344 64.417739 59.232599 10.919295 201828087427.000000
0.362061 -0.962646 0.026123 65.942780 58.805588 10.736290 201828090369.000000
0.344482 -0.962158 0.033203 68.260843 58.073568 11.468310 201828093285.000000
0.332764 -0.969971 0.049072 69.846886 56.609528 11.712316 201828096208.000000
0.324951 -0.963135 0.057617 72.225950 54.657476 12.688343 201828099123.000000
0.320801 -0.968506 0.066406 73.689990 52.888428 13.420362 201828102050.000000
0.320557 -0.958252 0.069580 75.276032 50.082352 13.847374 201828104967.000000
0.312256 -0.947266 0.066650 76.191057 47.398280 14.518392 201828107883.000000
0.312744 -0.936035 0.066162 76.374062 44.653206 15.067407 201828110800.000000
0.306885 -0.929688 0.087158 77.838102 42.091136 15.555420 201828113717.000000
0.290039 -0.924316 0.094482 80.034161 39.163057 16.165436 201828117737.000000
0.275146 -0.917236 0.059326 80.034161 35.258952 16.470445 201828120690.000000
0.252930 -0.898926 0.040527 79.973159 33.428903 16.775453 201828123621.000000
0.241455 -0.895508 0.067383 80.400171 31.354847 17.202464 201828126541.000000
0.232666 -0.896484 0.092529 81.498200 28.731776 17.080461 201828129458.000000
0.228760 -0.894531 0.105469 82.413225 26.108705 17.080461 201828132375.000000
0.217285 -0.886719 0.123291 82.657232 22.509608 17.019460 201828135299.000000
0.218506 -0.897217 0.134033 83.572256 20.313548 16.470445 201828138224.000000
0.209229 -0.898438 0.142822 84.426280 17.751479 15.982432 201828141139.000000
0.201172 -0.905762 0.153320 85.524309 15.006405 14.945404 201828144058.000000
0.205322 -0.924072 0.167969 86.378332 12.383334 14.152382 201828146985.000000
0.199951 -0.941406 0.189941 88.147380 8.662234 12.749344 201828149901.000000
0.212891 -0.959473 0.178467 88.391387 5.917160 10.980296 201828152816.000000
0.208740 -0.967773 0.183838 89.367413 3.538096 9.516257 201828155741.000000
0.215820 -0.975342 0.189453 90.343439 1.159031 8.052217 201828158660.000000
0.204834 -0.975830 0.193848 91.746477 -1.098030 7.747209 201828161575.000000
0.218506 -0.982910 0.201172 92.478497 -3.233087 7.320198 201828164491.000000
0.233398 -0.993896 0.196045 93.942536 -5.734155 6.588178 201828167419.000000
0.250000 -1.010742 0.196777 95.162569 -8.418227 5.795156 201828170335.000000
0.251221 -1.013672 0.205566 96.870616 -11.041298 5.734155 201828173251.000000
0.255127 -1.011719 0.206787 97.358629 -13.176356 5.368145 201828176177.000000
0.259766 -1.004150 0.216797 98.517660 -15.250412 5.307143 201828179095.000000
0.252930 -1.005859 0.241943 99.249680 -17.202464 5.307143 201828182012.000000
0.247559 -1.006836 0.238770 99.859696 -19.337522 5.185140 201828184933.000000
0.250244 -1.013916 0.247314 98.456658 -21.594583 5.246142 201828187851.000000
0.238281 -1.009033 0.273438 97.907644 -23.485634 5.307143 201828190807.000000
0.240479 -1.009766 0.283691 97.297627 -25.559690 5.246142 201828193725.000000
0.248291 -1.006348 0.281738 95.833588 -27.755749 5.368145 201828196654.000000
0.248291 -0.990234 0.271240 93.820533 -29.280791 5.124138 201828199585.000000
0.241699 -0.957764 0.265869 92.051485 -30.134814 5.612152 201828202501.000000
0.224854 -0.949707 0.266602 91.075459 -30.195815 5.795156 201828205420.000000
0.203125 -0.934326 0.295410 90.465443 -29.707802 6.466175 201828208344.000000
0.202393 -0.922119 0.333984 91.258464 -30.256817 7.442201 201828211261.000000
0.209473 -0.911621 0.319580 91.685476 -30.744830 8.601232 201828214188.000000
0.208008 -0.890381 0.309082 91.441469 -31.537852 9.638260 201828217108.000000
0.212402 -0.864990 0.305420 91.136461 -30.988837 10.675288 201828220023.000000
0.207764 -0.850098 0.332520 92.600500 -30.256817 10.980296 201828222939.000000
0.203613 -0.838379 0.366455 94.735558 -29.219789 11.712316 201828225858.000000
0.202148 -0.832520 0.382080 95.833588 -28.121759 11.956323 201828228783.000000
0.192139 -0.811035 0.395508 96.443604 -26.535716 12.139328 201828231698.000000
0.193115 -0.821045 0.436768 98.151650 -25.315684 12.017324 201828234615.000000
0.195068 -0.821045 0.458740 100.042701 -24.278656 11.773318 201828237541.000000
0.201172 -0.830322 0.474121 100.591716 -23.058623 10.736290 201828240457.000000
0.201904 -0.826416 0.476318 101.323736 -21.228573 9.760264 201828243371.000000
0.211914 -0.837646 0.486572 101.323736 -19.642530 8.418227 201828246298.000000
0.218506 -0.837158 0.495605 100.774721 -18.422497 7.015189 201828249213.000000
0.225342 -0.842529 0.520508 99.249680 -17.080461 5.429147 201828252128.000000
0.250000 -0.851563 0.521729 97.785640 -16.287440 3.965107 201828255064.000000
0.282715 -0.854736 0.524170 94.613555 -15.982432 2.135058 201828257984.000000
0.307373 -0.843262 0.500732 89.428415 -14.945404 0.854023 201828260900.000000
0.320068 -0.834717 0.495117 85.341304 -14.030379 -0.610016 201828263815.000000
0.329590 -0.841064 0.501709 81.864210 -12.078326 -1.708046 201828266741.000000
0.314941 -0.855957 0.511475 78.021107 -10.248277 -0.610016 201828269658.000000
0.310547 -0.872314 0.552734 76.191057 -9.821265 -1.220033 201828272574.000000
0.318359 -0.874023 0.551514 75.520039 -9.638260 -1.403038 201828275497.000000
0.333740 -0.895020 0.537842 74.300006 -8.845239 -2.074056 201828278418.000000
0.341309 -0.885010 0.512695 72.042945 -6.344171 -2.257061 201828281334.000000
0.340332 -0.871826 0.499512 71.127920 -3.599097 -1.159031 201828284248.000000
0.342041 -0.848633 0.486084 69.358873 -0.183005 -0.061002 201828287165.000000
0.330322 -0.833252 0.468750 67.955835 3.355091 1.647044 201828290107.000000
0.323486 -0.824463 0.470215 67.467822 6.588178 3.233087 201828293026.000000
0.321045 -0.807373 0.473877 67.223815 10.614287 5.734155 201828295947.000000
0.314697 -0.788330 0.477295 66.796804 14.152382 7.930214 201828298870.000000
0.298340 -0.784424 0.481934 67.223815 14.823400 10.309278 201828301790.000000
0.286865 -0.796631 0.505859 68.626853 15.982432 12.932349 201828304706.000000
0.284668 -0.811523 0.491211 69.358873 17.385469 14.762399 201828307628.000000
0.295410 -0.803467 0.464355 68.443848 20.252547 15.311413 201828310544.000000
0.287842 -0.802979 0.477539 68.443848 22.753614 15.128408 201828313458.000000
0.298828 -0.793457 0.475830 68.138840 25.193680 14.274385 201828316376.000000
0.308350 -0.784180 0.472168 67.528823 26.474715 13.359361 201828319292.000000
0.310059 -0.764160 0.468018 66.430794 27.877753 12.627341 201828322207.000000
0.309570 -0.759277 0.473389 65.149759 29.219789 11.651315 201828325125.000000
0.302979 -0.749756 0.471436 63.929726 29.890807 11.163301 201828328042.000000
0.291016 -0.750977 0.478760 61.611664 30.683828 10.187275 201828330957.000000
0.276367 -0.749512 0.476563 59.659611 31.659855 9.272250 201828333876.000000
0.263672 -0.740234 0.461914 57.219545 33.489904 8.601232 201828336805.000000
0.243896 -0.747559 0.447754 54.779479 34.892942 8.174221 201828339722.000000
0.233643 -0.735596 0.427246 51.912402 36.661990 7.869212 201828342638.000000
0.216797 -0.724121 0.432129 49.716342 38.065028 7.991216 201828345558.000000
0.205811 -0.728027 0.427002 47.764290 38.675044 7.686208 201828348473.000000
0.205322 -0.723389 0.427490 46.727262 39.651071 8.296224 201828351391.000000
0.199463 -0.722412 0.420654 44.836211 40.261087 8.418227 201828354307.000000
0.204102 -0.721436 0.394043 42.457146 41.115110 8.479229 201828357235.000000
0.204102 -0.708252 0.360840 39.712072 42.213140 8.784237 201828360152.000000
0.184326 -0.693359 0.339844 36.661990 43.372171 8.845239 201828363068.000000
0.167725 -0.677979 0.315918 33.916916 43.982188 9.882267 201828365991.000000
0.154541 -0.664307 0.306885 31.171842 44.592204 10.553285 201828368913.000000
0.135742 -0.656982 0.304932 29.768804 44.775209 11.285305 201828371830.000000
0.134521 -0.653076 0.301025 27.572744 44.897212 11.712316 201828374747.000000
0.128906 -0.650879 0.303711 25.803697 44.775209 12.139328 201828377711.000000
0.128906 -0.651611 0.293945 24.217654 43.738181 11.712316 201828380647.000000
0.130127 -0.656738 0.283936 22.326603 43.311169 11.956323 201828383576.000000
0.118652 -0.652832 0.282471 20.435552 42.091136 11.834320 201828386496.000000
0.112061 -0.651611 0.273193 18.605502 41.359117 11.651315 201828389413.000000
0.105225 -0.650391 0.283936 17.324468 39.651071 11.468310 201828392358.000000
0.099609 -0.669189 0.302246 16.592448 37.943024 11.163301 201828395278.000000
0.100830 -0.677002 0.306152 17.202464 36.051973 10.797292 201828398195.000000
0.108398 -0.670898 0.297363 16.104435 34.282926 9.882267 201828401110.000000
0.105469 -0.673340 0.280762 15.128408 32.513878 9.516257 201828404024.000000
0.114502 -0.671631 0.279541 14.823400 30.012810 9.211249 201828406943.000000
0.134033 -0.677734 0.267090 14.457390 27.572744 8.174221 201828409866.000000
0.145752 -0.672607 0.259033 13.908376 25.254682 7.320198 201828412786.000000
0.161377 -0.664063 0.234863 11.712316 21.960593 6.466175 201828415711.000000
0.164063 -0.651611 0.217529 10.309278 19.886537 5.795156 201828418627.000000
0.156982 -0.632568 0.213623 8.723236 17.568474 5.002135 201828421543.000000
0.150635 -0.622314 0.210938 7.869212 15.799427 4.819130 201828424458.000000
0.142334 -0.615723 0.218750 7.503203 14.457390 4.880132 201828427375.000000
0.136963 -0.608398 0.223389 7.137193 13.420362 5.002135 201828430291.000000
0.128418 -0.594482 0.223877 7.442201 11.834320 5.307143 201828433207.000000
0.123779 -0.592285 0.231689 7.564204 10.492283 5.429147 201828436130.000000
0.119873 -0.586670 0.229492 8.357226 9.150247 5.795156 201828439051.000000
0.118652 -0.583252 0.250732 8.784237 7.381199 5.978161 201828441966.000000
0.114258 -0.583984 0.253174 8.845239 5.185140 5.734155 201828444889.000000
0.126709 -0.579834 0.258057 7.808211 -1.159031 5.429147 201828452502.000000
0.132813 -0.575684 0.261963 6.466175 -3.599097 5.063137 201828455714.000000
0.147461 -0.573242 0.262695 5.673153 -5.612152 4.941133 201828458691.000000
0.155273 -0.574219 0.251221 4.331117 -7.381199 4.331117 201828461619.000000
0.169189 -0.577881 0.254150 3.172086 -8.906240 3.782102 201828464628.000000
0.182617 -0.583496 0.239746 2.257061 -10.126273 3.538096 201828467653.000000
0.201172 -0.585693 0.239990 0.488013 -10.736290 2.989081 201828470574.000000
0.202637 -0.592041 0.225342 -1.464040 -11.529311 2.440066 201828473492.000000
0.213623 -0.596436 0.220459 -2.562069 -11.163301 2.013054 201828476411.000000
0.214600 -0.600830 0.224121 -4.392119 -10.980296 1.464040 201828479325.000000
0.222656 -0.601074 0.207520 -6.283170 -10.858293 1.403038 201828482245.000000
0.227051 -0.607666 0.211182 -7.625206 -9.943268 0.854023 201828485162.000000
0.234863 -0.606689 0.223389 -9.089245 -10.309278 0.427012 201828488107.000000
0.241699 -0.611084 0.217773 -10.797292 -9.943268 0.427012 201828491070.000000
0.244141 -0.609619 0.228027 -13.115354 -9.577259 0.122003 201828493988.000000
0.251709 -0.612061 0.214844 -14.823400 -9.333252 -0.488013 201828496908.000000
0.258545 -0.614502 0.239502 -16.470445 -9.333252 -0.793021 201828499827.000000
0.265625 -0.616943 0.251709 -18.178491 -9.150247 -1.464040 201828502739.000000
0.266846 -0.618408 0.250732 -20.252547 -9.272250 -1.586043 201828505649.000000
0.268311 -0.624268 0.265869 -21.716586 -9.455255 -1.830049 201828508568.000000
0.266357 -0.622559 0.262695 -23.607637 -9.638260 -2.501068 201828511495.000000
0.261963 -0.623047 0.274414 -25.742695 -9.821265 -2.806076 201828514404.000000
0.259766 -0.622559 0.275391 -27.755749 -9.638260 -2.989081 201828517316.000000
0.252686 -0.629395 0.288330 -29.402794 -10.187275 -3.721100 201828520245.000000
0.246582 -0.631836 0.285400 -31.476850 -10.614287 -4.148112 201828523155.000000
0.242920 -0.635742 0.299561 -33.184896 -11.224303 -5.002135 201828526067.000000
0.240967 -0.642334 0.316895 -34.831940 -11.285305 -5.429147 201828528979.000000
0.232178 -0.651123 0.312988 -36.295980 -11.895321 -6.283170 201828531888.000000
0.222656 -0.667480 0.320801 -37.882023 -12.566339 -6.466175 201828534802.000000
0.215576 -0.670166 0.331299 -38.126029 -12.566339 -7.076191 201828537755.000000
0.204590 -0.675781 0.338379 -38.858049 -13.237357 -7.564204 201828540671.000000
0.198975 -0.689697 0.341553 -39.407064 -13.786372 -7.808211 201828543592.000000
0.202393 -0.695557 0.347900 -39.224059 -14.518392 -8.479229 201828546502.000000
0.197998 -0.704834 0.352295 -39.529067 -14.579394 -8.479229 201828549420.000000
0.198730 -0.714111 0.354248 -39.956079 -15.250412 -8.845239 201828552334.000000
0.197998 -0.724854 0.357910 -39.895077 -15.616422 -8.845239 201828555253.000000
0.198975 -0.732422 0.355469 -39.834076 -16.043433 -8.784237 201828558186.000000
0.205566 -0.741943 0.363770 -39.956079 -16.226438 -8.601232 201828561110.000000
0.210938 -0.746582 0.373047 -40.078082 -16.653450 -8.296224 201828564037.000000
0.220215 -0.758057 0.385010 -40.200085 -16.836455 -7.686208 201828566960.000000
0.224365 -0.760254 0.387939 -40.017080 -17.202464 -7.198194 201828569879.000000
0.227783 -0.767578 0.394043 -39.895077 -16.409443 -6.649180 201828572803.000000
0.235596 -0.767090 0.399658 -40.993107 -16.165436 -6.161166 201828575728.000000
0.252686 -0.774658 0.413818 -41.237113 -16.104435 -5.612152 201828578648.000000
0.263428 -0.779297 0.416748 -41.542122 -15.738425 -5.063137 201828581567.000000
0.270020 -0.781738 0.414795 -42.091136 -15.921430 -4.270115 201828584491.000000
0.276855 -0.776123 0.413330 -43.128164 -15.189410 -4.148112 201828587414.000000
0.280518 -0.778320 0.424072 -43.433173 -15.006405 -3.050082 201828590347.000000
0.280029 -0.781006 0.426025 -43.677179 -14.152382 -2.684072 201828593372.000000
0.284180 -0.773438 0.442627 -44.165192 -13.237357 -1.891051 201828596306.000000
0.275635 -0.781006 0.446777 -44.409199 -12.383334 -0.671018 201828599236.000000
0.272949 -0.776367 0.437744 -45.324224 -10.309278 0.183005 201828602155.000000
0.267334 -0.781006 0.440674 -45.446227 -8.784237 0.915025 201828605075.000000
0.260254 -0.783936 0.443359 -45.385225 -7.503203 1.830049 201828607993.000000
0.255371 -0.783447 0.437012 -45.629232 -5.490148 2.440066 201828610933.000000
0.234863 -0.786133 0.435303 -45.507229 -3.721100 3.599097 201828613852.000000
0.242676 -0.787109 0.435791 -45.446227 -1.830049 4.331117 201828616773.000000
0.226807 -0.786377 0.433105 -45.141219 -0.183005 5.246142 201828619692.000000
0.220703 -0.790283 0.426758 -45.507229 1.342036 5.795156 201828622622.000000
0.210938 -0.793213 0.432861 -45.446227 2.867077 6.466175 201828625676.000000
0.187256 -0.800049 0.412109 -45.995242 3.965107 7.015189 201828628813.000000
0.191895 -0.793945 0.399902 -47.032270 5.002135 7.442201 201828631845.000000
0.176025 -0.798340 0.407959 -47.459281 5.429147 7.991216 201828634817.000000
0.165283 -0.822754 0.462402 -44.287196 5.490148 8.418227 201828637819.000000
0.168213 -0.851074 0.505371 -41.420118 3.904105 8.296224 201828640736.000000
0.167725 -0.870361 0.531982 -38.370036 2.623071 8.235222 201828643654.000000
0.185791 -0.889648 0.505127 -37.699018 0.976026 7.442201 201828646579.000000
0.206299 -0.877930 0.468262 -38.980052 0.122003 6.161166 201828649497.000000
0.222412 -0.878906 0.434814 -41.725127 -1.098030 3.782102 201828652414.000000
0.216064 -0.876953 0.431396 -43.677179 -2.135058 2.257061 201828655335.000000
0.234619 -0.870605 0.422363 -47.337278 -3.172086 -0.122003 201828658251.000000
0.238770 -0.879395 0.437500 -49.045324 -4.941133 -2.196059 201828661169.000000
0.234619 -0.875977 0.423584 -51.180382 -6.466175 -3.782102 201828664086.000000
0.229492 -0.867432 0.405273 -53.742451 -7.930214 -5.368145 201828667006.000000
0.212891 -0.855957 0.387207 -55.999512 -9.455255 -6.405173 201828669925.000000
0.205078 -0.852295 0.389648 -57.585555 -10.736290 -6.832184 201828672842.000000
0.201416 -0.842285 0.382080 -59.293601 -12.627341 -7.808211 201828675759.000000
0.187256 -0.835205 0.369629 -61.184652 -13.542366 -6.893186 201828678676.000000
0.163330 -0.832031 0.401367 -60.269627 -14.457390 -6.283170 201828681603.000000
0.157471 -0.825928 0.399170 -59.842616 -15.067407 -5.063137 201828684519.000000
0.154297 -0.842285 0.420166 -58.744586 -15.921430 -4.026109 201828687439.000000
0.163086 -0.832275 0.406982 -57.768560 -16.470445 -3.355091 201828690359.000000
0.163086 -0.827148 0.385986 -58.378576 -16.958458 -2.562069 201828693283.000000
0.166260 -0.822021 0.375244 -61.123650 -18.422497 -2.562069 201828696203.000000
0.173096 -0.833496 0.413330 -60.513634 -20.923565 -2.074056 201828699120.000000
0.178223 -0.853027 0.434814 -59.659611 -24.034649 -1.342036 201828702049.000000
0.219238 -0.820801 0.427002 -63.563716 -27.084731 -0.976026 201828704967.000000
0.216553 -0.918457 0.448730 -61.855670 -29.402794 -2.806076 201828707883.000000
0.194824 -0.900635 0.437256 -61.367657 -31.537852 -3.416092 201828710806.000000
0.193115 -0.877441 0.410889 -65.698774 -32.757884 -4.575124 201828713723.000000
0.224121 -0.860107 0.361328 -72.774965 -34.404929 -6.283170 201828716652.000000
0.223389 -0.860840 0.367676 -75.398036 -36.234978 -7.625206 201828719582.000000
0.226318 -0.844482 0.344238 -81.193192 -39.529067 -9.272250 201828722497.000000
0.237549 -0.828613 0.302246 -85.646312 -40.993107 -10.492283 201828725428.000000
0.251465 -0.818359 0.282959 -89.306411 -41.359117 -12.627341 201828728345.000000
0.252686 -0.797119 0.252686 -93.942536 -40.810102 -13.969377 201828731261.000000
0.250732 -0.791748 0.247803 -96.870616 -39.773074 -15.128408 201828734189.000000
0.249268 -0.768555 0.227539 -99.127676 -38.736046 -15.982432 201828737116.000000
0.294678 -0.791260 0.189209 -103.641798 -37.699018 -19.398524 201828740033.000000
0.317871 -0.803955 0.169922 -106.813884 -35.990972 -22.021595 201828742955.000000
0.337891 -0.796631 0.147705 -109.741963 -35.197950 -24.278656 201828745879.000000
0.341309 -0.793701 0.135986 -112.670042 -33.184896 -26.169707 201828748798.000000
0.367432 -0.802979 0.114746 -115.110108 -31.171842 -27.511743 201828751714.000000
0.376709 -0.809082 0.119385 -116.818154 -29.890807 -28.975782 201828754630.000000
0.385742 -0.813721 0.113281 -118.038187 -27.145733 -29.707802 201828757563.000000
0.378418 -0.816406 0.124268 -117.367169 -25.376685 -29.768804 201828760482.000000
0.412354 -0.859619 0.116699 -118.892210 -23.912646 -30.683828 201828763398.000000
0.399902 -0.876221 0.131348 -117.916184 -22.509608 -30.683828 201828766325.000000
0.387695 -0.882568 0.129883 -118.526200 -21.533581 -30.073812 201828769247.000000
0.406494 -0.910645 0.130859 -118.587202 -20.618557 -28.792777 201828772164.000000
0.415283 -0.951904 0.154785 -115.476118 -19.215519 -26.657720 201828775095.000000
0.395020 -0.920410 0.171631 -110.717989 -17.629476 -23.363631 201828778015.000000
0.409912 -0.943115 0.148193 -109.619960 -15.860428 -21.045568 201828780932.000000
0.401367 -0.967773 0.176758 -105.837858 -14.945404 -19.093516 201828783849.000000
0.405518 -0.972656 0.171387 -103.214787 -13.847374 -16.714451 201828786776.000000
0.416504 -0.993896 0.160889 -101.628744 -13.481364 -14.884402 201828789695.000000
0.421631 -1.005859 0.166016 -99.615690 -13.176356 -12.810346 201828792611.000000
0.430176 -1.007324 0.169434 -97.907644 -13.115354 -10.980296 201828795529.000000
0.456543 -1.003906 0.159424 -96.626609 -12.261331 -10.248277 201828798447.000000
0.481445 -1.003418 0.159912 -95.101568 -11.407308 -9.455255 201828801361.000000
0.505371 -0.985596 0.160645 -93.393522 -10.309278 -9.150247 201828804277.000000
0.534180 -0.973389 0.157227 -93.393522 -9.577259 -9.089245 201828807202.000000
0.562744 -0.943359 0.150879 -92.356494 -9.577259 -9.699262 201828810118.000000
0.567383 -0.936279 0.150146 -92.173489 -10.370280 -9.760264 201828813035.000000
0.579834 -0.922607 0.136475 -92.661502 -10.919295 -10.553285 201828815954.000000
0.579590 -0.912109 0.134521 -93.820533 -10.553285 -11.285305 201828818868.000000
0.575928 -0.887939 0.130615 -96.382602 -10.309278 -11.407308 201828821791.000000
0.575928 -0.873779 0.109131 -99.493686 -10.065272 -12.200329 201828824707.000000
0.581543 -0.856689 0.090576 -102.482767 -9.455255 -12.749344 201828827627.000000
0.584961 -0.839844 0.072266 -106.569877 -8.418227 -13.969377 201828830548.000000
0.592529 -0.833252 0.040283 -111.755017 -7.564204 -15.433417 201828833465.000000
0.611328 -0.820557 0.027588 -116.208138 -5.490148 -17.385469 201828836390.000000
0.616211 -0.817627 0.000977 -120.966266 -3.538096 -18.971512 201828839316.000000
0.635498 -0.817383 -0.012695 -124.565363 -1.159031 -21.106570 201828842232.000000
0.658691 -0.822510 -0.033691 -126.517416 2.379064 -23.546636 201828845155.000000
0.671631 -0.823730 -0.044189 -126.578418 6.405173 -25.498688 201828848077.000000
0.685547 -0.835938 -0.072021 -126.029403 11.346306 -27.328738 201828850994.000000
0.695801 -0.842529 -0.069092 -124.077350 15.982432 -28.731776 201828853911.000000
0.707031 -0.848145 -0.064941 -120.539255 21.350576 -29.524797 201828856829.000000
0.706787 -0.860840 -0.063232 -117.611176 25.071677 -29.768804 201828859745.000000
0.699463 -0.864258 -0.050293 -113.585067 28.426768 -29.524797 201828862663.000000
0.690674 -0.875488 -0.031738 -111.145001 30.988837 -29.036784 201828865586.000000
0.662354 -0.888428 -0.006348 -108.643933 32.452876 -27.755749 201828868504.000000
0.626221 -0.894043 0.005859 -107.118892 34.221924 -25.925700 201828871421.000000
0.588623 -0.913818 0.010498 -106.264869 35.990972 -23.546636 201828874340.000000
0.548096 -0.929932 0.014893 -105.227841 37.394010 -21.716586 201828877268.000000
0.508057 -0.943848 0.021973 -105.227841 38.919051 -18.788507 201828880185.000000
0.469971 -0.960938 0.034912 -105.044836 38.736046 -16.531446 201828883101.000000
0.432617 -0.968018 0.042969 -104.434820 38.004026 -14.030379 201828886019.000000
0.418213 -0.966309 0.033203 -104.556823 36.600988 -10.797292 201828888944.000000
0.368896 -0.997070 0.045166 -103.092784 34.648936 -9.333252 201828891866.000000
0.381592 -0.990723 0.017822 -100.286708 33.916916 -8.052217 201828894786.000000
0.356689 -0.991699 0.016113 -99.005673 32.269871 -6.649180 201828897821.000000
0.349609 -0.997559 -0.003906 -98.822668 30.500824 -5.490148 201828900741.000000
0.343018 -1.011963 0.014648 -95.467578 28.365766 -4.819130 201828903670.000000
0.337891 -1.027344 0.007080 -93.820533 26.474715 -4.087110 201828906589.000000
0.342041 -1.035400 -0.000244 -92.051485 24.400659 -4.087110 201828909511.000000
0.343018 -1.047363 -0.001709 -89.306411 22.021595 -4.636125 201828912427.000000
0.348389 -1.069336 -0.004639 -86.683340 20.069542 -5.307143 201828915345.000000
0.344727 -1.081543 -0.018555 -85.036296 17.751479 -6.100165 201828918264.000000
0.345215 -1.084473 -0.022217 -82.962240 16.714451 -7.137193 201828921181.000000
0.354980 -1.094971 -0.029053 -81.010187 15.433417 -8.845239 201828924098.000000
0.364990 -1.103760 -0.028809 -79.607149 14.213384 -10.553285 201828927017.000000
0.368896 -1.096924 -0.036377 -77.960105 13.176356 -12.444336 201828929933.000000
0.382080 -1.089600 -0.025879 -77.106082 12.688343 -14.396389 201828932850.000000
0.399170 -1.078857 -0.029541 -76.435064 12.322333 -16.714451 201828935772.000000
0.407715 -1.064453 -0.023926 -75.581041 11.590313 -18.788507 201828938692.000000
0.423096 -1.044922 -0.020508 -74.910023 11.102300 -20.801562 201828941612.000000
0.435791 -1.023926 -0.025635 -75.093028 10.431282 -23.241628 201828944535.000000
0.438477 -0.999756 -0.025146 -74.971024 10.614287 -24.705667 201828947462.000000
0.447510 -0.982178 -0.020508 -75.581041 9.760264 -26.962728 201828950379.000000
0.455322 -0.957031 -0.021240 -76.008052 9.089245 -28.304764 201828953296.000000
0.453613 -0.942871 -0.030518 -76.557067 8.723236 -29.463796 201828956215.000000
0.458496 -0.918213 -0.039063 -77.716098 7.930214 -30.744830 201828959132.000000
0.459229 -0.905029 -0.045410 -79.241140 7.442201 -31.903861 201828962053.000000
0.458008 -0.895020 -0.052490 -80.461172 6.588178 -32.635881 201828964977.000000
0.448486 -0.881348 -0.064941 -82.230220 6.100165 -33.001891 201828967897.000000
0.441162 -0.878174 -0.071289 -83.938266 4.880132 -33.550906 201828970814.000000
0.427490 -0.873779 -0.084229 -85.707314 3.965107 -33.733911 201828973730.000000
0.408936 -0.875732 -0.085938 -87.842372 2.379064 -33.733911 201828976658.000000
0.394775 -0.882080 -0.094727 -89.916428 0.549015 -33.916916 201828979575.000000
0.369873 -0.895264 -0.102295 -91.685476 -1.098030 -33.672909 201828982492.000000
0.349854 -0.901611 -0.099609 -93.210517 -2.623071 -33.550906 201828985417.000000
0.322266 -0.909180 -0.116943 -95.162569 -4.087110 -32.940889 201828988344.000000
0.296143 -0.923828 -0.121094 -96.992619 -5.490148 -31.659855 201828991262.000000
0.278564 -0.934570 -0.127197 -98.639663 -6.649180 -31.598853 201828994178.000000
0.263428 -0.944092 -0.123047 -100.286708 -8.174221 -30.256817 201828997103.000000
0.247070 -0.959473 -0.130859 -101.079729 -9.211249 -29.463796 201829000020.000000
0.231445 -0.973145 -0.102783 -101.323736 -10.492283 -27.938754 201829002938.000000
0.225342 -0.998291 -0.044678 -99.798695 -12.322333 -26.901726 201829005857.000000
0.226074 -1.025635 0.011230 -96.565607 -14.152382 -25.376685 201829008775.000000
0.230957 -1.062988 0.014160 -94.064540 -15.921430 -23.729641 201829011691.000000
0.265137 -1.076172 -0.061523 -94.491551 -16.043433 -23.058623 201829014619.000000
0.312744 -1.073730 -0.174561 -98.822668 -15.738425 -24.095651 201829017540.000000
0.343750 -1.077393 -0.170410 -101.506741 -15.006405 -25.315684 201829020455.000000
0.355713 -1.077393 -0.129150 -102.543769 -14.274385 -25.986702 201829023373.000000
0.377441 -1.081055 -0.108643 -102.299762 -14.335387 -26.596718 201829026299.000000
0.406982 -1.081299 -0.121582 -103.275788 -13.420362 -27.511743 201829029216.000000
0.443359 -1.082764 -0.170410 -104.190813 -11.468310 -28.731776 201829032133.000000
0.448975 -1.076660 -0.163330 -104.800830 -9.089245 -29.951809 201829035051.000000
0.482422 -1.090332 -0.186523 -106.874886 -7.320198 -31.842860 201829037969.000000
0.499512 -1.152100 -0.163330 -106.569877 -5.612152 -33.245898 201829040885.000000
0.485596 -1.133789 -0.118164 -105.288843 -5.246142 -33.550906 201829043801.000000
0.468506 -1.107178 -0.087158 -103.458793 -3.965107 -32.513878 201829046729.000000
0.457520 -1.093750 -0.060303 -100.347709 -2.318063 -31.781858 201829049647.000000
0.426025 -1.124756 -0.012695 -95.650583 -1.403038 -30.256817 201829052562.000000
0.357422 -1.081299 0.046387 -88.513390 -0.854023 -25.986702 201829055502.000000
0.314209 -1.073975 0.084473 -83.206247 -0.915025 -22.265601 201829058422.000000
0.298584 -1.115967 0.114746 -75.947051 -0.793021 -18.910511 201829061339.000000
0.259033 -1.155762 0.141602 -68.138840 -0.305008 -15.250412 201829064255.000000
0.219971 -1.193359 0.155518 -62.526688 -0.915025 -11.895321 201829067182.000000
0.191650 -1.227539 0.157471 -56.670530 -1.281035 -8.967242 201829070101.000000
0.145264 -1.262451 0.161377 -50.387360 -2.074056 -5.368145 201829073017.000000
0.114014 -1.267334 0.154297 -47.764290 -2.501068 -2.074056 201829075935.000000
0.087158 -1.277100 0.137939 -46.727262 -2.379064 1.403038 201829078853.000000
0.064453 -1.290771 0.122314 -45.934240 -2.989081 4.758128 201829081776.000000
0.058105 -1.305176 0.121094 -47.215275 -4.880132 6.771183 201829084699.000000
0.073242 -1.290527 0.083984 -50.814372 -6.588178 8.113219 201829087633.000000
0.086426 -1.299561 0.052002 -56.182517 -8.052217 8.357226 201829090550.000000
0.134521 -1.282715 0.020264 -63.563716 -10.614287 6.893186 201829093467.000000
0.179443 -1.226074 -0.019531 -71.432929 -12.505338 4.453120 201829096387.000000
0.216309 -1.191895 -0.048096 -80.583176 -14.335387 1.586043 201829099305.000000
0.258789 -1.118164 -0.104248 -91.197462 -12.322333 -1.830049 201829102222.000000
0.292969 -1.065674 -0.102539 -100.530714 -13.786372 -5.368145 201829105150.000000
0.360107 -1.017578 -0.153809 -110.473983 -14.579394 -10.553285 201829108066.000000
0.394775 -0.963379 -0.171143 -115.720124 -12.871348 -15.006405 201829110983.000000
0.397217 -0.932373 -0.199707 -123.284329 -10.736290 -18.849509 201829113900.000000
0.405518 -0.912842 -0.181152 -127.310437 -7.930214 -22.936619 201829116828.000000
0.406982 -0.881348 -0.146240 -127.066431 -5.734155 -27.267736 201829119750.000000
0.385254 -0.914795 -0.128662 -124.504362 -3.233087 -29.402794 201829122667.000000
0.353027 -0.958984 -0.127686 -120.600256 0.244007 -30.744830 201829125586.000000
0.327393 -0.969482 -0.095947 -114.988105 2.684072 -32.635881 201829128504.000000
0.292725 -1.031006 -0.099365 -107.728909 5.124138 -32.818886 201829131420.000000
0.267090 -1.048828 -0.100342 -99.920698 5.734155 -32.635881 201829134336.000000
0.244873 -1.078613 -0.097168 -92.722504 6.161166 -31.964863 201829137254.000000
0.205566 -1.121826 -0.095947 -85.402306 5.368145 -31.537852 201829140168.000000
0.176025 -1.145996 -0.120850 -78.753126 4.697127 -30.012810 201829143084.000000
0.170166 -1.165771 -0.150391 -75.032026 3.660099 -28.426768 201829146006.000000
0.168701 -1.162842 -0.157227 -72.042945 1.220033 -26.840725 201829148925.000000
0.158691 -1.168701 -0.164551 -69.724883 -1.830049 -25.071677 201829151843.000000
0.159180 -1.154541 -0.174805 -68.748856 -5.978161 -23.302629 201829154760.000000
0.168945 -1.152344 -0.175293 -69.236869 -9.333252 -22.326603 201829157726.000000
0.172852 -1.138672 -0.172607 -67.162813 -14.213384 -20.801562 201829160644.000000
0.187012 -1.121338 -0.173096 -67.772830 -17.141463 -20.496553 201829163560.000000
0.193359 -1.082764 -0.139160 -66.735802 -22.021595 -20.374550 201829166488.000000
0.199219 -1.074951 -0.139404 -65.088757 -25.315684 -20.557555 201829169405.000000
0.199951 -1.072021 -0.123047 -62.465687 -26.779723 -20.801562 201829172319.000000
0.212402 -1.034180 -0.097900 -59.964619 -30.317819 -21.716586 201829175243.000000
0.222900 -1.044922 -0.087158 -55.816507 -32.513878 -21.960593 201829178163.000000
0.250977 -1.026367 -0.075684 -51.180382 -33.306899 -23.241628 201829181078.000000
0.269287 -1.009277 -0.069580 -47.642286 -34.221924 -23.546636 201829183999.000000
0.295654 -1.009521 -0.062500 -43.982188 -35.075947 -23.729641 201829186927.000000
0.313477 -1.018799 -0.065430 -38.858049 -36.356982 -23.668639 201829189846.000000
0.341553 -1.032227 -0.057861 -34.587934 -37.333008 -23.607637 201829192761.000000
0.365234 -1.053467 -0.070068 -31.781858 -37.394010 -23.546636 201829195679.000000
0.382813 -1.072998 -0.069580 -28.365766 -37.150003 -23.241628 201829198596.000000
0.401123 -1.087158 -0.069336 -25.559690 -38.187031 -22.448606 201829201513.000000
0.420166 -1.103027 -0.065430 -22.997621 -40.078082 -21.228573 201829204427.000000
0.431152 -1.114258 -0.073242 -19.886537 -41.176112 -20.252547 201829207345.000000
0.439453 -1.117676 -0.070801 -17.080461 -43.067163 -19.093516 201829210262.000000
0.459229 -1.113770 -0.077393 -15.372415 -44.653206 -18.056488 201829213180.000000
0.464111 -1.105713 -0.077148 -13.542366 -46.056244 -17.141463 201829216098.000000
0.465088 -1.089844 -0.084229 -11.834320 -47.337278 -15.799427 201829219015.000000
0.466064 -1.080078 -0.083008 -10.614287 -49.533337 -15.128408 201829221931.000000
0.467529 -1.059082 -0.090332 -9.577259 -51.241384 -14.396389 201829224880.000000
0.450439 -1.037109 -0.105225 -9.150247 -52.705423 -13.664369 201829227798.000000
0.448975 -1.024658 -0.108154 -9.150247 -53.864454 -13.542366 201829230714.000000
0.459473 -0.994629 -0.121338 -8.479229 -54.474471 -13.664369 201829233631.000000
0.442627 -0.967285 -0.128174 -8.540231 -54.718477 -13.786372 201829236551.000000
0.428467 -0.944336 -0.138672 -10.004270 -54.718477 -13.420362 201829239481.000000
0.415039 -0.932617 -0.145264 -11.102300 -54.901482 -13.115354 201829242397.000000
0.412598 -0.930664 -0.139648 -12.139328 -55.267492 -12.566339 201829245322.000000
0.406738 -0.918701 -0.153320 -13.847374 -55.145489 -12.322333 201829248241.000000
0.401855 -0.914307 -0.174316 -15.311413 -54.657476 -11.956323 201829251157.000000
0.396240 -0.924805 -0.187988 -16.836455 -53.864454 -11.590313 201829254084.000000
0.375000 -0.922607 -0.191162 -16.897456 -53.742451 -11.102300 201829257012.000000
0.367676 -0.923828 -0.213379 -18.056488 -52.888428 -10.248277 201829259938.000000
0.347900 -0.916992 -0.220947 -18.300494 -51.607393 -8.967242 201829262855.000000
0.345703 -0.917236 -0.241943 -18.788507 -50.082352 -7.808211 201829265779.000000
0.346191 -0.911377 -0.259033 -18.727506 -48.496309 -6.405173 201829268699.000000
0.342773 -0.910156 -0.279785 -18.971512 -46.788263 -5.429147 201829271628.000000
0.340088 -0.906738 -0.297852 -18.971512 -44.897212 -3.843104 201829274544.000000
0.342041 -0.899902 -0.307373 -18.971512 -42.640151 -2.684072 201829277473.000000
0.337891 -0.888428 -0.315186 -18.971512 -40.871104 -1.464040 201829280392.000000
0.334717 -0.884521 -0.331299 -18.605502 -38.126029 -0.122003 201829283315.000000
0.338623 -0.880859 -0.328125 -18.300494 -35.990972 1.220033 201829286239.000000
0.335449 -0.871094 -0.338135 -18.056488 -33.672909 1.891051 201829289159.000000
0.344971 -0.860596 -0.338867 -17.751479 -31.354847 2.684072 201829292075.000000
0.359619 -0.852783 -0.345947 -17.324468 -29.036784 3.721100 201829294992.000000
0.368652 -0.850830 -0.362549 -17.385469 -26.535716 4.148112 201829297981.000000
0.372559 -0.843262 -0.367432 -17.263466 -23.729641 4.514122 201829300900.000000
0.386230 -0.839600 -0.382813 -17.629476 -21.655585 4.453120 201829303822.000000
0.399414 -0.833984 -0.388672 -17.263466 -19.093516 5.063137 201829306740.000000
0.409912 -0.835449 -0.402588 -17.019460 -16.897456 5.185140 201829309657.000000
0.417725 -0.838379 -0.403809 -16.653450 -14.701397 4.880132 201829312590.000000
0.422119 -0.832520 -0.411621 -16.714451 -12.200329 4.941133 201829315518.000000
0.427002 -0.829590 -0.425293 -15.860428 -10.248277 5.185140 201829318444.000000
0.433838 -0.827393 -0.432373 -15.799427 -8.418227 5.124138 201829321361.000000
0.437744 -0.822266 -0.438232 -15.250412 -6.466175 5.429147 201829324278.000000
0.438721 -0.818115 -0.441162 -15.128408 -5.307143 5.490148 201829327199.000000
0.437500 -0.814697 -0.447510 -14.213384 -3.660099 5.734155 201829330121.000000
0.437988 -0.805176 -0.456299 -14.030379 -3.172086 5.856158 201829333039.000000
0.437500 -0.795654 -0.459229 -13.725371 -2.135058 5.734155 201829335959.000000
0.434570 -0.786621 -0.469482 -13.725371 -1.403038 5.673153 201829338875.000000
0.432373 -0.781494 -0.469727 -13.420362 -0.854023 5.917160 201829341792.000000
0.427490 -0.772461 -0.480957 -13.359361 -0.488013 5.734155 201829344709.000000
0.422119 -0.768311 -0.473145 -13.298359 -0.488013 5.856158 201829347636.000000
0.424316 -0.763184 -0.474609 -13.298359 -0.366010 6.039163 201829350555.000000
0.418213 -0.758301 -0.466797 -13.420362 0.000000 5.734155 201829353475.000000
0.419922 -0.758545 -0.481445 -13.481364 -0.061002 5.612152 201829356394.000000
0.411865 -0.753906 -0.476807 -13.603367 -0.366010 5.734155 201829359312.000000
0.410156 -0.753662 -0.484375 -13.847374 -0.244007 5.612152 201829362228.000000
0.401855 -0.751221 -0.474609 -14.396389 -0.366010 5.246142 201829365151.000000
0.402344 -0.750732 -0.477051 -14.640395 -0.915025 4.941133 201829368071.000000
0.395996 -0.749268 -0.484619 -14.701397 -0.915025 4.758128 201829370987.000000
0.395508 -0.749023 -0.477539 -15.006405 -1.586043 4.575124 201829373905.000000
0.390137 -0.750000 -0.476074 -15.128408 -1.952053 4.331117 201829376832.000000
0.383301 -0.751465 -0.481934 -15.799427 -2.501068 3.660099 201829379755.000000
0.380859 -0.752197 -0.487549 -15.921430 -3.477094 3.416092 201829382671.000000
0.376953 -0.756104 -0.480957 -16.531446 -3.843104 2.867077 201829385595.000000
0.375732 -0.764893 -0.476074 -16.348441 -4.331117 2.318063 201829388516.000000
0.375488 -0.763428 -0.479736 -16.531446 -5.673153 2.074056 201829391437.000000
0.366455 -0.772705 -0.477051 -16.775453 -6.649180 1.586043 201829394355.000000
0.369629 -0.775879 -0.477295 -16.714451 -7.625206 1.098030 201829397273.000000
0.363525 -0.780518 -0.476807 -16.897456 -8.540231 0.366010 201829400220.000000
0.362061 -0.781982 -0.475098 -17.080461 -10.370280 -0.305008 201829403138.000000
0.364746 -0.789551 -0.483154 -17.080461 -10.797292 -0.549015 201829406070.000000
0.364746 -0.790771 -0.471680 -16.775453 -12.566339 -1.037028 201829408988.000000
0.361328 -0.793213 -0.476318 -16.714451 -13.359361 -1.647044 201829411904.000000
0.361084 -0.793945 -0.479736 -16.775453 -14.945404 -1.830049 201829414821.000000
0.357422 -0.795654 -0.475342 -16.897456 -16.104435 -2.135058 201829417785.000000
0.361572 -0.797852 -0.478760 -16.714451 -17.385469 -2.745074 201829420702.000000
0.363281 -0.794678 -0.468018 -16.531446 -18.117489 -3.416092 201829423635.000000
0.361328 -0.795410 -0.475098 -16.531446 -19.032514 -3.477094 201829426553.000000
0.361816 -0.794678 -0.461914 -16.165436 -19.642530 -4.026109 201829429470.000000
0.365967 -0.796143 -0.461914 -15.738425 -20.618557 -4.514122 201829432389.000000
0.365479 -0.798096 -0.460693 -15.372415 -20.923565 -4.697127 201829435307.000000
0.363281 -0.797363 -0.462891 -15.006405 -21.533581 -5.185140 201829438224.000000
0.364746 -0.796143 -0.457275 -14.396389 -21.899591 -5.551150 201829441141.000000
0.363525 -0.793701 -0.461182 -14.335387 -22.204600 -5.856158 201829444056.000000
0.361084 -0.796631 -0.451416 -13.847374 -22.387604 -5.978161 201829446976.000000
0.356201 -0.796387 -0.448486 -13.176356 -22.448606 -6.161166 201829449892.000000
0.353760 -0.801025 -0.448975 -12.932349 -22.204600 -6.466175 201829452808.000000
0.353760 -0.804688 -0.450684 -12.505338 -22.265601 -6.649180 201829455727.000000
0.344482 -0.806152 -0.436523 -12.078326 -22.143598 -6.588178 201829458643.000000
0.337646 -0.812988 -0.437256 -12.017324 -22.082596 -6.588178 201829461559.000000
0.334229 -0.814941 -0.433350 -11.712316 -21.716586 -6.588178 201829464477.000000
0.329102 -0.818115 -0.430908 -11.407308 -22.082596 -6.405173 201829467404.000000
0.325439 -0.827148 -0.427979 -11.468310 -22.509608 -6.161166 201829470323.000000
0.317627 -0.833984 -0.426514 -11.285305 -22.448606 -6.588178 201829473238.000000
0.318848 -0.839111 -0.422363 -10.980296 -22.387604 -6.222168 201829476159.000000
0.311768 -0.845703 -0.421875 -10.675288 -22.448606 -6.039163 201829479087.000000
0.308594 -0.850830 -0.417480 -10.553285 -22.387604 -5.917160 201829482003.000000
0.309326 -0.851807 -0.413330 -10.431282 -22.265601 -5.734155 201829484932.000000
0.310059 -0.856445 -0.408691 -10.126273 -22.021595 -5.856158 201829487852.000000
0.307617 -0.856934 -0.410645 -10.004270 -21.716586 -5.368145 201829490769.000000
0.309326 -0.853516 -0.399170 -9.943268 -21.533581 -5.734155 201829493686.000000
0.309082 -0.852051 -0.406006 -9.699262 -21.106570 -4.941133 201829496605.000000
0.309082 -0.854736 -0.403564 -9.821265 -20.984567 -5.124138 201829499549.000000
0.311279 -0.851074 -0.410645 -9.577259 -20.496553 -5.124138 201829502468.000000
0.314209 -0.849121 -0.402100 -9.394254 -20.069542 -4.941133 201829505394.000000
0.317139 -0.849854 -0.404785 -9.089245 -19.154517 -4.758128 201829508311.000000
0.314941 -0.848633 -0.406250 -9.089245 -18.971512 -4.819130 201829511230.000000
0.319336 -0.843994 -0.407715 -8.723236 -18.544501 -4.758128 201829514147.000000
0.323730 -0.844971 -0.399902 -8.174221 -17.995486 -4.575124 201829517073.000000
0.326416 -0.844238 -0.406250 -7.686208 -17.812481 -4.636125 201829519990.000000
0.327881 -0.841553 -0.411133 -7.503203 -17.507473 -4.941133 201829522907.000000
0.335938 -0.841553 -0.416016 -7.076191 -17.202464 -4.697127 201829525826.000000
0.334229 -0.840332 -0.415527 -7.259196 -16.958458 -5.063137 201829528740.000000
0.343506 -0.833496 -0.425781 -7.442201 -16.775453 -5.063137 201829531657.000000
0.344971 -0.839600 -0.428711 -7.381199 -16.104435 -5.551150 201829534573.000000
0.348877 -0.843018 -0.427490 -7.259196 -15.616422 -5.551150 201829537492.000000
0.353760 -0.835205 -0.435303 -7.686208 -15.128408 -5.917160 201829540409.000000
0.357178 -0.842041 -0.442383 -7.930214 -14.335387 -5.734155 201829543326.000000
0.363770 -0.844482 -0.441650 -7.869212 -14.335387 -6.222168 201829546245.000000
0.363525 -0.845459 -0.449463 -8.113219 -13.420362 -6.039163 201829549165.000000
0.360107 -0.840088 -0.458984 -8.357226 -12.627341 -5.978161 201829552082.000000
0.363525 -0.836182 -0.467041 -8.418227 -12.688343 -5.856158 201829555001.000000
0.361084 -0.837158 -0.468506 -8.540231 -11.895321 -5.612152 201829557919.000000
0.356934 -0.833252 -0.476807 -8.845239 -11.468310 -5.185140 201829560835.000000
0.354004 -0.833984 -0.474854 -8.784237 -10.919295 -4.697127 201829563752.000000
0.348389 -0.835693 -0.474854 -8.845239 -10.492283 -4.209114 201829566679.000000
0.344971 -0.839355 -0.480957 -8.967242 -10.614287 -3.355091 201829569594.000000
0.348145 -0.829346 -0.485107 -8.845239 -10.065272 -3.111084 201829572510.000000
0.332520 -0.832764 -0.477051 -8.601232 -10.004270 -2.928079 201829575436.000000
0.329590 -0.825195 -0.488037 -8.784237 -9.760264 -2.074056 201829578358.000000
0.325684 -0.827881 -0.480713 -8.235222 -9.516257 -1.708046 201829581276.000000
0.328613 -0.822754 -0.475586 -8.052217 -9.089245 -1.342036 201829585367.000000
0.329590 -0.822266 -0.475098 -7.930214 -8.235222 -0.793021 201829588328.000000
0.332520 -0.816406 -0.477295 -7.808211 -7.991216 -0.488013 201829591262.000000
0.328369 -0.813477 -0.471191 -7.564204 -7.137193 -0.061002 201829594181.000000
