-0.216797 -0.968262 0.232178 -26.779723 -17.385469 12.993351 204626374676.000000
-0.213623 -0.960449 0.227051 -26.535716 -17.568474 12.566339 204626377755.000000
-0.210449 -0.958740 0.231689 -26.230708 -17.629476 12.078326 204626380828.000000
-0.213135 -0.957275 0.226074 -26.474715 -17.324468 11.956323 204626383905.000000
-0.211182 -0.953125 0.232422 -25.803697 -16.836455 12.017324 204626386972.000000
-0.211182 -0.951904 0.230713 -25.803697 -17.141463 11.285305 204626390055.000000
-0.207275 -0.951172 0.226318 -25.437687 -16.897456 11.163301 204626393133.000000
-0.203857 -0.954346 0.225586 -25.437687 -16.714451 10.736290 204626396214.000000
-0.204590 -0.955078 0.218994 -25.193680 -16.653450 10.492283 204626399306.000000
-0.207275 -0.951660 0.226563 -25.376685 -16.409443 10.614287 204626402395.000000
-0.208984 -0.955078 0.218506 -24.400659 -16.409443 9.943268 204626405487.000000
-0.204102 -0.952393 0.215332 -24.217654 -16.104435 9.821265 204626408576.000000
-0.205322 -0.950928 0.210449 -23.180626 -16.653450 9.638260 204626411679.000000
-0.201904 -0.950195 0.197998 -22.997621 -16.165436 9.455255 204626414787.000000
-0.200439 -0.948975 0.209473 -23.668639 -15.677423 9.150247 204626417891.000000
-0.203125 -0.942139 0.227295 -24.034649 -15.006405 9.089245 204626421003.000000
-0.206787 -0.938965 0.234863 -24.156652 -14.579394 8.906240 204626424109.000000
-0.208984 -0.935791 0.236328 -23.668639 -13.969377 8.784237 204626427204.000000
-0.206543 -0.939209 0.228516 -22.814616 -13.725371 8.784237 204626430313.000000
-0.197021 -0.940186 0.226074 -22.143598 -13.176356 8.357226 204626433404.000000
-0.194092 -0.941895 0.212891 -21.899591 -12.871348 7.991216 204626436498.000000
-0.200684 -0.942383 0.209961 -21.838590 -12.322333 7.869212 204626439619.000000
-0.201660 -0.938477 0.214355 -21.350576 -11.773318 7.625206 204626442710.000000
-0.197998 -0.935791 0.208740 -21.045568 -11.529311 6.832184 204626445805.000000
-0.202393 -0.932129 0.211426 -20.984567 -10.980296 6.893186 204626448899.000000
-0.204834 -0.934814 0.203613 -20.618557 -10.492283 6.527176 204626452004.000000
-0.209717 -0.935547 0.207520 -21.045568 -9.577259 6.649180 204626455117.000000
-0.207275 -0.936035 0.207764 -20.801562 -8.723236 6.222168 204626458206.000000
-0.208008 -0.934082 0.210449 -21.045568 -8.235222 5.490148 204626461289.000000
-0.211182 -0.940918 0.215576 -20.984567 -7.259196 5.734155 204626464388.000000
-0.214844 -0.937500 0.215820 -21.411578 -6.649180 5.673153 204626467597.000000
-0.216553 -0.938965 0.215820 -21.167572 -5.673153 5.307143 204626470684.000000
-0.221191 -0.938965 0.219971 -21.045568 -5.551150 5.246142 204626473764.000000
-0.219238 -0.939697 0.214600 -21.045568 -5.185140 5.063137 204626476843.000000
-0.214111 -0.934082 0.213379 -20.557555 -4.697127 4.697127 204626479926.000000
-0.211426 -0.940186 0.207031 -20.496553 -4.392119 4.941133 204626483006.000000
-0.207031 -0.941406 0.203369 -20.252547 -3.843104 4.331117 204626486074.000000
-0.210938 -0.941650 0.202881 -20.313548 -3.172086 4.026109 204626489630.000000
-0.212646 -0.939209 0.196045 -20.435552 -2.745074 4.209114 204626492736.000000
-0.207520 -0.940430 0.195313 -20.313548 -2.074056 3.965107 204626495822.000000
-0.214844 -0.934326 0.194336 -20.618557 -1.464040 4.087110 204626498909.000000
-0.214111 -0.932617 0.193604 -20.618557 -0.854023 3.660099 204626502145.000000
-0.217529 -0.934082 0.192139 -20.435552 0.000000 3.477094 204626505251.000000
-0.209961 -0.930176 0.186035 -20.557555 0.427012 3.233087 204626508347.000000
-0.214355 -0.929932 0.190918 -20.435552 1.098030 2.806076 204626511473.000000
-0.212646 -0.929688 0.189209 -19.886537 2.257061 2.562069 204626514565.000000
-0.211182 -0.931641 0.187012 -20.130544 3.111084 2.440066 204626517660.000000
-0.218506 -0.925049 0.184814 -19.947539 3.416092 2.257061 204626520766.000000
-0.216797 -0.929932 0.187012 -19.581529 4.026109 1.769048 204626523857.000000
-0.217529 -0.927979 0.187744 -19.459525 4.697127 1.464040 204626526999.000000
-0.218750 -0.927734 0.176270 -19.459525 5.551150 1.037028 204626530107.000000
-0.220459 -0.925537 0.174072 -19.093516 6.222168 0.549015 204626533200.000000
-0.224609 -0.929199 0.175537 -19.337522 6.649180 0.427012 204626536292.000000
-0.229004 -0.927979 0.172363 -19.398524 6.710181 0.061002 204626539400.000000
-0.226807 -0.930176 0.170410 -19.093516 7.076191 -0.183005 204626542500.000000
-0.234619 -0.929443 0.170654 -19.215519 7.686208 -0.305008 204626545590.000000
-0.235352 -0.932373 0.176025 -19.398524 7.320198 -0.671018 204626548679.000000
-0.235352 -0.929932 0.167236 -19.276520 8.113219 -1.220033 204626551773.000000
-0.231201 -0.925537 0.173096 -19.642530 8.357226 -1.159031 204626554859.000000
-0.234619 -0.925293 0.171875 -19.886537 8.540231 -1.525041 204626557948.000000
-0.241455 -0.927734 0.173340 -19.947539 9.089245 -1.525041 204626561033.000000
-0.243652 -0.933838 0.166992 -19.703532 9.089245 -1.769048 204626564122.000000
-0.240234 -0.932129 0.168457 -20.069542 9.577259 -2.013054 204626567257.000000
-0.239502 -0.929199 0.170410 -19.947539 10.370280 -2.379064 204626570346.000000
-0.239258 -0.925293 0.169434 -20.008540 10.858293 -2.257061 204626573439.000000
-0.244629 -0.929688 0.166992 -20.008540 11.102300 -2.623071 204626576521.000000
-0.239502 -0.923096 0.164551 -20.374550 11.651315 -2.745074 204626579605.000000
-0.246094 -0.920166 0.168945 -20.801562 12.627341 -2.806076 204626582692.000000
-0.249023 -0.918457 0.166748 -20.862563 12.993351 -2.989081 204626585765.000000
-0.253418 -0.914795 0.171875 -20.923565 12.810346 -3.294089 204626588845.000000
-0.248535 -0.916504 0.165283 -21.350576 12.749344 -3.172086 204626591925.000000
-0.245850 -0.918701 0.164063 -21.106570 13.115354 -3.782102 204626595005.000000
-0.244629 -0.922607 0.167969 -21.350576 13.420362 -3.843104 204626598084.000000
-0.252197 -0.923340 0.166748 -21.472580 13.786372 -3.843104 204626601158.000000
-0.250488 -0.920410 0.162354 -21.533581 13.908376 -4.270115 204626604240.000000
-0.250732 -0.913818 0.162109 -21.411578 14.091380 -4.148112 204626607318.000000
-0.253662 -0.911621 0.162598 -21.411578 14.335387 -4.636125 204626610404.000000
-0.254395 -0.914551 0.157471 -21.655585 14.518392 -4.636125 204626613524.000000
-0.257324 -0.914551 0.160400 -21.899591 14.884402 -5.246142 204626616614.000000
-0.257080 -0.914063 0.156494 -22.021595 14.945404 -5.246142 204626619717.000000
-0.261719 -0.913330 0.148438 -22.326603 15.311413 -5.734155 204626622806.000000
-0.263672 -0.916260 0.153320 -22.448606 15.494418 -5.795156 204626625901.000000
-0.266357 -0.914063 0.151123 -22.753614 15.616422 -6.283170 204626628990.000000
-0.271973 -0.909668 0.150391 -22.753614 15.616422 -5.978161 204626632156.000000
-0.271240 -0.910645 0.145020 -23.424632 16.592448 -6.466175 204626635247.000000
-0.271484 -0.906250 0.143555 -23.607637 16.592448 -6.405173 204626638337.000000
-0.281006 -0.899170 0.139648 -23.790642 16.836455 -6.405173 204626641442.000000
-0.281738 -0.897461 0.144531 -24.156652 16.714451 -6.222168 204626644536.000000
-0.274902 -0.894775 0.141602 -24.156652 17.629476 -6.527176 204626647628.000000
-0.271484 -0.887207 0.137695 -24.278656 18.056488 -6.710181 204626650734.000000
-0.271240 -0.888184 0.139893 -24.888672 17.568474 -6.832184 204626653828.000000
-0.268066 -0.885498 0.135498 -25.315684 17.202464 -7.259196 204626656919.000000
-0.265869 -0.882324 0.135010 -25.498688 17.202464 -7.442201 204626660008.000000
-0.271729 -0.881348 0.132324 -25.864698 17.080461 -7.320198 204626663118.000000
-0.269531 -0.871582 0.132813 -26.413713 17.324468 -7.564204 204626666203.000000
-0.267578 -0.875977 0.134766 -26.352712 17.446471 -7.625206 204626669335.000000
-0.267578 -0.872070 0.127441 -27.023730 17.995486 -7.442201 204626672419.000000
-0.261719 -0.870361 0.123291 -27.145733 18.178491 -7.808211 204626675513.000000
-0.250977 -0.870850 0.117920 -27.511743 18.666504 -7.991216 204626678584.000000
-0.250244 -0.874512 0.114746 -27.877753 19.703532 -7.869212 204626681666.000000
-0.255371 -0.881348 0.117920 -28.304764 19.764534 -7.930214 204626684752.000000
-0.247803 -0.883301 0.105957 -28.853779 20.069542 -8.235222 204626687831.000000
-0.246338 -0.882324 0.098389 -29.158787 20.984567 -8.540231 204626690905.000000
-0.247070 -0.882813 0.101807 -29.707802 21.289575 -8.662234 204626693986.000000
-0.290771 -0.873535 0.088379 -27.084731 45.080217 0.427012 204626697063.000000
-0.477539 -0.888672 0.142090 -17.995486 52.095407 7.503203 204626700155.000000
-0.210938 -0.984131 0.207764 -20.740560 33.550906 -2.623071 204626703232.000000
-0.087891 -0.865723 0.016357 -25.925700 30.988837 -7.991216 204626706307.000000
-0.152100 -0.859131 0.084473 -30.378820 29.463796 -9.455255 204626709424.000000
-0.188965 -0.826660 0.137939 -32.086866 19.459525 -8.906240 204626712515.000000
-0.194092 -0.860596 0.100098 -32.452876 19.581529 -10.187275 204626715609.000000
-0.214844 -0.908691 0.062744 -32.452876 22.936619 -11.895321 204626718704.000000
-0.230469 -0.913086 0.075439 -32.879888 20.313548 -12.383334 204626721810.000000
-0.247803 -0.913574 0.078613 -33.062893 20.008540 -12.322333 204626724905.000000
-0.251953 -0.903809 0.079102 -32.940889 21.594583 -12.383334 204626727998.000000
-0.260254 -0.899902 0.077881 -34.038919 20.435552 -11.895321 204626731231.000000
-0.256104 -0.902832 0.092529 -34.099921 20.435552 -11.895321 204626734333.000000
-0.250000 -0.900879 0.083740 -33.855914 21.106570 -11.834320 204626737428.000000
-0.249023 -0.899414 0.079834 -34.587934 20.374550 -12.139328 204626740525.000000
-0.249512 -0.902588 0.091064 -34.648936 20.557555 -12.749344 204626743622.000000
-0.249756 -0.905273 0.087158 -35.197950 20.740560 -12.627341 204626746715.000000
-0.253174 -0.907227 0.089844 -35.502959 20.679558 -12.932349 204626749826.000000
-0.249512 -0.907715 0.088135 -35.441957 20.435552 -13.054352 204626752916.000000
-0.251709 -0.913574 0.078369 -35.563960 20.435552 -12.749344 204626756015.000000
-0.250732 -0.917725 0.082764 -36.112975 20.069542 -13.237357 204626759192.000000
-0.248047 -0.917480 0.081787 -36.356982 19.764534 -13.054352 204626762283.000000
-0.248291 -0.917480 0.073486 -36.783993 20.008540 -13.603367 204626765397.000000
-0.247803 -0.918945 0.075928 -37.150003 19.703532 -13.664369 204626768526.000000
-0.241699 -0.918701 0.069092 -37.394010 19.520527 -13.664369 204626771609.000000
-0.243164 -0.910400 0.069580 -38.248033 19.398524 -13.481364 204626774706.000000
-0.243652 -0.902832 0.064453 -38.736046 18.727506 -13.481364 204626777774.000000
-0.239990 -0.886475 0.067627 -39.102056 18.422497 -13.359361 204626780861.000000
-0.233643 -0.888672 0.067627 -39.956079 18.056488 -13.481364 204626783956.000000
-0.229736 -0.879150 0.059814 -40.627097 17.629476 -12.932349 204626787021.000000
-0.218994 -0.871094 0.057617 -41.115110 16.714451 -12.993351 204626790105.000000
-0.219482 -0.864990 0.054443 -41.908132 16.653450 -13.359361 204626793188.000000
-0.210938 -0.859375 0.045654 -42.701153 16.348441 -13.969377 204626796267.000000
-0.203369 -0.858154 0.043701 -43.860184 16.043433 -13.969377 204626799348.000000
-0.199219 -0.853027 0.035645 -44.348197 15.433417 -14.091380 204626802429.000000
-0.193359 -0.846924 0.037598 -44.958214 15.006405 -14.518392 204626805532.000000
-0.184570 -0.844238 0.035645 -45.629232 14.823400 -14.884402 204626808609.000000
-0.184326 -0.836914 0.020996 -46.239248 14.152382 -14.762399 204626811703.000000
-0.177490 -0.831543 0.019531 -46.666260 13.969377 -15.128408 204626814800.000000
-0.175537 -0.824707 0.015381 -47.459281 13.847374 -15.189410 204626817891.000000
-0.174561 -0.819092 0.016602 -47.825291 13.725371 -15.555420 204626820999.000000
-0.170410 -0.823242 0.018799 -48.435308 13.176356 -15.250412 204626824096.000000
-0.165527 -0.814941 0.005859 -49.167328 12.993351 -15.860428 204626827186.000000
-0.159668 -0.812744 -0.001465 -49.960349 13.054352 -15.860428 204626830296.000000
-0.151611 -0.812744 -0.005615 -51.119380 13.054352 -15.982432 204626833386.000000
-0.151367 -0.808838 -0.019043 -52.095407 13.420362 -16.592448 204626836481.000000
-0.143799 -0.812012 -0.019531 -52.949430 13.420362 -17.080461 204626839586.000000
-0.138184 -0.814209 -0.024414 -54.230464 13.603367 -17.385469 204626844875.000000
-0.133301 -0.818604 -0.032715 -54.962484 13.786372 -17.568474 204626848014.000000
-0.132568 -0.816650 -0.043213 -55.816507 13.176356 -17.873483 204626851128.000000
-0.128174 -0.821777 -0.056152 -55.389496 13.237357 -18.300494 204626854220.000000
-0.123535 -0.817383 -0.074463 -56.426524 14.945404 -17.873483 204626857315.000000
-0.122803 -0.819092 -0.104736 -56.121515 20.191545 -17.751479 204626860519.000000
-0.112061 -0.824951 -0.095459 -57.524553 18.727506 -18.788507 204626863609.000000
-0.115967 -0.824951 -0.074219 -58.927591 15.494418 -18.666504 204626866699.000000
-0.108887 -0.833984 -0.071533 -59.903617 15.494418 -19.215519 204626869785.000000
-0.116455 -0.842041 -0.080811 -60.696639 16.287440 -20.191545 204626872868.000000
-0.123779 -0.843750 -0.061279 -61.428659 15.067407 -20.069542 204626875968.000000
-0.128906 -0.857666 -0.060303 -61.916672 13.786372 -19.947539 204626879071.000000
-0.120850 -0.860352 -0.049072 -62.282682 14.518392 -19.581529 204626882228.000000
-0.133545 -0.872559 -0.042725 -61.855670 13.542366 -20.008540 204626885308.000000
-0.125244 -0.866699 -0.023193 -60.940645 12.261331 -20.069542 204626888385.000000
-0.127197 -0.868408 -0.017334 -59.964619 11.346306 -19.825535 204626891456.000000
-0.122314 -0.865479 -0.022461 -59.598609 11.041298 -19.825535 204626894529.000000
-0.120605 -0.860840 -0.037842 -59.110596 10.858293 -19.886537 204626897599.000000
-0.120117 -0.859619 -0.052734 -59.964619 10.797292 -19.886537 204626900675.000000
-0.120361 -0.862305 -0.056885 -60.208626 11.224303 -20.130544 204626903759.000000
-0.116455 -0.867432 -0.074219 -60.147624 11.407308 -20.191545 204626906837.000000
-0.118896 -0.870361 -0.075195 -60.391631 10.858293 -19.947539 204626909926.000000
-0.114258 -0.870117 -0.079590 -60.330629 10.675288 -19.825535 204626913021.000000
-0.112549 -0.870361 -0.085205 -60.696639 10.553285 -19.520527 204626916126.000000
-0.105713 -0.869141 -0.092773 -61.245654 10.309278 -19.520527 204626919225.000000
-0.101563 -0.865967 -0.098389 -61.733667 10.187275 -19.459525 204626922314.000000
-0.100830 -0.872803 -0.094971 -62.404685 10.309278 -19.886537 204626925425.000000
-0.093994 -0.873047 -0.092773 -62.648692 9.943268 -19.337522 204626928516.000000
-0.092041 -0.874268 -0.098389 -62.831696 10.126273 -19.947539 204626931623.000000
-0.088379 -0.874756 -0.097656 -63.258708 9.882267 -19.459525 204626934715.000000
-0.083740 -0.873779 -0.106201 -63.502715 9.882267 -19.459525 204626937804.000000
-0.076660 -0.879395 -0.110596 -63.685720 10.126273 -19.947539 204626940909.000000
-0.072754 -0.882568 -0.109863 -64.173733 9.821265 -19.947539 204626944001.000000
-0.069092 -0.881592 -0.111328 -63.990728 9.882267 -19.947539 204626947092.000000
-0.067383 -0.878418 -0.117188 -64.234734 10.309278 -19.703532 204626950201.000000
-0.067627 -0.872314 -0.127441 -64.478741 10.126273 -19.093516 204626953294.000000
-0.065674 -0.870117 -0.131592 -64.844751 10.065272 -19.154517 204626956388.000000
-0.056396 -0.870361 -0.137207 -64.600744 9.821265 -19.337522 204626959494.000000
-0.056885 -0.877197 -0.141846 -64.844751 9.638260 -19.886537 204626962600.000000
-0.049805 -0.875732 -0.132813 -65.088757 8.967242 -20.069542 204626965692.000000
-0.049072 -0.881104 -0.138184 -64.722748 8.540231 -20.435552 204626968773.000000
-0.052246 -0.882080 -0.146484 -64.905752 8.357226 -20.252547 204626971905.000000
-0.051025 -0.878906 -0.159912 -65.149759 8.662234 -20.374550 204626975044.000000
-0.054199 -0.882813 -0.164307 -65.210761 8.906240 -20.252547 204626978129.000000
-0.053467 -0.875488 -0.168945 -65.210761 8.174221 -20.069542 204626981213.000000
-0.052246 -0.872070 -0.176758 -64.966754 9.333252 -19.825535 204626984294.000000
-0.059326 -0.869141 -0.176270 -65.027756 8.479229 -19.764534 204626987365.000000
-0.049561 -0.866455 -0.184570 -65.271762 8.967242 -19.764534 204626990467.000000
-0.057129 -0.867676 -0.181396 -65.027756 8.052217 -19.947539 204626993545.000000
-0.058594 -0.863525 -0.190430 -65.210761 8.174221 -19.764534 204626996623.000000
-0.067627 -0.861816 -0.187988 -65.027756 7.625206 -19.703532 204626999703.000000
-0.064697 -0.863037 -0.195313 -65.637772 7.137193 -19.337522 204627002782.000000
-0.063965 -0.862793 -0.198486 -65.088757 7.564204 -19.276520 204627005862.000000
-0.066650 -0.866943 -0.196289 -65.149759 7.564204 -18.971512 204627008941.000000
-0.070313 -0.865234 -0.202393 -64.966754 7.503203 -18.483499 204627012161.000000
-0.070801 -0.861816 -0.201416 -65.088757 7.015189 -18.117489 204627015256.000000
-0.060547 -0.865479 -0.210693 -64.844751 7.442201 -17.934484 204627018348.000000
-0.057617 -0.861816 -0.214844 -64.722748 7.930214 -17.568474 204627021466.000000
-0.054199 -0.864014 -0.221680 -64.417739 9.333252 -17.202464 204627024562.000000
-0.059814 -0.861328 -0.231201 -64.722748 10.004270 -16.470445 204627027654.000000
-0.056641 -0.862549 -0.237061 -64.539743 12.017324 -15.250412 204627030767.000000
-0.171875 -0.823486 -0.271973 -62.099677 22.814616 -9.882267 204627033859.000000
-0.103760 -0.833496 -0.192139 -61.184652 20.496553 -7.991216 204627036952.000000
-0.032227 -0.936035 -0.220459 -59.476606 16.714451 -10.248277 204627040059.000000
0.015869 -0.909424 -0.246582 -58.744586 16.104435 -13.664369 204627043149.000000
0.020752 -0.870361 -0.243652 -59.964619 14.213384 -15.006405 204627046242.000000
0.008545 -0.852539 -0.229736 -62.770695 10.370280 -15.006405 204627049343.000000
0.002441 -0.857910 -0.245605 -64.112731 9.394254 -15.250412 204627052437.000000
-0.003662 -0.884277 -0.262939 -63.197706 11.102300 -16.653450 204627055529.000000
-0.007568 -0.878418 -0.274414 -62.770695 10.858293 -16.958458 204627058619.000000
-0.015869 -0.876221 -0.263428 -63.502715 10.065272 -16.165436 204627062382.000000
-0.019043 -0.881592 -0.272217 -63.258708 10.797292 -16.409443 204627065523.000000
-0.024414 -0.888184 -0.269775 -62.587690 11.041298 -16.165436 204627068613.000000
-0.022461 -0.882813 -0.269043 -62.221680 11.407308 -16.287440 204627071757.000000
-0.030762 -0.879395 -0.267578 -61.550662 12.566339 -15.372415 204627074855.000000
-0.038574 -0.880615 -0.272461 -60.330629 14.091380 -14.823400 204627077936.000000
-0.040527 -0.883057 -0.279053 -59.537608 15.128408 -13.664369 204627081016.000000
-0.026855 -0.884277 -0.278564 -58.500580 15.616422 -13.420362 204627084113.000000
-0.012695 -0.883301 -0.284912 -58.134570 15.067407 -13.969377 204627087191.000000
-0.002441 -0.884766 -0.297119 -58.256573 14.091380 -14.152382 204627090265.000000
-0.000732 -0.882568 -0.303223 -58.134570 13.115354 -14.823400 204627093360.000000
0.002686 -0.878174 -0.303467 -58.500580 12.444336 -15.738425 204627096443.000000
0.003174 -0.882324 -0.310547 -58.439578 12.200329 -16.653450 204627099514.000000
-0.006592 -0.883057 -0.314941 -58.683584 11.834320 -16.836455 204627102598.000000
-0.011475 -0.877686 -0.323975 -58.256573 11.346306 -17.141463 204627105677.000000
-0.016846 -0.876221 -0.325439 -58.134570 11.407308 -16.775453 204627108747.000000
-0.024658 -0.878906 -0.327148 -58.073568 11.102300 -17.019460 204627111843.000000
-0.028076 -0.874756 -0.334473 -57.890563 11.102300 -17.080461 204627114941.000000
-0.027832 -0.876465 -0.325439 -57.707558 11.041298 -17.202464 204627118034.000000
-0.034180 -0.877441 -0.335205 -57.341548 10.614287 -16.409443 204627121142.000000
-0.034180 -0.884277 -0.341064 -55.206491 10.858293 -17.568474 204627124233.000000
-0.008545 -0.782227 -0.282959 -52.705423 6.344171 -12.932349 204627127324.000000
-0.013672 -0.823730 -0.319092 -52.827426 5.673153 -12.749344 204627130419.000000
-0.027344 -0.883057 -0.401611 -53.986458 10.065272 -15.555420 204627133534.000000
-0.035645 -0.917480 -0.393066 -55.023486 14.335387 -18.300494 204627136626.000000
-0.046631 -0.897705 -0.348145 -55.694504 12.932349 -18.727506 204627139730.000000
-0.048340 -0.867676 -0.328369 -55.572500 11.224303 -17.873483 204627142843.000000
-0.045166 -0.858887 -0.345947 -54.596474 11.346306 -17.507473 204627145933.000000
-0.041260 -0.864502 -0.365723 -53.437443 11.651315 -17.141463 204627149023.000000
-0.034912 -0.864014 -0.364258 -52.644421 10.614287 -17.080461 204627152197.000000
-0.028320 -0.854248 -0.364258 -51.851400 10.370280 -17.080461 204627155286.000000
-0.023682 -0.844482 -0.371826 -50.387360 9.577259 -17.385469 204627158377.000000
-0.020752 -0.830566 -0.379395 -49.838346 8.784237 -17.690478 204627161478.000000
-0.018555 -0.831543 -0.388428 -49.960349 8.723236 -17.385469 204627164566.000000
-0.010254 -0.825684 -0.375732 -50.082352 7.808211 -16.470445 204627167655.000000
-0.011963 -0.854004 -0.407227 -51.363387 7.869212 -16.165436 204627170737.000000
-0.007568 -0.861084 -0.420654 -52.034405 9.638260 -16.531446 204627173873.000000
-0.013916 -0.868408 -0.402100 -52.705423 9.638260 -15.982432 204627176955.000000
-0.014160 -0.867432 -0.389160 -52.827426 9.333252 -15.006405 204627180034.000000
-0.010498 -0.871094 -0.401123 -52.827426 9.394254 -14.396389 204627183140.000000
-0.001221 -0.873047 -0.389648 -52.400415 9.699262 -14.152382 204627186214.000000
0.000244 -0.867676 -0.390381 -51.668395 9.028244 -13.664369 204627189292.000000
0.004883 -0.865479 -0.383545 -50.997377 8.601232 -13.908376 204627192374.000000
0.018311 -0.859863 -0.408203 -49.228329 8.357226 -13.664369 204627203634.000000
0.023438 -0.858643 -0.413086 -48.923321 8.967242 -13.786372 204627207268.000000
0.022461 -0.855225 -0.416992 -48.984323 9.394254 -13.420362 204627210414.000000
0.020508 -0.854980 -0.418701 -48.923321 8.906240 -13.664369 204627213540.000000
0.025635 -0.849854 -0.416504 -48.252303 8.418227 -13.969377 204627216630.000000
0.031250 -0.855713 -0.406982 -47.825291 7.625206 -13.908376 204627219712.000000
0.028809 -0.851807 -0.406250 -47.703288 7.076191 -14.152382 204627222804.000000
0.025146 -0.851074 -0.407471 -47.093272 6.832184 -14.213384 204627225897.000000
0.022217 -0.848877 -0.420166 -46.544257 6.283170 -14.701397 204627229317.000000
0.011719 -0.852539 -0.420166 -45.873239 5.673153 -14.396389 204627232472.000000
0.011719 -0.846680 -0.419434 -45.324224 5.856158 -14.274385 204627235593.000000
0.015381 -0.850098 -0.419678 -44.897212 5.490148 -14.457390 204627238677.000000
0.009277 -0.847900 -0.419922 -44.409199 5.124138 -14.274385 204627241814.000000
0.008545 -0.849609 -0.432617 -43.921186 5.429147 -14.152382 204627244923.000000
0.011719 -0.849121 -0.439453 -43.860184 5.307143 -14.152382 204627248007.000000
0.011963 -0.848877 -0.442627 -43.433173 5.429147 -13.908376 204627251091.000000
0.005127 -0.844971 -0.454102 -43.128164 5.795156 -14.274385 204627254178.000000
0.002686 -0.842773 -0.461182 -43.311169 6.832184 -13.054352 204627257262.000000
0.000732 -0.836182 -0.471191 -43.067163 7.686208 -13.115354 204627260356.000000
0.000244 -0.834229 -0.468750 -42.945160 7.320198 -12.627341 204627263454.000000
0.015137 -0.829346 -0.461670 -42.823156 6.649180 -12.566339 204627266549.000000
0.021973 -0.826660 -0.462158 -42.213140 6.466175 -12.444336 204627269643.000000
0.021973 -0.828125 -0.475586 -42.030135 6.649180 -12.444336 204627272869.000000
0.021729 -0.825439 -0.472656 -41.603123 6.466175 -12.627341 204627275980.000000
0.018555 -0.821289 -0.468994 -40.932105 6.466175 -12.200329 204627279089.000000
0.020020 -0.822998 -0.476807 -40.688099 5.551150 -12.261331 204627282258.000000
0.023438 -0.823242 -0.481201 -40.444092 5.124138 -11.956323 204627285339.000000
0.021240 -0.823975 -0.479980 -39.956079 5.368145 -11.468310 204627288419.000000
0.022217 -0.833740 -0.474365 -39.346062 4.941133 -11.712316 204627291492.000000
0.022461 -0.841309 -0.467773 -38.980052 5.307143 -11.468310 204627294580.000000
0.019287 -0.844238 -0.468750 -38.431038 4.331117 -11.407308 204627297661.000000
0.018066 -0.849854 -0.474365 -37.760020 4.514122 -10.797292 204627300744.000000
0.024170 -0.849121 -0.470215 -37.089001 4.270115 -11.224303 204627303826.000000
0.010254 -0.848633 -0.474609 -36.417983 3.904105 -10.858293 204627306918.000000
0.013184 -0.848145 -0.470703 -35.441957 3.599097 -10.919295 204627310012.000000
0.012451 -0.841064 -0.464844 -34.526932 3.172086 -10.553285 204627313110.000000
0.013672 -0.831299 -0.467285 -33.245898 1.830049 -11.468310 204627316205.000000
0.018311 -0.804688 -0.476074 -30.927835 0.732020 -12.932349 204627319304.000000
0.013916 -0.806885 -0.465820 -29.219789 0.549015 -14.030379 204627322416.000000
0.018555 -0.827148 -0.476318 -29.707802 0.488013 -14.152382 204627325535.000000
0.015381 -0.839355 -0.492920 -30.622827 0.549015 -12.993351 204627328630.000000
0.008789 -0.829102 -0.456787 -29.890807 -1.403038 -11.163301 204627331729.000000
0.015869 -0.856445 -0.500000 -29.768804 -1.525041 -9.882267 204627334850.000000
0.019531 -0.874023 -0.511963 -29.646800 -0.793021 -9.943268 204627337942.000000
0.011475 -0.907227 -0.525146 -29.890807 -0.671018 -9.272250 204627341044.000000
0.013672 -0.907471 -0.526123 -30.073812 -0.549015 -8.540231 204627344138.000000
0.011230 -0.892578 -0.523682 -29.646800 -0.976026 -7.686208 204627347231.000000
0.016357 -0.877686 -0.524658 -29.219789 -1.464040 -6.893186 204627350327.000000
0.019775 -0.863770 -0.529541 -28.792777 -2.440066 -6.222168 204627353422.000000
0.028320 -0.855469 -0.534668 -27.816751 -2.867077 -5.856158 204627356531.000000
0.032959 -0.851074 -0.539307 -27.511743 -2.867077 -5.673153 204627359631.000000
0.031738 -0.844238 -0.546631 -26.840725 -3.172086 -5.429147 204627362721.000000
0.032227 -0.839600 -0.547607 -26.596718 -3.233087 -5.368145 204627365814.000000
0.031006 -0.838379 -0.546387 -26.779723 -2.379064 -5.368145 204627368912.000000
0.033203 -0.833984 -0.549805 -26.230708 -2.379064 -4.941133 204627372200.000000
0.026611 -0.839111 -0.543213 -25.803697 -2.196059 -4.697127 204627375290.000000
0.034668 -0.836670 -0.548096 -25.437687 -2.074056 -4.514122 204627378401.000000
0.026367 -0.839844 -0.552002 -24.705667 -2.135058 -4.514122 204627381505.000000
0.031250 -0.836426 -0.551758 -24.217654 -2.074056 -3.660099 204627384598.000000
0.029053 -0.842529 -0.552979 -23.363631 -2.013054 -3.904105 204627387670.000000
0.031250 -0.846436 -0.553955 -22.631611 -2.135058 -3.477094 204627390759.000000
0.027100 -0.841309 -0.563477 -22.082596 -1.952053 -3.538096 204627393848.000000
0.029053 -0.844482 -0.560547 -21.655585 -2.074056 -3.233087 204627396928.000000
0.031982 -0.841797 -0.569580 -21.045568 -1.830049 -3.111084 204627400022.000000
0.026123 -0.846191 -0.570801 -21.228573 -0.793021 -3.050082 204627403104.000000
0.020996 -0.839844 -0.574707 -20.862563 -1.281035 -3.111084 204627406185.000000
0.028076 -0.847656 -0.575684 -20.557555 -0.915025 -2.806076 204627409283.000000
0.024902 -0.843262 -0.572998 -20.069542 -0.671018 -2.806076 204627412380.000000
0.026855 -0.844727 -0.568359 -19.764534 -1.037028 -2.379064 204627415474.000000
0.028564 -0.842041 -0.577148 -19.032514 -0.915025 -2.379064 204627418567.000000
0.027588 -0.846436 -0.574219 -18.849509 -1.037028 -1.952053 204627421667.000000
0.026855 -0.850830 -0.573486 -18.300494 -0.854023 -2.074056 204627424762.000000
0.029541 -0.853271 -0.575684 -18.117489 -1.098030 -2.074056 204627427854.000000
0.027344 -0.857910 -0.566406 -17.385469 -0.549015 -1.708046 204627431007.000000
0.026123 -0.860352 -0.569580 -16.775453 -0.793021 -1.830049 204627434101.000000
0.020264 -0.860107 -0.555664 -15.982432 -0.732020 -1.342036 204627437192.000000
0.022705 -0.860840 -0.563721 -15.128408 -0.976026 -1.098030 204627440289.000000
0.024902 -0.854004 -0.556885 -14.518392 -0.793021 -0.549015 204627443384.000000
0.021484 -0.850342 -0.550049 -13.725371 -1.342036 -0.183005 204627446477.000000
0.017578 -0.848389 -0.550293 -12.627341 -1.159031 -0.366010 204627449577.000000
0.021484 -0.843262 -0.549561 -12.017324 -1.281035 0.305008 204627452671.000000
0.017578 -0.841309 -0.546875 -11.285305 -1.342036 0.244007 204627455764.000000
0.021240 -0.845703 -0.543701 -10.492283 -1.159031 0.610016 204627458854.000000
0.019287 -0.840332 -0.537109 -9.943268 -1.342036 0.671018 204627461952.000000
0.023682 -0.841553 -0.535645 -9.394254 -0.854023 1.220033 204627465058.000000
0.026123 -0.839111 -0.533203 -8.601232 -0.793021 1.037028 204627468157.000000
0.019531 -0.832031 -0.526123 -7.625206 -0.366010 1.464040 204627471246.000000
0.021240 -0.829834 -0.521240 -7.076191 -0.488013 1.830049 204627474332.000000
0.019775 -0.823242 -0.519043 -6.588178 -0.061002 1.891051 204627477434.000000
0.022705 -0.821777 -0.525879 -6.222168 0.671018 2.196059 204627480519.000000
0.021240 -0.820068 -0.523926 -5.612152 0.732020 2.135058 204627483613.000000
0.021973 -0.813965 -0.520752 -5.307143 1.281035 2.745074 204627486697.000000
0.025146 -0.810547 -0.528809 -4.880132 1.525041 2.806076 204627489792.000000
0.024414 -0.813721 -0.518555 -4.453120 1.342036 2.928079 204627492879.000000
0.026367 -0.806885 -0.532471 -4.026109 0.610016 2.745074 204627495970.000000
0.030762 -0.798584 -0.531982 -2.928079 0.244007 3.050082 204627499045.000000
0.035400 -0.796631 -0.544189 -2.135058 -0.671018 2.867077 204627502198.000000
0.036621 -0.786621 -0.544678 -1.464040 -0.671018 3.050082 204627505281.000000
0.033447 -0.772217 -0.547119 -1.403038 -0.976026 3.294089 204627508362.000000
0.034668 -0.762695 -0.531738 -2.135058 -0.793021 3.233087 204627511460.000000
0.031250 -0.755127 -0.510254 -3.050082 -0.793021 3.294089 204627514558.000000
0.023438 -0.749023 -0.505859 -4.087110 0.061002 2.989081 204627517651.000000
0.019531 -0.744873 -0.486328 -4.880132 -0.061002 3.233087 204627520749.000000
0.018311 -0.742432 -0.474609 -4.636125 0.793021 3.355091 204627523841.000000
0.019287 -0.739258 -0.468750 -4.148112 1.159031 3.904105 204627526984.000000
0.017090 -0.743408 -0.458740 -2.806076 0.549015 4.514122 204627530080.000000
0.016113 -0.735840 -0.450195 -1.159031 0.427012 4.575124 204627533172.000000
0.020020 -0.732422 -0.456787 -0.122003 0.488013 4.941133 204627536267.000000
0.027100 -0.723145 -0.472168 0.366010 0.732020 5.246142 204627539367.000000
0.029541 -0.721680 -0.487305 0.061002 1.281035 5.185140 204627542462.000000
0.034180 -0.708496 -0.510498 -0.427012 1.891051 4.819130 204627545605.000000
0.040527 -0.709961 -0.516113 -0.610016 2.501068 4.697127 204627550685.000000
0.039795 -0.709961 -0.510742 -1.342036 1.830049 4.209114 204627553999.000000
0.040283 -0.703369 -0.500000 -1.708046 1.098030 4.026109 204627557237.000000
0.036133 -0.701172 -0.494629 -2.013054 0.671018 3.538096 204627560421.000000
0.023682 -0.688477 -0.491699 -2.623071 1.037028 3.599097 204627563515.000000
0.019043 -0.685059 -0.482178 -3.172086 0.732020 3.843104 204627566604.000000
0.017334 -0.687012 -0.475586 -3.233087 1.342036 3.538096 204627569716.000000
0.012451 -0.688477 -0.469727 -3.050082 1.159031 3.538096 204627572801.000000
0.012207 -0.684814 -0.465332 -2.867077 1.098030 3.416092 204627575881.000000
0.011719 -0.687500 -0.468262 -2.806076 0.976026 3.416092 204627578959.000000
0.010986 -0.692139 -0.473145 -2.745074 0.610016 3.233087 204627582116.000000
0.014893 -0.683594 -0.477295 -2.867077 0.671018 3.172086 204627585197.000000
0.016113 -0.681641 -0.472900 -2.745074 0.610016 3.294089 204627588292.000000
0.013428 -0.676514 -0.475098 -2.806076 0.610016 2.989081 204627591370.000000
0.010742 -0.674072 -0.477051 -3.111084 0.610016 2.989081 204627594461.000000
0.013184 -0.674316 -0.473877 -3.538096 -0.061002 3.050082 204627597556.000000
0.015625 -0.671631 -0.472900 -3.660099 -0.061002 3.233087 204627600668.000000
0.016113 -0.671387 -0.468262 -4.026109 -0.366010 3.111084 204627603746.000000
0.017090 -0.664307 -0.471436 -4.087110 -0.854023 2.806076 204627606848.000000
0.015869 -0.662109 -0.474365 -4.697127 -0.854023 3.355091 204627609928.000000
0.016602 -0.656250 -0.476074 -4.819130 -1.037028 2.379064 204627613064.000000
0.020508 -0.659912 -0.473877 -4.941133 -0.976026 3.111084 204627616172.000000
0.019531 -0.658691 -0.469727 -5.429147 -1.342036 2.684072 204627619284.000000
0.022217 -0.667725 -0.463379 -5.368145 -1.281035 2.440066 204627622396.000000
0.023682 -0.667725 -0.471680 -5.429147 -1.464040 2.440066 204627625508.000000
0.021973 -0.667236 -0.468994 -5.917160 -1.220033 2.440066 204627628611.000000
0.027100 -0.665283 -0.474365 -6.100165 -1.403038 2.379064 204627631719.000000
0.027832 -0.664795 -0.478760 -6.222168 -0.976026 1.769048 204627634811.000000
0.022461 -0.663818 -0.478027 -6.161166 -1.098030 1.891051 204627637908.000000
0.020752 -0.670654 -0.478516 -6.161166 -0.915025 1.647044 204627641015.000000
0.023926 -0.671143 -0.473633 -6.771183 -0.793021 1.525041 204627644123.000000
0.025391 -0.664307 -0.480469 -7.381199 -0.854023 1.647044 204627647224.000000
0.023193 -0.670654 -0.473145 -7.320198 -1.159031 1.342036 204627650328.000000
0.025146 -0.667480 -0.479004 -7.503203 -0.732020 0.854023 204627653437.000000
0.016846 -0.673096 -0.482666 -7.930214 -1.220033 1.037028 204627656530.000000
0.017578 -0.674561 -0.479492 -8.174221 -1.342036 0.671018 204627659634.000000
0.018311 -0.680176 -0.484131 -7.869212 -1.586043 0.854023 204627662726.000000
0.021240 -0.679688 -0.482666 -8.174221 -1.891051 0.366010 204627665819.000000
0.017578 -0.678955 -0.486816 -8.540231 -2.196059 0.793021 204627668908.000000
0.024658 -0.682617 -0.479980 -8.479229 -2.196059 0.244007 204627672118.000000
0.020020 -0.675781 -0.485840 -8.479229 -2.135058 0.305008 204627675201.000000
0.028076 -0.672852 -0.492188 -8.906240 -2.196059 0.427012 204627678271.000000
0.017334 -0.671631 -0.480225 -9.150247 -1.891051 -0.061002 204627681343.000000
0.022461 -0.670898 -0.486816 -9.516257 -2.013054 0.427012 204627684426.000000
0.020996 -0.670166 -0.492432 -9.699262 -2.013054 -0.061002 204627687496.000000
0.024170 -0.674316 -0.495605 -10.370280 -1.891051 0.122003 204627690699.000000
0.024658 -0.672363 -0.497070 -10.492283 -2.013054 -0.549015 204627693785.000000
0.023438 -0.672119 -0.497314 -10.309278 -2.074056 0.366010 204627696878.000000
0.029053 -0.669678 -0.500488 -10.736290 -2.013054 0.000000 204627699972.000000
0.024170 -0.673340 -0.505371 -10.614287 -2.013054 -0.366010 204627703077.000000
0.026123 -0.674316 -0.499023 -10.797292 -1.830049 0.061002 204627706156.000000
0.027588 -0.669189 -0.495605 -11.102300 -2.135058 -0.183005 204627709260.000000
0.020508 -0.670898 -0.499512 -11.407308 -1.830049 0.000000 204627712348.000000
0.022949 -0.669678 -0.501709 -11.590313 -2.013054 -0.671018 204627715437.000000
0.025146 -0.665527 -0.500488 -11.712316 -2.013054 -0.244007 204627718528.000000
0.026855 -0.662109 -0.501709 -11.956323 -1.647044 -0.183005 204627721633.000000
0.024414 -0.662354 -0.501465 -11.956323 -1.769048 -0.305008 204627724725.000000
0.029053 -0.668945 -0.497070 -12.200329 -1.891051 -0.427012 204627727815.000000
0.035400 -0.668213 -0.495605 -12.261331 -1.830049 -0.549015 204627730919.000000
0.029297 -0.669434 -0.495361 -12.444336 -1.647044 -0.549015 204627734014.000000
0.028320 -0.666748 -0.497559 -12.932349 -1.891051 -0.793021 204627737105.000000
0.028320 -0.668457 -0.496826 -12.993351 -1.708046 -0.854023 204627740200.000000
0.028809 -0.670166 -0.495605 -12.810346 -1.891051 -0.915025 204627743313.000000
0.031250 -0.675781 -0.489502 -12.993351 -1.708046 -1.098030 204627746405.000000
0.033691 -0.680908 -0.486816 -12.871348 -1.586043 -1.159031 204627749533.000000
0.032715 -0.684082 -0.493408 -12.932349 -2.257061 -1.525041 204627752622.000000
0.030273 -0.687500 -0.490967 -13.237357 -1.830049 -1.830049 204627755710.000000
0.036133 -0.686279 -0.486084 -12.688343 -1.952053 -1.647044 204627758839.000000
0.031982 -0.688965 -0.488037 -12.749344 -2.135058 -2.440066 204627761941.000000
0.028564 -0.689209 -0.485596 -12.810346 -2.196059 -2.318063 204627765311.000000
0.026123 -0.690186 -0.488525 -12.505338 -2.623071 -2.745074 204627768405.000000
0.025635 -0.687744 -0.487305 -12.200329 -2.623071 -2.806076 204627771488.000000
0.028320 -0.686768 -0.489990 -11.834320 -3.233087 -2.928079 204627774573.000000
0.022461 -0.683105 -0.497803 -11.590313 -3.477094 -3.355091 204627777652.000000
0.030273 -0.680908 -0.501465 -10.797292 -4.453120 -3.050082 204627780729.000000
0.033447 -0.678955 -0.506836 -10.492283 -4.453120 -3.660099 204627783811.000000
0.025391 -0.666504 -0.508301 -11.041298 -3.843104 -3.904105 204627786887.000000
0.025879 -0.659668 -0.493164 -12.810346 -3.538096 -4.148112 204627789960.000000
0.017090 -0.658447 -0.470703 -13.908376 -3.477094 -3.965107 204627793057.000000
0.012451 -0.656982 -0.469238 -14.152382 -3.416092 -4.270115 204627796136.000000
0.015381 -0.654297 -0.480469 -14.579394 -3.050082 -4.148112 204627799237.000000
0.020508 -0.656494 -0.487549 -13.786372 -2.867077 -4.087110 204627802311.000000
0.028809 -0.662842 -0.484131 -13.725371 -3.172086 -4.331117 204627805414.000000
0.027832 -0.665039 -0.493164 -13.237357 -3.233087 -4.392119 204627808504.000000
0.029541 -0.666016 -0.498047 -13.420362 -3.172086 -4.331117 204627811596.000000
0.029053 -0.663086 -0.505371 -13.298359 -3.050082 -4.636125 204627814691.000000
0.032715 -0.665771 -0.506348 -13.603367 -3.538096 -4.697127 204627817783.000000
0.036865 -0.661621 -0.513672 -13.542366 -3.172086 -4.697127 204627820885.000000
0.038330 -0.665039 -0.510498 -13.908376 -3.599097 -5.063137 204627823979.000000
0.041016 -0.669678 -0.514404 -14.091380 -3.477094 -5.063137 204627827068.000000
0.040039 -0.668213 -0.519775 -14.213384 -3.294089 -5.795156 204627830188.000000
0.035889 -0.665283 -0.517090 -15.128408 -3.172086 -5.612152 204627833277.000000
0.040283 -0.667725 -0.511230 -15.128408 -2.989081 -5.429147 204627836369.000000
0.037354 -0.669189 -0.505127 -15.555420 -2.745074 -6.283170 204627839473.000000
0.032227 -0.670654 -0.515625 -15.677423 -2.745074 -6.100165 204627842559.000000
0.033691 -0.667236 -0.508057 -15.555420 -2.684072 -6.161166 204627845652.000000
0.035889 -0.674805 -0.509521 -15.433417 -2.684072 -6.466175 204627848742.000000
0.034180 -0.670410 -0.510742 -15.250412 -2.501068 -6.344171 204627851848.000000
0.030518 -0.670410 -0.510010 -15.067407 -2.989081 -6.527176 204627854992.000000
0.032227 -0.669189 -0.524658 -15.311413 -2.806076 -6.771183 204627858082.000000
0.028564 -0.669434 -0.521240 -15.250412 -2.867077 -6.649180 204627861184.000000
0.030762 -0.673584 -0.523682 -15.494418 -2.379064 -7.198194 204627864272.000000
0.031006 -0.674561 -0.531006 -15.494418 -2.867077 -7.076191 204627867356.000000
0.031250 -0.668457 -0.528564 -15.433417 -2.684072 -7.137193 204627870449.000000
0.027588 -0.675537 -0.524902 -15.433417 -2.684072 -7.381199 204627873531.000000
0.022461 -0.673584 -0.525391 -15.494418 -2.562069 -7.381199 204627876609.000000
0.024658 -0.673584 -0.534668 -15.677423 -2.440066 -7.320198 204627879694.000000
0.021729 -0.673096 -0.523193 -15.616422 -2.074056 -7.564204 204627882773.000000
0.019043 -0.672363 -0.524902 -15.433417 -1.891051 -7.259196 204627885850.000000
0.020508 -0.678223 -0.528076 -15.494418 -1.830049 -7.015189 204627888927.000000
0.017822 -0.682861 -0.524902 -15.189410 -1.708046 -7.503203 204627892131.000000
0.016602 -0.687012 -0.533447 -14.762399 -1.525041 -7.076191 204627895214.000000
0.013916 -0.685791 -0.528320 -14.518392 -1.830049 -7.015189 204627898288.000000
0.014404 -0.693604 -0.537598 -14.396389 -1.769048 -7.198194 204627901406.000000
0.017578 -0.692139 -0.543457 -14.335387 -2.135058 -7.015189 204627904485.000000
0.015869 -0.690674 -0.543701 -14.152382 -1.708046 -6.405173 204627907560.000000
0.016113 -0.695801 -0.550781 -13.664369 -2.257061 -6.710181 204627910709.000000
0.016602 -0.695313 -0.555908 -13.481364 -2.074056 -6.344171 204627913804.000000
0.017822 -0.693115 -0.557129 -13.359361 -2.013054 -6.222168 204627916896.000000
0.014160 -0.690674 -0.552734 -13.298359 -1.891051 -6.222168 204627920000.000000
0.011230 -0.689453 -0.554443 -13.359361 -1.830049 -6.100165 204627923090.000000
0.012939 -0.685791 -0.557861 -13.237357 -1.830049 -5.734155 204627926182.000000
0.008545 -0.686768 -0.559082 -13.237357 -1.525041 -5.307143 204627929287.000000
0.013428 -0.686768 -0.562500 -13.542366 -1.220033 -5.551150 204627932378.000000
0.011230 -0.688232 -0.561768 -13.420362 -1.159031 -5.551150 204627935469.000000
0.013428 -0.688965 -0.558350 -13.176356 -0.976026 -5.063137 204627938559.000000
0.014160 -0.687012 -0.562012 -13.359361 -0.732020 -4.819130 204627941656.000000
0.014893 -0.693604 -0.561279 -13.237357 -0.671018 -4.819130 204627944749.000000
0.019775 -0.693115 -0.564209 -12.871348 -0.488013 -4.758128 204627947839.000000
0.017334 -0.697266 -0.560791 -12.688343 -0.427012 -4.331117 204627950996.000000
0.020752 -0.693359 -0.561279 -12.261331 -0.183005 -4.209114 204627954087.000000
0.018066 -0.698730 -0.566650 -12.200329 -0.061002 -4.148112 204627957178.000000
0.026855 -0.699707 -0.567383 -11.834320 0.244007 -3.965107 204627960284.000000
0.029297 -0.699707 -0.569092 -11.651315 0.366010 -4.148112 204627963371.000000
0.029785 -0.701904 -0.571777 -11.407308 0.244007 -4.026109 204627966465.000000
0.033203 -0.693359 -0.582031 -11.346306 0.488013 -3.782102 204627969554.000000
0.029297 -0.697510 -0.577148 -11.102300 0.122003 -3.660099 204627972637.000000
0.033691 -0.696289 -0.575195 -10.858293 0.427012 -3.599097 204627975718.000000
0.024658 -0.692627 -0.573730 -10.797292 0.488013 -3.843104 204627978910.000000
0.031982 -0.693359 -0.575195 -10.309278 0.549015 -3.538096 204627982057.000000
0.036377 -0.697754 -0.575439 -10.370280 0.427012 -3.843104 204627985139.000000
0.039063 -0.698242 -0.573730 -10.370280 0.122003 -4.087110 204627988207.000000
0.036133 -0.702393 -0.581787 -10.187275 0.549015 -3.965107 204627991288.000000
0.034180 -0.697998 -0.576416 -9.882267 0.183005 -4.514122 204627994365.000000
0.032227 -0.701172 -0.577637 -10.065272 0.061002 -4.453120 204627997435.000000
0.031250 -0.704102 -0.574707 -9.577259 0.122003 -4.392119 204628000520.000000
0.030518 -0.706787 -0.582031 -9.516257 0.244007 -4.392119 204628003602.000000
0.028076 -0.706299 -0.579346 -9.211249 0.061002 -4.636125 204628006680.000000
0.031006 -0.704590 -0.574463 -8.845239 -0.122003 -4.636125 204628009781.000000
0.023926 -0.708496 -0.584473 -8.540231 -0.366010 -4.392119 204628012879.000000
0.023926 -0.706787 -0.585938 -8.235222 -0.427012 -4.514122 204628015972.000000
0.020020 -0.707764 -0.582031 -7.930214 -0.488013 -4.087110 204628019073.000000
0.016357 -0.706299 -0.590820 -7.930214 -0.854023 -4.270115 204628022239.000000
0.020996 -0.708252 -0.583496 -7.625206 -0.793021 -4.209114 204628025332.000000
0.016357 -0.705811 -0.594482 -7.442201 -0.732020 -4.087110 204628028424.000000
0.018555 -0.704346 -0.587402 -7.320198 -0.732020 -4.026109 204628031533.000000
0.016846 -0.704346 -0.588135 -7.015189 -0.793021 -3.721100 204628034624.000000
0.015625 -0.703857 -0.588867 -6.954188 -0.671018 -3.538096 204628037717.000000
0.010986 -0.703613 -0.580811 -6.710181 -0.549015 -3.416092 204628040823.000000
0.012451 -0.705078 -0.589111 -6.283170 -0.610016 -2.989081 204628043912.000000
0.013672 -0.706299 -0.584961 -6.344171 -0.549015 -3.111084 204628047055.000000
0.014648 -0.708496 -0.587646 -5.551150 -0.366010 -2.379064 204628050155.000000
0.016113 -0.714355 -0.584717 -5.368145 -0.793021 -2.745074 204628053248.000000
0.017334 -0.718994 -0.583252 -5.124138 -0.915025 -2.684072 204628056339.000000
0.015869 -0.720703 -0.583984 -4.575124 -0.671018 -2.135058 204628059444.000000
0.017090 -0.716553 -0.588135 -4.270115 -1.037028 -2.440066 204628062529.000000
0.014893 -0.718262 -0.584229 -4.209114 -0.732020 -1.891051 204628065616.000000
0.016602 -0.723877 -0.590088 -3.477094 -0.854023 -2.135058 204628068702.000000
0.020752 -0.719482 -0.588379 -3.172086 -0.549015 -1.891051 204628071794.000000
0.016602 -0.719727 -0.595947 -2.684072 -0.976026 -1.220033 204628074883.000000
0.016846 -0.724365 -0.596436 -2.074056 -0.854023 -1.098030 204628077963.000000
0.014893 -0.718994 -0.591064 -1.586043 -0.671018 -1.403038 204628081032.000000
0.015625 -0.718262 -0.596191 -1.220033 -1.037028 -1.037028 204628084119.000000
0.019043 -0.720459 -0.594238 -0.671018 -0.976026 -0.793021 204628087197.000000
0.010254 -0.721680 -0.607178 -0.549015 -1.403038 -0.488013 204628090290.000000
0.015625 -0.725586 -0.600342 -0.183005 -1.159031 -0.854023 204628093398.000000
0.012695 -0.723145 -0.594727 0.305008 -1.159031 -0.549015 204628096474.000000
0.017090 -0.723145 -0.602051 0.122003 -1.281035 -0.122003 204628099546.000000
0.013672 -0.725342 -0.597412 0.427012 -1.342036 -0.183005 204628102627.000000
0.016602 -0.724121 -0.594971 0.976026 -1.037028 -0.122003 204628105714.000000
0.016846 -0.719971 -0.599854 1.098030 -1.525041 0.183005 204628108793.000000
0.020020 -0.727783 -0.598145 1.891051 -1.830049 0.183005 204628111885.000000
0.021240 -0.730957 -0.593262 1.708046 -1.891051 0.183005 204628114983.000000
0.023926 -0.737549 -0.594482 2.440066 -1.647044 0.000000 204628118077.000000
0.023193 -0.735107 -0.598145 2.867077 -2.196059 0.183005 204628121181.000000
0.020752 -0.740967 -0.602295 3.233087 -2.257061 0.732020 204628124272.000000
0.021973 -0.743896 -0.600830 4.270115 -2.196059 0.305008 204628127365.000000
0.021729 -0.749268 -0.594238 4.758128 -2.318063 0.305008 204628130470.000000
0.019043 -0.749512 -0.598877 5.307143 -2.562069 0.427012 204628133568.000000
0.019775 -0.753418 -0.598389 6.100165 -2.013054 0.366010 204628136656.000000
0.020996 -0.756348 -0.602051 6.283170 -1.952053 0.488013 204628139751.000000
0.018311 -0.755127 -0.608643 7.198194 -2.013054 0.610016 204628142867.000000
0.020508 -0.761475 -0.606689 7.442201 -1.647044 0.793021 204628145956.000000
0.018066 -0.756104 -0.611084 8.113219 -1.708046 0.793021 204628149045.000000
0.016113 -0.754639 -0.614502 8.662234 -1.525041 0.793021 204628152209.000000
0.017334 -0.755127 -0.625244 8.723236 -1.586043 0.671018 204628155302.000000
0.018066 -0.761475 -0.625000 9.150247 -2.196059 1.037028 204628158393.000000
0.016357 -0.759033 -0.631836 10.065272 -2.623071 0.976026 204628161494.000000
0.020020 -0.758057 -0.631348 10.553285 -3.416092 0.793021 204628164582.000000
0.029541 -0.755859 -0.642334 11.590313 -3.843104 0.854023 204628167680.000000
0.028564 -0.759521 -0.646973 12.078326 -3.660099 0.732020 204628170764.000000
0.029053 -0.750977 -0.646240 11.956323 -3.233087 0.610016 204628173852.000000
0.023438 -0.753174 -0.631592 11.163301 -3.538096 0.732020 204628176922.000000
0.017822 -0.753418 -0.609375 10.370280 -3.172086 0.671018 204628179994.000000
0.009277 -0.759521 -0.598389 9.943268 -3.721100 0.549015 204628183092.000000
0.017090 -0.763184 -0.588379 10.370280 -2.806076 1.037028 204628186159.000000
0.012695 -0.770996 -0.604980 11.407308 -2.318063 1.281035 204628189268.000000
0.015869 -0.772949 -0.589355 13.054352 -2.135058 1.647044 204628192347.000000
0.011963 -0.773926 -0.574951 15.372415 -2.684072 2.135058 204628195416.000000
0.019775 -0.767822 -0.581299 17.324468 -2.989081 2.379064 204628198499.000000
0.021729 -0.767578 -0.590332 18.544501 -2.745074 2.623071 204628201587.000000
0.028076 -0.764160 -0.603027 18.727506 -2.379064 2.562069 204628204671.000000
0.031006 -0.769287 -0.626221 18.910511 -1.220033 2.745074 204628207751.000000
0.034912 -0.764893 -0.635986 18.666504 -1.464040 2.867077 204628210843.000000
0.035156 -0.767822 -0.625244 19.215519 -1.342036 2.013054 204628213938.000000
0.036865 -0.770264 -0.615967 19.337522 -2.623071 1.891051 204628217028.000000
0.038818 -0.775391 -0.614014 19.337522 -2.867077 1.891051 204628220125.000000
0.037354 -0.774902 -0.612549 19.276520 -2.867077 1.952053 204628223211.000000
0.032715 -0.776611 -0.612305 19.093516 -2.440066 1.525041 204628226300.000000
0.024658 -0.780273 -0.604004 19.825535 -2.623071 1.464040 204628229427.000000
0.031006 -0.785889 -0.589355 20.496553 -2.684072 1.830049 204628232520.000000
0.026611 -0.787598 -0.594238 21.411578 -3.172086 1.647044 204628235611.000000
0.022217 -0.794189 -0.587891 22.631611 -3.416092 1.830049 204628238709.000000
0.021484 -0.794434 -0.582275 23.302629 -3.233087 1.708046 204628241828.000000
0.022705 -0.797363 -0.588135 24.644665 -3.660099 1.525041 204628244933.000000
0.020996 -0.797607 -0.593262 25.620692 -3.477094 1.891051 204628248029.000000
0.025879 -0.805908 -0.596191 25.986702 -3.538096 2.135058 204628251134.000000
0.024414 -0.806885 -0.596924 27.145733 -4.453120 1.891051 204628254228.000000
0.021484 -0.802246 -0.591797 27.694748 -5.002135 1.891051 204628257321.000000
0.024170 -0.808838 -0.588867 28.182761 -5.063137 1.891051 204628260418.000000
0.029053 -0.802246 -0.599609 28.609772 -5.490148 1.830049 204628263509.000000
0.020508 -0.804688 -0.591553 29.219789 -5.978161 1.647044 204628266596.000000
0.026611 -0.808350 -0.588135 29.707802 -6.100165 1.525041 204628269684.000000
0.020264 -0.808350 -0.589355 30.134814 -6.222168 1.403038 204628272776.000000
0.016846 -0.810059 -0.577393 31.049838 -6.649180 1.525041 204628275871.000000
0.016846 -0.809570 -0.571533 31.354847 -6.344171 1.403038 204628278997.000000
0.012939 -0.813965 -0.571045 32.452876 -6.527176 1.769048 204628282202.000000
0.015137 -0.815186 -0.573975 33.367901 -6.527176 1.769048 204628285284.000000
0.014893 -0.818848 -0.571533 34.404929 -6.039163 1.952053 204628288362.000000
0.016846 -0.816895 -0.569824 35.441957 -6.405173 1.952053 204628291439.000000
0.019287 -0.821777 -0.568115 35.807967 -6.222168 2.074056 204628294514.000000
0.018799 -0.827393 -0.565674 36.783993 -6.344171 1.891051 204628297590.000000
0.021484 -0.823730 -0.565674 37.028000 -6.649180 2.013054 204628300666.000000
0.019043 -0.823975 -0.562988 37.638016 -6.466175 2.013054 204628303742.000000
0.022217 -0.823242 -0.561523 38.431038 -6.649180 2.440066 204628306814.000000
0.030273 -0.824707 -0.557861 38.919051 -6.222168 2.196059 204628309903.000000
0.025391 -0.819580 -0.555420 39.834076 -6.344171 2.135058 204628312995.000000
0.023926 -0.819824 -0.552246 40.627097 -6.344171 2.440066 204628316117.000000
0.021484 -0.817627 -0.546631 41.237113 -6.649180 2.745074 204628319226.000000
0.022461 -0.817139 -0.551514 41.847130 -6.405173 2.806076 204628322320.000000
0.020264 -0.812744 -0.547119 42.396145 -6.588178 2.684072 204628325430.000000
0.020752 -0.816162 -0.541260 42.762155 -6.161166 2.623071 204628328533.000000
0.015869 -0.814941 -0.541504 43.494174 -6.649180 2.379064 204628331629.000000
0.018555 -0.814941 -0.541504 44.104191 -6.710181 3.050082 204628334722.000000
0.021240 -0.816650 -0.536865 44.653206 -6.771183 2.989081 204628337813.000000
0.020752 -0.820801 -0.535400 45.385225 -7.076191 2.867077 204628340917.000000
0.022217 -0.822754 -0.528564 46.239248 -7.015189 2.806076 204628344009.000000
0.026367 -0.821777 -0.530518 46.727262 -7.137193 2.623071 204628347097.000000
0.029297 -0.822510 -0.529053 47.398280 -7.015189 2.867077 204628350216.000000
0.022461 -0.825439 -0.533936 47.764290 -7.259196 2.745074 204628353304.000000
0.027832 -0.827148 -0.532959 48.374306 -7.198194 2.989081 204628356394.000000
0.029053 -0.833496 -0.527832 48.618313 -7.137193 2.623071 204628359501.000000
0.027588 -0.832275 -0.530273 48.801318 -7.198194 2.989081 204628362590.000000
0.029053 -0.834961 -0.523193 49.594339 -7.320198 3.233087 204628365678.000000
0.022705 -0.833740 -0.527100 50.204356 -7.198194 3.111084 204628368980.000000
0.019287 -0.829834 -0.515381 50.448362 -7.015189 3.233087 204628372257.000000
0.020020 -0.832275 -0.516846 51.241384 -6.832184 3.538096 204628375338.000000
0.016602 -0.833496 -0.506104 51.485390 -6.954188 3.599097 204628378414.000000
0.020020 -0.826416 -0.504639 51.729397 -6.954188 3.843104 204628381564.000000
0.018555 -0.827881 -0.492432 52.400415 -6.771183 4.148112 204628384649.000000
0.013672 -0.826904 -0.488281 53.071433 -6.649180 4.026109 204628387729.000000
0.010254 -0.831299 -0.488770 53.803453 -6.771183 4.697127 204628390833.000000
0.012939 -0.827393 -0.486084 53.986458 -6.527176 4.880132 204628393914.000000
0.017334 -0.830322 -0.472412 54.840481 -6.466175 5.368145 204628396995.000000
0.017578 -0.828369 -0.472412 55.084487 -6.283170 5.124138 204628400076.000000
0.022217 -0.832275 -0.464355 55.694504 -6.405173 5.307143 204628403155.000000
0.022705 -0.829102 -0.460693 56.304520 -5.734155 6.100165 204628408338.000000
0.023193 -0.826660 -0.460205 56.914537 -6.222168 5.795156 204628411478.000000
0.022461 -0.827881 -0.449707 57.707558 -5.734155 5.856158 204628414583.000000
0.025879 -0.828857 -0.443115 57.524553 -5.917160 6.527176 204628417675.000000
0.023438 -0.823975 -0.454102 58.134570 -6.039163 6.405173 204628420781.000000
0.023926 -0.826416 -0.447998 58.134570 -5.917160 6.710181 204628423874.000000
0.022949 -0.822510 -0.448242 59.110596 -6.039163 6.893186 204628426967.000000
0.025391 -0.818359 -0.440430 59.293601 -6.100165 6.710181 204628430074.000000
0.027100 -0.814697 -0.438965 59.598609 -6.405173 7.015189 204628433167.000000
0.024414 -0.816162 -0.437744 60.086622 -6.649180 6.832184 204628436277.000000
0.024658 -0.814941 -0.439941 60.330629 -6.344171 7.320198 204628439387.000000
0.019287 -0.816406 -0.437500 60.696639 -6.466175 6.954188 204628442476.000000
0.019531 -0.814453 -0.437500 61.489660 -6.649180 7.259196 204628445568.000000
0.018311 -0.812500 -0.433350 62.038675 -7.076191 7.442201 204628448664.000000
0.015625 -0.813477 -0.443604 63.258708 -7.808211 7.747209 204628451766.000000
0.016113 -0.807129 -0.444580 63.258708 -7.442201 7.930214 204628454884.000000
0.015869 -0.805908 -0.438965 62.404685 -6.344171 7.686208 204628457977.000000
0.002197 -0.799561 -0.416260 61.428659 -6.039163 8.113219 204628461078.000000
-0.003662 -0.802734 -0.401611 61.245654 -6.344171 7.991216 204628464167.000000
-0.009766 -0.797607 -0.402344 61.306655 -6.161166 8.418227 204628467254.000000
-0.003418 -0.802979 -0.416992 61.733667 -5.734155 8.662234 204628470349.000000
0.001709 -0.806396 -0.403320 62.160678 -5.612152 9.272250 204628473445.000000
0.002930 -0.808105 -0.400391 62.892698 -5.795156 9.272250 204628476524.000000
0.002686 -0.809082 -0.394775 63.502715 -5.734155 9.577259 204628479597.000000
0.001465 -0.807129 -0.395020 64.112731 -5.978161 10.004270 204628482740.000000
0.004395 -0.807129 -0.390869 64.600744 -6.222168 10.187275 204628485815.000000
0.006348 -0.805420 -0.388428 64.966754 -6.466175 10.919295 204628488901.000000
0.006348 -0.803467 -0.381836 65.637772 -6.527176 11.041298 204628491988.000000
0.011719 -0.803223 -0.380859 64.844751 -6.222168 11.041298 204628495087.000000
0.007568 -0.799561 -0.370361 64.661746 -5.917160 11.041298 204628498161.000000
0.012939 -0.802979 -0.356445 63.990728 -5.551150 11.102300 204628501242.000000
0.004150 -0.804932 -0.343506 63.441713 -5.612152 11.224303 204628504322.000000
0.003662 -0.808838 -0.332520 63.563716 -5.307143 11.346306 204628507403.000000
0.009033 -0.810303 -0.340088 63.502715 -5.490148 11.285305 204628510493.000000
0.008301 -0.813721 -0.329834 64.356738 -5.490148 11.224303 204628513589.000000
0.010254 -0.818848 -0.326172 64.966754 -5.673153 11.285305 204628516683.000000
0.011475 -0.817383 -0.324951 65.210761 -5.429147 11.224303 204628519789.000000
0.012207 -0.815186 -0.325195 65.515769 -5.307143 11.285305 204628522877.000000
0.010254 -0.815430 -0.324951 65.698774 -5.673153 11.224303 204628525967.000000
0.010742 -0.815186 -0.329590 65.820777 -5.429147 10.919295 204628529065.000000
0.011719 -0.811279 -0.324951 65.576771 -5.368145 10.797292 204628532240.000000
0.010742 -0.811035 -0.321289 65.576771 -5.307143 10.980296 204628535335.000000
0.010254 -0.810303 -0.323242 64.966754 -5.002135 10.980296 204628538435.000000
0.010010 -0.811035 -0.323242 65.027756 -4.697127 10.919295 204628541553.000000
0.008789 -0.810059 -0.311768 64.356738 -4.453120 10.858293 204628544659.000000
0.008789 -0.812988 -0.315186 64.539743 -4.148112 10.797292 204628547749.000000
0.008545 -0.808105 -0.306152 64.539743 -4.026109 11.102300 204628550871.000000
0.004150 -0.804443 -0.304199 64.905752 -4.270115 10.980296 204628553966.000000
0.000488 -0.808350 -0.284668 65.698774 -4.392119 11.163301 204628557059.000000
-0.001709 -0.810303 -0.290771 66.186787 -4.148112 11.102300 204628560164.000000
-0.009033 -0.816406 -0.284912 66.552797 -5.002135 11.224303 204628563251.000000
0.001221 -0.817139 -0.278564 66.430794 -4.209114 11.468310 204628566341.000000
0.000732 -0.819580 -0.296143 65.942780 -3.172086 11.590313 204628569434.000000
0.000000 -0.812012 -0.290527 64.356738 -2.440066 11.468310 204628572530.000000
-0.000977 -0.813721 -0.281738 64.112731 -2.440066 11.834320 204628575610.000000
-0.004150 -0.815918 -0.277832 64.478741 -2.257061 12.017324 204628578688.000000
-0.002441 -0.817139 -0.275391 64.417739 -1.525041 12.017324 204628581770.000000
-0.003662 -0.819092 -0.271240 64.173733 -2.074056 12.139328 204628584903.000000
-0.006104 -0.823486 -0.258789 64.173733 -1.586043 12.078326 204628587987.000000
-0.005371 -0.826904 -0.260742 64.417739 -1.525041 11.834320 204628591086.000000
-0.011719 -0.830322 -0.262451 64.356738 -1.342036 11.712316 204628594167.000000
-0.014648 -0.837402 -0.247559 64.295736 -1.281035 12.139328 204628597238.000000
-0.013428 -0.835693 -0.247559 63.929726 -0.976026 11.834320 204628600320.000000
-0.013672 -0.837402 -0.244141 64.417739 -0.854023 11.895321 204628603400.000000
-0.012451 -0.840820 -0.242432 64.600744 -0.732020 12.261331 204628606479.000000
-0.016357 -0.841309 -0.241943 64.356738 -0.915025 12.017324 204628609564.000000
-0.015869 -0.843750 -0.235107 64.295736 -0.488013 12.078326 204628612657.000000
-0.015381 -0.847412 -0.228760 64.295736 -0.366010 12.078326 204628615748.000000
-0.020508 -0.850830 -0.226563 64.112731 0.000000 12.017324 204628618837.000000
-0.023926 -0.854248 -0.214111 63.929726 0.000000 12.078326 204628621935.000000
-0.019287 -0.859619 -0.211182 64.356738 0.183005 12.444336 204628625030.000000
-0.029785 -0.862061 -0.205566 64.234734 0.183005 12.017324 204628628130.000000
-0.020996 -0.861572 -0.200684 64.600744 -0.244007 12.261331 204628631230.000000
-0.020508 -0.869385 -0.199951 64.722748 -0.183005 12.322333 204628634321.000000
-0.026855 -0.867188 -0.191650 65.088757 -0.183005 12.139328 204628637432.000000
-0.028564 -0.866699 -0.189697 65.149759 -0.122003 12.261331 204628640526.000000
-0.026611 -0.861084 -0.191650 65.576771 -0.183005 12.444336 204628643619.000000
-0.031494 -0.866211 -0.179932 66.369792 -0.671018 12.383334 204628646711.000000
-0.033447 -0.866455 -0.180664 67.650827 -1.708046 12.322333 204628649819.000000
-0.027588 -0.876709 -0.173828 68.016836 -2.196059 12.444336 204628652915.000000
-0.031250 -0.878906 -0.190186 67.284817 -0.488013 12.017324 204628656008.000000
-0.035400 -0.867188 -0.194092 65.759776 -0.305008 12.139328 204628659096.000000
-0.037354 -0.863281 -0.176514 64.966754 -0.305008 12.383334 204628662253.000000
-0.041260 -0.867920 -0.172119 64.966754 0.610016 12.566339 204628665340.000000
-0.039307 -0.865479 -0.167480 64.966754 0.305008 12.444336 204628668427.000000
-0.041992 -0.873047 -0.160889 64.844751 -0.061002 12.688343 204628671803.000000
-0.042480 -0.872070 -0.168457 64.661746 0.122003 12.383334 204628674888.000000
-0.045166 -0.873047 -0.164307 64.478741 0.366010 12.139328 204628677965.000000
-0.043213 -0.872070 -0.160645 64.478741 0.366010 12.383334 204628681046.000000
-0.042236 -0.871338 -0.155762 64.234734 0.488013 12.200329 204628684174.000000
-0.044434 -0.872070 -0.148926 64.478741 0.488013 12.444336 204628687269.000000
-0.049072 -0.878174 -0.148926 64.173733 0.366010 12.200329 204628690347.000000
-0.048584 -0.877197 -0.145996 64.295736 0.610016 12.200329 204628693428.000000
-0.048340 -0.876221 -0.140137 64.234734 0.549015 12.444336 204628696509.000000
-0.050049 -0.882080 -0.142090 64.051729 0.549015 12.383334 204628699591.000000
-0.048828 -0.879395 -0.138916 64.295736 0.610016 12.749344 204628702676.000000
-0.053711 -0.879395 -0.138184 64.661746 0.549015 12.383334 204628705754.000000
-0.055664 -0.892090 -0.127441 65.210761 0.000000 12.383334 204628708831.000000
-0.054443 -0.890625 -0.126465 66.003782 0.122003 12.566339 204628711925.000000
-0.054688 -0.899902 -0.118164 66.003782 -0.610016 12.810346 204628715019.000000
-0.053223 -0.900879 -0.119629 65.393766 0.183005 12.139328 204628718111.000000
-0.053223 -0.900635 -0.121582 63.868724 1.098030 12.627341 204628721217.000000
-0.055176 -0.901123 -0.123535 63.258708 0.793021 12.566339 204628724309.000000
-0.053711 -0.902100 -0.106689 63.197706 0.976026 13.298359 204628727401.000000
-0.051514 -0.904053 -0.105713 63.380711 0.793021 13.115354 204628730507.000000
-0.052734 -0.907959 -0.101074 63.197706 0.671018 13.481364 204628733599.000000
-0.046631 -0.906982 -0.094971 63.075703 0.183005 12.932349 204628736697.000000
-0.049316 -0.910156 -0.087891 62.953700 0.305008 13.237357 204628739791.000000
-0.045654 -0.908936 -0.096191 63.014701 0.305008 12.749344 204628742907.000000
-0.046631 -0.907715 -0.077881 63.075703 -0.061002 13.054352 204628745998.000000
-0.049316 -0.912842 -0.073975 62.587690 -0.244007 12.627341 204628749088.000000
-0.047852 -0.908447 -0.077637 62.343683 -0.305008 12.627341 204628752259.000000
-0.044189 -0.912354 -0.067139 62.648692 -0.671018 12.078326 204628755348.000000
-0.047363 -0.892578 -0.062012 62.160678 -1.037028 11.590313 204628766901.000000
-0.047607 -0.891846 -0.062988 62.221680 -0.793021 11.041298 204628770924.000000
-0.047852 -0.892334 -0.067871 61.916672 -1.403038 10.614287 204628774114.000000
-0.054932 -0.895508 -0.058105 61.428659 -1.769048 10.126273 204628777218.000000
-0.057373 -0.894287 -0.060791 61.306655 -1.647044 9.943268 204628780316.000000
-0.057861 -0.892578 -0.052490 60.818642 -1.891051 9.638260 204628783413.000000
-0.062500 -0.892822 -0.051025 60.391631 -1.952053 9.211249 204628786619.000000
-0.065674 -0.893066 -0.046631 60.208626 -1.464040 9.272250 204628789749.000000
-0.067871 -0.898682 -0.036377 60.025621 -1.403038 9.211249 204628793008.000000
-0.070801 -0.896973 -0.041260 59.720612 -1.769048 9.028244 204628796132.000000
-0.076660 -0.894287 -0.033447 59.903617 -1.464040 9.089245 204628799306.000000
-0.080322 -0.895996 -0.029053 59.659611 -1.403038 9.150247 204628802446.000000
-0.077881 -0.895752 -0.023926 59.354603 -1.769048 8.967242 204628805552.000000
-0.077393 -0.893555 -0.026855 59.354603 -1.525041 9.333252 204628808658.000000
-0.080566 -0.899658 -0.022461 58.866589 -1.220033 9.333252 204628811757.000000
-0.083008 -0.890381 -0.017090 58.988593 -1.891051 10.004270 204628814899.000000
-0.072266 -0.894043 -0.010254 58.622583 -1.647044 10.126273 204628817981.000000
-0.076904 -0.896973 -0.008057 58.744586 -2.074056 10.309278 204628821074.000000
-0.076904 -0.901611 -0.004639 58.439578 -2.318063 10.248277 204628824156.000000
-0.075684 -0.902832 0.001465 58.012566 -2.440066 10.614287 204628827236.000000
-0.073242 -0.908203 -0.000732 57.829561 -2.318063 10.431282 204628830323.000000
-0.073975 -0.909668 0.012695 57.341548 -2.562069 11.224303 204628833422.000000
-0.065674 -0.912842 0.011963 56.670530 -2.501068 10.553285 204628836504.000000
-0.064453 -0.910645 0.010986 56.853535 -2.562069 10.553285 204628839595.000000
-0.064941 -0.915283 0.024658 56.731532 -2.318063 10.797292 204628842723.000000
-0.068359 -0.915039 0.031494 55.999512 -2.562069 10.553285 204628845822.000000
-0.062256 -0.915039 0.032471 56.060514 -2.501068 10.187275 204628848916.000000
-0.055664 -0.917236 0.026123 55.938510 -2.928079 9.821265 204628852116.000000
-0.051758 -0.914307 0.033691 55.877509 -2.806076 10.065272 204628855214.000000
-0.065186 -0.909180 0.039307 55.389496 -2.379064 9.638260 204628858319.000000
-0.069824 -0.914063 0.034668 55.450497 -2.196059 9.760264 204628861441.000000
-0.066162 -0.909180 0.043457 54.535472 -2.135058 9.882267 204628864548.000000
-0.069092 -0.912354 0.048584 54.230464 -2.257061 9.943268 204628867639.000000
-0.068359 -0.911621 0.052002 53.925456 -2.135058 10.004270 204628870744.000000
-0.062256 -0.910645 0.059814 53.559446 -3.111084 9.760264 204628873855.000000
-0.066162 -0.904297 0.064697 53.376441 -2.867077 9.882267 204628876941.000000
-0.069336 -0.903809 0.063477 52.156408 -2.684072 9.333252 204628880025.000000
-0.068359 -0.909180 0.058350 51.790398 -2.440066 9.211249 204628883118.000000
-0.072754 -0.906494 0.062744 50.570365 -2.928079 9.089245 204628886345.000000
-0.073730 -0.907715 0.047607 50.021351 -3.172086 8.662234 204628889436.000000
-0.073975 -0.912354 0.032715 49.655341 -4.758128 8.601232 204628892545.000000
-0.069092 -0.912842 0.026367 49.594339 -5.063137 8.784237 204628895640.000000
-0.065674 -0.910156 0.016357 49.289331 -4.575124 7.869212 204628898724.000000
-0.068848 -0.899902 0.014160 48.679314 -4.148112 7.991216 204628901823.000000
-0.066895 -0.895020 0.029785 47.215275 -4.087110 7.442201 204628904909.000000
-0.080566 -0.888428 0.052734 45.385225 -4.026109 7.686208 204628907998.000000
-0.094727 -0.896484 0.066406 44.043189 -4.148112 7.015189 204628911105.000000
-0.093262 -0.905518 0.085938 43.067163 -5.307143 7.747209 204628914188.000000
-0.095215 -0.918945 0.089844 43.372171 -4.697127 7.747209 204628917268.000000
-0.099121 -0.926514 0.096680 44.592204 -4.087110 7.686208 204628920375.000000
-0.101318 -0.922852 0.113281 45.507229 -5.185140 7.808211 204628923462.000000
-0.097900 -0.897949 0.122070 46.483255 -6.954188 9.333252 204628926545.000000
-0.099365 -0.926758 0.106689 46.666260 -6.039163 8.784237 204628929638.000000
-0.094971 -0.919434 0.106934 46.178247 -6.039163 8.967242 204628932738.000000
-0.089844 -0.910645 0.085938 45.141219 -5.429147 9.211249 204628935835.000000
-0.090088 -0.906006 0.088867 43.616178 -4.575124 9.333252 204628938930.000000
-0.090088 -0.914063 0.083496 43.128164 -4.880132 9.150247 204628942089.000000
-0.085693 -0.914307 0.099121 43.128164 -5.978161 9.333252 204628945188.000000
-0.079590 -0.920654 0.107422 43.250168 -7.076191 9.455255 204628948301.000000
-0.079590 -0.915771 0.107422 42.396145 -7.320198 9.272250 204628951405.000000
-0.084961 -0.914795 0.102051 40.932105 -7.381199 9.089245 204628954498.000000
-0.076660 -0.911865 0.103271 40.139084 -7.869212 8.967242 204628957593.000000
-0.075439 -0.910889 0.105225 39.041054 -8.174221 8.540231 204628960694.000000
-0.075195 -0.915039 0.110840 38.370036 -8.601232 8.113219 204628963798.000000
-0.078613 -0.920410 0.112793 37.455011 -9.333252 7.808211 204628966922.000000
-0.079590 -0.918701 0.112305 36.722992 -9.577259 7.320198 204628970387.000000
-0.086182 -0.914795 0.117920 36.356982 -9.516257 7.686208 204628973519.000000
-0.095703 -0.912109 0.121338 35.746965 -9.394254 7.442201 204628976608.000000
-0.090088 -0.916748 0.124756 34.953944 -9.272250 7.869212 204628979692.000000
-0.091064 -0.912354 0.130371 34.770939 -9.638260 7.991216 204628982778.000000
-0.086426 -0.920410 0.135498 34.526932 -9.272250 8.174221 204628985853.000000
-0.086670 -0.922363 0.141357 34.465931 -9.760264 8.296224 204628988928.000000
-0.085449 -0.920410 0.142822 34.099921 -10.004270 8.418227 204628992075.000000
-0.087402 -0.923584 0.138428 34.038919 -10.004270 8.235222 204628995153.000000
-0.080811 -0.925537 0.145264 33.794912 -10.126273 8.235222 204628998247.000000
-0.080322 -0.928955 0.141602 34.038919 -10.004270 8.174221 204629001332.000000
-0.078613 -0.936035 0.145508 34.038919 -10.431282 7.747209 204629004420.000000
-0.082275 -0.939941 0.150391 33.794912 -10.614287 7.869212 204629007513.000000
-0.083252 -0.936035 0.147949 33.611908 -10.736290 7.198194 204629010669.000000
-0.078125 -0.936523 0.151367 33.794912 -10.919295 7.442201 204629013756.000000
-0.079834 -0.939697 0.153564 33.550906 -11.407308 6.954188 204629016839.000000
-0.074463 -0.943604 0.148682 33.184896 -12.017324 6.100165 204629019952.000000
-0.082764 -0.942139 0.145996 33.184896 -11.895321 6.161166 204629023078.000000
-0.090576 -0.941162 0.150391 32.940889 -11.590313 6.649180 204629026160.000000
-0.087891 -0.940918 0.152344 32.208870 -11.773318 6.039163 204629029266.000000
-0.091064 -0.937744 0.148682 31.964863 -11.834320 6.161166 204629032370.000000
-0.086182 -0.940430 0.155762 31.659855 -11.712316 5.673153 204629035464.000000
-0.086182 -0.934082 0.153809 31.537852 -11.895321 5.795156 204629038561.000000
-0.083496 -0.931152 0.148926 30.866833 -12.139328 5.673153 204629041676.000000
-0.085693 -0.926514 0.161133 30.378820 -12.322333 5.429147 204629044788.000000
-0.084473 -0.929688 0.158203 29.951809 -12.383334 5.490148 204629047884.000000
-0.087402 -0.929688 0.156006 29.341792 -12.749344 5.429147 204629050980.000000
-0.088379 -0.927734 0.167236 28.914781 -12.688343 4.941133 204629054074.000000
-0.087158 -0.924072 0.170166 28.670774 -12.566339 5.368145 204629057167.000000
-0.088379 -0.924805 0.168213 28.304764 -12.810346 5.124138 204629060267.000000
-0.087891 -0.920654 0.172852 27.999756 -13.176356 5.429147 204629063377.000000
-0.081543 -0.916504 0.174072 27.389740 -13.054352 4.941133 204629066472.000000
-0.089355 -0.916748 0.176270 26.718721 -13.237357 5.124138 204629069568.000000
-0.080322 -0.914307 0.170410 26.291710 -13.298359 5.063137 204629072659.000000
-0.084473 -0.915771 0.169434 26.413713 -13.603367 4.758128 204629075755.000000
-0.078125 -0.915039 0.172363 25.559690 -13.420362 4.636125 204629078890.000000
-0.080322 -0.918213 0.183350 25.193680 -14.152382 4.270115 204629081974.000000
-0.078369 -0.922852 0.176270 24.644665 -14.640395 3.599097 204629085061.000000
-0.072754 -0.923340 0.177246 24.339657 -14.274385 4.148112 204629088145.000000
-0.080811 -0.928467 0.167725 24.156652 -13.786372 3.782102 204629091231.000000
-0.081299 -0.929199 0.176270 23.607637 -13.786372 3.904105 204629094308.000000
-0.086182 -0.928467 0.177734 23.363631 -12.749344 4.148112 204629097389.000000
-0.089355 -0.932129 0.184082 23.241628 -12.383334 4.087110 204629100465.000000
-0.084961 -0.937744 0.188965 22.875618 -12.688343 4.209114 204629103562.000000
-0.085693 -0.941650 0.193115 22.753614 -12.017324 3.843104 204629106662.000000
-0.086182 -0.944824 0.191162 22.509608 -11.712316 4.026109 204629109902.000000
-0.084961 -0.943115 0.191162 22.509608 -11.285305 4.209114 204629113916.000000
-0.086426 -0.944092 0.196289 22.021595 -11.468310 3.965107 204629117204.000000
-0.088623 -0.948975 0.196289 21.777588 -11.529311 4.270115 204629120352.000000
-0.085449 -0.943359 0.197998 21.289575 -11.895321 3.965107 204629123496.000000
-0.049805 -0.949219 0.208984 21.228573 -35.319954 -6.344171 204629126582.000000
0.187012 -0.976318 0.194580 14.518392 -33.855914 -17.812481 204629129689.000000
-0.117432 -0.807617 0.072266 11.895321 -24.522662 -10.614287 204629132775.000000
-0.233643 -0.912109 0.206055 14.762399 -24.888672 -1.708046 204629135855.000000
-0.209961 -1.010742 0.266357 17.995486 -22.204600 1.708046 204629138924.000000
-0.166992 -1.020020 0.195557 19.093516 -12.322333 1.708046 204629142140.000000
-0.149414 -0.976563 0.221680 19.825535 -12.505338 3.599097 204629145215.000000
-0.133545 -0.957275 0.247559 20.313548 -13.603367 4.758128 204629148297.000000
-0.110107 -0.947998 0.239746 20.313548 -11.224303 4.941133 204629151378.000000
-0.098877 -0.953857 0.237061 20.252547 -11.590313 4.697127 204629154460.000000
-0.097656 -0.952393 0.237061 19.947539 -12.261331 4.514122 204629157549.000000
-0.096680 -0.948730 0.229736 19.825535 -11.468310 4.026109 204629160716.000000
-0.100586 -0.953369 0.225342 19.398524 -11.651315 3.782102 204629163811.000000
-0.109131 -0.954834 0.233643 19.154517 -11.468310 4.026109 204629166978.000000
-0.117188 -0.955078 0.224609 19.032514 -11.895321 4.514122 204629170088.000000
-0.117676 -0.951172 0.223877 18.971512 -11.956323 4.331117 204629173177.000000
-0.115723 -0.956787 0.227783 18.727506 -12.139328 4.514122 204629176266.000000
-0.118164 -0.954102 0.226563 19.154517 -12.322333 4.514122 204629179348.000000
-0.117920 -0.948975 0.225098 19.215519 -12.993351 4.697127 204629182430.000000
-0.120117 -0.948242 0.224365 18.361496 -12.993351 4.575124 204629185500.000000
-0.113281 -0.946045 0.237305 17.873483 -12.505338 4.636125 204629188583.000000
-0.125488 -0.942627 0.240723 17.080461 -12.810346 4.880132 204629191669.000000
-0.124756 -0.940430 0.247314 17.202464 -12.749344 5.002135 204629194748.000000
-0.126953 -0.941650 0.243896 17.202464 -12.810346 4.453120 204629197819.000000
-0.125977 -0.942871 0.234131 17.202464 -12.993351 4.697127 204629200889.000000
-0.127441 -0.943604 0.225342 16.897456 -13.359361 4.636125 204629203994.000000
-0.124268 -0.940186 0.226807 16.592448 -14.274385 3.782102 204629207087.000000
-0.023193 -0.958984 0.256348 15.677423 -26.962728 -0.732020 204629210160.000000
-0.075439 -0.909912 0.177246 12.688343 -24.766669 -4.636125 204629213244.000000
-0.154053 -0.880615 0.192139 11.651315 -22.387604 -1.281035 204629216324.000000
-0.186035 -0.945801 0.215088 12.444336 -19.825535 0.732020 204629219412.000000
-0.182861 -0.970947 0.230713 13.725371 -18.117489 2.684072 204629222510.000000
-0.185059 -0.963379 0.214111 13.603367 -15.738425 3.660099 204629225602.000000
-0.155762 -0.953125 0.226807 13.603367 -15.433417 3.721100 204629228694.000000
-0.145752 -0.939453 0.231201 12.993351 -15.738425 3.660099 204629231801.000000
-0.144531 -0.936035 0.231689 12.200329 -15.799427 3.538096 204629234903.000000
-0.135254 -0.937744 0.229492 11.956323 -16.104435 3.355091 204629238000.000000
-0.136230 -0.937500 0.231934 11.468310 -16.043433 3.050082 204629241116.000000
-0.142822 -0.937012 0.230225 10.797292 -16.531446 2.989081 204629244217.000000
-0.151855 -0.941162 0.230713 10.919295 -16.287440 2.745074 204629247324.000000
-0.150879 -0.944336 0.243896 10.248277 -16.348441 2.257061 204629250433.000000
-0.155762 -0.946533 0.242920 9.882267 -16.775453 2.684072 204629253547.000000
-0.153076 -0.948975 0.243652 9.760264 -16.531446 2.562069 204629256638.000000
-0.158936 -0.955078 0.240479 9.394254 -16.836455 2.501068 204629259746.000000
-0.160156 -0.951660 0.239502 9.211249 -17.080461 2.318063 204629262866.000000
-0.161377 -0.956299 0.237549 8.540231 -17.446471 2.623071 204629265959.000000
-0.161621 -0.960693 0.237549 8.235222 -17.263466 2.440066 204629269050.000000
-0.164795 -0.960449 0.243652 7.625206 -16.897456 2.989081 204629272227.000000
-0.166504 -0.966064 0.241943 7.442201 -16.653450 2.989081 204629275316.000000
-0.169678 -0.957520 0.251953 7.381199 -16.470445 2.989081 204629278401.000000
-0.172607 -0.958252 0.244629 6.588178 -17.080461 3.050082 204629281482.000000
-0.174316 -0.959961 0.246338 6.771183 -16.897456 3.477094 204629284567.000000
-0.177734 -0.957764 0.241455 6.527176 -17.019460 3.965107 204629287650.000000
-0.175293 -0.954102 0.243896 6.283170 -16.775453 4.026109 204629290728.000000
-0.181641 -0.952637 0.250000 5.917160 -16.653450 4.392119 204629293826.000000
-0.180664 -0.948242 0.244873 5.490148 -17.141463 4.209114 204629296917.000000
-0.184814 -0.943115 0.248779 5.429147 -16.958458 4.758128 204629299998.000000
-0.187744 -0.939209 0.242920 5.002135 -16.958458 4.819130 204629303114.000000
-0.191162 -0.937012 0.245361 4.880132 -17.263466 5.063137 204629306190.000000
-0.192383 -0.938232 0.251709 4.575124 -17.141463 4.880132 204629309270.000000
-0.200439 -0.931641 0.244629 4.270115 -17.080461 5.246142 204629312351.000000
-0.197998 -0.937012 0.247070 3.965107 -16.653450 5.307143 204629315427.000000
-0.207520 -0.936768 0.248535 3.843104 -17.324468 5.063137 204629318505.000000
-0.212891 -0.931396 0.247803 3.355091 -17.019460 5.246142 204629321586.000000
-0.214111 -0.932617 0.247070 3.172086 -16.958458 5.978161 204629324667.000000
-0.222656 -0.933594 0.241699 2.684072 -17.446471 5.612152 204629327747.000000
-0.224609 -0.936279 0.242432 2.562069 -17.202464 5.856158 204629330827.000000
-0.223633 -0.932129 0.243164 1.952053 -17.751479 6.100165 204629333923.000000
-0.232178 -0.936279 0.243896 2.074056 -18.056488 6.222168 204629336995.000000
-0.234131 -0.935059 0.239502 1.769048 -18.117489 6.527176 204629340101.000000
-0.235596 -0.936035 0.239746 1.525041 -18.300494 6.405173 204629343199.000000
-0.234375 -0.938965 0.239014 1.220033 -18.117489 6.466175 204629346294.000000
-0.236572 -0.936768 0.246094 0.854023 -17.995486 6.710181 204629349430.000000
-0.247070 -0.941406 0.242920 0.732020 -17.995486 6.710181 204629352529.000000
-0.248779 -0.937256 0.240723 0.549015 -17.934484 6.954188 204629355620.000000
-0.249023 -0.939697 0.242188 0.061002 -18.117489 7.259196 204629358719.000000
-0.249023 -0.937988 0.239258 -0.488013 -18.117489 7.442201 204629361820.000000
-0.252441 -0.937988 0.235596 -0.732020 -18.239492 7.991216 204629364900.000000
-0.253662 -0.937744 0.246094 -0.854023 -18.300494 7.991216 204629367978.000000
-0.254150 -0.941406 0.249268 -1.281035 -18.422497 8.540231 204629371080.000000
-0.252686 -0.943848 0.244385 -1.586043 -18.300494 8.418227 204629374183.000000
-0.256592 -0.947998 0.250000 -1.769048 -18.178491 8.601232 204629377272.000000
-0.246826 -0.948975 0.252686 -1.891051 -18.178491 8.723236 204629380356.000000
-0.250488 -0.949463 0.243896 -2.318063 -18.422497 8.662234 204629383443.000000
-0.244629 -0.952881 0.250244 -2.745074 -17.751479 8.723236 204629386511.000000
-0.246338 -0.957520 0.242676 -2.623071 -18.239492 9.211249 204629389588.000000
-0.241211 -0.955811 0.249756 -3.111084 -18.239492 8.845239 204629392682.000000
-0.240479 -0.960449 0.247314 -2.867077 -17.873483 9.028244 204629395750.000000
-0.231934 -0.959961 0.251953 -2.989081 -18.178491 8.540231 204629398863.000000
-0.225586 -0.962891 0.246582 -2.745074 -18.300494 8.479229 204629401942.000000
-0.224121 -0.958496 0.258545 -2.623071 -18.300494 8.723236 204629405037.000000
-0.225098 -0.962891 0.241455 -2.989081 -17.446471 9.089245 204629408117.000000
-0.225830 -0.959961 0.251953 -3.111084 -16.409443 9.394254 204629411200.000000
-0.224609 -0.958496 0.252686 -3.050082 -16.165436 8.967242 204629414281.000000
-0.224609 -0.958740 0.256104 -3.111084 -15.982432 8.784237 204629417358.000000
-0.219971 -0.957031 0.257080 -3.172086 -14.945404 8.784237 204629420448.000000
-0.211670 -0.962891 0.259766 -2.928079 -14.640395 8.479229 204629423542.000000
-0.213135 -0.961182 0.262939 -3.111084 -14.274385 8.540231 204629426633.000000
-0.216064 -0.963623 0.264648 -3.050082 -13.847374 8.662234 204629429745.000000
-0.213135 -0.965332 0.258789 -2.928079 -12.810346 8.601232 204629432845.000000
-0.212158 -0.963135 0.262207 -2.928079 -12.383334 8.479229 204629435961.000000
-0.210693 -0.968262 0.263672 -2.745074 -12.078326 8.540231 204629439076.000000
-0.210205 -0.969482 0.267822 -2.745074 -11.834320 8.418227 204629442241.000000
-0.209473 -0.968018 0.270020 -2.074056 -11.590313 8.052217 204629445333.000000
-0.205566 -0.964844 0.263428 -2.257061 -11.346306 7.808211 204629448425.000000
-0.207275 -0.966797 0.265137 -1.952053 -11.285305 8.052217 204629451527.000000
-0.203125 -0.965088 0.262451 -1.769048 -10.797292 7.564204 204629454623.000000
-0.204590 -0.961914 0.265625 -1.464040 -10.431282 7.564204 204629457714.000000
-0.205811 -0.960449 0.266602 -1.342036 -10.309278 7.320198 204629460820.000000
-0.208496 -0.960693 0.264648 -1.281035 -9.699262 7.320198 204629463912.000000
-0.208984 -0.956299 0.270508 -0.793021 -9.333252 6.893186 204629467002.000000
-0.207275 -0.953613 0.260498 -0.976026 -9.150247 7.137193 204629470103.000000
-0.206787 -0.953125 0.261719 -1.037028 -8.540231 7.015189 204629473198.000000
-0.204102 -0.947266 0.262695 -0.915025 -8.357226 6.771183 204629476287.000000
-0.202881 -0.946777 0.263428 -0.793021 -8.357226 6.588178 204629479374.000000
-0.203369 -0.947021 0.265625 -0.610016 -7.808211 6.283170 204629482457.000000
-0.203857 -0.947754 0.265869 -0.610016 -7.564204 6.283170 204629485546.000000
-0.206299 -0.953369 0.270264 -0.488013 -7.259196 6.588178 204629488623.000000
-0.206055 -0.947510 0.274170 -0.183005 -7.320198 6.039163 204629491696.000000
-0.206543 -0.949463 0.270020 -0.183005 -6.893186 6.100165 204629494779.000000
-0.210693 -0.953369 0.269531 -0.183005 -7.137193 5.734155 204629497858.000000
-0.206543 -0.948730 0.270752 -0.183005 -6.527176 5.551150 204629500951.000000
-0.204346 -0.942627 0.271240 0.305008 -7.076191 5.124138 204629504037.000000
-0.196533 -0.942139 0.268066 0.427012 -6.466175 5.246142 204629507115.000000
-0.199951 -0.944580 0.271729 0.366010 -5.856158 5.002135 204629510199.000000
-0.209961 -0.940430 0.266846 0.793021 -5.612152 5.124138 204629513293.000000
-0.205322 -0.941162 0.269775 0.610016 -5.429147 5.124138 204629516372.000000
-0.211670 -0.936035 0.269287 0.915025 -4.453120 5.124138 204629519478.000000
-0.212402 -0.937988 0.261719 0.732020 -4.392119 4.636125 204629522580.000000
-0.215332 -0.937988 0.272461 0.976026 -4.148112 4.880132 204629525682.000000
-0.214111 -0.934570 0.264893 0.915025 -3.721100 4.758128 204629528775.000000
-0.215088 -0.936035 0.270264 1.281035 -3.538096 4.270115 204629531883.000000
-0.214111 -0.933594 0.274170 1.220033 -3.538096 4.636125 204629535028.000000
-0.217529 -0.933838 0.278076 1.220033 -2.867077 4.148112 204629538117.000000
-0.217529 -0.931396 0.273682 1.525041 -2.806076 4.514122 204629541244.000000
-0.223633 -0.934814 0.272705 1.281035 -2.257061 4.026109 204629544341.000000
-0.219482 -0.932617 0.270752 1.525041 -1.952053 4.148112 204629547437.000000
-0.214355 -0.937012 0.270752 1.220033 -1.464040 3.965107 204629550608.000000
-0.218262 -0.931152 0.277344 1.220033 -1.159031 4.209114 204629553705.000000
-0.217041 -0.931396 0.272217 1.769048 -0.549015 3.599097 204629556799.000000
-0.211670 -0.937744 0.275879 1.525041 -0.427012 4.026109 204629559907.000000
-0.217773 -0.936279 0.273193 1.403038 -0.061002 3.660099 204629563010.000000
-0.216797 -0.934570 0.280518 1.525041 0.488013 3.294089 204629566106.000000
-0.218018 -0.934570 0.272949 1.830049 0.366010 3.599097 204629569214.000000
-0.218018 -0.932617 0.272461 1.525041 0.305008 3.477094 204629572305.000000
-0.219482 -0.935059 0.273193 1.952053 0.976026 3.294089 204629575709.000000
-0.216553 -0.931885 0.278076 1.525041 1.342036 3.050082 204629578796.000000
-0.216064 -0.930664 0.274414 1.830049 1.525041 2.867077 204629581879.000000
-0.217529 -0.925781 0.266846 1.708046 1.586043 2.928079 204629584961.000000
-0.216797 -0.925781 0.273682 2.013054 1.891051 3.233087 204629588059.000000
-0.214111 -0.921387 0.272461 1.525041 2.440066 2.684072 204629591141.000000
-0.216064 -0.923340 0.278320 1.708046 2.684072 2.745074 204629594222.000000
-0.215576 -0.921387 0.272705 1.952053 2.318063 2.501068 204629597306.000000
-0.209961 -0.919434 0.270020 1.464040 2.745074 2.257061 204629600393.000000
-0.213623 -0.921387 0.266113 1.647044 2.745074 2.013054 204629603472.000000
-0.216309 -0.922363 0.269043 1.342036 3.538096 2.013054 204629606550.000000
-0.213135 -0.921387 0.271729 1.403038 3.416092 2.013054 204629609646.000000
-0.213867 -0.924072 0.269775 1.342036 3.721100 1.769048 204629612727.000000
-0.207764 -0.924805 0.272461 1.098030 4.209114 1.647044 204629615802.000000
-0.206787 -0.927734 0.273682 1.403038 4.575124 1.403038 204629618881.000000
-0.208496 -0.928955 0.271240 1.464040 4.880132 0.854023 204629621982.000000
-0.211182 -0.929688 0.270752 0.915025 5.246142 0.793021 204629625082.000000
-0.216553 -0.930420 0.280029 1.220033 5.490148 0.671018 204629628178.000000
-0.213135 -0.937256 0.285156 1.525041 5.734155 0.244007 204629631285.000000
-0.216064 -0.931152 0.282959 1.586043 5.978161 0.366010 204629634390.000000
-0.217773 -0.935791 0.281250 1.891051 5.978161 0.488013 204629637507.000000
-0.219971 -0.940430 0.286133 2.013054 6.405173 0.244007 204629640614.000000
-0.215576 -0.944580 0.290283 2.257061 6.588178 -0.061002 204629643707.000000
-0.216553 -0.948486 0.286865 2.440066 6.954188 -0.488013 204629646834.000000
-0.214844 -0.949707 0.291504 2.562069 7.198194 -0.183005 204629649943.000000
-0.215088 -0.952393 0.286377 2.867077 7.686208 -0.793021 204629653035.000000
-0.214111 -0.951660 0.292480 2.806076 8.052217 -0.976026 204629656127.000000
-0.213867 -0.953125 0.288574 3.233087 8.967242 -0.915025 204629659235.000000
-0.217773 -0.956543 0.284668 2.928079 9.150247 -1.037028 204629662328.000000
-0.218506 -0.957275 0.282471 2.501068 9.455255 -1.769048 204629665424.000000
-0.210449 -0.954346 0.270020 2.806076 9.211249 -1.586043 204629668513.000000
-0.204102 -0.956543 0.259277 2.867077 8.723236 -1.464040 204629671619.000000
-0.200195 -0.955566 0.232910 2.989081 9.211249 -2.623071 204629674708.000000
-0.194336 -0.946777 0.228271 2.928079 9.699262 -2.379064 204629677798.000000
-0.198486 -0.944580 0.230469 2.440066 10.614287 -2.623071 204629680872.000000
-0.209229 -0.940186 0.240234 1.403038 10.797292 -2.806076 204629683971.000000
-0.216553 -0.941162 0.271973 0.244007 11.712316 -3.477094 204629687076.000000
-0.227539 -0.944824 0.289063 -0.122003 11.834320 -3.538096 204629690156.000000
-0.224854 -0.955566 0.300781 0.610016 11.590313 -3.660099 204629693292.000000
-0.221436 -0.962891 0.292725 1.220033 12.383334 -3.782102 204629696375.000000
-0.218262 -0.964600 0.301270 2.318063 13.054352 -3.416092 204629699457.000000
-0.220947 -0.966797 0.299805 3.355091 13.054352 -3.355091 204629702539.000000
-0.220215 -0.959473 0.283936 4.026109 12.627341 -3.233087 204629705622.000000
-0.222900 -0.950439 0.287109 4.636125 13.115354 -3.599097 204629708702.000000
-0.218262 -0.947754 0.291992 4.575124 13.359361 -3.721100 204629711786.000000
-0.217529 -0.943848 0.286621 4.087110 14.213384 -3.355091 204629714868.000000
-0.213379 -0.941406 0.265625 3.355091 15.372415 -3.660099 204629717951.000000
-0.211182 -0.946045 0.255859 3.477094 15.677423 -3.843104 204629721047.000000
-0.214355 -0.951660 0.269531 3.355091 15.067407 -3.599097 204629724143.000000
-0.211670 -0.950195 0.274414 3.843104 14.335387 -4.209114 204629727235.000000
-0.208008 -0.947021 0.267578 3.599097 13.969377 -4.514122 204629730347.000000
-0.212646 -0.944092 0.269775 3.233087 13.969377 -4.697127 204629733440.000000
-0.215088 -0.947510 0.274902 3.111084 14.335387 -5.307143 204629736532.000000
-0.218750 -0.941895 0.283691 2.623071 14.213384 -5.246142 204629739638.000000
-0.221924 -0.949219 0.281494 2.989081 14.396389 -5.490148 204629742730.000000
-0.217041 -0.947998 0.282715 2.562069 14.152382 -5.856158 204629745821.000000
-0.223389 -0.949951 0.284912 3.050082 14.152382 -5.795156 204629748913.000000
-0.219971 -0.950684 0.283447 3.233087 14.579394 -6.100165 204629752073.000000
-0.219482 -0.955322 0.277100 3.172086 14.396389 -6.100165 204629755163.000000
-0.223633 -0.952881 0.272217 3.111084 14.457390 -6.161166 204629758253.000000
-0.221436 -0.957031 0.276611 3.721100 14.457390 -6.344171 204629761357.000000
-0.220459 -0.958252 0.279785 3.904105 14.457390 -6.466175 204629764446.000000
-0.220947 -0.959229 0.273682 3.721100 14.579394 -6.283170 204629767540.000000
-0.222412 -0.960938 0.278320 3.843104 14.091380 -6.527176 204629770649.000000
-0.218262 -0.961914 0.281006 4.270115 14.274385 -6.771183 204629773746.000000
-0.213379 -0.966064 0.278809 4.453120 14.152382 -6.344171 204629776833.000000
-0.218018 -0.964844 0.280029 4.758128 13.786372 -6.527176 204629779941.000000
-0.211914 -0.961914 0.279541 4.880132 13.908376 -6.649180 204629783051.000000
-0.214844 -0.962158 0.281982 5.124138 13.725371 -6.649180 204629786127.000000
-0.211914 -0.957520 0.288086 5.429147 13.847374 -6.893186 204629789234.000000
-0.215820 -0.954102 0.290283 5.856158 13.786372 -6.649180 204629792369.000000
-0.211914 -0.947998 0.285400 5.795156 13.481364 -6.893186 204629795441.000000
-0.213135 -0.947510 0.285400 6.283170 13.481364 -6.649180 204629798520.000000
-0.212158 -0.952393 0.282715 6.405173 13.542366 -7.198194 204629801591.000000
-0.212402 -0.946777 0.285889 6.405173 13.176356 -7.015189 204629804673.000000
-0.211670 -0.947266 0.288086 6.649180 13.115354 -7.137193 204629807750.000000
-0.213867 -0.942871 0.291016 6.527176 12.871348 -6.893186 204629810826.000000
-0.209717 -0.944336 0.286377 6.466175 12.810346 -7.198194 204629813912.000000
-0.208008 -0.943848 0.281982 6.649180 12.749344 -7.076191 204629816991.000000
-0.205078 -0.945557 0.275391 6.710181 12.505338 -7.015189 204629820093.000000
-0.205811 -0.948486 0.276367 6.893186 12.200329 -7.015189 204629823199.000000
-0.208252 -0.954590 0.278320 6.832184 12.139328 -7.381199 204629826289.000000
-0.206787 -0.952393 0.270752 6.405173 11.956323 -7.320198 204629829418.000000
-0.205566 -0.959229 0.269775 6.771183 11.773318 -7.564204 204629832510.000000
-0.202393 -0.962646 0.272217 6.527176 12.078326 -7.686208 204629835598.000000
-0.199219 -0.967285 0.265625 6.161166 11.956323 -7.381199 204629838690.000000
-0.200439 -0.973145 0.271973 6.405173 11.590313 -7.747209 204629841796.000000
-0.200195 -0.972900 0.265869 6.222168 11.834320 -7.442201 204629844889.000000
-0.198486 -0.974121 0.270020 6.588178 11.773318 -7.991216 204629847981.000000
-0.200439 -0.976807 0.275879 6.588178 11.834320 -7.808211 204629851086.000000
-0.196777 -0.972900 0.269043 6.588178 11.956323 -7.930214 204629854180.000000
-0.196533 -0.972168 0.271484 6.649180 11.773318 -7.808211 204629857273.000000
-0.194092 -0.966064 0.278564 6.710181 12.078326 -7.747209 204629860370.000000
-0.192383 -0.967041 0.272217 6.527176 11.834320 -7.930214 204629863468.000000
-0.187988 -0.964111 0.276855 6.832184 12.566339 -7.869212 204629866558.000000
-0.185059 -0.966553 0.279053 6.954188 12.322333 -7.686208 204629869666.000000
-0.183105 -0.959229 0.284424 7.015189 12.627341 -7.991216 204629872755.000000
-0.181152 -0.960938 0.277344 6.954188 12.871348 -7.686208 204629875840.000000
-0.176025 -0.959229 0.275879 7.198194 12.993351 -7.686208 204629878981.000000
-0.173584 -0.957520 0.278564 7.320198 13.054352 -7.991216 204629882198.000000
-0.168945 -0.953125 0.278564 7.320198 13.054352 -7.747209 204629885280.000000
-0.168213 -0.950195 0.277100 7.625206 13.359361 -7.808211 204629888364.000000
-0.168945 -0.949219 0.280273 7.625206 13.420362 -8.174221 204629891438.000000
-0.166992 -0.947021 0.272461 7.564204 13.359361 -7.930214 204629894577.000000
-0.162109 -0.939697 0.270264 7.381199 13.176356 -7.930214 204629897670.000000
-0.158691 -0.945068 0.271484 7.442201 13.542366 -7.991216 204629900750.000000
-0.154053 -0.943848 0.268799 7.320198 13.359361 -8.601232 204629903828.000000
-0.154541 -0.948975 0.267822 7.076191 13.481364 -8.540231 204629906903.000000
-0.151123 -0.952393 0.272949 7.320198 13.542366 -8.906240 204629909985.000000
-0.147949 -0.958252 0.273682 6.954188 13.664369 -9.089245 204629913078.000000
-0.146240 -0.964355 0.272217 6.771183 13.176356 -9.333252 204629916152.000000
-0.144775 -0.965576 0.282227 6.954188 12.932349 -9.638260 204629919259.000000
-0.147217 -0.971680 0.269287 6.710181 12.871348 -9.577259 204629922351.000000
-0.145020 -0.973877 0.270508 6.771183 12.322333 -10.004270 204629925453.000000
-0.147217 -0.973877 0.276611 7.015189 12.322333 -10.126273 204629928545.000000
-0.148193 -0.971924 0.278076 6.771183 12.261331 -9.821265 204629931651.000000
-0.146484 -0.974854 0.270996 6.771183 11.895321 -10.187275 204629934752.000000
-0.145996 -0.968262 0.274658 6.771183 11.651315 -9.943268 204629937846.000000
-0.152832 -0.962646 0.270508 7.015189 11.468310 -10.126273 204629940950.000000
-0.150635 -0.962158 0.265625 7.015189 11.285305 -10.126273 204629944044.000000
-0.156738 -0.957520 0.270996 6.954188 11.224303 -10.675288 204629947134.000000
-0.152100 -0.953125 0.266357 6.832184 11.163301 -9.943268 204629950240.000000
-0.154785 -0.948486 0.272705 6.893186 10.919295 -10.065272 204629953333.000000
-0.152344 -0.943359 0.264160 6.710181 10.858293 -9.882267 204629956424.000000
-0.151367 -0.943604 0.260254 6.710181 10.553285 -9.760264 204629959535.000000
-0.156738 -0.939453 0.258545 6.710181 10.248277 -9.211249 204629962626.000000
-0.158447 -0.937500 0.256592 6.771183 10.370280 -9.638260 204629965717.000000
-0.152832 -0.939209 0.238770 7.076191 9.760264 -9.394254 204629972605.000000
-0.168701 -0.931641 0.268066 5.734155 10.919295 -9.028244 204629975806.000000
-0.172363 -0.927246 0.270508 5.490148 10.675288 -8.784237 204629978934.000000
-0.173828 -0.935303 0.261475 5.978161 10.492283 -8.906240 204629982151.000000
-0.171143 -0.943359 0.255859 5.978161 10.248277 -8.784237 204629985231.000000
-0.163086 -0.945068 0.246338 5.795156 9.943268 -8.662234 204629988316.000000
-0.167480 -0.945313 0.241943 5.673153 9.943268 -8.357226 204629991391.000000
-0.172852 -0.946045 0.239990 5.185140 9.577259 -8.845239 204629994538.000000
-0.168945 -0.945068 0.235352 5.246142 9.028244 -8.235222 204629997616.000000
-0.174805 -0.945313 0.240723 4.880132 8.479229 -7.686208 204630000714.000000
-0.177734 -0.952881 0.239502 4.819130 8.052217 -7.991216 204630003797.000000
-0.177490 -0.948486 0.239990 4.880132 7.442201 -7.808211 204630006905.000000
-0.178955 -0.953369 0.240967 4.270115 7.564204 -7.747209 204630009987.000000
-0.181641 -0.953369 0.240967 4.148112 7.381199 -7.442201 204630013071.000000
-0.181152 -0.956055 0.244629 3.599097 7.015189 -7.381199 204630016150.000000
-0.181396 -0.957031 0.258057 3.904105 6.832184 -7.137193 204630019259.000000
-0.185059 -0.957520 0.253906 3.904105 6.649180 -6.954188 204630022366.000000
-0.185791 -0.959961 0.267334 4.148112 6.344171 -6.588178 204630025463.000000
-0.187500 -0.963135 0.268311 4.148112 6.222168 -6.161166 204630028558.000000
-0.185791 -0.962646 0.266113 4.270115 6.100165 -5.917160 204630031666.000000
-0.185547 -0.964844 0.263184 4.331117 5.795156 -5.673153 204630034763.000000
-0.180176 -0.970459 0.258789 3.843104 5.307143 -5.612152 204630037855.000000
-0.176025 -0.977539 0.267334 3.660099 5.124138 -5.551150 204630040964.000000
-0.176514 -0.979736 0.265625 3.904105 4.758128 -5.185140 204630044078.000000
-0.172363 -0.984863 0.256592 3.721100 4.331117 -5.246142 204630047171.000000
-0.167969 -0.995117 0.262939 3.538096 4.453120 -5.185140 204630050266.000000
-0.166016 -0.997314 0.266602 3.050082 3.782102 -4.758128 204630053382.000000
-0.167480 -1.001465 0.271973 3.233087 3.904105 -4.697127 204630056473.000000
-0.167480 -1.007080 0.274902 2.867077 3.599097 -4.575124 204630059583.000000
-0.163086 -1.009521 0.279541 2.867077 3.233087 -4.636125 204630062679.000000
-0.159424 -1.010254 0.275879 2.440066 3.233087 -4.697127 204630065768.000000
-0.156738 -1.015381 0.277100 2.806076 2.989081 -4.209114 204630068863.000000
-0.155273 -1.023682 0.280762 2.745074 2.867077 -4.453120 204630071968.000000
-0.149902 -1.020020 0.280273 2.806076 2.379064 -4.575124 204630075065.000000
-0.147705 -1.026611 0.284424 3.050082 2.013054 -4.453120 204630078157.000000
-0.144287 -1.022461 0.282715 3.111084 1.769048 -4.514122 204630081232.000000
-0.143799 -1.023926 0.282471 3.111084 1.525041 -4.636125 204630084321.000000
-0.138428 -1.017822 0.282471 3.050082 1.464040 -4.331117 204630087423.000000
-0.136719 -1.015137 0.277588 2.989081 1.464040 -4.270115 204630090506.000000
-0.135742 -1.017090 0.281738 2.989081 1.220033 -4.514122 204630093586.000000
-0.133789 -1.014648 0.283447 2.806076 0.915025 -4.514122 204630096717.000000
-0.127686 -1.013428 0.281738 2.867077 0.854023 -4.453120 204630099799.000000
-0.127930 -1.009521 0.279785 2.501068 0.732020 -4.209114 204630102935.000000
-0.122803 -1.004639 0.286377 2.501068 0.427012 -4.270115 204630106011.000000
-0.120605 -1.007080 0.287598 2.440066 0.122003 -4.392119 204630109093.000000
-0.115234 -1.000000 0.292725 2.867077 -0.122003 -4.331117 204630112251.000000
-0.113770 -0.999512 0.286621 2.928079 -0.183005 -4.758128 204630115330.000000
-0.107910 -0.993408 0.283936 2.806076 -0.671018 -5.002135 204630118408.000000
-0.107910 -0.989990 0.285645 2.684072 -0.793021 -4.880132 204630121498.000000
-0.106934 -0.988770 0.283447 2.623071 -1.037028 -4.819130 204630124594.000000
-0.102783 -0.985352 0.285156 2.379064 -1.342036 -5.429147 204630127687.000000
-0.102295 -0.980957 0.288330 2.318063 -1.464040 -5.368145 204630130792.000000
-0.098633 -0.975342 0.289307 2.379064 -1.769048 -5.246142 204630133889.000000
-0.098877 -0.973633 0.276367 1.891051 -1.403038 -5.612152 204630136981.000000
-0.093262 -0.967529 0.287354 2.074056 -1.769048 -5.856158 204630140094.000000
-0.093506 -0.965576 0.280762 1.647044 -2.074056 -5.551150 204630143188.000000
-0.093750 -0.964844 0.290283 1.647044 -2.684072 -6.100165 204630146286.000000
-0.090576 -0.971191 0.289795 1.891051 -2.867077 -6.344171 204630149417.000000
-0.094238 -0.956787 0.292725 2.074056 -3.416092 -6.527176 204630152508.000000
