0.085205 -1.083252 0.160156 26.901726 -17.568474 6.954188 101912879030.000000
0.086914 -1.083252 0.164063 27.267736 -18.544501 7.381199 101912881950.000000
0.088867 -1.085205 0.164063 27.206735 -19.764534 7.625206 101912884865.000000
0.097412 -1.085693 0.170166 27.816751 -20.496553 7.808211 101912887796.000000
0.100342 -1.089844 0.170898 28.182761 -21.106570 8.235222 101912890714.000000
0.102051 -1.092285 0.174316 28.487769 -21.716586 8.418227 101912893629.000000
0.097656 -1.093506 0.176758 28.426768 -22.631611 8.723236 101912896544.000000
0.104980 -1.092773 0.192139 29.036784 -23.058623 8.784237 101912899470.000000
0.101807 -1.086914 0.193848 29.951809 -23.302629 9.089245 101912902402.000000
0.104248 -1.085938 0.195068 30.744830 -23.912646 9.150247 101912905323.000000
0.113525 -1.080811 0.193604 31.049838 -24.217654 9.211249 101912908244.000000
0.111084 -1.077637 0.182129 30.744830 -24.339657 8.845239 101912911164.000000
0.115234 -1.071289 0.183594 30.073812 -24.949674 9.089245 101912914080.000000
0.117432 -1.074951 0.187744 30.195815 -25.376685 9.272250 101912917015.000000
0.123291 -1.072510 0.197754 30.500824 -25.559690 9.455255 101912919929.000000
0.121338 -1.080811 0.212891 30.805832 -25.498688 9.333252 101912922837.000000
0.125488 -1.076416 0.214600 31.598853 -25.681693 9.150247 101912925746.000000
0.127197 -1.079834 0.225342 32.330873 -25.620692 9.089245 101912928662.000000
0.128418 -1.075439 0.221680 32.391875 -25.864698 9.455255 101912931591.000000
0.128906 -1.076904 0.223145 32.330873 -25.925700 9.455255 101912934519.000000
0.125244 -1.079590 0.225586 32.208870 -26.291710 9.882267 101912937437.000000
0.131104 -1.080322 0.221191 31.964863 -26.047703 10.065272 101912940345.000000
0.129639 -1.079102 0.227539 32.879888 -26.352712 10.187275 101912943253.000000
0.128174 -1.081055 0.239014 32.879888 -26.108705 10.187275 101912946160.000000
0.123535 -1.079346 0.240967 33.550906 -26.230708 10.431282 101912949080.000000
0.129395 -1.077881 0.241699 33.733911 -26.169707 10.919295 101912952003.000000
0.127930 -1.077637 0.244385 33.672909 -26.657720 11.163301 101912954920.000000
0.131836 -1.079834 0.242188 33.794912 -26.596718 11.529311 101912957844.000000
0.135254 -1.083008 0.259521 33.855914 -26.779723 11.590313 101912960755.000000
0.141846 -1.081543 0.250000 34.099921 -26.352712 11.590313 101912963663.000000
0.140137 -1.079590 0.253174 34.038919 -25.864698 11.651315 101912966583.000000
0.139893 -1.078613 0.247559 34.160922 -25.803697 12.078326 101912969504.000000
0.139160 -1.072510 0.247070 34.282926 -25.681693 12.505338 101912972421.000000
0.139160 -1.071045 0.248291 33.489904 -25.071677 12.444336 101912975336.000000
0.137451 -1.069092 0.255615 33.916916 -24.949674 12.810346 101912978260.000000
0.139404 -1.075195 0.257813 34.526932 -24.217654 12.932349 101912981180.000000
0.140625 -1.071533 0.252441 34.648936 -23.851644 12.932349 101912984111.000000
0.139648 -1.066162 0.260742 34.770939 -23.241628 13.054352 101912987033.000000
0.140137 -1.065674 0.260254 35.014945 -23.119624 13.237357 101912989951.000000
0.141357 -1.063232 0.259277 35.014945 -22.265601 13.237357 101912992865.000000
0.136719 -1.056641 0.268555 35.075947 -21.716586 13.542366 101912995778.000000
0.130615 -1.044678 0.273438 35.624962 -21.167572 13.664369 101912998704.000000
0.127441 -1.040771 0.284180 36.356982 -20.862563 13.969377 101913001619.000000
0.123291 -1.027100 0.288330 36.722992 -20.618557 14.335387 101913004535.000000
0.117188 -1.015625 0.289307 36.417983 -21.045568 14.640395 101913007453.000000
0.114502 -1.010010 0.288818 36.661990 -21.350576 14.640395 101913010369.000000
0.113037 -1.005371 0.290527 36.234978 -21.350576 15.006405 101913013284.000000
0.114990 -1.003418 0.300781 36.661990 -21.716586 15.616422 101913016198.000000
0.112305 -0.992676 0.308350 37.333008 -21.716586 15.250412 101913019120.000000
0.106934 -0.988525 0.311523 37.638016 -22.143598 15.433417 101913022037.000000
0.104492 -0.980713 0.302490 37.577015 -22.387604 15.555420 101913024952.000000
0.100586 -0.975342 0.299805 37.333008 -22.631611 15.982432 101913027869.000000
0.099609 -0.969727 0.305176 37.211005 -23.363631 15.982432 101913030783.000000
0.104492 -0.965576 0.303467 37.821021 -23.180626 16.104435 101913033697.000000
0.105957 -0.960938 0.312012 38.126029 -22.997621 15.677423 101913036613.000000
0.105469 -0.957764 0.310791 38.736046 -23.058623 15.677423 101913039529.000000
0.104980 -0.956543 0.306885 38.553041 -23.180626 15.494418 101913042442.000000
0.107910 -0.949951 0.298584 38.309034 -23.241628 15.555420 101913045358.000000
0.107422 -0.957764 0.296387 38.187031 -23.424632 15.128408 101913048274.000000
0.104980 -0.956543 0.301025 38.004026 -23.485634 15.006405 101913051188.000000
0.104736 -0.957764 0.314209 38.126029 -23.302629 14.884402 101913054108.000000
0.100098 -0.961426 0.314209 39.285061 -22.875618 14.701397 101913057023.000000
0.100586 -0.960938 0.321045 40.017080 -22.570609 14.762399 101913059938.000000
0.097900 -0.954102 0.313232 40.505094 -22.387604 14.762399 101913062852.000000
0.094482 -0.950928 0.310059 40.871104 -22.265601 15.311413 101913065768.000000
0.095215 -0.943848 0.309082 40.810102 -22.753614 15.738425 101913068693.000000
0.091553 -0.946045 0.310059 40.627097 -22.265601 16.165436 101913071614.000000
0.092285 -0.940918 0.312256 40.871104 -22.631611 16.287440 101913074528.000000
0.094971 -0.932373 0.312744 41.115110 -22.997621 16.531446 101913077455.000000
0.095215 -0.929688 0.305176 41.115110 -23.058623 16.531446 101913080380.000000
0.094727 -0.929443 0.305176 40.932105 -23.363631 16.836455 101913083294.000000
0.106201 -0.927734 0.317627 40.871104 -23.607637 16.836455 101913086210.000000
0.104492 -0.929199 0.318604 40.932105 -23.607637 16.897456 101913089139.000000
0.101563 -0.925537 0.319824 41.542122 -24.156652 16.897456 101913092055.000000
0.108154 -0.928955 0.328857 41.725127 -24.156652 16.836455 101913094969.000000
0.109131 -0.925537 0.327881 41.420118 -23.973647 16.592448 101913097891.000000
0.112305 -0.925049 0.333008 41.359117 -24.339657 16.592448 101913100809.000000
0.108154 -0.923584 0.329834 41.237113 -24.583664 17.019460 101913103723.000000
0.106689 -0.920166 0.332275 40.932105 -24.644665 17.019460 101913106643.000000
0.106445 -0.920410 0.335693 40.444092 -24.522662 17.324468 101913109599.000000
0.104248 -0.921875 0.342773 40.566095 -24.644665 17.690478 101913112518.000000
0.104980 -0.931396 0.354004 41.298115 -25.132679 17.812481 101913115433.000000
0.107178 -0.929688 0.354004 41.786128 -25.132679 18.056488 101913118350.000000
0.107910 -0.933838 0.353760 41.481120 -25.071677 18.300494 101913121263.000000
0.107910 -0.939697 0.349854 41.420118 -25.681693 18.422497 101913124184.000000
0.107910 -0.935303 0.346191 41.481120 -26.230708 18.727506 101913127102.000000
0.119873 -0.940430 0.346436 41.664125 -26.230708 18.849509 101913130017.000000
0.112305 -0.938232 0.365967 42.030135 -26.291710 18.849509 101913132932.000000
0.115723 -0.948242 0.363770 42.335143 -26.840725 19.093516 101913135847.000000
0.116211 -0.940430 0.365723 42.518148 -27.328738 19.581529 101913138764.000000
0.120850 -0.940186 0.355469 42.457146 -27.633746 19.642530 101913141680.000000
0.121826 -0.943604 0.352051 42.518148 -27.877753 19.886537 101913144594.000000
0.126465 -0.945557 0.347412 42.396145 -27.938754 20.008540 101913147510.000000
0.129883 -0.945068 0.353271 42.884158 -28.304764 20.313548 101913150439.000000
0.133301 -0.943848 0.352295 42.457146 -27.999756 20.008540 101913153353.000000
0.135498 -0.940186 0.358398 42.945160 -28.182761 20.313548 101913156268.000000
0.135010 -0.932373 0.359375 43.006161 -28.060758 20.496553 101913159192.000000
0.139648 -0.927734 0.357422 43.067163 -27.999756 20.435552 101913162111.000000
0.138428 -0.931641 0.362061 42.640151 -27.694748 20.496553 101913165026.000000
0.140869 -0.925049 0.364014 42.762155 -27.450741 20.069542 101913167949.000000
0.141846 -0.929443 0.367188 42.884158 -27.572744 20.252547 101913170867.000000
0.144775 -0.928711 0.355469 42.701153 -27.145733 19.825535 101913173782.000000
0.142822 -0.933350 0.360352 42.213140 -26.657720 19.581529 101913176707.000000
0.148193 -0.934326 0.356689 42.030135 -25.681693 19.093516 101913179664.000000
0.148926 -0.925049 0.355225 42.274141 -25.376685 18.971512 101913182593.000000
0.155518 -0.926025 0.350586 41.969133 -24.705667 18.605502 101913185507.000000
0.150146 -0.925293 0.339600 41.298115 -23.851644 18.483499 101913188433.000000
0.150635 -0.925781 0.334717 40.139084 -23.363631 18.544501 101913191346.000000
0.147705 -0.928467 0.343994 39.956079 -23.241628 18.300494 101913194261.000000
0.148193 -0.926025 0.348877 40.078082 -22.021595 18.239492 101913197177.000000
0.150146 -0.928467 0.360596 39.895077 -20.862563 18.056488 101913200090.000000
0.152588 -0.929443 0.364258 40.505094 -20.191545 18.117489 101913203013.000000
0.144531 -0.926270 0.367188 40.749100 -19.703532 17.812481 101913205934.000000
0.149414 -0.926025 0.364990 40.383090 -19.093516 18.056488 101913208852.000000
0.140381 -0.931396 0.375488 40.566095 -18.910511 17.751479 101913211768.000000
0.139160 -0.933838 0.384766 40.627097 -18.422497 17.995486 101913214684.000000
0.140381 -0.927979 0.390137 40.810102 -18.117489 18.239492 101913217600.000000
0.136963 -0.934570 0.394775 41.603123 -17.751479 18.117489 101913220514.000000
0.134277 -0.930176 0.404053 41.725127 -17.507473 18.239492 101913223427.000000
0.128662 -0.923584 0.407959 42.152138 -17.385469 18.422497 101913226343.000000
0.124023 -0.918457 0.403076 41.847130 -17.751479 18.239492 101913229269.000000
0.128174 -0.923340 0.402344 41.420118 -17.568474 18.422497 101913232183.000000
0.128174 -0.919434 0.408936 40.810102 -17.995486 18.239492 101913235096.000000
0.125977 -0.916992 0.416748 40.871104 -17.873483 18.178491 101913238012.000000
0.130859 -0.917236 0.416260 41.359117 -17.873483 18.056488 101913240926.000000
0.129883 -0.918945 0.421143 41.298115 -17.324468 17.812481 101913243840.000000
0.131104 -0.920166 0.420654 41.176112 -17.202464 17.507473 101913246833.000000
0.130615 -0.911621 0.411621 40.688099 -17.141463 17.263466 101913249750.000000
0.134033 -0.906006 0.398438 39.651071 -17.019460 17.324468 101913252664.000000
0.133789 -0.898682 0.393311 38.187031 -17.141463 17.385469 101913255580.000000
0.134766 -0.901611 0.395752 37.577015 -17.141463 17.141463 101913258496.000000
0.138184 -0.905518 0.410645 36.966998 -16.897456 16.836455 101913261410.000000
0.139893 -0.905518 0.418701 37.882023 -16.104435 16.897456 101913264325.000000
0.145752 -0.909668 0.426514 38.126029 -15.433417 16.287440 101913267246.000000
0.139893 -0.906494 0.411133 37.882023 -14.579394 16.165436 101913270166.000000
0.141113 -0.905518 0.402344 37.577015 -14.152382 15.799427 101913273080.000000
0.142090 -0.903320 0.397705 36.417983 -13.786372 16.043433 101913276000.000000
0.143799 -0.902344 0.406494 35.929970 -13.176356 15.677423 101913278925.000000
0.137695 -0.899902 0.414307 36.356982 -12.322333 15.555420 101913281840.000000
0.144287 -0.899902 0.426025 36.661990 -11.590313 15.372415 101913284761.000000
0.145264 -0.896240 0.427002 36.966998 -10.736290 15.006405 101913287683.000000
0.146484 -0.892822 0.417969 36.112975 -10.126273 14.823400 101913290600.000000
0.143799 -0.897949 0.412598 35.563960 -9.943268 14.457390 101913293516.000000
0.145996 -0.897461 0.412598 34.831940 -9.394254 14.091380 101913296431.000000
0.140625 -0.900879 0.428711 34.282926 -8.784237 13.969377 101913299355.000000
0.143799 -0.904297 0.432373 34.648936 -7.991216 13.359361 101913302270.000000
0.141602 -0.907715 0.438965 34.587934 -7.198194 12.993351 101913305184.000000
0.135498 -0.906982 0.439941 33.855914 -7.259196 12.688343 101913308101.000000
0.135010 -0.909668 0.443359 33.306899 -6.893186 12.688343 101913311016.000000
0.126709 -0.903320 0.439697 32.818886 -6.466175 12.505338 101913313929.000000
0.125732 -0.903320 0.451904 32.391875 -6.039163 12.566339 101913316848.000000
0.125732 -0.900391 0.459473 32.086866 -5.246142 12.322333 101913319762.000000
0.129150 -0.899658 0.462158 31.964863 -5.063137 12.505338 101913322682.000000
0.127930 -0.897217 0.462402 30.988837 -4.331117 12.749344 101913325598.000000
0.132568 -0.900879 0.462891 30.500824 -3.843104 12.627341 101913328513.000000
0.136475 -0.895264 0.461914 30.195815 -2.928079 12.322333 101913331428.000000
0.146973 -0.892334 0.464355 28.853779 -2.318063 12.139328 101913334343.000000
0.148438 -0.895508 0.466309 28.548771 -0.915025 11.651315 101913337259.000000
0.149414 -0.893311 0.473877 27.755749 -0.061002 11.529311 101913340175.000000
0.143311 -0.895264 0.467773 26.962728 0.915025 10.919295 101913343091.000000
0.147461 -0.891113 0.468262 26.657720 2.013054 10.492283 101913346005.000000
0.139404 -0.889160 0.481445 25.864698 3.233087 10.126273 101913348922.000000
0.135010 -0.891357 0.478027 25.254682 4.331117 9.638260 101913351838.000000
0.129639 -0.891602 0.485840 25.132679 5.185140 8.601232 101913354751.000000
0.126221 -0.888184 0.492188 24.522662 5.551150 8.235222 101913357668.000000
0.114746 -0.885742 0.492188 24.034649 5.978161 7.503203 101913360583.000000
0.108398 -0.888184 0.503418 23.607637 6.039163 7.015189 101913363504.000000
0.103027 -0.884277 0.504150 22.997621 5.795156 6.344171 101913366436.000000
0.087402 -0.881104 0.516113 22.875618 5.307143 6.039163 101913369361.000000
0.075928 -0.885498 0.528076 22.875618 4.453120 5.246142 101913372276.000000
0.065186 -0.879639 0.549316 23.180626 3.416092 5.368145 101913375196.000000
0.057861 -0.873291 0.552002 23.363631 2.135058 5.490148 101913378118.000000
0.045654 -0.871094 0.560303 23.363631 0.549015 5.185140 101913381036.000000
0.039551 -0.863281 0.570313 22.753614 -1.403038 5.490148 101913383952.000000
0.027100 -0.856445 0.576904 23.302629 -3.782102 5.856158 101913386873.000000
0.023193 -0.856445 0.587891 23.668639 -5.978161 5.856158 101913389791.000000
0.016846 -0.846680 0.592773 24.156652 -7.991216 6.283170 101913392712.000000
0.015625 -0.839844 0.602051 24.644665 -10.431282 6.588178 101913395627.000000
0.014160 -0.836426 0.598389 24.949674 -13.115354 7.381199 101913398566.000000
0.011719 -0.835938 0.588867 24.705667 -15.128408 7.625206 101913401481.000000
0.013428 -0.824951 0.582031 24.339657 -17.263466 8.357226 101913404396.000000
0.022461 -0.828613 0.589355 25.193680 -19.398524 8.906240 101913407324.000000
0.033936 -0.827393 0.593506 25.498688 -20.801562 9.028244 101913410242.000000
0.040771 -0.826904 0.585205 26.291710 -21.777588 9.150247 101913413157.000000
0.052002 -0.821533 0.563477 26.901726 -22.326603 9.394254 101913416071.000000
0.066650 -0.824951 0.549072 26.535716 -22.143598 9.394254 101913418986.000000
0.080322 -0.827881 0.536865 26.169707 -22.509608 9.333252 101913421900.000000
0.089844 -0.828857 0.534912 26.291710 -22.082596 9.516257 101913424887.000000
0.097900 -0.827881 0.531006 27.206735 -21.167572 9.516257 101913427807.000000
0.109863 -0.833008 0.533203 28.426768 -19.703532 9.028244 101913430724.000000
0.111816 -0.834229 0.525391 28.853779 -17.995486 8.906240 101913433638.000000
0.114014 -0.834229 0.512451 29.219789 -16.531446 8.540231 101913436552.000000
0.116455 -0.831543 0.503418 29.402794 -14.823400 8.418227 101913439468.000000
0.115234 -0.830811 0.499268 29.707802 -12.749344 8.052217 101913442385.000000
0.109619 -0.833008 0.497559 29.402794 -11.041298 8.357226 101913445299.000000
0.108643 -0.833252 0.504883 30.012810 -9.272250 7.991216 101913448215.000000
0.106689 -0.830811 0.503662 29.524797 -7.564204 7.747209 101913451129.000000
0.096436 -0.833496 0.502197 29.219789 -6.283170 7.442201 101913454044.000000
0.098877 -0.831543 0.500244 27.999756 -4.697127 7.198194 101913456960.000000
0.096436 -0.830078 0.495605 27.084731 -3.843104 7.015189 101913459882.000000
0.099854 -0.827148 0.491943 26.413713 -2.684072 6.649180 101913462798.000000
0.101074 -0.826172 0.489258 25.132679 -1.525041 6.527176 101913465711.000000
0.103027 -0.824463 0.488037 24.034649 -0.549015 6.039163 101913468636.000000
0.105225 -0.828613 0.492920 23.363631 -0.183005 5.551150 101913471557.000000
0.107422 -0.832031 0.489502 22.265601 0.854023 4.941133 101913474479.000000
0.109131 -0.829834 0.489746 21.960593 1.403038 4.331117 101913477402.000000
0.110107 -0.836426 0.496094 21.655585 1.708046 3.904105 101913480323.000000
0.104004 -0.839355 0.504639 21.594583 2.440066 3.416092 101913483237.000000
0.101807 -0.836426 0.512939 21.411578 2.501068 2.806076 101913486151.000000
0.101807 -0.840576 0.506348 21.106570 2.684072 2.318063 101913489076.000000
0.092041 -0.839844 0.512695 20.801562 2.501068 2.196059 101913491991.000000
0.094238 -0.836182 0.515869 20.130544 2.135058 1.769048 101913494906.000000
0.087891 -0.835449 0.520508 19.947539 2.013054 1.342036 101913497829.000000
0.088867 -0.838623 0.520264 19.520527 1.281035 0.976026 101913500747.000000
0.087158 -0.833740 0.529541 19.520527 0.793021 0.549015 101913503660.000000
0.083008 -0.836182 0.522217 19.032514 0.000000 0.061002 101913506572.000000
0.068359 -0.834473 0.527344 18.300494 -0.671018 -0.244007 101913509500.000000
0.071289 -0.832764 0.541504 18.239492 -1.342036 -0.732020 101913512416.000000
0.072998 -0.831787 0.531982 17.690478 -2.074056 -1.281035 101913515328.000000
0.072266 -0.828369 0.539307 17.629476 -2.623071 -1.891051 101913518245.000000
0.070068 -0.827637 0.535645 16.897456 -3.660099 -2.440066 101913521163.000000
0.066406 -0.830078 0.535645 16.165436 -4.880132 -2.501068 101913524077.000000
0.066650 -0.829346 0.545410 15.311413 -5.429147 -2.928079 101913527021.000000
0.063232 -0.835693 0.549561 15.616422 -6.283170 -2.989081 101913529936.000000
0.063721 -0.838379 0.557617 15.555420 -7.076191 -3.294089 101913532851.000000
0.064209 -0.838135 0.562500 15.555420 -7.747209 -3.782102 101913535765.000000
0.064453 -0.836182 0.565186 15.372415 -8.235222 -3.721100 101913538681.000000
0.063477 -0.838379 0.566650 14.701397 -9.516257 -4.514122 101913541596.000000
0.068848 -0.840820 0.563721 14.457390 -10.126273 -4.636125 101913544511.000000
0.064697 -0.841797 0.564209 14.579394 -10.553285 -4.819130 101913547425.000000
0.064209 -0.841309 0.565674 14.335387 -11.285305 -5.002135 101913550340.000000
0.068115 -0.836914 0.569580 14.091380 -11.834320 -5.612152 101913553255.000000
0.069580 -0.837646 0.569824 14.396389 -12.566339 -5.490148 101913556175.000000
0.067871 -0.837646 0.567627 13.786372 -12.993351 -5.551150 101913559093.000000
0.067627 -0.833252 0.564209 13.237357 -13.237357 -5.551150 101913562007.000000
0.078369 -0.832275 0.565674 12.993351 -13.664369 -5.734155 101913564923.000000
0.087402 -0.833252 0.571533 12.871348 -13.847374 -5.795156 101913567847.000000
0.089844 -0.828369 0.568359 12.871348 -14.152382 -5.429147 101913570769.000000
0.096680 -0.826172 0.568848 12.444336 -13.969377 -5.612152 101913573684.000000
0.101807 -0.823242 0.560547 12.383334 -13.969377 -5.185140 101913576597.000000
0.104736 -0.820068 0.558838 12.566339 -13.725371 -5.307143 101913579520.000000
0.104248 -0.816895 0.556885 11.956323 -13.176356 -5.124138 101913582447.000000
0.111328 -0.815918 0.561523 12.017324 -12.688343 -5.063137 101913585361.000000
0.106934 -0.809082 0.560059 11.224303 -11.956323 -5.124138 101913588288.000000
0.114502 -0.808594 0.558350 11.285305 -11.041298 -5.246142 101913591203.000000
0.109375 -0.810547 0.560059 10.919295 -10.431282 -5.429147 101913594116.000000
0.119385 -0.801270 0.552979 10.187275 -9.333252 -5.612152 101913597037.000000
0.115723 -0.803223 0.559570 10.004270 -8.845239 -5.795156 101913599957.000000
0.115234 -0.804932 0.553467 10.004270 -7.808211 -5.856158 101913602869.000000
0.114990 -0.803711 0.561035 9.272250 -6.954188 -6.100165 101913605783.000000
0.114014 -0.802002 0.562744 9.333252 -6.466175 -5.917160 101913608708.000000
0.110107 -0.808594 0.570801 8.723236 -5.795156 -5.978161 101913611624.000000
0.111084 -0.804932 0.563477 8.967242 -4.819130 -6.161166 101913614552.000000
0.108643 -0.806396 0.572021 9.150247 -4.453120 -6.161166 101913617468.000000
0.110840 -0.809326 0.573242 8.845239 -3.782102 -6.283170 101913620383.000000
0.106201 -0.808105 0.578613 8.601232 -3.172086 -6.466175 101913623297.000000
0.104004 -0.810059 0.588135 8.418227 -2.806076 -6.405173 101913626235.000000
0.103027 -0.805420 0.584473 8.845239 -2.806076 -6.527176 101913629153.000000
0.099854 -0.806396 0.596680 9.089245 -2.196059 -6.771183 101913632068.000000
0.097656 -0.807617 0.590088 9.150247 -1.952053 -6.832184 101913634983.000000
0.094482 -0.802246 0.581055 8.662234 -1.586043 -7.076191 101913637903.000000
0.091309 -0.805908 0.581055 8.052217 -1.464040 -7.076191 101913640816.000000
0.094971 -0.801270 0.586182 7.381199 -1.525041 -7.137193 101913643732.000000
0.097412 -0.800293 0.578613 6.954188 -1.159031 -7.259196 101913646643.000000
0.096680 -0.795410 0.573486 7.015189 -0.793021 -7.381199 101913649642.000000
0.094727 -0.794678 0.568115 6.344171 -0.427012 -7.320198 101913652566.000000
0.095703 -0.791016 0.564941 5.917160 -0.244007 -7.320198 101913655482.000000
0.091797 -0.788574 0.558350 5.429147 0.122003 -7.503203 101913658398.000000
0.093262 -0.790771 0.558838 5.002135 0.793021 -7.442201 101913661317.000000
0.090088 -0.787842 0.579102 4.514122 1.220033 -7.564204 101913664232.000000
0.087402 -0.786621 0.569580 4.514122 1.952053 -8.052217 101913667153.000000
0.083496 -0.783936 0.578857 4.514122 2.257061 -8.662234 101913670078.000000
0.083252 -0.787109 0.558838 4.026109 2.562069 -8.967242 101913672991.000000
0.079590 -0.784912 0.555176 3.294089 2.257061 -9.394254 101913675906.000000
0.075439 -0.788330 0.548340 2.135058 1.891051 -9.882267 101913678836.000000
0.067871 -0.792236 0.558838 2.074056 2.135058 -10.187275 101913681751.000000
0.066162 -0.792969 0.569336 2.013054 1.647044 -10.309278 101913684666.000000
0.058838 -0.798340 0.565430 2.318063 1.830049 -10.858293 101913687587.000000
0.057373 -0.800537 0.570068 2.501068 1.464040 -10.858293 101913690504.000000
0.054932 -0.808838 0.566895 2.318063 1.281035 -11.346306 101913693419.000000
0.047852 -0.812256 0.573242 2.013054 0.366010 -11.224303 101913696333.000000
0.045654 -0.809570 0.562500 1.952053 -0.305008 -11.407308 101913699248.000000
0.055176 -0.812744 0.568115 1.586043 -0.854023 -11.346306 101913702164.000000
0.056152 -0.813721 0.564697 1.525041 -1.464040 -11.407308 101913705078.000000
0.060791 -0.814697 0.569580 1.281035 -2.196059 -11.285305 101913707994.000000
0.060303 -0.814209 0.563965 1.098030 -2.867077 -11.163301 101913710909.000000
0.063965 -0.812012 0.567627 0.610016 -3.538096 -10.858293 101913713822.000000
0.067871 -0.814697 0.569580 0.427012 -3.660099 -10.675288 101913716779.000000
0.071289 -0.815674 0.572510 0.122003 -3.965107 -10.675288 101913719697.000000
0.074463 -0.814941 0.571289 -0.427012 -3.782102 -10.492283 101913722616.000000
0.074219 -0.813477 0.577148 -0.732020 -4.209114 -10.614287 101913725532.000000
0.081787 -0.814453 0.569824 -1.525041 -4.209114 -10.492283 101913728448.000000
0.081299 -0.816895 0.564941 -2.318063 -3.965107 -10.553285 101913731361.000000
0.084473 -0.820313 0.573730 -2.501068 -3.721100 -10.736290 101913734276.000000
0.082275 -0.822998 0.580811 -2.379064 -3.843104 -10.858293 101913737194.000000
0.080566 -0.827148 0.597412 -2.074056 -2.867077 -11.041298 101913740109.000000
0.080322 -0.833984 0.593994 -2.257061 -2.806076 -11.163301 101913743025.000000
0.077148 -0.837402 0.588379 -2.379064 -2.562069 -11.102300 101913745939.000000
0.075684 -0.837646 0.591064 -2.745074 -2.562069 -10.919295 101913748856.000000
0.074951 -0.834473 0.593262 -3.660099 -3.050082 -10.797292 101913751771.000000
0.074951 -0.838867 0.597656 -4.453120 -2.989081 -10.736290 101913754686.000000
0.073730 -0.838623 0.597656 -4.514122 -2.867077 -10.553285 101913757602.000000
0.073975 -0.839844 0.607910 -4.697127 -3.111084 -10.797292 101913760524.000000
0.073486 -0.841797 0.593994 -5.002135 -3.111084 -10.187275 101913763438.000000
0.079834 -0.843262 0.601807 -5.429147 -2.928079 -10.004270 101913766353.000000
0.078857 -0.846436 0.598633 -5.673153 -3.111084 -9.455255 101913769281.000000
0.081055 -0.850098 0.605957 -5.978161 -3.599097 -9.089245 101913774125.000000
0.093506 -0.850342 0.615479 -5.856158 -3.233087 -8.357226 101913777115.000000
0.093262 -0.853516 0.611572 -5.307143 -2.928079 -7.930214 101913780045.000000
0.093750 -0.848877 0.610596 -6.283170 -3.111084 -7.564204 101913782961.000000
0.095459 -0.843994 0.599365 -6.832184 -3.050082 -7.015189 101913785873.000000
0.098877 -0.846924 0.602051 -7.198194 -3.111084 -6.039163 101913788798.000000
0.104248 -0.840820 0.608154 -7.564204 -2.745074 -5.917160 101913791713.000000
0.107422 -0.835205 0.614502 -7.198194 -2.501068 -5.490148 101913794632.000000
0.108643 -0.838623 0.613037 -7.259196 -1.891051 -5.368145 101913797560.000000
0.113037 -0.833496 0.606445 -7.076191 -1.525041 -5.124138 101913800479.000000
0.106689 -0.831787 0.603027 -7.686208 -1.708046 -4.941133 101913803394.000000
0.110840 -0.830566 0.598389 -7.747209 -1.403038 -4.514122 101913806308.000000
0.108887 -0.827393 0.599854 -7.930214 -0.976026 -4.331117 101913809234.000000
0.108643 -0.824951 0.611084 -7.930214 -0.610016 -4.209114 101913812149.000000
0.104980 -0.824707 0.608643 -7.808211 -0.732020 -4.209114 101913815064.000000
0.105469 -0.818359 0.602539 -7.808211 -0.183005 -4.148112 101913817982.000000
0.108643 -0.814209 0.599121 -8.479229 -0.671018 -3.599097 101913820897.000000
0.098145 -0.813477 0.599121 -9.211249 -0.915025 -3.599097 101913823811.000000
0.104736 -0.809814 0.597900 -9.577259 -1.098030 -3.538096 101913826725.000000
0.104736 -0.811035 0.603516 -9.943268 -1.220033 -3.111084 101913829726.000000
0.100586 -0.810547 0.611328 -9.943268 -0.976026 -2.928079 101913832641.000000
0.098389 -0.809326 0.611328 -10.004270 -1.342036 -2.806076 101913835555.000000
0.103516 -0.815430 0.602295 -10.065272 -1.830049 -2.501068 101913838489.000000
0.101074 -0.816162 0.598145 -9.943268 -1.952053 -1.891051 101913841403.000000
0.102539 -0.809814 0.604736 -10.492283 -2.257061 -1.769048 101913844317.000000
0.103027 -0.812988 0.604492 -10.248277 -2.440066 -1.098030 101913847232.000000
0.104248 -0.810791 0.608643 -10.553285 -2.623071 -0.732020 101913850145.000000
0.105957 -0.809814 0.604492 -10.431282 -2.684072 -0.488013 101913853058.000000
0.107910 -0.808105 0.608887 -10.370280 -2.806076 0.122003 101913855972.000000
0.105713 -0.807129 0.604004 -10.004270 -2.928079 0.488013 101913858889.000000
0.109131 -0.802490 0.604980 -10.004270 -2.806076 0.488013 101913861807.000000
0.109131 -0.800537 0.604736 -10.309278 -3.050082 0.793021 101913864722.000000
0.112305 -0.799805 0.600098 -10.980296 -2.928079 0.854023 101913867638.000000
0.115967 -0.797607 0.600586 -11.041298 -3.294089 1.281035 101913870565.000000
0.115967 -0.791260 0.594238 -11.346306 -2.684072 1.281035 101913873480.000000
0.121826 -0.791260 0.593994 -11.529311 -2.989081 1.220033 101913876395.000000
0.124268 -0.787598 0.591553 -11.773318 -2.379064 1.159031 101913879320.000000
0.123535 -0.784424 0.587158 -12.505338 -2.379064 1.281035 101913882234.000000
0.120850 -0.783936 0.586182 -13.298359 -2.440066 1.403038 101913885149.000000
0.120605 -0.785156 0.582764 -13.481364 -2.257061 1.586043 101913888070.000000
0.118164 -0.786133 0.587402 -13.908376 -1.769048 1.647044 101913890986.000000
0.120361 -0.788574 0.590088 -13.725371 -1.281035 2.074056 101913893900.000000
0.117188 -0.798096 0.579102 -13.969377 -0.915025 2.379064 101913896822.000000
0.113770 -0.803711 0.584717 -14.091380 -1.098030 2.989081 101913899756.000000
0.116211 -0.809570 0.572510 -14.274385 -0.488013 2.745074 101913902670.000000
0.114746 -0.809570 0.576904 -14.213384 -0.122003 3.233087 101913905582.000000
0.117920 -0.807129 0.578369 -14.091380 0.305008 2.989081 101913908508.000000
0.112793 -0.815674 0.567383 -13.664369 0.488013 3.477094 101913911422.000000
0.111084 -0.824219 0.556152 -13.847374 0.732020 3.599097 101913914335.000000
0.105713 -0.826172 0.561035 -14.030379 0.732020 3.538096 101913917250.000000
0.103027 -0.831787 0.564209 -13.603367 0.793021 3.599097 101913920164.000000
0.097900 -0.835205 0.573975 -13.237357 0.915025 3.538096 101913923077.000000
0.096924 -0.834229 0.573975 -12.932349 0.915025 3.782102 101913925990.000000
0.089600 -0.839844 0.576416 -12.932349 0.793021 3.721100 101913928932.000000
0.089844 -0.837646 0.572021 -12.688343 0.183005 3.843104 101913931850.000000
0.089600 -0.839111 0.561279 -13.298359 0.000000 3.721100 101913934765.000000
0.093506 -0.834961 0.561035 -13.908376 -0.732020 3.965107 101913937681.000000
0.092529 -0.834717 0.557373 -15.250412 -1.281035 4.087110 101913940596.000000
0.088135 -0.831787 0.554443 -15.372415 -1.830049 4.453120 101913943510.000000
0.093506 -0.836670 0.550781 -16.226438 -1.830049 4.514122 101913946423.000000
0.096436 -0.837646 0.552002 -16.836455 -1.891051 4.331117 101913949341.000000
0.104004 -0.838135 0.550049 -16.775453 -1.830049 4.392119 101913952258.000000
0.107666 -0.835693 0.548584 -17.446471 -1.464040 4.270115 101913955174.000000
0.104492 -0.835693 0.549316 -18.056488 -1.464040 3.904105 101913958091.000000
0.110352 -0.836426 0.550049 -18.605502 -1.159031 3.721100 101913961004.000000
0.108398 -0.837158 0.546631 -19.398524 -1.403038 3.355091 101913963917.000000
0.109375 -0.837402 0.550049 -20.191545 -0.793021 2.928079 101913966839.000000
0.110596 -0.837158 0.548096 -20.008540 -0.671018 2.623071 101913969756.000000
0.112061 -0.837646 0.551758 -20.130544 -0.488013 2.379064 101913972669.000000
0.112793 -0.840576 0.552979 -20.252547 -0.122003 2.135058 101913975584.000000
0.108398 -0.837158 0.549805 -20.923565 0.061002 1.769048 101913978510.000000
0.103027 -0.841309 0.550781 -20.923565 0.549015 1.586043 101913981423.000000
0.099609 -0.842529 0.557861 -20.923565 0.488013 1.830049 101913984336.000000
0.099609 -0.843750 0.564697 -20.435552 0.610016 1.708046 101913987256.000000
0.094482 -0.840820 0.556396 -20.557555 0.854023 0.976026 101913990173.000000
0.090820 -0.844482 0.557617 -20.679558 0.732020 1.220033 101913993102.000000
0.083740 -0.839600 0.557373 -21.228573 0.244007 1.220033 101913996016.000000
0.081055 -0.842285 0.552734 -21.838590 -0.366010 1.342036 101913998942.000000
0.080078 -0.838135 0.567383 -22.143598 -0.549015 1.159031 101914001856.000000
0.081787 -0.843506 0.561279 -22.021595 -0.793021 1.342036 101914004772.000000
0.080811 -0.841553 0.568359 -21.228573 -1.281035 1.586043 101914007695.000000
0.082764 -0.841064 0.562500 -21.594583 -1.525041 1.342036 101914010611.000000
0.083008 -0.842529 0.557129 -22.143598 -1.891051 1.403038 101914013526.000000
0.085938 -0.842041 0.541992 -23.119624 -2.379064 1.342036 101914016440.000000
0.090088 -0.839844 0.531494 -24.034649 -2.745074 1.464040 101914019356.000000
0.089355 -0.840332 0.526123 -25.254682 -2.928079 1.159031 101914022272.000000
0.093262 -0.848389 0.529053 -25.742695 -3.050082 1.159031 101914025186.000000
0.094971 -0.844971 0.532959 -25.193680 -2.989081 0.732020 101914028104.000000
0.099121 -0.846436 0.543945 -25.315684 -2.684072 0.427012 101914031045.000000
0.102051 -0.857666 0.527100 -25.132679 -2.135058 0.183005 101914033962.000000
0.103271 -0.860107 0.526611 -25.193680 -2.257061 0.122003 101914036879.000000
0.105225 -0.870850 0.522949 -25.620692 -2.013054 -0.183005 101914039793.000000
0.098389 -0.874756 0.529053 -25.498688 -1.586043 -0.488013 101914042708.000000
0.107666 -0.875000 0.529297 -25.071677 -1.342036 -0.732020 101914045623.000000
0.097168 -0.882813 0.534180 -24.461660 -1.281035 -0.549015 101914048540.000000
0.103760 -0.887451 0.531738 -24.583664 -1.281035 -0.793021 101914051453.000000
0.101563 -0.888672 0.528809 -24.705667 -0.915025 -0.854023 101914054366.000000
0.105713 -0.895020 0.529541 -24.766669 -0.854023 -0.610016 101914057282.000000
0.106934 -0.897461 0.535400 -24.705667 -0.976026 -0.549015 101914060196.000000
0.115723 -0.902832 0.544922 -24.278656 -0.427012 -0.549015 101914063111.000000
0.115967 -0.908203 0.553955 -24.156652 0.000000 -0.305008 101914066025.000000
0.121826 -0.907471 0.554199 -23.668639 0.793021 -0.244007 101914068950.000000
0.125732 -0.918945 0.553711 -23.790642 1.464040 -0.305008 101914071866.000000
0.130615 -0.917236 0.540039 -23.729641 2.196059 -0.122003 101914074779.000000
0.140137 -0.919678 0.538574 -24.522662 2.806076 -0.305008 101914077711.000000
0.147461 -0.923828 0.529297 -25.132679 3.904105 -0.244007 101914080629.000000
0.151855 -0.923096 0.522705 -25.498688 5.063137 -0.244007 101914083543.000000
0.156250 -0.925781 0.512207 -26.230708 6.588178 -0.183005 101914086471.000000
0.155762 -0.921387 0.515869 -26.535716 8.296224 -0.305008 101914089400.000000
0.157715 -0.918945 0.507080 -26.901726 10.187275 0.000000 101914092316.000000
0.159668 -0.916992 0.504639 -27.816751 11.895321 0.061002 101914095230.000000
0.157959 -0.915527 0.489258 -28.853779 13.542366 0.305008 101914098189.000000
0.161865 -0.905273 0.481934 -29.585799 15.433417 0.488013 101914101117.000000
0.161377 -0.899902 0.485596 -30.622827 21.411578 0.610016 101914108625.000000
0.157227 -0.898193 0.485596 -30.439822 23.973647 0.732020 101914111773.000000
0.155029 -0.895508 0.484619 -30.378820 25.864698 0.793021 101914114714.000000
0.150146 -0.894775 0.486328 -30.378820 27.694748 0.610016 101914117631.000000
0.139404 -0.892334 0.495117 -30.378820 29.036784 0.488013 101914120629.000000
0.126465 -0.887939 0.494141 -29.951809 30.317819 0.549015 101914123628.000000
0.125000 -0.885010 0.499756 -30.073812 31.232843 0.305008 101914126567.000000
0.115479 -0.878418 0.500244 -30.195815 31.598853 0.244007 101914129480.000000
0.104492 -0.880127 0.498047 -30.134814 31.476850 0.122003 101914132441.000000
0.097168 -0.877197 0.503662 -30.256817 31.293845 0.244007 101914135357.000000
0.085693 -0.875977 0.507080 -30.073812 30.744830 0.000000 101914138276.000000
0.082031 -0.878174 0.510010 -29.951809 30.256817 -0.183005 101914141190.000000
0.072266 -0.875244 0.521973 -29.402794 29.341792 -0.183005 101914144118.000000
0.066895 -0.876953 0.512451 -29.097786 28.060758 -0.061002 101914147028.000000
0.064941 -0.877686 0.513916 -28.731776 26.901726 -0.244007 101914149941.000000
0.059570 -0.874512 0.511719 -28.792777 24.827670 0.244007 101914152857.000000
0.057373 -0.873779 0.509277 -28.243763 23.180626 0.244007 101914155766.000000
0.054932 -0.878662 0.509277 -27.938754 21.411578 0.427012 101914158676.000000
0.054443 -0.875732 0.510498 -27.206735 19.642530 -0.061002 101914161587.000000
0.055420 -0.876221 0.496338 -26.901726 17.934484 -0.122003 101914164494.000000
0.061035 -0.878418 0.478760 -27.084731 16.104435 -0.122003 101914167403.000000
0.064941 -0.879883 0.466064 -27.389740 14.213384 -0.366010 101914170315.000000
0.066162 -0.876465 0.465820 -27.511743 12.688343 -0.671018 101914173226.000000
0.065674 -0.883545 0.462891 -27.206735 11.834320 -0.976026 101914176134.000000
0.066406 -0.882080 0.462158 -26.779723 11.163301 -1.220033 101914179044.000000
0.065430 -0.882568 0.458984 -26.047703 10.004270 -1.159031 101914181957.000000
0.064453 -0.887207 0.459473 -26.230708 9.638260 -1.403038 101914184867.000000
0.060547 -0.886963 0.447021 -26.352712 9.272250 -1.464040 101914187778.000000
0.061035 -0.894287 0.453369 -26.901726 8.357226 -1.159031 101914190690.000000
0.061279 -0.896240 0.450195 -27.267736 7.198194 -0.915025 101914193597.000000
0.063721 -0.901855 0.456055 -27.694748 6.710181 -0.671018 101914196511.000000
0.069336 -0.903320 0.446777 -28.365766 5.429147 -0.976026 101914199420.000000
0.075439 -0.909668 0.446533 -28.914781 4.880132 -0.671018 101914202338.000000
0.079102 -0.911621 0.441895 -29.585799 4.087110 -0.488013 101914205341.000000
0.090332 -0.919189 0.438232 -29.951809 3.904105 -0.244007 101914208279.000000
0.095215 -0.917725 0.446289 -29.707802 3.294089 -0.427012 101914211209.000000
0.101807 -0.926758 0.452148 -29.341792 3.416092 -0.122003 101914214135.000000
0.108643 -0.926025 0.457520 -29.585799 3.599097 -0.061002 101914217053.000000
0.118408 -0.927246 0.459473 -29.402794 3.416092 -0.061002 101914219990.000000
0.117188 -0.926025 0.453369 -29.646800 3.355091 0.122003 101914222909.000000
0.125244 -0.927734 0.448242 -30.378820 3.111084 0.122003 101914225841.000000
0.124023 -0.926025 0.455566 -30.805832 3.294089 0.305008 101914228759.000000
0.126953 -0.922119 0.459961 -30.500824 3.233087 0.183005 101914231755.000000
0.125977 -0.919189 0.468018 -30.073812 3.721100 -0.122003 101914234667.000000
0.125732 -0.913574 0.467285 -29.768804 4.026109 -0.183005 101914237587.000000
0.130859 -0.910400 0.464844 -29.707802 4.026109 -0.549015 101914240508.000000
0.132813 -0.911377 0.457031 -29.585799 4.148112 -0.671018 101914243433.000000
0.128418 -0.903320 0.461670 -29.829805 4.514122 -1.220033 101914246351.000000
0.130371 -0.900146 0.455078 -29.890807 4.880132 -1.708046 101914249267.000000
0.134766 -0.901611 0.455811 -29.341792 5.185140 -2.623071 101914252181.000000
0.129150 -0.898682 0.458740 -28.914781 5.551150 -3.111084 101914255092.000000
0.128906 -0.895264 0.445313 -28.792777 5.673153 -4.026109 101914258008.000000
0.129395 -0.895020 0.449707 -28.914781 6.161166 -4.819130 101914260933.000000
0.133789 -0.891846 0.443604 -28.487769 6.405173 -5.734155 101914263851.000000
0.130127 -0.892090 0.439697 -28.487769 6.710181 -6.588178 101914266771.000000
0.130127 -0.899414 0.441895 -27.999756 6.832184 -7.564204 101914269687.000000
0.128662 -0.901367 0.439697 -27.999756 7.686208 -8.357226 101914272604.000000
0.124268 -0.910645 0.441162 -27.938754 8.235222 -9.516257 101914275524.000000
0.118164 -0.924561 0.448486 -27.511743 8.540231 -10.309278 101914278575.000000
0.110352 -0.932861 0.452637 -27.023730 8.845239 -10.614287 101914281668.000000
0.104004 -0.941406 0.457031 -26.291710 8.845239 -10.980296 101914284715.000000
0.099121 -0.950684 0.465820 -25.376685 8.723236 -11.102300 101914287723.000000
0.089111 -0.947510 0.470703 -24.888672 7.808211 -10.797292 101914290645.000000
0.091553 -0.948975 0.466064 -24.400659 7.442201 -10.614287 101914293561.000000
0.090820 -0.945557 0.445313 -24.888672 6.344171 -10.065272 101914296494.000000
0.093506 -0.942139 0.440918 -25.864698 5.185140 -9.455255 101914299411.000000
0.097900 -0.937256 0.433105 -26.535716 4.270115 -8.662234 101914302327.000000
0.104248 -0.932861 0.431396 -26.840725 3.538096 -8.235222 101914305241.000000
0.112793 -0.930664 0.430664 -27.145733 3.538096 -7.503203 101914308198.000000
0.122803 -0.928711 0.432617 -26.718721 4.026109 -7.442201 101914311115.000000
0.133545 -0.929688 0.428467 -27.023730 4.514122 -7.259196 101914314039.000000
0.140137 -0.926025 0.418457 -27.206735 5.185140 -7.381199 101914316956.000000
0.141602 -0.927246 0.412109 -27.633746 5.612152 -7.320198 101914319872.000000
0.149414 -0.923828 0.410156 -28.243763 6.527176 -7.686208 101914322793.000000
0.148193 -0.922607 0.402588 -28.609772 7.564204 -7.930214 101914325002.000000
0.153320 -0.920898 0.395752 -28.365766 8.052217 -8.052217 101914326804.000000
0.152344 -0.917969 0.402588 -28.670774 8.906240 -8.357226 101914328608.000000
0.152100 -0.915039 0.394043 -28.731776 9.272250 -8.662234 101914330409.000000
0.156982 -0.914063 0.388916 -28.975782 10.248277 -9.089245 101914332210.000000
0.148926 -0.913086 0.380371 -29.097786 10.797292 -9.516257 101914334011.000000
0.147705 -0.908447 0.381836 -29.402794 11.041298 -9.638260 101914335815.000000
0.153320 -0.910156 0.379395 -29.341792 11.651315 -10.065272 101914337632.000000
0.145508 -0.913086 0.378418 -29.341792 12.261331 -10.492283 101914339434.000000
0.149658 -0.908447 0.378906 -29.402794 12.627341 -10.980296 101914341235.000000
0.144531 -0.915039 0.377686 -29.646800 12.871348 -11.407308 101914343036.000000
0.143311 -0.911621 0.378662 -29.463796 13.664369 -11.712316 101914344837.000000
0.141357 -0.910400 0.375977 -29.280791 13.847374 -12.200329 101914346637.000000
0.139404 -0.912354 0.379150 -29.341792 14.274385 -12.810346 101914348445.000000
0.137451 -0.909180 0.369873 -29.402794 14.152382 -13.054352 101914350248.000000
0.136963 -0.914551 0.358887 -29.402794 14.274385 -13.542366 101914352050.000000
0.137207 -0.913330 0.363525 -29.524797 14.701397 -14.091380 101914353850.000000
0.134277 -0.915283 0.360596 -29.524797 14.701397 -14.579394 101914355651.000000
0.132080 -0.915771 0.360840 -29.402794 14.213384 -15.067407 101914357460.000000
0.129150 -0.921143 0.363770 -29.341792 14.823400 -15.616422 101914359261.000000
0.130127 -0.928711 0.361084 -29.524797 14.579394 -16.348441 101914361062.000000
0.129395 -0.930420 0.359375 -29.341792 14.518392 -16.775453 101914362863.000000
0.131592 -0.934082 0.358398 -29.524797 14.518392 -17.446471 101914364664.000000
0.131348 -0.941650 0.355225 -29.646800 14.091380 -17.873483 101914366465.000000
0.129883 -0.952148 0.350830 -29.524797 14.030379 -18.849509 101914368268.000000
0.124512 -0.956543 0.344971 -29.402794 14.030379 -19.337522 101914370072.000000
0.128662 -0.965088 0.345459 -29.280791 13.969377 -19.886537 101914371873.000000
0.125244 -0.967529 0.348633 -29.097786 13.786372 -20.496553 101914373675.000000
0.120850 -0.974609 0.357178 -28.975782 13.603367 -21.045568 101914375476.000000
0.114746 -0.979004 0.361084 -28.487769 13.298359 -21.411578 101914377285.000000
0.111328 -0.983398 0.359375 -28.121759 12.993351 -21.533581 101914379089.000000
0.105225 -0.987305 0.362549 -28.060758 12.932349 -21.899591 101914380894.000000
0.102051 -0.993164 0.364258 -27.816751 12.200329 -21.899591 101914382695.000000
0.101807 -0.994873 0.363037 -27.633746 11.895321 -21.655585 101914384496.000000
0.101563 -0.993164 0.366211 -27.389740 11.224303 -21.594583 101914386297.000000
0.093750 -0.987305 0.369629 -27.328738 11.041298 -21.594583 101914388099.000000
0.087646 -0.991699 0.373291 -27.450741 10.370280 -21.167572 101914389900.000000
0.088379 -0.993652 0.374023 -27.389740 9.760264 -21.045568 101914391702.000000
0.083740 -0.995117 0.378418 -27.389740 9.333252 -20.679558 101914393502.000000
0.086670 -0.995605 0.388916 -27.267736 8.601232 -20.252547 101914395306.000000
0.081543 -0.993408 0.391113 -26.657720 7.869212 -19.703532 101914397111.000000
0.089600 -0.993652 0.399170 -26.413713 7.381199 -19.276520 101914398914.000000
0.084961 -0.993652 0.402344 -26.291710 6.649180 -19.093516 101914400719.000000
0.083496 -1.000244 0.397217 -25.986702 6.100165 -18.483499 101914402519.000000
0.087158 -0.994629 0.386719 -25.620692 5.673153 -18.056488 101914404321.000000
0.089355 -0.995361 0.388672 -26.352712 5.185140 -17.629476 101914406123.000000
0.087646 -0.989746 0.390381 -25.803697 4.453120 -17.202464 101914407930.000000
0.091553 -0.987061 0.389648 -26.169707 4.026109 -17.019460 101914409732.000000
0.094727 -0.985596 0.386230 -26.535716 3.416092 -16.653450 101914411536.000000
0.095947 -0.979004 0.385010 -26.779723 3.050082 -16.409443 101914413345.000000
0.092529 -0.978271 0.385254 -27.023730 2.806076 -16.043433 101914415146.000000
0.101563 -0.973389 0.389160 -27.206735 2.745074 -15.677423 101914416948.000000
0.098389 -0.972900 0.391602 -27.633746 2.318063 -15.494418 101914418750.000000
0.099121 -0.968262 0.398926 -27.999756 1.830049 -15.128408 101914420553.000000
0.104736 -0.962402 0.394531 -27.633746 1.708046 -15.311413 101914422354.000000
0.109863 -0.960938 0.392822 -27.694748 1.586043 -15.006405 101914424155.000000
0.116455 -0.955566 0.387695 -27.877753 1.586043 -14.945404 101914425956.000000
0.123535 -0.954834 0.377686 -28.487769 1.403038 -15.006405 101914427758.000000
0.125488 -0.954102 0.371338 -28.975782 1.281035 -15.067407 101914429559.000000
0.130615 -0.951904 0.374023 -29.402794 1.403038 -15.128408 101914431360.000000
0.135742 -0.950684 0.366455 -30.317819 1.098030 -14.945404 101914433162.000000
0.141357 -0.951660 0.358398 -30.744830 1.220033 -14.945404 101914434962.000000
0.146240 -0.951416 0.359131 -31.232843 1.525041 -15.250412 101914436768.000000
0.147949 -0.951172 0.366699 -31.354847 1.891051 -15.372415 101914438569.000000
0.160889 -0.946533 0.365723 -31.537852 2.196059 -15.738425 101914440371.000000
0.162842 -0.954834 0.362061 -31.476850 2.623071 -15.616422 101914442171.000000
0.171387 -0.949463 0.368408 -31.354847 3.233087 -15.921430 101914443972.000000
0.175781 -0.953613 0.355713 -31.293845 3.965107 -16.104435 101914445772.000000
0.177490 -0.955811 0.348633 -31.415848 4.148112 -16.470445 101914447578.000000
0.180664 -0.950684 0.345703 -31.842860 4.575124 -16.592448 101914449379.000000
0.182129 -0.957764 0.338623 -32.025865 5.429147 -16.714451 101914451180.000000
0.184326 -0.959717 0.333740 -32.086866 6.161166 -17.019460 101914452981.000000
0.186523 -0.958008 0.334961 -32.147868 6.588178 -17.019460 101914454783.000000
0.187988 -0.955078 0.330566 -32.330873 7.259196 -17.019460 101914456587.000000
0.187988 -0.956055 0.331299 -31.964863 8.174221 -17.385469 101914458389.000000
0.187744 -0.964844 0.332275 -31.842860 9.089245 -17.446471 101914460191.000000
0.189697 -0.962402 0.331787 -31.476850 10.004270 -17.690478 101914461994.000000
0.189941 -0.970215 0.329346 -31.049838 11.163301 -17.629476 101914463795.000000
0.189697 -0.971436 0.327393 -30.927835 11.773318 -17.934484 101914465595.000000
0.190186 -0.971191 0.324219 -30.500824 12.627341 -17.812481 101914467398.000000
0.189941 -0.979004 0.324219 -30.683828 13.420362 -17.812481 101914469199.000000
0.187012 -0.976318 0.329590 -30.378820 14.579394 -17.812481 101914471000.000000
0.180664 -0.978027 0.325195 -29.951809 15.128408 -17.751479 101914472801.000000
0.179688 -0.977051 0.327393 -29.890807 15.860428 -17.934484 101914474601.000000
0.177002 -0.974854 0.331787 -29.646800 16.714451 -17.812481 101914476403.000000
0.177002 -0.972656 0.329102 -29.524797 17.446471 -17.629476 101914478206.000000
0.174805 -0.973633 0.327637 -29.158787 18.483499 -17.751479 101914480006.000000
0.172607 -0.974121 0.330322 -28.914781 18.971512 -17.812481 101914481806.000000
0.161621 -0.970703 0.318359 -29.097786 19.947539 -17.324468 101914483607.000000
0.158691 -0.972168 0.319092 -29.097786 20.801562 -17.629476 101914485408.000000
0.159424 -0.974121 0.324463 -28.792777 21.228573 -17.751479 101914487213.000000
0.159668 -0.972900 0.327148 -29.219789 21.899591 -17.629476 101914489018.000000
0.150146 -0.971191 0.327637 -29.463796 22.265601 -17.507473 101914490821.000000
0.148682 -0.974121 0.334717 -29.524797 22.692613 -17.568474 101914492623.000000
0.146973 -0.974854 0.338623 -29.280791 23.241628 -17.507473 101914494425.000000
0.141113 -0.971436 0.337646 -29.341792 23.607637 -17.690478 101914496229.000000
0.137695 -0.971924 0.331543 -29.646800 23.668639 -17.812481 101914498036.000000
0.137695 -0.972900 0.337158 -29.646800 24.156652 -17.629476 101914499837.000000
0.127441 -0.974609 0.337646 -29.951809 24.278656 -17.690478 101914501638.000000
0.129639 -0.973389 0.340820 -29.951809 24.461660 -17.873483 101914503439.000000
0.120117 -0.971191 0.343506 -30.195815 24.705667 -17.934484 101914505241.000000
0.121826 -0.975342 0.334717 -31.171842 24.766669 -18.178491 101914507047.000000
0.119385 -0.979736 0.338379 -30.927835 24.888672 -18.300494 101914508845.000000
0.114746 -0.980469 0.347900 -30.683828 24.766669 -18.666504 101914510647.000000
0.116699 -0.979004 0.353027 -30.866833 24.705667 -18.910511 101914512449.000000
0.110352 -0.980713 0.355713 -30.561825 24.705667 -19.154517 101914514249.000000
0.108643 -0.979736 0.351563 -30.744830 24.644665 -19.093516 101914516050.000000
0.104004 -0.981934 0.343506 -30.927835 24.339657 -19.276520 101914517856.000000
0.104248 -0.977051 0.342285 -31.415848 23.973647 -19.337522 101914519658.000000
0.099365 -0.975586 0.346191 -31.720856 23.607637 -19.215519 101914521462.000000
0.095215 -0.977051 0.339355 -32.025865 23.180626 -19.093516 101914523262.000000
0.092773 -0.974609 0.342773 -32.391875 22.936619 -19.215519 101914525063.000000
0.091064 -0.971680 0.348389 -32.635881 22.265601 -18.849509 101914526865.000000
0.087891 -0.973633 0.352783 -32.391875 21.716586 -18.971512 101914528665.000000
0.087402 -0.975098 0.355469 -32.269871 21.472580 -18.910511 101914530466.000000
0.086426 -0.976807 0.346436 -31.964863 21.106570 -18.849509 101914532268.000000
0.086670 -0.977295 0.345703 -32.025865 20.740560 -18.849509 101914534069.000000
0.089355 -0.972168 0.332031 -32.208870 20.069542 -18.788507 101914535869.000000
0.090088 -0.971436 0.338623 -32.208870 19.459525 -18.666504 101914537671.000000
0.090332 -0.972656 0.327393 -32.513878 18.666504 -18.666504 101914539471.000000
0.094971 -0.976074 0.327393 -32.513878 17.873483 -18.910511 101914541271.000000
0.088867 -0.973877 0.330078 -32.757884 17.629476 -18.788507 101914543072.000000
0.094971 -0.974854 0.332520 -32.635881 16.775453 -18.971512 101914544874.000000
0.100098 -0.979248 0.337402 -32.269871 16.287440 -19.032514 101914546675.000000
0.103271 -0.980469 0.334229 -32.086866 16.104435 -18.971512 101914548478.000000
0.101807 -0.979980 0.331543 -32.025865 15.616422 -19.276520 101914550278.000000
0.105469 -0.983398 0.328613 -31.903861 15.311413 -19.337522 101914552080.000000
0.107910 -0.985840 0.320313 -31.415848 15.006405 -19.398524 101914553880.000000
0.102539 -0.988281 0.325195 -31.354847 14.457390 -19.337522 101914555684.000000
0.100830 -0.987305 0.322510 -31.415848 14.213384 -19.459525 101914557493.000000
0.098145 -0.989014 0.323242 -31.415848 13.969377 -19.337522 101914559295.000000
0.096924 -0.988770 0.319824 -30.927835 13.542366 -19.337522 101914561099.000000
0.098389 -0.986816 0.326904 -30.378820 13.542366 -18.910511 101914562903.000000
0.094727 -0.988281 0.331299 -30.134814 13.054352 -18.849509 101914564705.000000
0.093262 -0.984619 0.336914 -29.646800 12.993351 -18.605502 101914566505.000000
0.089111 -0.989014 0.337402 -29.219789 12.566339 -18.056488 101914568313.000000
0.082520 -0.986084 0.332031 -28.731776 12.627341 -17.507473 101914570114.000000
0.088379 -0.983887 0.336426 -28.609772 12.200329 -17.202464 101914571916.000000
0.085693 -0.982178 0.341064 -28.304764 11.773318 -16.714451 101914573717.000000
0.087646 -0.988037 0.338867 -27.694748 11.590313 -16.531446 101914575518.000000
0.091309 -0.984619 0.340576 -27.572744 11.285305 -16.043433 101914577323.000000
0.085449 -0.982422 0.338379 -27.328738 10.736290 -15.555420 101914579126.000000
0.089844 -0.987061 0.337646 -27.145733 10.309278 -15.189410 101914580928.000000
0.090088 -0.981934 0.342529 -26.901726 9.638260 -14.823400 101914582729.000000
0.093994 -0.984863 0.337891 -26.352712 9.333252 -14.701397 101914584529.000000
0.093506 -0.984863 0.339111 -26.352712 9.150247 -14.335387 101914586329.000000
0.096924 -0.979736 0.339600 -25.681693 8.662234 -13.908376 101914588137.000000
0.097900 -0.976318 0.339355 -25.742695 8.235222 -13.542366 101914589938.000000
0.101318 -0.985596 0.329590 -25.437687 7.503203 -13.176356 101914591738.000000
0.104492 -0.981934 0.330811 -25.620692 7.381199 -13.237357 101914593539.000000
0.103027 -0.981689 0.333984 -25.315684 6.893186 -12.871348 101914595339.000000
0.108398 -0.981201 0.335938 -25.193680 6.832184 -12.505338 101914597145.000000
0.107910 -0.980469 0.336182 -24.888672 6.222168 -12.322333 101914598948.000000
0.114990 -0.984863 0.333984 -24.644665 6.100165 -12.261331 101914600750.000000
0.119385 -0.983887 0.333496 -24.461660 5.978161 -11.773318 101914602551.000000
0.119873 -0.985107 0.327881 -24.034649 5.612152 -11.651315 101914604352.000000
0.116943 -0.982178 0.328125 -24.156652 5.490148 -11.529311 101914606153.000000
0.117432 -0.980225 0.330811 -23.851644 5.429147 -11.224303 101914607961.000000
0.121826 -0.982422 0.324463 -24.156652 5.185140 -10.797292 101914609762.000000
0.125000 -0.985840 0.316650 -24.217654 5.246142 -10.736290 101914611569.000000
0.124512 -0.984131 0.312012 -24.339657 5.063137 -10.614287 101914613371.000000
0.134277 -0.986084 0.307373 -24.461660 5.002135 -10.370280 101914615173.000000
0.129150 -0.986328 0.311035 -24.644665 4.941133 -10.065272 101914616974.000000
0.133789 -0.981201 0.308594 -24.766669 4.575124 -10.004270 101914618775.000000
0.136719 -0.983398 0.305176 -24.583664 4.575124 -9.821265 101914620584.000000
0.139893 -0.986084 0.305420 -24.461660 4.941133 -9.821265 101914622385.000000
0.139404 -0.979980 0.301514 -24.583664 4.880132 -9.577259 101914624186.000000
0.138916 -0.984131 0.300293 -24.400659 4.941133 -9.577259 101914625986.000000
0.145020 -0.983887 0.298340 -24.034649 4.697127 -9.394254 101914628337.000000
0.152832 -0.980957 0.294922 -24.583664 5.002135 -8.967242 101914631251.000000
0.159424 -0.976563 0.283936 -24.339657 5.063137 -8.662234 101914634164.000000
0.160645 -0.973389 0.283936 -24.461660 5.612152 -8.601232 101914637080.000000
0.165527 -0.968018 0.279541 -24.583664 5.917160 -8.601232 101914639994.000000
0.171143 -0.968018 0.268799 -24.522662 6.649180 -8.479229 101914642907.000000
0.172852 -0.960938 0.274658 -24.339657 7.381199 -8.357226 101914645822.000000
0.172363 -0.961914 0.257568 -24.278656 8.235222 -8.296224 101914648737.000000
0.171875 -0.958252 0.260010 -24.400659 8.662234 -8.479229 101914651652.000000
0.176270 -0.964844 0.250000 -24.400659 9.455255 -9.028244 101914654580.000000
0.179199 -0.969238 0.242432 -24.766669 10.248277 -9.516257 101914657495.000000
0.174805 -0.964844 0.236084 -23.912646 11.285305 -10.126273 101914660409.000000
0.173340 -0.969238 0.234131 -24.400659 11.773318 -10.736290 101914663324.000000
0.174072 -0.973389 0.230957 -24.827670 12.627341 -11.346306 101914666237.000000
0.164063 -0.974609 0.223389 -24.400659 13.359361 -11.712316 101914669155.000000
0.157715 -0.981934 0.225098 -24.827670 14.091380 -12.322333 101914672070.000000
0.154297 -0.981689 0.221680 -23.973647 14.457390 -12.688343 101914674982.000000
0.148193 -0.984131 0.229248 -24.034649 14.457390 -12.688343 101914677905.000000
0.144531 -0.986328 0.217041 -23.668639 14.640395 -12.871348 101914680823.000000
0.140625 -0.988525 0.220459 -24.095651 14.518392 -12.871348 101914683738.000000
0.135254 -0.985107 0.214600 -23.973647 14.274385 -12.688343 101914686652.000000
0.131592 -0.986572 0.205811 -23.851644 14.030379 -12.810346 101914689614.000000
0.129883 -0.984619 0.211426 -23.668639 13.542366 -12.505338 101914692531.000000
0.134033 -0.989990 0.215332 -23.790642 13.237357 -12.261331 101914695445.000000
0.129883 -0.993408 0.217285 -23.363631 12.444336 -12.078326 101914698361.000000
0.131592 -0.988525 0.213867 -23.790642 11.773318 -11.773318 101914701282.000000
0.133301 -0.990479 0.207764 -23.241628 11.041298 -11.712316 101914704197.000000
0.134277 -0.986572 0.207275 -23.546636 10.675288 -11.224303 101914707118.000000
0.130127 -0.986084 0.210938 -23.607637 9.821265 -11.041298 101914710044.000000
0.127197 -0.989014 0.210449 -23.363631 9.272250 -10.614287 101914712959.000000
0.125732 -0.987549 0.209473 -23.546636 8.784237 -10.370280 101914715874.000000
0.139404 -0.986328 0.203369 -23.180626 7.930214 -10.126273 101914718798.000000
0.135986 -0.984375 0.208496 -23.546636 7.503203 -9.943268 101914721712.000000
0.136230 -0.982666 0.203613 -23.546636 6.771183 -9.455255 101914724627.000000
0.142822 -0.981445 0.203857 -23.790642 6.405173 -9.272250 101914727544.000000
0.140381 -0.978760 0.200439 -24.217654 6.100165 -8.906240 101914730459.000000
0.147461 -0.980713 0.204102 -24.034649 5.917160 -8.723236 101914733374.000000
0.147705 -0.978760 0.200928 -24.278656 5.612152 -8.967242 101914736287.000000
0.149902 -0.985352 0.188965 -24.522662 5.795156 -8.784237 101914739203.000000
0.152344 -0.988037 0.182373 -24.705667 5.551150 -8.723236 101914742118.000000
0.158447 -0.985596 0.182861 -24.827670 5.734155 -8.540231 101914745032.000000
0.160400 -0.989990 0.182861 -25.071677 6.039163 -8.418227 101914747948.000000
0.156494 -0.989990 0.188232 -25.193680 6.466175 -8.479229 101914750862.000000
0.155518 -0.990234 0.182617 -25.193680 6.588178 -7.930214 101914753775.000000
0.157227 -0.983887 0.188477 -25.193680 6.893186 -7.808211 101914756689.000000
0.156982 -0.988525 0.189697 -25.193680 7.442201 -7.625206 101914759643.000000
0.154053 -0.985352 0.186768 -25.254682 7.747209 -7.381199 101914762571.000000
0.153320 -0.990723 0.188232 -25.559690 8.296224 -7.015189 101914765485.000000
0.151611 -0.989990 0.179932 -25.742695 8.601232 -6.710181 101914768419.000000
0.152344 -0.987793 0.178711 -25.803697 9.272250 -6.283170 101914771333.000000
0.151855 -0.982910 0.185303 -25.437687 9.821265 -6.222168 101914774246.000000
0.153076 -0.988281 0.181396 -25.254682 10.126273 -6.039163 101914777161.000000
0.151611 -0.986816 0.176758 -25.559690 10.614287 -5.856158 101914780074.000000
0.155273 -0.992432 0.173096 -25.376685 11.163301 -5.490148 101914782998.000000
0.147705 -0.993896 0.177490 -25.376685 11.224303 -5.734155 101914785912.000000
0.149658 -0.991455 0.178711 -25.498688 11.590313 -5.734155 101914788840.000000
0.147217 -0.990234 0.173584 -25.559690 12.078326 -5.551150 101914791755.000000
0.144043 -0.996094 0.173340 -25.498688 12.200329 -5.551150 101914794670.000000
0.147949 -0.995117 0.173096 -25.193680 12.383334 -5.978161 101914797592.000000
0.150146 -0.999756 0.175049 -25.376685 12.261331 -5.856158 101914800509.000000
0.152100 -1.002441 0.176025 -25.254682 12.383334 -5.978161 101914803423.000000
0.153564 -1.007324 0.165527 -25.193680 12.200329 -6.039163 101914806338.000000
0.148926 -1.010986 0.171631 -25.071677 12.261331 -5.978161 101914809264.000000
0.147949 -1.011230 0.170410 -24.766669 12.078326 -6.039163 101914812180.000000
0.148438 -1.011230 0.175293 -24.827670 12.200329 -5.734155 101914815094.000000
0.152832 -1.014648 0.175049 -24.827670 12.078326 -5.795156 101914818010.000000
0.150391 -1.009277 0.173096 -24.522662 11.895321 -5.429147 101914820924.000000
0.153076 -1.005615 0.176025 -24.339657 12.139328 -5.490148 101914823838.000000
0.155273 -1.008789 0.178955 -24.766669 11.895321 -5.124138 101914826784.000000
0.154541 -1.010010 0.167236 -24.400659 11.956323 -4.880132 101914829702.000000
0.152832 -1.013672 0.172852 -24.278656 12.261331 -4.819130 101914832615.000000
0.156494 -1.010498 0.172363 -24.400659 12.383334 -4.758128 101914835529.000000
0.159424 -1.006592 0.166504 -24.156652 12.505338 -4.636125 101914838458.000000
0.153076 -1.006592 0.167480 -24.400659 12.993351 -4.636125 101914841371.000000
0.158936 -1.002930 0.163574 -24.400659 13.054352 -4.453120 101914844284.000000
0.155762 -1.004639 0.166748 -24.766669 13.725371 -4.331117 101914847201.000000
0.154297 -0.997314 0.162354 -24.888672 14.152382 -4.148112 101914850115.000000
0.154297 -1.000000 0.164551 -25.193680 14.579394 -4.392119 101914853029.000000
0.152100 -0.996826 0.161377 -25.376685 15.189410 -4.209114 101914855942.000000
0.153564 -0.995850 0.154297 -25.742695 15.433417 -4.087110 101914858859.000000
0.155762 -0.999268 0.166260 -25.742695 16.348441 -4.392119 101914861774.000000
0.156738 -0.994385 0.159668 -26.047703 16.531446 -4.819130 101914864688.000000
0.149170 -0.994385 0.161865 -26.352712 17.141463 -4.636125 101914867608.000000
0.150391 -0.998779 0.157715 -26.657720 17.690478 -4.819130 101914870540.000000
0.150635 -0.994141 0.161621 -26.474715 17.934484 -5.246142 101914873454.000000
0.149170 -0.996582 0.163086 -26.657720 18.361496 -5.612152 101914876368.000000
0.152344 -1.003662 0.162842 -26.779723 18.727506 -5.978161 101914879293.000000
0.144043 -1.004395 0.156250 -26.901726 18.788507 -6.039163 101914882207.000000
0.145508 -1.006104 0.160889 -26.840725 19.093516 -6.893186 101914885130.000000
0.141846 -1.005859 0.159180 -26.474715 19.215519 -6.649180 101914888051.000000
0.139160 -1.006836 0.165283 -26.352712 19.154517 -7.259196 101914890968.000000
0.138184 -1.009766 0.163818 -26.108705 19.276520 -7.564204 101914893883.000000
0.127441 -1.013916 0.155029 -25.925700 19.154517 -7.320198 101914896804.000000
0.127441 -1.019043 0.162598 -26.047703 19.093516 -7.991216 101914899726.000000
0.125244 -1.024170 0.166504 -25.620692 18.666504 -7.869212 101914902639.000000
0.122314 -1.030029 0.169678 -25.071677 18.849509 -7.625206 101914905553.000000
0.117920 -1.030273 0.160889 -24.888672 18.117489 -8.235222 101914908477.000000
0.114746 -1.032227 0.160645 -24.217654 18.178491 -7.869212 101914911391.000000
0.112305 -1.035400 0.156982 -23.973647 17.812481 -8.052217 101914914303.000000
0.109131 -1.033691 0.148193 -24.034649 17.263466 -7.930214 101914917219.000000
0.106689 -1.034912 0.156494 -23.851644 16.897456 -7.686208 101914920133.000000
0.099854 -1.037354 0.153320 -23.485634 16.592448 -7.442201 101914923047.000000
0.099365 -1.039063 0.156250 -23.302629 15.982432 -7.320198 101914925981.000000
0.098389 -1.041748 0.155029 -23.302629 15.311413 -6.832184 101914928904.000000
0.098389 -1.040039 0.149658 -22.997621 14.762399 -6.893186 101914931820.000000
0.098389 -1.046631 0.154541 -22.936619 13.847374 -6.649180 101914934736.000000
0.101318 -1.047607 0.148926 -22.570609 13.237357 -6.527176 101914937652.000000
0.094482 -1.053955 0.160889 -22.265601 12.322333 -6.222168 101914940568.000000
0.093994 -1.060547 0.157227 -21.960593 11.834320 -6.283170 101914943489.000000
0.099365 -1.058838 0.150879 -21.533581 11.346306 -6.161166 101914946402.000000
0.098633 -1.061035 0.156006 -21.411578 10.736290 -5.978161 101914949320.000000
0.101807 -1.065186 0.154297 -21.228573 10.187275 -5.856158 101914952233.000000
0.099609 -1.065430 0.153564 -20.557555 9.211249 -5.978161 101914955146.000000
0.097900 -1.067627 0.157959 -20.435552 8.967242 -5.795156 101914958065.000000
0.094971 -1.064697 0.156738 -20.008540 7.930214 -5.490148 101914960979.000000
0.097900 -1.065674 0.155273 -20.008540 7.503203 -5.185140 101914963893.000000
0.096924 -1.064941 0.154541 -19.276520 7.137193 -5.429147 101914966815.000000
0.100098 -1.068115 0.154053 -19.398524 6.222168 -5.002135 101914969732.000000
0.095947 -1.067627 0.154541 -18.788507 5.978161 -4.697127 101914972647.000000
0.098633 -1.063721 0.146729 -18.361496 5.185140 -4.575124 101914975560.000000
0.102051 -1.066406 0.154785 -17.934484 4.453120 -4.026109 101914978484.000000
0.099854 -1.069092 0.151123 -17.690478 3.904105 -4.026109 101914981398.000000
0.104248 -1.064941 0.153564 -17.446471 3.660099 -3.660099 101914984311.000000
0.102539 -1.063477 0.154785 -17.080461 2.867077 -3.782102 101914987231.000000
0.099365 -1.062988 0.163574 -16.531446 2.379064 -3.538096 101914990148.000000
0.100098 -1.064697 0.155273 -15.677423 2.196059 -3.172086 101914993062.000000
0.103760 -1.060059 0.156494 -15.494418 1.464040 -2.989081 101914995976.000000
0.104004 -1.050781 0.146973 -15.189410 1.037028 -2.806076 101914998902.000000
0.101074 -1.051758 0.156738 -14.335387 0.488013 -2.318063 101915001817.000000
0.102539 -1.046631 0.154297 -14.213384 0.244007 -2.135058 101915004732.000000
0.103516 -1.038818 0.160645 -13.664369 -0.122003 -1.769048 101915007655.000000
0.104004 -1.039307 0.154541 -12.749344 -0.976026 -1.403038 101915010573.000000
0.103760 -1.037109 0.154785 -12.749344 -1.464040 -1.281035 101915013496.000000
0.107910 -1.035645 0.153320 -11.895321 -2.013054 -0.915025 101915016415.000000
0.111084 -1.025146 0.153564 -11.834320 -2.623071 -0.915025 101915019336.000000
0.107178 -1.023682 0.153564 -11.224303 -3.294089 -0.671018 101915022250.000000
0.112549 -1.023193 0.154053 -10.492283 -4.270115 -0.610016 101915025163.000000
0.111328 -1.016357 0.147217 -10.187275 -4.941133 -0.244007 101915028081.000000
0.112793 -1.016357 0.148682 -9.455255 -5.795156 -0.061002 101915031000.000000
0.115723 -1.010498 0.142822 -9.089245 -6.405173 0.122003 101915033924.000000
0.117188 -1.008057 0.145508 -8.418227 -7.503203 0.427012 101915036841.000000
0.122559 -1.003906 0.142334 -7.930214 -8.174221 0.610016 101915039759.000000
0.125977 -1.006348 0.146484 -7.137193 -8.662234 0.854023 101915042674.000000
0.129639 -1.004150 0.140381 -6.588178 -9.638260 0.915025 101915045589.000000
0.136963 -1.001465 0.135254 -5.917160 -10.187275 1.159031 101915048504.000000
0.145752 -1.003418 0.135254 -5.734155 -10.980296 1.220033 101915052563.000000
0.154541 -0.999023 0.129883 -4.514122 -11.712316 1.525041 101915055508.000000
0.161133 -0.997803 0.124023 -4.575124 -11.773318 1.464040 101915058430.000000
0.167236 -0.999268 0.125244 -3.782102 -11.956323 1.647044 101915061345.000000
0.172852 -0.995361 0.115479 -3.050082 -12.444336 1.525041 101915064263.000000
0.177246 -0.995361 0.110107 -2.745074 -12.078326 1.586043 101915067186.000000
0.183838 -1.001465 0.107422 -2.623071 -11.712316 1.525041 101915070103.000000
0.193115 -0.995850 0.101318 -1.952053 -11.895321 1.708046 101915073017.000000
0.197754 -0.998047 0.103271 -1.891051 -11.346306 1.403038 101915075933.000000
0.201172 -0.994385 0.095459 -1.769048 -10.919295 1.403038 101915078859.000000
0.213867 -0.992920 0.092041 -1.220033 -10.431282 1.220033 101915081774.000000
0.216064 -0.997070 0.090576 -1.220033 -9.699262 1.037028 101915084690.000000
0.223389 -0.997314 0.079834 -0.976026 -9.089245 1.098030 101915087612.000000
0.229736 -0.992188 0.079590 -1.098030 -8.052217 0.793021 101915090532.000000
0.234619 -0.994629 0.071533 -1.159031 -7.259196 0.366010 101915093448.000000
0.242188 -0.995361 0.072266 -0.976026 -6.222168 0.061002 101915096363.000000
0.243408 -0.991699 0.076172 -1.464040 -5.429147 -0.122003 101915099289.000000
0.245361 -0.992432 0.062988 -1.586043 -4.453120 -0.488013 101915102205.000000
0.255371 -0.997559 0.060303 -1.525041 -3.538096 -1.037028 101915105118.000000
0.256104 -1.000000 0.063965 -1.952053 -2.135058 -1.342036 101915108036.000000
0.258789 -0.999023 0.068848 -2.074056 -1.098030 -1.708046 101915110952.000000
0.260254 -1.000244 0.058838 -2.135058 -0.305008 -1.891051 101915113866.000000
0.265381 -1.002197 0.056641 -2.623071 0.915025 -2.379064 101915116784.000000
0.267578 -1.005371 0.056152 -2.684072 1.952053 -3.050082 101915119697.000000
0.271240 -1.008789 0.060303 -2.928079 3.050082 -3.172086 101915122610.000000
0.270020 -1.007568 0.050781 -3.355091 4.392119 -3.660099 101915125523.000000
0.270020 -1.013428 0.052002 -3.782102 5.429147 -4.026109 101915128439.000000
0.274902 -1.014648 0.052246 -3.843104 6.466175 -4.392119 101915131358.000000
0.273682 -1.016357 0.054688 -4.392119 7.808211 -4.453120 101915134272.000000
0.270508 -1.019043 0.053467 -4.697127 9.028244 -5.002135 101915137224.000000
0.269287 -1.021729 0.052490 -4.880132 10.004270 -5.307143 101915140139.000000
0.274658 -1.017334 0.048584 -5.429147 11.529311 -5.185140 101915143052.000000
0.268066 -1.020508 0.051270 -5.856158 12.505338 -5.490148 101915145966.000000
0.268311 -1.021973 0.051270 -6.222168 13.908376 -5.551150 101915148882.000000
0.267334 -1.023682 0.052734 -6.466175 15.006405 -6.039163 101915151797.000000
0.266846 -1.027832 0.045166 -6.588178 16.531446 -6.161166 101915154712.000000
0.266846 -1.030273 0.048584 -7.320198 17.873483 -6.161166 101915157629.000000
0.258789 -1.039307 0.052002 -7.503203 19.093516 -6.527176 101915160542.000000
0.248779 -1.038818 0.045410 -8.052217 20.374550 -7.137193 101915163455.000000
0.245117 -1.039063 0.041748 -8.418227 21.960593 -7.076191 101915166370.000000
0.240723 -1.035400 0.051758 -8.662234 22.875618 -7.503203 101915169298.000000
