-0.216797 -0.968506 -0.147705 -3.782102 1.586043 4.026109 153418472741.000000
-0.214355 -0.972412 -0.150879 -4.026109 1.769048 4.636125 153418476186.000000
-0.216553 -0.979492 -0.152344 -3.904105 2.379064 4.575124 153418479279.000000
-0.212646 -0.979980 -0.142822 -3.843104 2.745074 5.429147 153418482307.000000
-0.213379 -0.983887 -0.141846 -3.843104 3.172086 5.490148 153418485234.000000
-0.211426 -0.979980 -0.146240 -3.355091 3.843104 6.405173 153418488159.000000
-0.209229 -0.986328 -0.150391 -3.843104 4.514122 6.954188 153418491067.000000
-0.206787 -0.984863 -0.145508 -3.599097 5.429147 7.442201 153418493977.000000
-0.207764 -0.986572 -0.150879 -3.965107 6.283170 8.174221 153418496884.000000
-0.209717 -0.990234 -0.144043 -3.965107 7.198194 9.028244 153418499789.000000
-0.206543 -0.989990 -0.149902 -3.843104 8.174221 9.577259 153418502697.000000
-0.207520 -0.990479 -0.149170 -4.026109 9.577259 10.858293 153418505606.000000
-0.205811 -0.988525 -0.155518 -4.209114 10.553285 11.712316 153418508515.000000
-0.204346 -0.994629 -0.150879 -4.209114 11.651315 12.505338 153418511428.000000
-0.207764 -0.993408 -0.150635 -4.026109 13.054352 13.908376 153418514343.000000
-0.210938 -0.987793 -0.156982 -4.514122 14.213384 14.762399 153418517256.000000
-0.207764 -0.991211 -0.154541 -4.575124 15.128408 15.616422 153418520171.000000
-0.207520 -0.989990 -0.166748 -4.392119 16.592448 16.958458 153418523085.000000
-0.218018 -0.984375 -0.166504 -5.124138 17.995486 18.300494 153418525995.000000
-0.219482 -0.987549 -0.167969 -5.490148 19.581529 19.764534 153418528902.000000
-0.221191 -0.991699 -0.167236 -5.612152 20.923565 20.984567 153418531816.000000
-0.221191 -0.989258 -0.164795 -5.795156 22.509608 22.326603 153418534725.000000
-0.222656 -0.994873 -0.164063 -5.978161 24.095651 23.302629 153418537630.000000
-0.227783 -0.990479 -0.166748 -6.466175 25.071677 24.705667 153418540537.000000
-0.230469 -0.990479 -0.169189 -6.405173 26.047703 25.498688 153418543446.000000
-0.239990 -0.988525 -0.169189 -6.588178 26.901726 26.230708 153418546364.000000
-0.243896 -0.990723 -0.176025 -7.137193 27.450741 27.206735 153418549271.000000
-0.255859 -0.984863 -0.169434 -7.015189 27.816751 27.694748 153418552185.000000
-0.259521 -0.983643 -0.173340 -7.381199 27.572744 28.609772 153418555103.000000
-0.265625 -0.984619 -0.177490 -7.259196 27.267736 29.158787 153418558021.000000
-0.267578 -0.985596 -0.178223 -7.808211 26.901726 29.768804 153418560940.000000
-0.276367 -0.986328 -0.179688 -7.991216 26.474715 30.256817 153418563853.000000
-0.278320 -0.981445 -0.177246 -8.296224 26.169707 30.561825 153418566769.000000
-0.279297 -0.980469 -0.174805 -8.235222 25.315684 31.354847 153418569682.000000
-0.276611 -0.977295 -0.176025 -8.418227 24.461660 31.110840 153418572607.000000
-0.285156 -0.981689 -0.174561 -8.418227 23.912646 31.720856 153418575522.000000
-0.282715 -0.983154 -0.169434 -8.662234 22.875618 32.147868 153418578436.000000
-0.286377 -0.976807 -0.172119 -8.418227 22.204600 32.147868 153418581357.000000
-0.286377 -0.976074 -0.165527 -8.784237 21.350576 32.269871 153418584274.000000
-0.287109 -0.975830 -0.173096 -8.540231 20.801562 32.452876 153418587187.000000
-0.288086 -0.974365 -0.165527 -8.845239 20.130544 32.635881 153418590101.000000
-0.285645 -0.969238 -0.157471 -8.296224 19.581529 32.879888 153418593025.000000
-0.290527 -0.973389 -0.164063 -8.845239 18.605502 32.940889 153418595938.000000
-0.297119 -0.969238 -0.159668 -8.601232 17.934484 33.306899 153418598853.000000
-0.298340 -0.969238 -0.158203 -8.723236 17.446471 33.428903 153418601774.000000
-0.294922 -0.968018 -0.154541 -8.784237 16.836455 33.489904 153418604693.000000
-0.293213 -0.965088 -0.155762 -8.601232 16.104435 33.916916 153418607607.000000
-0.294434 -0.962158 -0.155518 -8.540231 15.860428 34.099921 153418610521.000000
-0.300049 -0.960693 -0.156250 -8.662234 15.128408 34.221924 153418613444.000000
-0.299805 -0.964600 -0.151611 -8.784237 14.823400 34.587934 153418616358.000000
-0.298828 -0.962402 -0.147949 -8.296224 14.640395 34.770939 153418619269.000000
-0.301514 -0.957031 -0.155029 -8.906240 14.335387 35.197950 153418622188.000000
-0.302490 -0.959717 -0.147705 -8.845239 14.457390 35.502959 153418625106.000000
-0.304199 -0.957031 -0.151611 -8.418227 14.884402 36.112975 153418628015.000000
-0.295410 -0.961670 -0.156494 -8.540231 15.433417 36.600988 153418630939.000000
-0.301514 -0.952637 -0.165771 -8.845239 15.799427 37.272006 153418633847.000000
-0.300049 -0.958008 -0.150635 -8.296224 16.592448 37.699018 153418636754.000000
-0.305420 -0.959717 -0.166260 -8.662234 16.775453 38.248033 153418639675.000000
-0.312988 -0.960449 -0.160156 -8.967242 17.202464 38.736046 153418642582.000000
-0.313477 -0.955078 -0.170898 -9.028244 17.873483 39.590069 153418645505.000000
-0.319092 -0.957520 -0.162842 -9.211249 17.690478 40.200085 153418648412.000000
-0.328125 -0.962646 -0.164551 -9.516257 18.056488 41.115110 153418651320.000000
-0.331299 -0.967773 -0.162354 -9.516257 18.117489 41.908132 153418654228.000000
-0.334473 -0.968506 -0.163086 -9.699262 17.873483 42.701153 153418657134.000000
-0.339600 -0.969971 -0.165771 -9.882267 18.178491 43.616178 153418660040.000000
-0.340576 -0.970459 -0.172119 -10.065272 18.239492 44.409199 153418662967.000000
-0.345459 -0.975098 -0.164307 -9.821265 18.666504 45.507229 153418665891.000000
-0.344238 -0.972656 -0.166504 -10.248277 18.849509 46.727262 153418668806.000000
-0.348389 -0.973389 -0.169678 -10.309278 19.520527 47.886293 153418671745.000000
-0.348633 -0.972900 -0.166504 -10.492283 20.008540 49.106326 153418674663.000000
-0.351563 -0.974609 -0.172852 -10.675288 20.679558 50.448362 153418677584.000000
-0.354004 -0.978271 -0.163086 -10.614287 21.411578 51.729397 153418680506.000000
-0.359863 -0.976074 -0.164063 -10.431282 22.448606 52.949430 153418683438.000000
-0.362793 -0.978760 -0.165771 -10.370280 23.180626 54.413469 153418686363.000000
-0.376953 -0.982910 -0.163330 -10.248277 23.912646 56.060514 153418689289.000000
-0.384766 -0.990234 -0.159668 -9.943268 25.010675 57.585555 153418692282.000000
-0.385010 -0.993164 -0.171143 -10.065272 26.230708 59.049594 153418695199.000000
-0.400635 -0.992188 -0.177979 -9.882267 27.328738 60.940645 153418698114.000000
-0.406006 -0.990723 -0.185547 -9.943268 28.121759 62.587690 153418701036.000000
-0.412842 -0.992432 -0.186035 -9.821265 29.463796 64.234734 153418703954.000000
-0.423096 -0.996582 -0.194824 -10.004270 30.134814 66.308790 153418706867.000000
-0.429199 -0.990234 -0.204346 -10.248277 31.049838 68.016836 153418709783.000000
-0.439453 -0.996094 -0.206055 -10.248277 31.537852 69.785884 153418712707.000000
-0.447510 -0.999756 -0.202637 -10.126273 32.086866 71.432929 153418715620.000000
-0.464111 -1.004639 -0.208984 -10.187275 32.208870 73.506985 153418718532.000000
-0.477539 -1.005615 -0.213379 -10.248277 32.269871 75.642042 153418721519.000000
-0.485107 -1.014648 -0.218994 -10.370280 32.452876 77.960105 153418724436.000000
-0.495361 -1.018555 -0.225830 -10.370280 32.757884 80.095163 153418727344.000000
-0.510498 -1.022217 -0.234131 -10.553285 32.940889 82.840237 153418730250.000000
-0.526367 -1.025146 -0.238037 -10.553285 33.306899 85.036296 153418733167.000000
-0.537354 -1.026123 -0.247559 -10.919295 33.489904 87.964375 153418736084.000000
-0.550049 -1.033447 -0.252930 -11.285305 33.428903 90.587446 153418738996.000000
-0.563232 -1.033203 -0.247559 -11.224303 33.855914 93.271518 153418741904.000000
-0.571777 -1.041016 -0.252441 -11.529311 33.916916 96.260599 153418744813.000000
-0.584717 -1.043457 -0.249268 -11.773318 34.404929 99.188678 153418747719.000000
-0.588867 -1.045654 -0.251953 -11.590313 34.709937 101.994754 153418750626.000000
-0.598389 -1.043457 -0.255371 -11.773318 35.075947 104.922833 153418753535.000000
-0.604004 -1.046875 -0.248535 -11.468310 36.173977 108.765937 153418756446.000000
-0.623779 -1.037598 -0.252197 -11.102300 37.699018 112.792045 153418759353.000000
-0.629883 -1.051270 -0.267822 -12.261331 38.431038 115.537120 153418762283.000000
-0.639160 -1.051025 -0.263916 -12.017324 39.163057 118.526200 153418765199.000000
-0.665283 -1.054199 -0.268066 -11.895321 39.651071 121.088269 153418768115.000000
-0.678711 -1.044189 -0.274658 -12.261331 39.590069 123.955347 153418771036.000000
-0.700195 -1.045166 -0.278076 -12.383334 39.102056 127.005429 153418773954.000000
-0.719482 -1.039551 -0.270752 -12.261331 38.370036 129.567498 153418776869.000000
-0.742432 -1.039551 -0.282471 -12.139328 36.661990 132.068566 153418779784.000000
-0.750244 -1.033691 -0.284912 -12.200329 35.075947 134.691637 153418782710.000000
-0.765137 -1.034424 -0.283691 -12.322333 33.245898 136.460684 153418785624.000000
-0.767578 -1.032715 -0.289795 -12.810346 30.988837 139.022754 153418788541.000000
-0.775879 -1.024902 -0.289307 -12.688343 28.548771 141.523821 153418791462.000000
-0.781982 -1.017578 -0.301514 -12.993351 26.047703 143.780882 153418794378.000000
-0.791748 -1.015381 -0.301025 -13.115354 23.607637 145.793936 153418797293.000000
-0.801514 -1.018066 -0.304199 -13.115354 21.289575 147.745989 153418800207.000000
-0.812500 -1.014648 -0.299072 -12.566339 19.459525 150.186055 153418803132.000000
-0.823486 -1.011230 -0.292480 -12.261331 16.531446 151.589093 153418806046.000000
-0.837891 -1.006104 -0.293945 -12.078326 13.603367 153.419142 153418808959.000000
-0.852783 -1.002197 -0.288818 -11.651315 10.675288 155.371195 153418811874.000000
-0.872559 -0.994141 -0.285156 -11.285305 7.686208 157.018239 153418814787.000000
-0.878418 -0.993896 -0.286621 -11.407308 4.148112 158.848289 153418817699.000000
-0.898438 -0.999268 -0.285645 -10.675288 1.037028 160.373330 153418820615.000000
-0.900391 -0.997559 -0.277344 -10.309278 -2.562069 162.020375 153418823529.000000
-0.920654 -0.993408 -0.268555 -9.882267 -5.612152 163.606417 153418826441.000000
-0.933838 -0.990234 -0.268066 -9.150247 -8.357226 165.436467 153418829349.000000
-0.939453 -0.981934 -0.273193 -8.967242 -11.468310 166.839505 153418832266.000000
-0.942139 -0.971680 -0.279785 -8.845239 -14.396389 168.852559 153418835182.000000
-0.955078 -0.966553 -0.289063 -8.784237 -16.531446 170.926615 153418838097.000000
-0.968018 -0.956299 -0.288086 -8.662234 -18.788507 172.939669 153418841004.000000
-0.982910 -0.956543 -0.274658 -7.991216 -21.411578 175.074727 153418843913.000000
-0.995850 -0.950195 -0.279541 -7.808211 -23.180626 177.392790 153418846821.000000
-1.001709 -0.948242 -0.281494 -7.564204 -25.376685 179.100836 153418849728.000000
-1.004395 -0.933105 -0.267822 -7.137193 -27.450741 181.418898 153418852635.000000
-1.017578 -0.924316 -0.275391 -7.076191 -29.280791 183.431953 153418855543.000000
-1.021729 -0.916016 -0.277588 -7.442201 -31.354847 185.811017 153418858448.000000
-1.017090 -0.909668 -0.264648 -7.381199 -33.123894 187.885073 153418861361.000000
-1.020020 -0.890625 -0.262939 -7.015189 -34.831940 190.142134 153418864275.000000
-1.021484 -0.888428 -0.260498 -7.686208 -36.722992 192.216190 153418867190.000000
-1.029541 -0.870361 -0.250488 -7.930214 -38.248033 194.351247 153418870105.000000
-1.023926 -0.857666 -0.234375 -7.625206 -39.651071 196.547307 153418873030.000000
-1.028809 -0.848389 -0.232178 -7.869212 -40.993107 198.621363 153418875944.000000
-1.029053 -0.828857 -0.211914 -7.564204 -41.664125 200.756420 153418878858.000000
-1.034180 -0.810547 -0.199219 -7.381199 -42.274141 202.586470 153418881780.000000
-1.038330 -0.801514 -0.186035 -7.320198 -42.518148 204.355518 153418884697.000000
-1.050293 -0.790527 -0.186279 -7.625206 -42.396145 206.612579 153418887612.000000
-1.062256 -0.772705 -0.181885 -7.686208 -42.091136 208.930641 153418890525.000000
-1.072021 -0.760742 -0.175049 -8.113219 -41.420118 211.187702 153418893452.000000
-1.073486 -0.749023 -0.173584 -8.784237 -40.871104 213.932776 153418896366.000000
-1.075928 -0.743408 -0.178467 -8.723236 -39.834076 215.823827 153418899280.000000
-1.076416 -0.727783 -0.177734 -9.272250 -38.675044 218.324895 153418902197.000000
-1.069824 -0.720703 -0.177002 -9.699262 -37.577015 220.398951 153418905113.000000
-1.060547 -0.709229 -0.185791 -10.065272 -36.844995 222.595010 153418908028.000000
-1.049561 -0.695068 -0.191895 -10.553285 -35.685964 224.242055 153418910971.000000
-1.047363 -0.670410 -0.202637 -10.980296 -34.648936 226.072104 153418913888.000000
-1.056396 -0.646484 -0.203613 -11.834320 -34.099921 227.841152 153418916802.000000
-1.065918 -0.622314 -0.203369 -12.566339 -34.282926 229.549198 153418919715.000000
-1.080811 -0.613037 -0.196533 -12.993351 -34.282926 231.318246 153418922625.000000
-1.087402 -0.593750 -0.186035 -13.847374 -35.502959 232.355274 153418925541.000000
-1.103760 -0.579346 -0.185303 -14.213384 -37.272006 233.819313 153418928450.000000
-1.114990 -0.554688 -0.181396 -14.640395 -39.346062 234.856341 153418931362.000000
-1.121338 -0.534424 -0.169922 -15.006405 -41.481120 235.832367 153418934277.000000
-1.125977 -0.510010 -0.162354 -15.067407 -44.226194 236.198377 153418937184.000000
-1.136475 -0.484375 -0.160645 -15.921430 -46.483255 237.296407 153418940103.000000
-1.147217 -0.458008 -0.157227 -16.470445 -49.167328 238.211432 153418943009.000000
-1.150635 -0.435791 -0.154541 -16.958458 -52.644421 239.126456 153418945915.000000
-1.145996 -0.421631 -0.144043 -17.812481 -56.060514 239.919478 153418948821.000000
-1.146484 -0.411621 -0.133057 -17.568474 -60.086622 240.468493 153418951729.000000
-1.149414 -0.405029 -0.139404 -17.873483 -63.685720 240.590496 153418954636.000000
-1.152100 -0.392578 -0.130371 -17.568474 -68.016836 240.712499 153418957542.000000
-1.157471 -0.378662 -0.130127 -17.202464 -71.127920 241.200512 153418960451.000000
-1.165039 -0.368652 -0.134521 -17.019460 -74.910023 241.505521 153418963366.000000
-1.182373 -0.357910 -0.126465 -16.592448 -78.326115 242.115537 153418966283.000000
-1.197021 -0.346924 -0.135498 -16.897456 -81.864210 243.091563 153418969198.000000
-1.206787 -0.340576 -0.143066 -16.958458 -85.463308 243.884585 153418972127.000000
-1.219727 -0.344482 -0.145264 -16.531446 -88.391387 245.348624 153418975055.000000
-1.234375 -0.336426 -0.156250 -16.836455 -90.892454 246.934667 153418977975.000000
-1.248535 -0.337646 -0.162354 -16.714451 -93.210517 248.520710 153418980900.000000
-1.244629 -0.339844 -0.162842 -16.531446 -95.711584 249.435735 153418983819.000000
-1.243408 -0.343018 -0.159180 -16.348441 -98.578662 251.021778 153418986732.000000
-1.238770 -0.340332 -0.144287 -15.494418 -101.506741 251.753797 153418989655.000000
-1.244873 -0.334473 -0.155762 -14.945404 -104.861831 252.668822 153418992579.000000
-1.247314 -0.324951 -0.160645 -14.335387 -107.911914 253.644848 153418995492.000000
-1.252686 -0.309814 -0.165527 -14.396389 -110.778991 254.559873 153418998406.000000
-1.273193 -0.299072 -0.168457 -14.274385 -113.646068 255.901909 153419001330.000000
-1.282471 -0.283691 -0.171143 -14.701397 -116.330141 257.670957 153419004251.000000
-1.297363 -0.273682 -0.172363 -14.640395 -119.075215 259.379003 153419007166.000000
-1.306152 -0.262939 -0.168213 -15.067407 -122.064296 261.331056 153419010080.000000
-1.309570 -0.265381 -0.171875 -15.372415 -124.626365 262.917099 153419013005.000000
-1.310547 -0.260498 -0.177734 -16.104435 -128.347465 264.625145 153419015917.000000
-1.308838 -0.261475 -0.174072 -16.897456 -131.519551 266.272189 153419018829.000000
-1.313477 -0.261963 -0.168945 -16.592448 -135.118648 267.248216 153419021745.000000
-1.312500 -0.260986 -0.159424 -16.714451 -139.876777 268.407247 153419024663.000000
-1.322021 -0.259277 -0.161621 -16.470445 -144.085890 269.505277 153419027572.000000
-1.341553 -0.253174 -0.177979 -16.592448 -148.722015 270.725310 153419030488.000000
-1.357178 -0.245361 -0.186768 -16.897456 -153.602147 272.067346 153419033404.000000
-1.365723 -0.239014 -0.180176 -17.141463 -159.824315 273.287379 153419036314.000000
-1.358154 -0.236328 -0.178955 -17.568474 -166.412493 273.775392 153419039220.000000
-1.346436 -0.226318 -0.160889 -17.629476 -173.305679 274.263405 153419042131.000000
-1.331055 -0.220703 -0.151611 -17.629476 -180.686879 274.446410 153419045040.000000
-1.308350 -0.206543 -0.137207 -17.873483 -187.336058 274.446410 153419047947.000000
-1.297363 -0.188477 -0.115723 -17.751479 -194.229244 274.507412 153419050861.000000
-1.282227 -0.170166 -0.101318 -17.934484 -200.512414 274.995425 153419053775.000000
-1.263916 -0.157471 -0.083008 -17.568474 -206.673580 275.117428 153419056682.000000
-1.243164 -0.130859 -0.080566 -18.056488 -212.102727 275.666443 153419059588.000000
-1.227783 -0.113770 -0.060059 -18.239492 -217.165863 276.459464 153419062502.000000
-1.213867 -0.097412 -0.060059 -18.117489 -221.191972 277.313487 153419065418.000000
-1.211182 -0.083008 -0.032715 -17.934484 -224.669066 277.862502 153419068333.000000
-1.203369 -0.071045 -0.032959 -18.056488 -227.597145 278.655524 153419071256.000000
-1.207275 -0.066406 -0.022217 -18.056488 -230.952236 279.509547 153419074177.000000
-1.213623 -0.060547 -0.026123 -18.239492 -233.331300 279.936558 153419077092.000000
-1.202393 -0.061523 -0.014648 -18.117489 -236.747392 280.485573 153419080008.000000
-1.190674 -0.061768 0.005615 -17.568474 -240.712499 280.607576 153419082934.000000
-1.170410 -0.060791 0.017578 -17.080461 -244.799610 280.058562 153419085848.000000
-1.154541 -0.050781 0.018066 -15.799427 -249.008723 279.753553 153419088763.000000
-1.147217 -0.038086 0.028320 -15.433417 -252.790825 279.143537 153419091683.000000
-1.124023 -0.012207 0.032471 -15.311413 -256.389923 278.411517 153419094601.000000
-1.108643 -0.000977 0.055908 -14.335387 -259.440005 277.679497 153419097517.000000
-1.092773 0.026367 0.056641 -14.335387 -261.880071 277.069481 153419100432.000000
-1.078125 0.046387 0.069824 -13.786372 -263.527115 276.825474 153419103356.000000
-1.068604 0.059570 0.088623 -13.237357 -265.052156 276.459464 153419106270.000000
-1.056396 0.063721 0.102051 -12.017324 -266.577198 276.032453 153419109185.000000
-1.055420 0.068359 0.111572 -11.529311 -267.309217 275.239431 153419112107.000000
-1.048340 0.072510 0.128906 -10.004270 -268.651254 274.446410 153419115024.000000
-1.046631 0.074951 0.135742 -8.967242 -269.810285 273.409382 153419117939.000000
-1.047852 0.075928 0.156250 -7.686208 -271.030318 272.616361 153419120863.000000
-1.040771 0.080811 0.164551 -6.161166 -271.884341 271.579333 153419123780.000000
-1.043701 0.091309 0.180420 -4.758128 -273.165375 270.908315 153419126700.000000
-1.037109 0.094727 0.171631 -3.965107 -274.263405 270.359300 153419129615.000000
-1.022949 0.096191 0.182617 -2.623071 -275.483438 269.444275 153419132605.000000
-1.002686 0.096680 0.191162 -1.220033 -277.313487 268.285244 153419135518.000000
-0.971436 0.103760 0.191650 0.122003 -279.021534 266.455194 153419138425.000000
-0.943115 0.112549 0.209717 1.952053 -281.522601 264.747148 153419141334.000000
-0.912109 0.123047 0.212158 3.355091 -283.352651 262.551089 153419144246.000000
-0.887207 0.138672 0.224854 5.368145 -285.426707 260.660038 153419147152.000000
-0.861572 0.163086 0.230469 6.649180 -287.866772 258.585982 153419150058.000000
-0.840332 0.181152 0.247559 8.174221 -289.940828 256.572927 153419152969.000000
-0.817627 0.202881 0.252930 9.760264 -292.319893 254.315867 153419155885.000000
-0.792969 0.223389 0.264404 10.919295 -294.759959 252.058806 153419158796.000000
-0.783691 0.238770 0.263672 12.322333 -296.468005 249.557738 153419161707.000000
-0.774658 0.252686 0.279053 13.908376 -298.664064 246.873666 153419164618.000000
-0.770752 0.265381 0.284912 15.250412 -301.226133 244.311596 153419167524.000000
-0.755371 0.278076 0.300781 16.897456 -303.849204 241.566522 153419170429.000000
-0.743896 0.286133 0.332764 18.666504 -306.228268 238.333435 153419173337.000000
-0.731201 0.294434 0.343262 20.679558 -309.034344 235.344354 153419176244.000000
-0.712646 0.303955 0.357178 21.838590 -311.901421 231.989264 153419179149.000000
-0.699951 0.312988 0.387939 23.546636 -315.012505 228.878180 153419182059.000000
-0.687256 0.322021 0.409180 25.498688 -317.452571 225.584091 153419184968.000000
-0.683594 0.337402 0.417236 27.572744 -319.282621 222.473007 153419187876.000000
-0.677246 0.341553 0.434326 29.097786 -320.990667 219.666931 153419190783.000000
-0.661377 0.354492 0.438965 31.171842 -322.637711 217.043860 153419193764.000000
-0.650879 0.358154 0.433350 32.574880 -323.369731 214.420789 153419196683.000000
-0.635742 0.365479 0.449463 34.221924 -323.918746 211.858720 153419199599.000000
-0.615234 0.378906 0.447510 35.380955 -323.247728 209.906667 153419202523.000000
-0.582031 0.390381 0.453369 36.356982 -322.271701 208.015616 153419205437.000000
-0.555664 0.408936 0.456543 37.638016 -319.953639 206.124565 153419208353.000000
-0.523193 0.422119 0.460449 38.797048 -317.330568 204.233514 153419211274.000000
-0.482422 0.441650 0.467041 39.163057 -313.304459 202.220460 153419214191.000000
-0.457764 0.458740 0.473389 40.444092 -309.888367 200.756420 153419217106.000000
-0.425049 0.475586 0.493652 41.420118 -305.679253 198.804368 153419220019.000000
-0.394287 0.492188 0.491455 41.725127 -300.799122 197.035320 153419222945.000000
-0.366699 0.515625 0.489258 42.030135 -296.346001 195.083267 153419225871.000000
-0.334473 0.535156 0.489990 42.213140 -291.038858 193.314219 153419228786.000000
-0.307617 0.549805 0.483398 41.603123 -285.670713 190.935155 153419231697.000000
-0.285156 0.562500 0.492432 41.481120 -280.119563 188.983103 153419234606.000000
-0.257813 0.580566 0.492920 41.420118 -274.568413 186.604038 153419237522.000000
-0.216064 0.588867 0.492920 41.298115 -268.590252 184.041969 153419240429.000000
-0.181396 0.609619 0.489746 40.566095 -262.917099 181.845910 153419243335.000000
-0.147705 0.626709 0.489990 40.566095 -256.572927 179.100836 153419246243.000000
-0.117676 0.649902 0.484375 39.224059 -250.472763 176.294760 153419249148.000000
-0.084473 0.669434 0.483887 38.797048 -244.189593 173.793692 153419252056.000000
-0.053955 0.680176 0.482422 37.699018 -238.211432 171.109620 153419254978.000000
-0.032959 0.702393 0.492920 37.089001 -231.684255 168.486549 153419257884.000000
-0.019287 0.712891 0.488770 36.417983 -225.340084 165.314463 153419260791.000000
-0.009766 0.725342 0.493652 36.356982 -218.751906 162.752394 153419263737.000000
0.007568 0.727783 0.506592 35.441957 -212.468737 159.946319 153419266644.000000
0.002930 0.743652 0.498291 34.953944 -207.161593 156.957238 153419269551.000000
0.006836 0.754639 0.523682 33.916916 -202.281462 153.785152 153419272465.000000
0.002930 0.763672 0.522705 33.184896 -198.438358 150.491063 153419275381.000000
0.002930 0.773926 0.527344 31.598853 -194.961264 146.708961 153419278297.000000
0.002197 0.779541 0.543457 30.866833 -192.399195 143.536875 153419281220.000000
0.000977 0.783447 0.538330 30.073812 -189.715122 140.181785 153419284138.000000
0.008301 0.794434 0.555420 29.463796 -188.190081 136.399683 153419287065.000000
0.009521 0.793213 0.559814 28.609772 -186.543037 132.495577 153419289979.000000
0.012207 0.802002 0.559814 27.938754 -185.689014 128.469469 153419292904.000000
0.011475 0.809326 0.560791 26.596718 -185.323004 124.443360 153419295818.000000
0.011230 0.821777 0.566650 25.803697 -185.262002 120.722260 153419298734.000000
0.009521 0.827148 0.578857 24.888672 -185.445007 116.635149 153419301665.000000
0.019287 0.832764 0.573486 23.973647 -185.078997 113.097054 153419304583.000000
0.033203 0.839600 0.577148 22.265601 -185.628012 109.009943 153419307496.000000
0.046631 0.849121 0.569336 21.289575 -184.956994 105.166840 153419310409.000000
0.057617 0.853271 0.587158 19.886537 -184.895992 101.201732 153419313325.000000
0.076904 0.858154 0.588623 18.910511 -184.163972 97.297627 153419316245.000000
0.090088 0.860352 0.590332 17.690478 -183.309949 93.515525 153419319162.000000
0.110352 0.863281 0.592773 16.104435 -181.601903 90.099433 153419322076.000000
0.128418 0.872559 0.597656 15.250412 -179.405844 86.439334 153419324998.000000
0.138916 0.877930 0.595947 13.786372 -176.721771 82.657232 153419327912.000000
0.155273 0.881592 0.595703 12.139328 -173.671689 79.119136 153419330873.000000
0.167480 0.876709 0.622803 11.468310 -170.621607 75.764046 153419333813.000000
0.181885 0.869141 0.627686 10.858293 -167.388519 72.225950 153419336721.000000
0.185059 0.874268 0.636475 10.126273 -164.582444 69.358873 153419339627.000000
0.196289 0.872803 0.641357 9.150247 -161.959373 66.003782 153419342536.000000
0.201172 0.869629 0.635742 7.991216 -159.397304 62.709693 153419345445.000000
0.211426 0.868164 0.641846 7.442201 -156.774233 59.476606 153419348353.000000
0.218506 0.871582 0.645264 6.588178 -154.700177 56.670530 153419351261.000000
0.224121 0.874512 0.654297 6.222168 -152.260111 52.827426 153419354169.000000
0.229980 0.885254 0.653320 4.819130 -150.552065 49.533337 153419357080.000000
0.232910 0.889648 0.664551 3.843104 -149.149027 46.483255 153419359986.000000
0.242188 0.896729 0.671875 3.050082 -147.318978 42.701153 153419362893.000000
0.243164 0.903809 0.666504 2.013054 -145.427927 39.346062 153419365803.000000
0.250000 0.913818 0.661377 0.976026 -143.719880 35.929970 153419368711.000000
0.253174 0.924072 0.664063 -0.122003 -142.133838 32.513878 153419371624.000000
0.260254 0.927002 0.657471 -1.098030 -139.937778 29.158787 153419374541.000000
0.268555 0.924805 0.657715 -2.440066 -138.351735 25.071677 153419377456.000000
0.267578 0.926514 0.676270 -2.928079 -136.399683 22.204600 153419380370.000000
0.270264 0.928223 0.644531 -5.429147 -133.593607 18.361496 153419383295.000000
0.281982 0.926758 0.664795 -5.734155 -131.702556 15.128408 153419386209.000000
0.285889 0.914795 0.655762 -6.771183 -129.689502 11.468310 153419389123.000000
0.283447 0.911621 0.693359 -8.540231 -128.713475 8.296224 153419392045.000000
0.317871 0.900879 0.593018 -10.431282 -123.955347 4.575124 153419394963.000000
0.308838 0.897217 0.648438 -10.065272 -120.722260 0.915025 153419397877.000000
0.312988 0.889648 0.636230 -12.566339 -117.489172 -2.379064 153419400832.000000
0.302490 0.886719 0.651611 -13.176356 -114.927103 -5.612152 153419403749.000000
0.305176 0.875977 0.684326 -12.505338 -111.938022 -8.540231 153419406664.000000
0.295898 0.881104 0.618408 -15.616422 -108.643933 -11.712316 153419409578.000000
0.290527 0.862061 0.662842 -15.921430 -106.264869 -14.701397 153419412504.000000
0.279785 0.861084 0.645264 -18.422497 -103.153785 -18.117489 153419415421.000000
0.272705 0.851318 0.666504 -18.666504 -100.347709 -20.740560 153419418336.000000
0.263672 0.836670 0.673828 -20.374550 -98.090648 -23.912646 153419421258.000000
0.253662 0.823486 0.684814 -21.533581 -94.979564 -26.779723 153419424182.000000
0.249512 0.805420 0.690918 -23.241628 -92.844507 -29.585799 153419427095.000000
0.246582 0.796875 0.710693 -23.546636 -89.855426 -32.513878 153419430004.000000
0.243652 0.779053 0.697510 -24.339657 -86.805344 -35.380955 153419434046.000000
0.233398 0.763184 0.693848 -25.315684 -81.864210 -38.736046 153419437005.000000
0.237305 0.747803 0.684082 -25.986702 -78.143110 -41.420118 153419439931.000000
0.234131 0.739990 0.681396 -26.535716 -74.422009 -43.982188 153419442840.000000
0.229492 0.728027 0.672607 -27.572744 -70.578906 -46.178247 153419445751.000000
0.228760 0.724609 0.669922 -28.853779 -66.857805 -48.618313 153419448658.000000
0.225342 0.712646 0.659424 -29.890807 -63.563716 -50.814372 153419451564.000000
0.215576 0.694824 0.659424 -30.317819 -60.086622 -53.193436 153419454471.000000
0.206055 0.671387 0.642578 -31.476850 -57.036540 -55.572500 153419457376.000000
0.198975 0.659424 0.628662 -32.208870 -53.498444 -58.012566 153419460282.000000
0.192139 0.652100 0.620361 -33.489904 -50.814372 -60.452632 153419463190.000000
0.184814 0.639404 0.610352 -34.770939 -47.947295 -61.977673 153419466096.000000
0.167480 0.626221 0.608154 -35.563960 -45.446227 -63.868724 153419469003.000000
0.161133 0.615479 0.598145 -36.783993 -42.640151 -65.698774 153419471928.000000
0.156006 0.604980 0.595459 -38.370036 -40.505094 -67.955835 153419474848.000000
0.146484 0.597168 0.593506 -39.468066 -37.760020 -69.602879 153419477763.000000
0.150146 0.584473 0.584717 -40.749100 -35.197950 -71.310925 153419480678.000000
0.144531 0.572021 0.584229 -41.603123 -32.269871 -73.079973 153419483603.000000
0.142090 0.564697 0.583740 -42.945160 -29.707802 -74.483011 153419486518.000000
0.139404 0.553955 0.583496 -44.104191 -26.718721 -75.520039 153419489432.000000
0.127686 0.543701 0.581787 -45.873239 -24.156652 -76.618069 153419492358.000000
0.121094 0.535889 0.581543 -47.154273 -22.021595 -77.533093 153419495273.000000
0.110107 0.519043 0.577393 -48.740316 -19.703532 -78.875130 153419498187.000000
0.105469 0.509033 0.589600 -49.899347 -18.056488 -79.729153 153419501109.000000
0.106934 0.501465 0.593994 -51.180382 -16.348441 -81.315196 153419504028.000000
0.103027 0.491943 0.609375 -52.095407 -15.006405 -82.352224 153419506943.000000
0.096436 0.487549 0.604980 -53.681449 -13.786372 -83.572256 153419509857.000000
0.097412 0.480957 0.616455 -54.840481 -12.383334 -84.914293 153419512784.000000
0.090820 0.472900 0.618164 -56.182517 -11.407308 -86.012322 153419515704.000000
0.090576 0.466309 0.624268 -57.341548 -10.492283 -87.171354 153419518620.000000
0.088135 0.460938 0.624268 -58.927591 -9.211249 -88.391387 153419521540.000000
0.088135 0.450928 0.617676 -59.720612 -7.991216 -89.489416 153419524455.000000
0.085938 0.443115 0.625488 -61.245654 -6.893186 -90.709449 153419527369.000000
0.086914 0.437744 0.624512 -62.709693 -6.344171 -92.234490 153419530277.000000
0.078369 0.430176 0.625488 -63.685720 -6.344171 -93.271518 153419533219.000000
0.071289 0.426270 0.620117 -65.210761 -6.527176 -94.186543 153419536129.000000
0.054443 0.424805 0.619873 -66.491795 -7.076191 -95.284573 153419539035.000000
0.052734 0.415283 0.620850 -67.711828 -7.442201 -96.443604 153419541945.000000
0.045898 0.404297 0.617676 -68.809858 -8.174221 -98.151650 153419544853.000000
0.041992 0.396484 0.621094 -70.029891 -9.333252 -99.371683 153419547760.000000
0.041504 0.379150 0.624756 -70.578906 -10.004270 -100.957726 153419550669.000000
0.035889 0.373535 0.624268 -71.249924 -11.285305 -102.543769 153419553578.000000
0.028564 0.351563 0.634277 -71.249924 -12.688343 -103.885805 153419556488.000000
0.017578 0.328857 0.638672 -71.798939 -13.542366 -106.081864 153419559395.000000
0.011963 0.314941 0.635254 -71.676935 -15.067407 -107.484902 153419562303.000000
0.003906 0.300049 0.629883 -72.164948 -16.348441 -109.802965 153419565211.000000
0.005371 0.287598 0.627197 -72.652962 -17.690478 -111.083999 153419568117.000000
0.002930 0.277588 0.624512 -73.323980 -18.849509 -112.670042 153419571029.000000
-0.001465 0.281982 0.624756 -74.239004 -20.374550 -113.829073 153419573946.000000
-0.006104 0.286621 0.616943 -75.093028 -21.167572 -114.439090 153419576861.000000
-0.009766 0.287354 0.644043 -75.642042 -22.509608 -115.537120 153419579774.000000
-0.008789 0.300781 0.616455 -76.984079 -22.509608 -115.842128 153419582692.000000
-0.010010 0.307617 0.625488 -77.594095 -23.058623 -116.513146 153419585606.000000
-0.008545 0.313477 0.645752 -79.668151 -23.119624 -117.550174 153419588520.000000
-0.000977 0.317383 0.639160 -80.278168 -23.363631 -118.221192 153419591445.000000
0.009277 0.314209 0.646973 -81.681205 -23.180626 -118.831208 153419594362.000000
0.015625 0.311035 0.662598 -82.230220 -22.570609 -119.807235 153419597276.000000
0.021484 0.306641 0.666748 -83.511255 -21.594583 -120.356250 153419600189.000000
0.021729 0.302002 0.674072 -83.938266 -20.679558 -121.027268 153419603112.000000
0.027100 0.298340 0.684570 -84.548283 -18.910511 -121.393278 153419606026.000000
0.032471 0.289307 0.690918 -85.463308 -17.385469 -121.576283 153419608940.000000
0.035400 0.275635 0.697754 -86.073324 -15.677423 -122.308302 153419611869.000000
0.043945 0.259766 0.697998 -86.500336 -13.542366 -122.796316 153419614787.000000
0.057617 0.235107 0.707031 -87.110352 -11.041298 -123.467334 153419617700.000000
0.062256 0.219727 0.704590 -86.378332 -9.028244 -124.382358 153419620617.000000
0.064941 0.194092 0.721924 -86.317331 -6.588178 -124.687367 153419623543.000000
0.067627 0.173340 0.727783 -85.829317 -3.843104 -125.053376 153419626456.000000
0.061768 0.157227 0.736572 -85.158299 -1.647044 -124.992375 153419629364.000000
0.064941 0.143799 0.738525 -84.975294 0.671018 -125.114378 153419632323.000000
0.059326 0.120605 0.747803 -84.243275 2.867077 -124.931373 153419635259.000000
0.056885 0.112061 0.761475 -83.511255 5.002135 -124.931373 153419638168.000000
0.053467 0.103271 0.758789 -82.901238 7.076191 -125.358385 153419641080.000000
0.059326 0.091064 0.777344 -81.498200 9.882267 -125.602391 153419643988.000000
0.052979 0.077881 0.789795 -78.997133 12.261331 -125.663393 153419646915.000000
0.044434 0.065918 0.785400 -76.984079 15.006405 -126.029403 153419649822.000000
0.044922 0.055664 0.782959 -74.605014 17.690478 -126.334411 153419652730.000000
0.049316 0.044189 0.771484 -72.530958 20.069542 -126.761423 153419655638.000000
0.061523 0.040283 0.759521 -71.371927 22.936619 -127.493442 153419658544.000000
0.062012 0.044434 0.727051 -71.371927 26.474715 -128.286464 153419661454.000000
0.051270 0.049316 0.719971 -70.395901 29.280791 -127.249436 153419664363.000000
0.044922 0.049805 0.716797 -68.321845 31.842860 -126.822424 153419667268.000000
0.036133 0.035400 0.728271 -65.332764 33.794912 -125.602391 153419670178.000000
0.018799 0.027344 0.728027 -63.075703 34.587934 -124.809370 153419673095.000000
-0.018311 0.026611 0.737549 -60.879644 34.770939 -124.199353 153419676010.000000
-0.063721 0.029541 0.737793 -59.171598 34.038919 -123.467334 153419678938.000000
-0.097656 0.030273 0.730225 -57.890563 32.940889 -122.796316 153419681859.000000
-0.119629 0.033203 0.735352 -56.426524 30.988837 -122.064296 153419684775.000000
-0.123291 0.025146 0.732910 -54.474471 28.731776 -121.271274 153419687691.000000
-0.132568 0.020996 0.724365 -52.156408 26.047703 -120.356250 153419690603.000000
-0.131104 0.020996 0.722656 -50.143354 23.180626 -119.929238 153419693539.000000
-0.128662 0.024658 0.704590 -48.374306 21.167572 -118.770207 153419696462.000000
-0.122803 0.023438 0.696289 -45.690234 20.069542 -117.550174 153419699376.000000
-0.118408 0.021484 0.706055 -42.152138 18.849509 -116.086134 153419702301.000000
-0.116699 0.025879 0.704590 -39.285061 18.056488 -114.378088 153419705215.000000
-0.110107 0.034912 0.709473 -36.905996 17.141463 -112.670042 153419708129.000000
-0.101563 0.042969 0.712646 -34.953944 16.165436 -110.473983 153419711070.000000
-0.080322 0.062744 0.715088 -33.489904 15.921430 -108.277924 153419713988.000000
-0.050293 0.071045 0.711182 -31.659855 15.799427 -106.203868 153419716901.000000
-0.024902 0.082764 0.713623 -30.256817 16.653450 -103.885805 153419719814.000000
0.004150 0.094727 0.719971 -28.060758 17.446471 -101.384737 153419722739.000000
0.017334 0.106201 0.743408 -25.620692 18.422497 -99.066675 153419725652.000000
0.033203 0.121826 0.735596 -24.034649 20.435552 -96.626609 153419728560.000000
0.043701 0.143311 0.736084 -22.082596 22.326603 -94.064540 153419731469.000000
0.052002 0.162109 0.743408 -19.825535 25.132679 -91.380467 153419734407.000000
0.061035 0.188232 0.721436 -19.032514 28.121759 -88.940401 153419737316.000000
0.062988 0.203613 0.728760 -17.812481 31.659855 -85.951321 153419740235.000000
0.056396 0.226074 0.727783 -16.348441 35.075947 -82.474227 153419743144.000000
0.054932 0.240479 0.716797 -15.616422 38.980052 -79.363143 153419746049.000000
0.055908 0.253662 0.705811 -15.128408 42.274141 -75.947051 153419748957.000000
0.048340 0.258545 0.707520 -14.640395 45.812237 -72.408955 153419751865.000000
0.040283 0.267334 0.704346 -14.030379 49.472336 -68.382846 153419754773.000000
0.041016 0.269775 0.705811 -13.359361 51.912402 -65.271762 153419757680.000000
0.031006 0.266357 0.724609 -12.017324 53.193436 -61.794668 153419760586.000000
-0.031006 0.278564 0.746094 -9.028244 56.121515 -51.851400 153419768354.000000
-0.051758 0.285400 0.756348 -7.503203 56.609528 -47.886293 153419771524.000000
-0.079834 0.297119 0.755615 -7.015189 56.853535 -43.738181 153419774476.000000
-0.112793 0.314209 0.754395 -6.344171 56.731532 -38.004026 153419777405.000000
-0.141357 0.330078 0.778320 -4.636125 57.158543 -32.025865 153419780404.000000
-0.162842 0.354492 0.738525 -5.734155 57.280547 -25.376685 153419783407.000000
-0.192627 0.369629 0.766357 -5.002135 57.219545 -19.032514 153419786327.000000
-0.218994 0.392090 0.752686 -4.941133 56.792533 -12.688343 153419789238.000000
-0.235596 0.399658 0.757080 -4.636125 56.060514 -6.527176 153419792161.000000
-0.229492 0.397217 0.746094 -4.392119 55.084487 -1.525041 153419795072.000000
-0.222656 0.399414 0.748047 -3.050082 52.949430 2.379064 153419798007.000000
-0.221924 0.402344 0.751953 -2.623071 50.692369 5.551150 153419800946.000000
-0.211914 0.411377 0.739746 -2.013054 47.642286 7.686208 153419803860.000000
-0.203369 0.424316 0.718994 -2.684072 44.348197 9.760264 153419806783.000000
-0.199463 0.431152 0.734131 -2.257061 40.444092 11.346306 153419809697.000000
-0.200439 0.432861 0.729004 -2.501068 35.807967 13.115354 153419812621.000000
-0.197998 0.441650 0.729492 -2.928079 31.537852 14.823400 153419815533.000000
-0.197021 0.443848 0.727295 -3.050082 27.206735 16.348441 153419818445.000000
-0.197754 0.447021 0.722900 -3.111084 23.119624 17.812481 153419821354.000000
-0.187256 0.435303 0.728760 -3.050082 18.666504 19.337522 153419824496.000000
-0.185547 0.435791 0.736572 -2.318063 15.433417 20.252547 153419827420.000000
-0.171387 0.426758 0.730225 -2.135058 11.407308 21.106570 153419830341.000000
-0.159912 0.423584 0.730957 -2.257061 8.479229 21.777588 153419833257.000000
-0.151855 0.419678 0.723145 -2.623071 5.917160 22.631611 153419836262.000000
-0.140381 0.417236 0.724121 -1.830049 4.087110 23.485634 153419839176.000000
-0.125977 0.416016 0.722168 -2.867077 2.745074 24.278656 153419842086.000000
-0.118408 0.415283 0.708252 -2.867077 1.830049 25.437687 153419845016.000000
-0.113770 0.419189 0.723389 -3.294089 1.586043 26.657720 153419847924.000000
-0.109375 0.420654 0.727783 -3.111084 1.647044 27.694748 153419850872.000000
-0.100830 0.414063 0.731934 -3.660099 1.098030 28.853779 153419853781.000000
-0.096924 0.420410 0.748535 -4.026109 1.342036 29.768804 153419856690.000000
-0.093750 0.426270 0.748291 -4.697127 1.342036 30.439822 153419859601.000000
-0.091553 0.432129 0.766602 -4.758128 1.708046 31.415848 153419862509.000000
-0.093262 0.433105 0.776855 -5.490148 1.830049 32.391875 153419865428.000000
-0.087158 0.443604 0.781982 -6.283170 2.745074 33.123894 153419868336.000000
-0.090088 0.452881 0.784424 -6.161166 3.965107 34.038919 153419871247.000000
-0.098633 0.456055 0.802490 -5.917160 4.819130 35.258952 153419874165.000000
-0.109863 0.458008 0.810547 -5.978161 5.734155 36.356982 153419877075.000000
-0.116943 0.457031 0.820557 -5.612152 6.954188 37.089001 153419879993.000000
-0.125732 0.452881 0.822998 -5.063137 7.930214 38.126029 153419882917.000000
-0.126709 0.458008 0.822754 -5.246142 8.784237 38.492039 153419885838.000000
-0.136719 0.457764 0.823486 -5.124138 8.967242 39.041054 153419888755.000000
-0.140137 0.453613 0.818848 -4.941133 8.601232 39.468066 153419891673.000000
-0.145508 0.453613 0.822266 -5.185140 8.052217 39.773074 153419894597.000000
-0.153320 0.456055 0.817871 -5.246142 6.954188 39.468066 153419897513.000000
-0.143066 0.458252 0.809814 -5.490148 5.307143 39.834076 153419900429.000000
-0.127441 0.456055 0.795410 -6.161166 3.965107 39.407064 153419903356.000000
-0.120605 0.458496 0.780762 -7.381199 2.623071 38.919051 153419906278.000000
-0.114990 0.461914 0.780273 -7.808211 1.952053 39.041054 153419909193.000000
-0.123535 0.465088 0.764404 -7.686208 2.196059 39.651071 153419912116.000000
-0.141846 0.467041 0.756836 -7.991216 2.257061 40.566095 153419915030.000000
-0.141357 0.464111 0.769531 -7.381199 1.464040 41.481120 153419917957.000000
-0.125488 0.464111 0.755859 -7.747209 0.366010 40.810102 153419920874.000000
-0.114258 0.453125 0.775879 -7.198194 -1.037028 40.261087 153419923794.000000
-0.130127 0.457275 0.764648 -7.686208 -2.257061 39.956079 153419926716.000000
-0.140625 0.459229 0.785400 -7.259196 -3.660099 39.773074 153419929636.000000
-0.147705 0.466553 0.785400 -7.564204 -4.575124 39.773074 153419932547.000000
-0.142334 0.459717 0.799072 -7.076191 -6.283170 39.468066 153419935458.000000
-0.145020 0.456299 0.799561 -7.076191 -7.381199 39.651071 153419938440.000000
-0.145264 0.448242 0.821289 -6.161166 -8.723236 39.773074 153419941637.000000
-0.138184 0.450195 0.811279 -6.710181 -9.272250 40.261087 153419944730.000000
-0.134766 0.446777 0.829834 -5.734155 -9.150247 40.810102 153419947728.000000
-0.127930 0.442871 0.814453 -6.161166 -9.272250 40.810102 153419950644.000000
-0.124512 0.437988 0.826904 -5.490148 -8.662234 41.481120 153419953554.000000
-0.125000 0.435303 0.831055 -5.185140 -8.174221 41.664125 153419956465.000000
-0.108887 0.437256 0.834961 -4.514122 -7.381199 41.969133 153419959383.000000
-0.103027 0.435303 0.833252 -4.697127 -6.100165 41.969133 153419962291.000000
-0.099365 0.439209 0.853516 -4.148112 -5.002135 42.518148 153419965204.000000
-0.103760 0.443848 0.837402 -4.209114 -4.026109 42.823156 153419968111.000000
-0.099121 0.445313 0.856689 -3.721100 -2.806076 43.372171 153419971017.000000
-0.103760 0.449463 0.847656 -4.026109 -1.647044 44.226194 153419973926.000000
-0.104980 0.445313 0.847412 -3.416092 -0.427012 44.653206 153419976832.000000
-0.106934 0.452393 0.856689 -3.660099 0.549015 44.897212 153419979737.000000
-0.109131 0.454834 0.851318 -3.294089 2.013054 45.751235 153419982647.000000
-0.112061 0.452881 0.845459 -2.745074 2.989081 45.995242 153419985558.000000
-0.118896 0.452148 0.865479 -2.013054 3.599097 46.971268 153419988466.000000
-0.120361 0.454346 0.860352 -1.464040 4.758128 47.642286 153419991380.000000
-0.117676 0.454102 0.863037 -0.976026 5.673153 48.313304 153419994294.000000
-0.117432 0.453369 0.859619 -0.488013 6.283170 49.533337 153419997210.000000
-0.120361 0.452148 0.859131 -0.366010 6.893186 50.204356 153420000132.000000
-0.116943 0.452881 0.855469 -0.488013 7.503203 51.546392 153420003065.000000
-0.119629 0.443115 0.854980 0.000000 8.052217 52.278412 153420005982.000000
-0.113037 0.437500 0.858643 0.610016 8.845239 53.559446 153420008905.000000
-0.107422 0.436279 0.854004 0.610016 8.906240 54.108461 153420011830.000000
-0.105713 0.428711 0.850342 1.037028 9.455255 54.901482 153420014747.000000
-0.107910 0.421387 0.850342 1.098030 10.248277 55.694504 153420017662.000000
-0.109619 0.421387 0.844482 1.830049 11.224303 56.670530 153420020588.000000
-0.112549 0.412354 0.836182 1.952053 12.078326 57.768560 153420023514.000000
-0.111328 0.409668 0.833984 2.440066 13.115354 58.561581 153420026427.000000
-0.109619 0.403076 0.836914 2.745074 13.725371 59.598609 153420029343.000000
-0.114014 0.405273 0.836426 2.562069 14.152382 60.574636 153420032290.000000
-0.120850 0.403809 0.838135 2.745074 14.457390 61.367657 153420035206.000000
-0.114258 0.408447 0.831055 2.562069 15.006405 62.465687 153420038114.000000
-0.123779 0.406982 0.830566 2.623071 15.128408 63.197706 153420041024.000000
-0.123535 0.407227 0.826660 2.867077 15.372415 63.929726 153420043931.000000
-0.124512 0.409668 0.826904 3.111084 15.738425 64.783749 153420046839.000000
-0.123291 0.412354 0.823242 3.233087 16.043433 65.271762 153420049744.000000
-0.124756 0.408691 0.820068 3.416092 16.226438 65.881779 153420052659.000000
-0.126221 0.408691 0.818115 3.599097 16.775453 66.369792 153420055569.000000
-0.123291 0.408691 0.810791 3.782102 16.348441 66.796804 153420058474.000000
-0.118408 0.402588 0.805664 4.148112 16.836455 67.345818 153420061381.000000
-0.109131 0.397705 0.806885 4.697127 16.897456 67.589825 153420064289.000000
-0.110352 0.391357 0.801025 4.880132 16.958458 67.955835 153420067205.000000
-0.111816 0.384521 0.798584 5.795156 17.385469 68.016836 153420070113.000000
-0.107666 0.372803 0.797607 6.771183 17.751479 68.321845 153420073028.000000
-0.102051 0.375977 0.791016 7.625206 18.666504 68.687855 153420075944.000000
-0.096191 0.365479 0.793945 8.174221 19.032514 69.053864 153420078861.000000
-0.091797 0.364014 0.800049 8.845239 19.520527 69.541878 153420081783.000000
-0.089600 0.367188 0.794678 9.394254 20.130544 70.029891 153420084702.000000
-0.087646 0.367188 0.803711 9.577259 20.496553 70.761911 153420087617.000000
-0.088135 0.368896 0.798096 10.187275 21.045568 71.737937 153420090531.000000
-0.090576 0.371094 0.805664 10.675288 21.533581 72.286952 153420093461.000000
-0.082031 0.376709 0.803223 11.102300 22.509608 73.018972 153420096381.000000
-0.077148 0.384277 0.810303 11.773318 23.058623 73.750991 153420099310.000000
-0.079346 0.387451 0.810791 12.017324 23.363631 74.239004 153420102233.000000
-0.078613 0.395020 0.810791 12.749344 24.339657 74.727018 153420105147.000000
-0.078125 0.398438 0.818115 12.993351 24.705667 74.910023 153420108065.000000
-0.074219 0.404053 0.813232 13.481364 25.620692 74.971024 153420111001.000000
-0.072998 0.407959 0.816895 14.091380 26.108705 75.032026 153420113919.000000
-0.079102 0.410156 0.822998 14.640395 27.206735 75.032026 153420116833.000000
-0.080078 0.412598 0.815186 15.433417 27.389740 75.337034 153420119754.000000
-0.086670 0.410400 0.814941 15.738425 27.999756 75.093028 153420122679.000000
-0.085693 0.411133 0.815674 16.897456 28.426768 75.154029 153420125597.000000
-0.088379 0.401123 0.814209 16.958458 28.731776 75.154029 153420128508.000000
-0.083984 0.406250 0.816406 17.324468 28.853779 75.154029 153420131418.000000
-0.086182 0.403076 0.814453 17.141463 28.731776 75.398036 153420134327.000000
-0.081299 0.408203 0.808105 17.080461 28.304764 75.459037 153420137234.000000
-0.080322 0.415771 0.814697 16.226438 27.694748 76.008052 153420140141.000000
-0.081787 0.427490 0.802490 15.555420 27.084731 76.252059 153420143064.000000
-0.074707 0.441162 0.806152 15.250412 26.535716 76.496065 153420145972.000000
-0.070801 0.449707 0.808838 14.884402 25.681693 76.740072 153420148889.000000
-0.070801 0.456787 0.811279 14.640395 25.254682 76.984079 153420151798.000000
-0.066406 0.469482 0.809082 14.274385 25.193680 76.679070 153420154706.000000
-0.067871 0.471680 0.800781 14.640395 24.278656 75.703044 153420157624.000000
-0.069824 0.473145 0.802490 14.396389 23.485634 74.971024 153420160530.000000
-0.077881 0.480469 0.800781 14.762399 22.692613 74.117001 153420163438.000000
-0.080811 0.481445 0.796143 14.945404 22.082596 73.018972 153420166348.000000
-0.087158 0.482178 0.792236 14.823400 20.374550 71.920942 153420169257.000000
-0.094971 0.479004 0.792480 15.189410 19.032514 71.310925 153420172169.000000
-0.106689 0.477539 0.781982 15.250412 17.202464 70.273897 153420175098.000000
-0.112061 0.466797 0.781250 15.250412 15.006405 69.541878 153420178011.000000
-0.116211 0.461914 0.782471 15.494418 12.932349 68.992863 153420180933.000000
-0.114502 0.452637 0.769043 15.921430 11.041298 68.016836 153420183858.000000
-0.109375 0.448975 0.756592 16.287440 9.150247 67.101812 153420186779.000000
-0.111572 0.445801 0.762695 16.714451 7.198194 66.613799 153420189697.000000
-0.106445 0.441162 0.761475 17.019460 5.429147 66.003782 153420192628.000000
-0.099121 0.443115 0.750977 16.836455 3.843104 65.942780 153420195542.000000
-0.089111 0.453125 0.742676 16.592448 2.440066 65.210761 153420198457.000000
-0.077393 0.450684 0.742920 16.470445 1.464040 64.539743 153420201379.000000
-0.066406 0.455811 0.737793 16.104435 0.488013 64.356738 153420204297.000000
-0.060059 0.462158 0.730713 16.104435 0.610016 63.868724 153420207217.000000
-0.046387 0.467773 0.738770 16.165436 0.732020 63.868724 153420210132.000000
-0.030273 0.479248 0.729736 15.921430 1.159031 63.319710 153420213058.000000
-0.023926 0.487061 0.728271 15.372415 1.830049 62.892698 153420215973.000000
-0.015869 0.501953 0.731934 15.006405 2.623071 63.075703 153420218893.000000
-0.013184 0.517822 0.729492 14.701397 3.660099 62.831696 153420221814.000000
-0.012695 0.530518 0.729248 13.542366 4.453120 62.770695 153420224736.000000
-0.012695 0.538818 0.735596 13.176356 5.551150 62.465687 153420227648.000000
-0.014893 0.544434 0.734131 12.322333 6.039163 62.343683 153420230557.000000
-0.015625 0.555176 0.738037 11.529311 7.137193 62.160678 153420233466.000000
-0.011963 0.567383 0.738281 10.431282 7.320198 61.794668 153420236379.000000
-0.016357 0.573486 0.742188 9.760264 7.747209 61.977673 153420239286.000000
-0.017578 0.575684 0.745117 9.089245 7.930214 61.062649 153420242194.000000
-0.020264 0.580322 0.747803 8.113219 8.418227 60.879644 153420245101.000000
-0.022217 0.576172 0.757324 7.381199 8.418227 60.513634 153420248008.000000
-0.023682 0.573242 0.760742 6.771183 8.723236 59.659611 153420250914.000000
-0.031250 0.569336 0.762207 6.466175 8.845239 59.781614 153420253824.000000
-0.034180 0.564209 0.771240 6.344171 9.211249 59.171598 153420256732.000000
-0.035400 0.546387 0.777100 6.466175 9.455255 58.805588 153420259640.000000
-0.037842 0.539063 0.769775 6.649180 10.187275 58.256573 153420262547.000000
-0.028564 0.512695 0.765137 6.832184 10.675288 58.012566 153420265455.000000
-0.027344 0.498779 0.771484 7.381199 11.712316 57.097542 153420268362.000000
-0.023193 0.479736 0.768311 7.442201 12.871348 57.219545 153420271282.000000
-0.016602 0.462646 0.770996 8.113219 14.274385 56.670530 153420274197.000000
-0.011719 0.447754 0.762939 8.967242 15.982432 56.426524 153420277118.000000
-0.006592 0.438232 0.770996 9.638260 17.690478 56.121515 153420280034.000000
0.005371 0.431641 0.754150 10.004270 19.825535 55.816507 153420282959.000000
0.005859 0.428467 0.757568 10.614287 22.082596 55.999512 153420285875.000000
0.015137 0.421631 0.750488 11.163301 24.766669 55.694504 153420288795.000000
0.020508 0.414795 0.751465 11.895321 27.511743 55.694504 153420291716.000000
0.020020 0.422363 0.749512 12.261331 30.622827 55.694504 153420294633.000000
0.028564 0.431641 0.735840 12.566339 34.282926 55.450497 153420297547.000000
0.033936 0.437988 0.733887 12.810346 37.821021 55.206491 153420300461.000000
0.038818 0.454834 0.720947 12.749344 41.847130 55.450497 153420303392.000000
0.041504 0.466309 0.719482 12.932349 45.507229 55.572500 153420306307.000000
0.043457 0.484131 0.713379 12.505338 48.862319 55.633502 153420309223.000000
0.041504 0.491455 0.710449 12.322333 52.583420 55.572500 153420312139.000000
0.044922 0.501709 0.710693 12.444336 56.121515 55.389496 153420315051.000000
0.034180 0.509033 0.709717 12.261331 59.354603 55.145489 153420317966.000000
0.031250 0.517090 0.710205 12.505338 62.526688 54.657476 153420320886.000000
0.024170 0.521484 0.707764 12.322333 64.966754 54.291466 153420323808.000000
0.013916 0.530518 0.707275 12.627341 67.040810 53.376441 153420326720.000000
0.002197 0.528564 0.704834 12.261331 68.809858 52.766425 153420329635.000000
-0.000732 0.530518 0.708740 12.444336 69.968889 52.034405 153420332545.000000
-0.011475 0.528564 0.701172 12.200329 70.883914 51.485390 153420335454.000000
-0.023193 0.526367 0.695801 11.529311 71.798939 50.753370 153420338362.000000
-0.028320 0.519775 0.691895 11.346306 72.286952 50.082352 153420341273.000000
-0.031494 0.509277 0.685791 11.346306 72.957970 49.533337 153420344181.000000
-0.037842 0.498779 0.685791 11.285305 72.957970 48.862319 153420347087.000000
-0.039551 0.493408 0.680420 10.858293 72.957970 48.191301 153420349996.000000
-0.038330 0.486816 0.683105 10.126273 73.079973 47.093272 153420352903.000000
-0.038574 0.487061 0.664551 9.821265 72.713963 46.849265 153420355810.000000
-0.041260 0.479980 0.693359 10.004270 72.347953 46.483255 153420358723.000000
-0.058105 0.476318 0.676514 9.516257 71.798939 46.056244 153420361633.000000
-0.060059 0.478271 0.665283 9.516257 71.676935 45.568230 153420364548.000000
-0.054932 0.473877 0.678223 9.028244 72.103947 44.470201 153420367455.000000
-0.051270 0.473877 0.663086 8.723236 71.615934 44.043189 153420370361.000000
-0.051025 0.473145 0.671631 8.235222 71.554932 43.128164 153420373279.000000
-0.053467 0.474365 0.666260 7.625206 71.249924 42.396145 153420376196.000000
-0.054688 0.476563 0.676025 7.076191 71.005917 41.603123 153420379118.000000
-0.060547 0.483398 0.670654 6.710181 70.639907 41.054108 153420382040.000000
-0.063965 0.484375 0.670410 6.527176 70.578906 40.383090 153420384959.000000
-0.070313 0.489746 0.671387 5.795156 70.334899 40.017080 153420387873.000000
-0.072266 0.493408 0.665527 5.429147 70.334899 39.590069 153420390787.000000
-0.070801 0.494629 0.670654 4.636125 69.968889 38.919051 153420393747.000000
-0.075195 0.502686 0.681152 3.904105 69.358873 38.126029 153420396663.000000
-0.076172 0.513428 0.687256 3.172086 68.077838 38.004026 153420399580.000000
-0.088623 0.520996 0.696777 2.318063 67.284817 37.394010 153420402512.000000
-0.106445 0.529541 0.710693 2.013054 66.552797 37.211005 153420405426.000000
-0.120117 0.545166 0.719482 1.525041 65.088757 36.905996 153420408341.000000
-0.129883 0.552002 0.718750 0.915025 63.807723 36.356982 153420411262.000000
-0.135498 0.559570 0.719971 0.549015 62.038675 35.929970 153420414181.000000
-0.145996 0.564941 0.729492 -0.122003 60.452632 34.892942 153420417096.000000
-0.150635 0.568359 0.731201 -0.366010 57.951565 33.855914 153420420009.000000
-0.161621 0.566895 0.742676 -1.281035 55.694504 33.001891 153420422947.000000
-0.172363 0.565186 0.745605 -1.403038 52.949430 32.269871 153420425862.000000
-0.177979 0.558105 0.740479 -1.891051 49.899347 31.171842 153420428775.000000
-0.178467 0.547119 0.746582 -2.257061 47.093272 29.890807 153420431698.000000
-0.180176 0.543701 0.747070 -2.623071 44.226194 28.182761 153420434606.000000
-0.182861 0.529297 0.747314 -2.562069 41.115110 27.023730 153420437515.000000
-0.178711 0.515381 0.741211 -2.684072 38.919051 25.193680 153420440423.000000
-0.170410 0.505127 0.736816 -2.989081 36.173977 23.546636 153420443332.000000
-0.161377 0.496094 0.736572 -2.867077 34.038919 21.594583 153420446242.000000
-0.146484 0.485352 0.735107 -2.379064 31.964863 20.069542 153420449147.000000
-0.130127 0.479248 0.728271 -2.318063 30.561825 17.812481 153420452055.000000
-0.106689 0.481689 0.728271 -2.379064 28.975782 16.348441 153420454977.000000
-0.085449 0.486084 0.723633 -2.196059 28.426768 14.640395 153420457884.000000
-0.064697 0.495605 0.724609 -2.379064 28.182761 12.566339 153420460791.000000
-0.048340 0.505615 0.715088 -2.562069 28.914781 10.858293 153420463740.000000
-0.036133 0.517578 0.715576 -2.806076 30.439822 9.455255 153420466647.000000
-0.031982 0.528076 0.713867 -2.623071 32.086866 8.174221 153420469554.000000
-0.019287 0.548584 0.720459 -3.050082 34.648936 7.015189 153420472469.000000
-0.010498 0.569092 0.725342 -3.660099 36.844995 6.039163 153420475386.000000
0.000000 0.586670 0.722168 -4.453120 39.346062 4.880132 153420478307.000000
0.010498 0.609619 0.722656 -5.795156 42.457146 3.782102 153420481230.000000
0.016113 0.630859 0.723877 -7.015189 45.324224 2.379064 153420484149.000000
0.013916 0.647949 0.730469 -7.869212 48.374306 1.342036 153420487077.000000
0.011719 0.654297 0.727783 -9.577259 51.729397 0.061002 153420489991.000000
0.012451 0.663086 0.731201 -10.370280 55.084487 -1.708046 153420492917.000000
0.013916 0.662842 0.727783 -10.675288 58.195571 -2.867077 153420495832.000000
0.007568 0.662354 0.726074 -11.895321 61.733667 -4.819130 153420498745.000000
0.005127 0.663330 0.725586 -12.444336 64.539743 -6.649180 153420501673.000000
0.000732 0.659912 0.722412 -13.542366 67.528823 -8.662234 153420504591.000000
0.000488 0.651367 0.719727 -13.847374 70.151894 -10.919295 153420507506.000000
-0.005127 0.633301 0.715088 -15.311413 72.469957 -13.176356 153420510421.000000
-0.012939 0.614746 0.716553 -15.494418 74.483011 -15.128408 153420513337.000000
-0.023193 0.595215 0.705811 -15.921430 77.289087 -17.690478 153420516252.000000
-0.025146 0.573975 0.705322 -16.287440 79.912158 -20.008540 153420519167.000000
-0.029541 0.552002 0.696045 -16.775453 82.657232 -22.265601 153420522086.000000
-0.031494 0.529785 0.693115 -16.470445 85.219301 -24.766669 153420525003.000000
-0.042725 0.510986 0.695068 -16.470445 88.147380 -27.145733 153420527915.000000
-0.044189 0.493408 0.697266 -16.287440 90.526444 -29.341792 153420530883.000000
-0.056152 0.480957 0.700195 -15.616422 92.844507 -30.988837 153420533794.000000
-0.064697 0.476563 0.707764 -15.494418 95.467578 -33.245898 153420536703.000000
-0.071533 0.471436 0.714600 -15.555420 97.053620 -34.526932 153420539609.000000
-0.078125 0.474121 0.719238 -15.372415 99.249680 -35.990972 153420542514.000000
-0.082764 0.478027 0.718506 -15.616422 100.774721 -37.272006 153420545424.000000
-0.083740 0.488770 0.721680 -16.348441 102.177759 -39.346062 153420548332.000000
-0.083496 0.496094 0.727051 -16.897456 103.580797 -40.871104 153420551253.000000
-0.085205 0.500977 0.747803 -17.019460 103.580797 -42.762155 153420554162.000000
-0.101074 0.510986 0.761475 -16.653450 104.312816 -44.470201 153420557070.000000
-0.112793 0.527100 0.776367 -16.897456 104.068810 -46.483255 153420559978.000000
-0.117188 0.545166 0.776123 -16.836455 104.129812 -48.313304 153420562886.000000
-0.124268 0.564209 0.778076 -17.263466 103.580797 -50.570365 153420565795.000000
-0.125977 0.584229 0.785645 -17.324468 103.458793 -52.949430 153420568703.000000
-0.131348 0.594238 0.777100 -18.361496 103.031782 -55.999512 153420571615.000000
-0.130127 0.612793 0.774170 -18.910511 102.726774 -58.500580 153420574533.000000
-0.131104 0.630859 0.775391 -19.459525 102.604770 -61.306655 153420577451.000000
-0.135254 0.637939 0.773682 -19.825535 102.726774 -64.356738 153420580365.000000
-0.133057 0.638672 0.764893 -20.435552 102.970780 -67.467822 153420583290.000000
-0.132813 0.634521 0.751465 -21.045568 103.153785 -70.700909 153420586204.000000
-0.133545 0.629150 0.736084 -21.716586 103.580797 -74.056000 153420589117.000000
-0.132324 0.616211 0.723877 -22.692613 104.251815 -77.045080 153420592034.000000
-0.129883 0.600830 0.716309 -23.058623 104.861831 -80.339169 153420594949.000000
-0.137451 0.579346 0.713623 -23.485634 105.898859 -83.755261 153420597872.000000
-0.138184 0.558105 0.705322 -24.034649 106.935887 -86.866345 153420600785.000000
-0.143311 0.537842 0.705811 -24.461660 107.850912 -90.038431 153420603777.000000
-0.148682 0.511230 0.703857 -24.400659 108.399927 -92.905508 153420606693.000000
-0.153564 0.499512 0.695068 -25.010675 109.009943 -96.321601 153420609613.000000
-0.158447 0.480957 0.687988 -24.766669 109.802965 -99.066675 153420612538.000000
-0.157715 0.468262 0.694336 -25.254682 110.046971 -102.543769 153420615452.000000
-0.166016 0.449707 0.702637 -25.132679 110.046971 -105.532849 153420618368.000000
-0.172852 0.439209 0.696533 -25.010675 109.619960 -108.826938 153420621291.000000
-0.184082 0.435547 0.702148 -24.888672 109.924968 -111.755017 153420624209.000000
-0.190186 0.437256 0.702637 -25.071677 109.558958 -115.415116 153420627121.000000
-0.193115 0.426758 0.705566 -24.339657 109.985970 -118.953212 153420630035.000000
-0.201172 0.440918 0.667725 -24.522662 110.961996 -121.820289 153420632943.000000
-0.211670 0.446777 0.685303 -24.522662 111.694016 -124.504362 153420635853.000000
-0.224609 0.452148 0.701416 -24.461660 111.694016 -127.005429 153420638761.000000
-0.238037 0.454346 0.713623 -25.010675 112.365034 -129.323492 153420641697.000000
-0.240479 0.456787 0.716553 -24.949674 112.548039 -132.007564 153420644610.000000
-0.250732 0.462158 0.707031 -25.437687 113.402062 -134.691637 153420647518.000000
-0.259033 0.464355 0.700684 -25.986702 114.134082 -137.009699 153420650424.000000
-0.268311 0.471924 0.694824 -26.474715 116.086134 -140.181785 153420653331.000000
-0.274658 0.474854 0.698975 -26.596718 117.245166 -142.682852 153420656242.000000
-0.279541 0.479492 0.696289 -27.511743 118.770207 -145.244922 153420659148.000000
-0.284424 0.487793 0.690674 -28.426768 120.478253 -147.928994 153420662057.000000
-0.284424 0.494629 0.682861 -29.524797 122.613311 -150.735070 153420664966.000000
-0.287109 0.494873 0.673584 -30.683828 124.626365 -153.602147 153420667875.000000
-0.286621 0.496338 0.671631 -31.781858 126.395413 -155.981211 153420670783.000000
-0.294189 0.495361 0.668213 -33.184896 128.042457 -158.909291 153420673766.000000
-0.298340 0.489258 0.659424 -34.343927 129.689502 -161.776368 153420676688.000000
-0.294922 0.486816 0.660156 -35.685964 131.336546 -164.460440 153420679603.000000
-0.293213 0.476318 0.660400 -36.722992 132.922589 -167.937534 153420682527.000000
-0.296387 0.461914 0.650635 -37.821021 134.203623 -170.621607 153420685441.000000
-0.303955 0.446289 0.647949 -38.614043 135.484658 -173.976697 153420688357.000000
-0.309814 0.428711 0.662109 -39.102056 136.338681 -177.514793 153420691276.000000
-0.320557 0.407715 0.657715 -38.980052 137.070701 -180.808882 153420694212.000000
-0.334961 0.386475 0.672119 -38.736046 137.741719 -184.163972 153420697131.000000
-0.345947 0.365967 0.678711 -38.797048 138.351735 -187.458061 153420700047.000000
-0.359863 0.343262 0.685059 -38.492039 139.266760 -190.996157 153420702986.000000
-0.381592 0.320313 0.686768 -38.004026 140.059782 -194.168243 153420705901.000000
-0.398193 0.299072 0.672607 -37.455011 141.157811 -197.157323 153420708817.000000
-0.424072 0.277344 0.682617 -36.417983 142.804856 -200.634417 153420711740.000000
-0.454834 0.260010 0.679688 -36.051973 144.085890 -203.318490 153420714658.000000
-0.476074 0.247070 0.679199 -35.258952 145.793936 -206.002562 153420717572.000000
-0.503662 0.225342 0.677979 -34.160922 147.928994 -207.832611 153420720487.000000
-0.533203 0.209473 0.674561 -33.489904 149.637040 -209.845666 153420723409.000000
-0.564697 0.189209 0.665283 -32.696883 151.772098 -211.736717 153420726325.000000
-0.592529 0.172852 0.659424 -31.964863 153.358141 -213.749771 153420729238.000000
-0.623779 0.159912 0.649170 -30.683828 154.517172 -215.274812 153420732150.000000
-0.645508 0.143555 0.641357 -29.463796 155.554200 -217.165863 153420735077.000000
-0.668701 0.129883 0.629150 -28.670774 155.859208 -219.178918 153420737986.000000
-0.685059 0.129639 0.618896 -27.816751 155.920210 -221.252974 153420740894.000000
-0.705566 0.132324 0.586914 -26.962728 155.554200 -223.754041 153420743829.000000
-0.723877 0.127441 0.586914 -27.145733 154.700177 -225.950101 153420746735.000000
-0.732422 0.129883 0.576660 -26.291710 153.175136 -228.390167 153420749642.000000
-0.741211 0.127441 0.568604 -26.230708 151.162081 -231.013237 153420752549.000000
-0.751465 0.126953 0.550537 -25.986702 148.417007 -234.124321 153420755455.000000
-0.761230 0.130127 0.557373 -26.108705 145.488928 -236.808394 153420758363.000000
-0.775635 0.132324 0.545410 -26.108705 142.133838 -239.797475 153420761272.000000
-0.799316 0.128906 0.547607 -25.986702 138.656744 -242.664552 153420764180.000000
-0.811523 0.126709 0.541748 -26.413713 135.057647 -245.531629 153420767099.000000
-0.830078 0.128174 0.539063 -26.596718 132.129567 -248.154700 153420770005.000000
-0.848877 0.124512 0.529297 -27.084731 128.957482 -249.923748 153420772932.000000
-0.855469 0.115479 0.514160 -28.365766 126.212408 -252.302812 153420775851.000000
-0.854736 0.112305 0.504395 -29.036784 123.528335 -254.193863 153420778769.000000
-0.855713 0.098389 0.496582 -30.500824 121.332276 -256.145916 153420781693.000000
-0.850098 0.090576 0.495850 -31.659855 119.197218 -258.036967 153420784612.000000
-0.849365 0.073730 0.497314 -32.391875 117.062161 -259.623010 153420787526.000000
-0.852539 0.061523 0.505859 -33.062893 115.476118 -261.209053 153420790442.000000
-0.868896 0.038086 0.520996 -33.184896 114.317087 -262.795095 153420793368.000000
-0.894043 0.019531 0.516357 -33.184896 113.463064 -263.588117 153420796285.000000
-0.917236 0.008057 0.513672 -33.855914 113.036052 -264.442140 153420799200.000000
-0.932617 -0.008545 0.498535 -34.526932 112.914049 -265.052156 153420802123.000000
-0.946045 -0.026367 0.500000 -35.258952 112.731044 -265.723175 153420805042.000000
-0.947754 -0.044189 0.496338 -36.478985 112.243031 -266.150186 153420807957.000000
-0.952637 -0.060303 0.495605 -37.333008 111.633014 -266.821204 153420810874.000000
-0.967773 -0.087646 0.517334 -38.065028 110.107973 -267.126212 153420813792.000000
-0.985107 -0.106934 0.525146 -38.553041 109.253950 -267.248216 153420816707.000000
-1.005859 -0.127930 0.535156 -38.736046 108.643933 -267.126212 153420819620.000000
-1.023193 -0.134033 0.531738 -38.980052 108.582932 -266.699201 153420822543.000000
-1.039063 -0.151855 0.521973 -40.261087 109.009943 -266.089184 153420825458.000000
-1.043945 -0.162598 0.519531 -40.688099 109.802965 -264.869151 153420828370.000000
-1.044189 -0.170654 0.501465 -42.274141 111.083999 -264.137132 153420831284.000000
-1.034668 -0.177246 0.499023 -43.799183 112.182029 -262.673092 153420834192.000000
-1.021484 -0.194092 0.496826 -45.507229 113.707070 -261.148051 153420837102.000000
-1.005615 -0.204346 0.490479 -46.666260 115.476118 -260.050021 153420840009.000000
-0.988770 -0.213867 0.488770 -47.947295 117.794180 -258.890990 153420842944.000000
-0.973389 -0.224365 0.479248 -49.167328 120.112243 -257.121942 153420845855.000000
-0.955078 -0.226807 0.474609 -50.387360 123.101324 -256.389923 153420848765.000000
-0.935547 -0.229980 0.457520 -51.241384 126.334411 -255.657903 153420851682.000000
-0.928223 -0.233398 0.457764 -52.644421 129.384493 -254.620875 153420854591.000000
-0.926514 -0.235596 0.465576 -52.888428 132.739584 -254.254865 153420857498.000000
-0.937012 -0.240723 0.478271 -53.437443 136.277679 -253.461843 153420860404.000000
-0.962158 -0.254150 0.481201 -53.498444 139.510767 -252.119807 153420863313.000000
-0.989990 -0.263428 0.473389 -53.437443 143.170866 -251.387787 153420866221.000000
-1.013428 -0.274414 0.468750 -53.681449 146.708961 -250.350759 153420869132.000000
-1.038086 -0.289795 0.454346 -54.352468 149.332032 -249.252730 153420872045.000000
-1.057861 -0.305176 0.445801 -54.840481 151.955103 -248.276703 153420874961.000000
-1.074219 -0.324951 0.436523 -54.718477 154.029159 -246.934667 153420877876.000000
-1.085693 -0.346680 0.432129 -55.145489 155.310193 -245.897639 153420880791.000000
-1.095215 -0.364746 0.411865 -55.816507 156.225218 -245.043616 153420883743.000000
-1.096680 -0.383545 0.405762 -56.304520 156.591228 -244.067590 153420886658.000000
-1.103516 -0.391602 0.406250 -56.914537 156.042213 -243.213567 153420889574.000000
-1.101807 -0.410645 0.381592 -57.036540 155.737205 -242.725554 153420892501.000000
-1.094482 -0.428711 0.373779 -57.341548 154.578174 -242.237540 153420895417.000000
-1.095215 -0.443115 0.364502 -57.402550 153.053132 -241.566522 153420899449.000000
-1.100098 -0.453125 0.368896 -57.951565 150.796071 -241.322516 153420902425.000000
-1.103027 -0.462891 0.355713 -57.890563 148.600012 -241.017507 153420905352.000000
-1.107178 -0.468018 0.355469 -58.256573 146.647959 -240.468493 153420908266.000000
-1.112793 -0.474121 0.348145 -58.561581 144.634905 -240.224486 153420911191.000000
-1.122559 -0.481445 0.338867 -59.354603 142.926859 -239.797475 153420914109.000000
-1.127441 -0.489014 0.327881 -60.208626 141.767828 -239.370463 153420917027.000000
-1.131104 -0.493652 0.319580 -61.001647 141.096810 -238.089428 153420919942.000000
-1.132324 -0.504150 0.318359 -61.977673 140.730800 -237.113402 153420922873.000000
-1.133545 -0.508301 0.306396 -62.709693 141.462819 -235.527359 153420925787.000000
-1.131592 -0.520264 0.292969 -64.173733 142.438846 -233.880315 153420928700.000000
-1.127686 -0.527832 0.280518 -65.027756 143.902885 -231.745257 153420931615.000000
-1.119873 -0.533691 0.273682 -66.491795 146.342951 -229.122186 153420934526.000000
-1.111084 -0.545898 0.264893 -67.711828 149.149027 -226.804124 153420937433.000000
-1.095947 -0.558838 0.260254 -68.565851 152.687123 -223.876045 153420940344.000000
-1.074463 -0.571777 0.246826 -69.785884 156.652230 -221.069969 153420943289.000000
-1.050537 -0.593018 0.237061 -70.578906 160.800342 -218.507900 153420946197.000000
-1.020264 -0.605469 0.241943 -70.822912 165.009455 -216.860855 153420949105.000000
-1.000244 -0.619385 0.226563 -71.615934 168.852559 -214.664796 153420952013.000000
-0.980957 -0.626221 0.220215 -71.920942 172.695663 -212.895748 153420954935.000000
-0.957031 -0.640381 0.210693 -71.920942 176.843775 -210.943695 153420957844.000000
-0.942871 -0.646973 0.206787 -71.798939 180.381870 -209.662661 153420960751.000000
-0.929199 -0.658936 0.210449 -71.493930 183.553956 -208.259623 153420963705.000000
-0.932861 -0.678467 0.228516 -70.029891 185.994022 -207.222595 153420966623.000000
-0.945801 -0.694824 0.235352 -68.504850 187.153053 -206.368572 153420969530.000000
-0.967773 -0.717773 0.244385 -65.942780 187.885073 -205.697554 153420972446.000000
-1.006836 -0.737793 0.241211 -63.624718 188.312084 -204.904532 153420975362.000000
-1.045410 -0.757080 0.222412 -60.696639 187.824071 -203.867504 153420978277.000000
-1.082275 -0.780762 0.195801 -58.622583 186.787043 -203.013481 153420981199.000000
-1.115723 -0.797363 0.188477 -56.182517 184.102971 -202.220460 153420984118.000000
-1.146729 -0.823242 0.170654 -54.535472 180.503874 -201.732447 153420987033.000000
-1.172119 -0.838867 0.164063 -52.766425 174.586714 -201.244434 153420989949.000000
-1.193115 -0.857666 0.150635 -50.631367 167.876533 -201.183432 153420992874.000000
-1.217285 -0.880615 0.151855 -48.740316 159.763314 -201.122430 153420995788.000000
-1.239746 -0.896729 0.136475 -46.788263 149.637040 -200.817422 153420998703.000000
-1.258789 -0.910889 0.123291 -45.507229 139.327762 -201.061429 153421001624.000000
-1.265625 -0.919922 0.116699 -43.860184 127.798451 -201.000427 153421004544.000000
-1.270264 -0.932617 0.113281 -41.725127 115.293113 -200.817422 153421007461.000000
-1.276123 -0.940186 0.111816 -40.322089 103.092784 -201.122430 153421010379.000000
-1.275635 -0.942871 0.100098 -39.041054 90.709449 -201.427439 153421013305.000000
-1.276855 -0.946045 0.094238 -37.577015 77.777100 -201.488440 153421016220.000000
-1.268555 -0.947510 0.082031 -36.905996 66.125785 -201.915452 153421019134.000000
-1.256348 -0.942383 0.072510 -36.295980 54.779479 -201.915452 153421022055.000000
-1.234131 -0.937500 0.067139 -35.624962 44.104191 -201.976453 153421024973.000000
-1.208740 -0.936523 0.050049 -35.014945 34.526932 -201.671445 153421027890.000000
-1.175537 -0.931641 0.056152 -34.526932 25.742695 -201.244434 153421030874.000000
-1.132324 -0.931641 0.054443 -33.977917 17.507473 -201.549442 153421033788.000000
-1.087158 -0.926025 0.051514 -34.038919 10.858293 -201.366437 153421036696.000000
-1.047852 -0.921631 0.046631 -33.550906 5.490148 -201.671445 153421039603.000000
-1.020264 -0.918945 0.034912 -33.611908 1.647044 -201.000427 153421042510.000000
-0.978760 -0.916260 0.032471 -33.367901 -1.281035 -200.756420 153421045447.000000
-0.934326 -0.912842 0.027344 -33.550906 -3.233087 -200.390411 153421048355.000000
-0.890625 -0.907715 0.024658 -34.038919 -3.599097 -199.658391 153421051265.000000
-0.847656 -0.906250 0.012695 -34.221924 -3.233087 -199.170378 153421054175.000000
-0.807617 -0.904053 0.016846 -35.075947 -2.440066 -198.621363 153421057084.000000
-0.768555 -0.914795 0.019287 -35.441957 -0.854023 -198.133350 153421059990.000000
-0.733154 -0.922119 0.023682 -35.258952 1.159031 -197.767340 153421062912.000000
-0.709229 -0.933838 0.033203 -35.380955 3.416092 -196.791313 153421065821.000000
-0.683350 -0.947021 0.035889 -34.892942 6.283170 -196.120295 153421068738.000000
-0.671631 -0.959229 0.043701 -34.770939 9.089245 -194.961264 153421071653.000000
-0.656250 -0.964600 0.046143 -34.892942 12.749344 -193.985238 153421074570.000000
-0.643066 -0.979492 0.047363 -34.526932 16.165436 -192.521198 153421077499.000000
-0.638428 -0.989014 0.054199 -34.282926 19.886537 -191.057159 153421080414.000000
-0.630127 -1.001221 0.048096 -34.404929 24.156652 -189.349112 153421083339.000000
-0.623047 -1.019043 0.046631 -34.526932 27.999756 -187.885073 153421086253.000000
-0.617432 -1.033936 0.041992 -33.855914 32.452876 -186.116025 153421089169.000000
-0.609863 -1.048096 0.045166 -33.367901 36.661990 -184.651986 153421092102.000000
-0.612549 -1.062500 0.042969 -32.818886 40.383090 -183.065943 153421095032.000000
-0.616211 -1.077637 0.040771 -32.086866 43.799183 -181.601903 153421097954.000000
-0.616943 -1.095703 0.042236 -30.622827 47.093272 -180.015860 153421100877.000000
-0.629883 -1.108643 0.042969 -29.341792 49.838346 -178.612823 153421103796.000000
-0.631104 -1.120361 0.045654 -27.816751 52.705423 -176.843775 153421106710.000000
-0.638428 -1.131348 0.049316 -26.047703 54.413469 -175.501739 153421109635.000000
-0.644531 -1.131592 0.046631 -24.400659 55.999512 -173.854694 153421112561.000000
-0.648193 -1.135742 0.039307 -22.326603 57.524553 -172.085646 153421115473.000000
-0.652344 -1.143311 0.037109 -21.289575 58.683584 -170.743610 153421118386.000000
-0.653320 -1.142090 0.022949 -19.825535 59.720612 -168.852559 153421121308.000000
-0.657227 -1.144287 0.018311 -18.239492 60.269627 -167.327518 153421124233.000000
-0.656982 -1.139160 0.010498 -17.202464 61.062649 -165.619472 153421127148.000000
-0.650879 -1.140869 0.002686 -15.982432 61.489660 -163.911426 153421130062.000000
-0.645752 -1.140869 -0.008789 -15.006405 62.160678 -162.264381 153421132973.000000
-0.637939 -1.136230 -0.018555 -14.030379 62.953700 -160.556335 153421135883.000000
-0.634766 -1.133057 -0.031982 -13.237357 63.807723 -158.543281 153421138789.000000
-0.625488 -1.138428 -0.032715 -12.871348 64.966754 -156.713231 153421141699.000000
-0.610840 -1.131592 -0.047363 -12.139328 65.759776 -154.944183 153421144633.000000
-0.602539 -1.130859 -0.050781 -11.468310 66.857805 -152.870127 153421147542.000000
-0.585938 -1.128906 -0.067627 -11.163301 68.504850 -151.101080 153421150449.000000
-0.572998 -1.126465 -0.070068 -10.675288 69.785884 -149.027024 153421153357.000000
-0.562012 -1.120117 -0.074951 -10.126273 71.676935 -146.586958 153421156265.000000
-0.548828 -1.113281 -0.084473 -10.187275 73.201976 -144.634905 153421159172.000000
-0.532715 -1.111572 -0.089600 -9.394254 75.520039 -142.621851 153421162081.000000
-0.523193 -1.106445 -0.088135 -9.638260 77.533093 -140.425791 153421164999.000000
-0.506104 -1.102051 -0.097168 -8.967242 79.363143 -138.473739 153421167910.000000
-0.499512 -1.104736 -0.097412 -9.577259 81.437199 -136.216678 153421170863.000000
-0.486572 -1.105469 -0.089600 -9.394254 83.450253 -134.264625 153421173780.000000
-0.482422 -1.104980 -0.092285 -9.577259 84.975294 -131.885561 153421176697.000000
-0.475342 -1.109375 -0.094727 -9.943268 86.988349 -129.811505 153421179612.000000
-0.472656 -1.108154 -0.099121 -10.553285 88.574392 -127.371439 153421182536.000000
-0.469971 -1.110352 -0.092041 -10.370280 90.038431 -125.114378 153421185450.000000
-0.459717 -1.114014 -0.087646 -11.041298 91.319466 -122.857317 153421188365.000000
-0.463379 -1.119385 -0.081055 -10.248277 92.417495 -119.868236 153421191287.000000
-0.463623 -1.125488 -0.070801 -10.553285 93.088513 -117.855182 153421194205.000000
-0.464355 -1.128906 -0.075195 -10.553285 93.454523 -115.049106 153421197118.000000
-0.468018 -1.134521 -0.068359 -10.431282 93.759532 -112.426036 153421200032.000000
-0.472656 -1.142334 -0.071045 -10.370280 93.454523 -109.863966 153421202956.000000
-0.479736 -1.143555 -0.073975 -10.004270 92.844507 -107.057891 153421205871.000000
-0.490234 -1.146484 -0.067627 -9.638260 91.746477 -104.434820 153421208789.000000
-0.498291 -1.144287 -0.067139 -9.638260 90.221436 -101.689746 153421211712.000000
-0.500488 -1.147705 -0.063477 -9.516257 88.025377 -99.188678 153421214631.000000
-0.514404 -1.147461 -0.066895 -8.906240 85.158299 -96.748612 153421217546.000000
-0.520264 -1.146973 -0.067627 -8.845239 81.681205 -94.308546 153421220461.000000
-0.528809 -1.140381 -0.076172 -8.540231 77.533093 -91.990484 153421223384.000000
-0.539063 -1.136230 -0.076904 -7.747209 73.018972 -89.367413 153421226297.000000
-0.555664 -1.114746 -0.085205 -6.954188 57.402550 -83.694260 153421234457.000000
-0.558105 -1.110596 -0.082031 -6.222168 49.899347 -81.925212 153421237588.000000
-0.563965 -1.102051 -0.088379 -5.917160 43.067163 -80.400171 153421240518.000000
-0.562012 -1.092773 -0.095947 -5.856158 35.319954 -78.509120 153421243453.000000
-0.562744 -1.084229 -0.092529 -5.490148 27.816751 -76.923077 153421246550.000000
-0.560059 -1.070557 -0.110107 -5.856158 20.557555 -75.154029 153421249535.000000
-0.552002 -1.061035 -0.117676 -5.734155 13.054352 -73.872995 153421252453.000000
-0.537598 -1.053711 -0.115967 -5.795156 6.344171 -72.591960 153421255371.000000
-0.534180 -1.049561 -0.118896 -5.734155 -0.366010 -71.371927 153421258282.000000
-0.518066 -1.041992 -0.121826 -6.039163 -7.015189 -70.090892 153421261202.000000
-0.503174 -1.036621 -0.125244 -6.283170 -12.993351 -68.870860 153421264118.000000
-0.484863 -1.029785 -0.126221 -6.649180 -19.032514 -67.650827 153421267027.000000
-0.466309 -1.026367 -0.127197 -7.137193 -24.095651 -66.857805 153421269936.000000
-0.453369 -1.022705 -0.127930 -7.503203 -29.341792 -66.003782 153421272846.000000
-0.439453 -1.013672 -0.123291 -7.808211 -33.611908 -64.661746 153421275758.000000
-0.426025 -1.011719 -0.120117 -8.601232 -37.821021 -63.380711 153421278672.000000
-0.419678 -1.003418 -0.117676 -8.845239 -41.420118 -61.794668 153421281584.000000
-0.405029 -1.004395 -0.114014 -9.089245 -44.836211 -60.757640 153421284509.000000
-0.396973 -1.000000 -0.117432 -9.516257 -47.398280 -59.232599 153421287419.000000
-0.381104 -0.996582 -0.121094 -10.187275 -50.082352 -57.768560 153421290325.000000
-0.367920 -0.999023 -0.115967 -10.370280 -52.339413 -56.487525 153421293234.000000
-0.356934 -0.995361 -0.115479 -10.858293 -54.169463 -54.840481 153421296180.000000
-0.345459 -0.993164 -0.108887 -11.285305 -55.999512 -53.559446 153421299089.000000
-0.334473 -0.990723 -0.113037 -11.346306 -57.036540 -51.912402 153421301999.000000
-0.321533 -0.990723 -0.104492 -11.834320 -58.012566 -50.448362 153421304912.000000
-0.313721 -0.986328 -0.101563 -12.017324 -58.744586 -48.923321 153421307820.000000
-0.303223 -0.980957 -0.094727 -12.261331 -59.049594 -47.459281 153421310727.000000
-0.295898 -0.979736 -0.088135 -12.200329 -59.354603 -45.995242 153421313685.000000
-0.289063 -0.974609 -0.092773 -12.444336 -59.354603 -44.409199 153421316599.000000
-0.287842 -0.974609 -0.087891 -12.749344 -58.927591 -42.640151 153421319507.000000
-0.277100 -0.971680 -0.093506 -13.298359 -58.317575 -41.054108 153421322425.000000
-0.267334 -0.968506 -0.091309 -13.237357 -57.036540 -39.224059 153421325345.000000
-0.263672 -0.964600 -0.093506 -13.542366 -55.633502 -37.516013 153421328266.000000
-0.252686 -0.961914 -0.093506 -13.847374 -53.681449 -35.929970 153421331194.000000
-0.241943 -0.961182 -0.103516 -14.335387 -51.241384 -34.099921 153421334108.000000
-0.228516 -0.963623 -0.104492 -13.969377 -48.740316 -32.269871 153421337017.000000
-0.216797 -0.960693 -0.109619 -14.152382 -45.873239 -30.378820 153421339924.000000
-0.209961 -0.968262 -0.120117 -14.457390 -42.701153 -28.670774 153421342832.000000
-0.205078 -0.971924 -0.121338 -14.701397 -39.407064 -26.901726 153421345845.000000
-0.199707 -0.972412 -0.132568 -15.250412 -36.051973 -25.132679 153421348771.000000
-0.196777 -0.976807 -0.139893 -15.616422 -32.086866 -22.875618 153421351688.000000
-0.195313 -0.977783 -0.150879 -16.348441 -28.487769 -21.106570 153421354599.000000
-0.195557 -0.978027 -0.143799 -16.531446 -24.949674 -19.215519 153421357518.000000
-0.194336 -0.982422 -0.148438 -17.141463 -21.411578 -16.836455 153421360426.000000
-0.193115 -0.979980 -0.153564 -17.202464 -18.422497 -14.823400 153421363335.000000
-0.194824 -0.977783 -0.157227 -17.263466 -15.616422 -13.115354 153421366249.000000
-0.197754 -0.979980 -0.159912 -17.995486 -12.871348 -11.041298 153421369162.000000
-0.202637 -0.983887 -0.157471 -18.422497 -10.492283 -8.662234 153421372091.000000
-0.204102 -0.976807 -0.162842 -18.544501 -8.357226 -6.832184 153421375026.000000
-0.205078 -0.973145 -0.168701 -18.849509 -6.344171 -4.819130 153421377944.000000
-0.209717 -0.971436 -0.162354 -19.642530 -4.697127 -2.745074 153421380863.000000
-0.209717 -0.967041 -0.161621 -20.069542 -3.050082 -0.732020 153421383783.000000
-0.212646 -0.962646 -0.165771 -20.618557 -1.647044 1.159031 153421386699.000000
-0.208252 -0.959473 -0.161865 -21.045568 -0.488013 3.050082 153421389628.000000
-0.209961 -0.954346 -0.160645 -21.350576 0.732020 4.880132 153421392547.000000
-0.211182 -0.952148 -0.159180 -22.082596 1.891051 6.222168 153421395462.000000
-0.204102 -0.948975 -0.157227 -22.204600 2.440066 7.991216 153421398381.000000
-0.198486 -0.949219 -0.162598 -22.997621 3.416092 9.272250 153421401301.000000
-0.194580 -0.945313 -0.151123 -23.485634 3.904105 10.614287 153421404293.000000
-0.186768 -0.946777 -0.146729 -23.546636 5.124138 11.590313 153421407820.000000
-0.183350 -0.941162 -0.143555 -24.278656 5.917160 12.627341 153421410912.000000
-0.179688 -0.940430 -0.151367 -24.705667 6.405173 13.237357 153421413920.000000
-0.181396 -0.940674 -0.145264 -25.010675 7.320198 13.847374 153421416851.000000
-0.173828 -0.941895 -0.148193 -25.315684 8.113219 14.640395 153421419765.000000
-0.181396 -0.943359 -0.152344 -25.742695 8.906240 15.250412 153421422676.000000
-0.180908 -0.942627 -0.156006 -26.657720 9.455255 15.738425 153421425584.000000
-0.184082 -0.945068 -0.153809 -26.596718 10.065272 16.165436 153421428498.000000
-0.183105 -0.948486 -0.158936 -26.901726 10.248277 16.775453 153421431414.000000
-0.188721 -0.952881 -0.152832 -27.206735 10.431282 17.019460 153421434324.000000
-0.195313 -0.957520 -0.147461 -27.328738 9.577259 17.385469 153421437231.000000
-0.201172 -0.964844 -0.156250 -27.511743 9.394254 17.385469 153421440141.000000
-0.209717 -0.964111 -0.150146 -28.060758 8.235222 17.507473 153421443053.000000
-0.218262 -0.964844 -0.152344 -28.487769 7.015189 17.446471 153421445961.000000
-0.225830 -0.968994 -0.156738 -28.487769 5.002135 17.629476 153421448867.000000
-0.235107 -0.973145 -0.152344 -28.731776 3.111084 17.507473 153421451776.000000
-0.240479 -0.978271 -0.148926 -29.280791 0.549015 17.446471 153421454685.000000
-0.247314 -0.977295 -0.151611 -28.487769 -2.074056 17.263466 153421457593.000000
-0.249512 -0.980957 -0.144531 -28.914781 -5.429147 16.958458 153421460500.000000
-0.249268 -0.981689 -0.146729 -28.975782 -8.479229 16.775453 153421463418.000000
-0.257813 -0.984619 -0.133545 -28.426768 -12.261331 16.531446 153421466337.000000
-0.257324 -0.991455 -0.129150 -28.304764 -16.287440 15.982432 153421469261.000000
-0.257080 -0.998047 -0.121826 -27.267736 -20.740560 15.616422 153421472180.000000
-0.253906 -1.004883 -0.112549 -26.840725 -24.522662 15.006405 153421475095.000000
-0.246338 -1.004395 -0.099854 -25.681693 -28.792777 14.518392 153421478010.000000
-0.236328 -1.012695 -0.076660 -24.522662 -33.367901 13.603367 153421480933.000000
-0.237305 -1.010254 -0.077393 -23.851644 -36.905996 13.481364 153421483851.000000
-0.220947 -1.013916 -0.067871 -23.119624 -40.322089 12.810346 153421486765.000000
-0.206055 -1.014160 -0.066162 -22.570609 -43.494174 12.322333 153421489681.000000
-0.190430 -1.019531 -0.052246 -21.655585 -45.995242 11.956323 153421492609.000000
-0.182129 -1.024170 -0.043701 -21.472580 -48.557311 11.468310 153421495526.000000
