0.123047 -1.003662 -0.035889 -1.159031 -1.403038 -0.183005 152011454896.000000
0.124023 -1.002197 -0.035400 -1.098030 -1.098030 -0.366010 152011457812.000000
0.123047 -1.006104 -0.038574 -1.098030 -1.220033 -0.366010 152011460726.000000
0.122803 -1.006836 -0.038086 -1.220033 -0.976026 -0.366010 152011463640.000000
0.122314 -1.010498 -0.039795 -1.525041 -0.793021 -0.366010 152011466556.000000
0.124023 -1.013672 -0.042236 -1.464040 -0.671018 -0.427012 152011469472.000000
0.121582 -1.012207 -0.040527 -1.647044 -0.488013 0.000000 152011472389.000000
0.126709 -1.014648 -0.045898 -1.586043 -0.122003 -0.244007 152011475303.000000
0.119141 -1.012939 -0.040771 -1.647044 -0.183005 -0.061002 152011478219.000000
0.121826 -1.012451 -0.044434 -0.915025 -0.183005 0.183005 152011481133.000000
0.122803 -1.013916 -0.037354 -1.159031 0.000000 0.000000 152011484046.000000
0.119629 -1.019043 -0.042236 -1.220033 0.061002 0.183005 152011486959.000000
0.117920 -1.017334 -0.044434 -0.305008 0.305008 0.000000 152011489876.000000
0.119385 -1.018311 -0.039795 -0.976026 0.366010 0.000000 152011492791.000000
0.115723 -1.019531 -0.032715 -0.366010 0.244007 0.305008 152011495707.000000
0.120117 -1.014648 -0.035889 -0.183005 -0.427012 0.244007 152011503251.000000
0.116455 -1.013184 -0.036865 -0.122003 -0.610016 0.427012 152011506463.000000
0.120850 -1.012939 -0.034668 0.000000 -0.976026 0.488013 152011509391.000000
0.112549 -1.009766 -0.027832 0.000000 -1.403038 0.488013 152011512315.000000
0.120605 -1.007568 -0.029297 0.488013 -1.769048 0.549015 152011515335.000000
0.116943 -1.005127 -0.031982 0.183005 -2.196059 0.671018 152011518320.000000
0.120361 -1.001709 -0.025391 0.488013 -2.562069 0.915025 152011521244.000000
0.120117 -1.004395 -0.023926 0.244007 -3.050082 0.793021 152011524166.000000
0.122803 -0.999268 -0.030273 0.549015 -3.416092 0.793021 152011527073.000000
0.121826 -1.001221 -0.022705 0.488013 -3.660099 1.098030 152011529987.000000
0.122803 -1.001465 -0.027100 0.122003 -3.904105 1.098030 152011532901.000000
0.129883 -0.999268 -0.022217 0.366010 -4.453120 1.281035 152011535812.000000
0.130127 -0.995117 -0.026611 0.366010 -4.514122 1.342036 152011538776.000000
0.138428 -1.000000 -0.008545 0.366010 -4.331117 1.525041 152011541704.000000
0.136963 -1.000000 -0.022217 0.488013 -4.087110 1.769048 152011544616.000000
0.147461 -0.995850 -0.020264 0.244007 -3.782102 1.708046 152011547534.000000
0.151855 -0.999756 -0.020508 0.488013 -3.538096 2.257061 152011550455.000000
0.152588 -0.997314 -0.023926 0.427012 -2.623071 1.830049 152011553364.000000
0.157227 -0.999756 -0.027344 0.061002 -2.196059 2.379064 152011556272.000000
0.154541 -0.999756 -0.018311 0.366010 -1.342036 2.135058 152011559183.000000
0.161865 -0.996094 -0.022705 0.061002 -0.305008 2.440066 152011562092.000000
0.160889 -0.999023 -0.027344 0.061002 0.427012 2.562069 152011565009.000000
0.162354 -0.999268 -0.022461 0.122003 1.342036 2.562069 152011567925.000000
0.168213 -1.000244 -0.028564 0.061002 2.257061 2.806076 152011570845.000000
0.163818 -1.001221 -0.024170 0.000000 3.355091 3.172086 152011573761.000000
0.159912 -1.002686 -0.033203 0.000000 4.209114 2.989081 152011576685.000000
0.164063 -1.002930 -0.028320 0.000000 5.124138 3.233087 152011579606.000000
0.165527 -1.002686 -0.036377 0.000000 6.161166 3.416092 152011582525.000000
0.159912 -1.001709 -0.040039 0.061002 7.076191 3.294089 152011585441.000000
0.159668 -1.007080 -0.032471 0.366010 7.442201 3.355091 152011588361.000000
0.157471 -1.002441 -0.035400 0.061002 8.174221 3.599097 152011591278.000000
0.159668 -1.005371 -0.030518 0.000000 8.662234 3.477094 152011594212.000000
0.156738 -1.008545 -0.034912 0.488013 9.272250 3.538096 152011597130.000000
0.155762 -1.009277 -0.035156 0.427012 9.577259 3.660099 152011600049.000000
0.154297 -1.004150 -0.032959 0.671018 10.126273 3.782102 152011602965.000000
0.148438 -1.009766 -0.028809 0.061002 10.065272 3.660099 152011605881.000000
0.147705 -1.004639 -0.033203 0.366010 10.065272 3.843104 152011608800.000000
0.146240 -1.003418 -0.034668 0.244007 10.431282 3.660099 152011611720.000000
0.145020 -1.002686 -0.026855 0.305008 10.187275 3.904105 152011614643.000000
0.145752 -1.003174 -0.033447 0.183005 10.309278 3.477094 152011617564.000000
0.145020 -1.006592 -0.030518 0.183005 10.309278 3.416092 152011620494.000000
0.143799 -1.005859 -0.029297 0.122003 10.431282 3.660099 152011623422.000000
0.138428 -1.004883 -0.032715 -0.122003 10.492283 3.355091 152011626355.000000
0.145996 -1.009766 -0.033447 -0.305008 10.492283 3.294089 152011629282.000000
0.145020 -1.003418 -0.036377 -0.488013 10.614287 3.477094 152011632199.000000
0.140381 -1.003418 -0.027100 -0.366010 10.736290 3.416092 152011635121.000000
0.141602 -1.006592 -0.035400 -0.549015 11.102300 2.928079 152011637668.000000
0.145264 -1.001465 -0.032959 -0.793021 11.163301 2.867077 152011639485.000000
0.140381 -1.003418 -0.029541 -0.976026 11.102300 3.111084 152011641290.000000
0.149414 -1.005615 -0.026123 -0.610016 11.529311 3.111084 152011643097.000000
0.148682 -1.004883 -0.032715 -0.671018 11.651315 2.989081 152011644900.000000
0.144287 -1.005127 -0.027588 -0.671018 11.834320 2.745074 152011646702.000000
0.144775 -1.006348 -0.030518 -1.037028 11.956323 2.806076 152011648508.000000
0.149170 -1.006104 -0.033447 -1.159031 12.627341 2.806076 152011650316.000000
0.142334 -1.006104 -0.032227 -0.915025 12.871348 2.501068 152011652118.000000
0.141357 -1.006836 -0.029785 -0.671018 13.176356 2.745074 152011653921.000000
0.143555 -1.002441 -0.028809 -0.976026 13.420362 2.562069 152011655771.000000
0.144775 -1.004150 -0.033691 -1.159031 13.847374 2.684072 152011657732.000000
0.141113 -1.006592 -0.030518 -0.854023 14.091380 2.379064 152011659653.000000
0.144043 -1.004883 -0.032471 -0.976026 14.579394 2.562069 152011661535.000000
0.142090 -1.003418 -0.027832 -0.793021 14.945404 2.379064 152011663345.000000
0.139893 -1.005127 -0.033203 -0.976026 15.372415 2.440066 152011665150.000000
0.138916 -1.002441 -0.033447 -0.976026 15.494418 2.379064 152011666952.000000
0.143311 -1.003418 -0.031250 -1.037028 15.860428 2.318063 152011668763.000000
0.140869 -1.002930 -0.031006 -1.037028 16.287440 2.440066 152011670564.000000
0.144043 -1.004883 -0.031250 -1.220033 16.470445 2.318063 152011672365.000000
0.138184 -1.002686 -0.028076 -1.220033 16.897456 2.135058 152011674166.000000
0.139160 -1.002930 -0.029297 -1.098030 17.324468 2.074056 152011675972.000000
0.138672 -1.000977 -0.033203 -1.464040 17.446471 2.135058 152011677775.000000
0.137939 -1.000488 -0.037598 -1.281035 17.934484 2.196059 152011679576.000000
0.130615 -1.000000 -0.029541 -1.159031 18.178491 2.135058 152011681378.000000
0.132324 -0.998535 -0.034668 -1.342036 18.544501 2.013054 152011683179.000000
0.134033 -0.998291 -0.032471 -1.403038 18.605502 1.891051 152011684980.000000
0.129639 -0.995605 -0.034912 -1.403038 18.788507 1.952053 152011686781.000000
0.132568 -0.994629 -0.034668 -1.586043 18.849509 1.891051 152011688584.000000
0.130127 -0.996582 -0.038574 -1.830049 18.971512 2.013054 152011690386.000000
0.124023 -0.995117 -0.028564 -1.586043 19.337522 2.013054 152011692188.000000
0.126465 -0.996338 -0.031006 -1.403038 19.581529 1.891051 152011693989.000000
0.126953 -0.994385 -0.034668 -1.708046 19.459525 1.708046 152011695791.000000
0.120850 -0.995850 -0.037354 -1.525041 19.825535 1.586043 152011697594.000000
0.118896 -0.994629 -0.032959 -1.891051 20.069542 1.525041 152011699399.000000
0.124023 -0.997803 -0.036865 -1.891051 19.764534 1.403038 152011701200.000000
0.122070 -0.999756 -0.031738 -1.830049 19.703532 1.403038 152011703003.000000
0.115723 -0.996094 -0.029785 -2.013054 19.825535 1.403038 152011704805.000000
0.113525 -0.995605 -0.025391 -2.013054 19.825535 1.281035 152011706607.000000
0.114502 -0.995850 -0.035645 -2.074056 19.764534 0.976026 152011708409.000000
0.115967 -1.001709 -0.034912 -1.891051 19.581529 0.732020 152011710209.000000
0.114014 -1.000488 -0.037842 -2.013054 19.642530 0.793021 152011712011.000000
0.112793 -1.000977 -0.032471 -2.318063 19.520527 0.793021 152011713812.000000
0.113037 -1.000977 -0.036621 -2.379064 19.642530 0.549015 152011715612.000000
0.108154 -1.002441 -0.032715 -2.257061 19.581529 0.427012 152011717415.000000
0.112549 -1.007568 -0.032227 -2.074056 19.398524 0.366010 152011719217.000000
0.111572 -1.011230 -0.034668 -2.135058 19.581529 0.488013 152011721018.000000
0.107422 -1.011230 -0.032959 -2.318063 19.398524 0.244007 152011722819.000000
0.102051 -1.012695 -0.036621 -2.196059 19.032514 0.183005 152011724626.000000
0.105957 -1.014893 -0.035645 -2.318063 19.459525 -0.061002 152011726427.000000
0.110107 -1.013428 -0.042480 -2.379064 19.154517 -0.183005 152011728230.000000
0.107422 -1.017090 -0.039307 -2.013054 19.154517 0.061002 152011730032.000000
0.108154 -1.017822 -0.042725 -1.830049 18.910511 -0.244007 152011731833.000000
0.106934 -1.021973 -0.041016 -1.952053 18.971512 -0.366010 152011733635.000000
0.108887 -1.022217 -0.039795 -1.708046 18.849509 -0.488013 152011735435.000000
0.108643 -1.021973 -0.042725 -2.013054 19.032514 -0.549015 152011737243.000000
0.107666 -1.024658 -0.041748 -2.257061 18.788507 -0.366010 152011739073.000000
0.110352 -1.023926 -0.037598 -1.769048 18.788507 -0.671018 152011740876.000000
0.109863 -1.031494 -0.039795 -1.830049 18.910511 -0.732020 152011742676.000000
0.108398 -1.031494 -0.038574 -1.464040 18.483499 -0.549015 152011744478.000000
0.104004 -1.031250 -0.040283 -1.708046 18.605502 -0.549015 152011746279.000000
0.109863 -1.035400 -0.044678 -1.830049 18.422497 -0.488013 152011748081.000000
0.108398 -1.035889 -0.041748 -1.159031 18.544501 -0.549015 152011749882.000000
0.110840 -1.033447 -0.039551 -1.037028 18.361496 -0.610016 152011751683.000000
0.110107 -1.036621 -0.038086 -1.037028 18.483499 -0.671018 152011753486.000000
0.110596 -1.036377 -0.035889 -1.403038 18.422497 -0.610016 152011755286.000000
0.111816 -1.036865 -0.041748 -1.159031 18.422497 -0.427012 152011757087.000000
0.108887 -1.040283 -0.041748 -1.159031 18.361496 -0.427012 152011758893.000000
0.110107 -1.039307 -0.037598 -0.671018 18.605502 -0.366010 152011760696.000000
0.108643 -1.039795 -0.031738 -1.281035 18.666504 -0.244007 152011762497.000000
0.108398 -1.043213 -0.042236 -0.976026 18.605502 -0.061002 152011764297.000000
0.105957 -1.037354 -0.032227 -1.220033 18.544501 -0.183005 152011766098.000000
0.106445 -1.043457 -0.036133 -1.037028 18.422497 0.000000 152011767900.000000
0.108398 -1.039307 -0.039551 -1.281035 18.422497 0.122003 152011769701.000000
0.106934 -1.038818 -0.034912 -1.220033 18.300494 0.122003 152011771503.000000
0.102539 -1.037842 -0.035400 -0.854023 18.300494 0.427012 152011773303.000000
0.103760 -1.031982 -0.034180 -0.793021 18.239492 0.122003 152011775105.000000
0.104492 -1.028320 -0.031250 -1.159031 17.873483 0.244007 152011776906.000000
0.106934 -1.030029 -0.034180 -1.342036 18.178491 0.610016 152011778711.000000
0.106445 -1.034912 -0.027832 -0.915025 17.995486 0.976026 152011780513.000000
0.103027 -1.033447 -0.030273 -1.281035 18.178491 0.854023 152011782314.000000
0.103271 -1.028076 -0.025635 -1.281035 17.995486 1.037028 152011784115.000000
0.098389 -1.020752 -0.022705 -1.098030 18.117489 1.281035 152011785916.000000
0.099609 -1.021240 -0.023438 -1.281035 18.300494 1.037028 152011787721.000000
0.101318 -1.018311 -0.027588 -0.793021 18.178491 1.220033 152011789525.000000
0.096924 -1.017822 -0.020508 -1.281035 18.178491 1.098030 152011791332.000000
0.105957 -1.012451 -0.026123 -1.342036 18.239492 1.220033 152011793132.000000
0.101563 -1.010742 -0.023682 -1.342036 18.178491 1.159031 152011794933.000000
0.103271 -1.010986 -0.019043 -1.464040 18.300494 1.098030 152011796733.000000
0.102539 -1.008789 -0.023193 -1.342036 18.178491 1.281035 152011798535.000000
0.104004 -1.007813 -0.016602 -1.037028 18.422497 1.098030 152011800337.000000
0.103516 -1.007813 -0.014160 -1.098030 18.544501 0.976026 152011802138.000000
0.103271 -1.004639 -0.020264 -1.220033 18.483499 0.915025 152011803940.000000
0.102783 -1.000488 -0.021729 -1.220033 18.666504 0.976026 152011805742.000000
0.095459 -0.999756 -0.024902 -1.464040 18.727506 0.915025 152011807545.000000
0.103027 -0.997559 -0.018799 -1.281035 18.788507 0.854023 152011809348.000000
0.096436 -1.003174 -0.019043 -1.281035 18.971512 0.732020 152011811149.000000
0.097168 -0.996826 -0.019287 -1.281035 18.910511 0.549015 152011812950.000000
0.097168 -0.993164 -0.015625 -1.037028 18.971512 0.671018 152011814754.000000
0.093262 -0.993408 -0.017334 -1.342036 18.971512 0.732020 152011816558.000000
0.093750 -0.995850 -0.020264 -1.220033 19.154517 0.366010 152011818367.000000
0.092285 -0.994385 -0.018066 -1.403038 19.093516 0.183005 152011820174.000000
0.097900 -0.994873 -0.024414 -1.464040 19.215519 0.183005 152011821975.000000
0.098145 -0.994873 -0.018799 -1.403038 19.154517 -0.061002 152011823776.000000
0.095215 -0.992432 -0.019287 -1.159031 19.337522 0.183005 152011825577.000000
0.088867 -0.995605 -0.018799 -1.220033 19.215519 -0.061002 152011827383.000000
0.091309 -0.993408 -0.023682 -1.220033 19.215519 -0.061002 152011829186.000000
0.093018 -0.995117 -0.024414 -1.525041 18.971512 -0.244007 152011830987.000000
0.090332 -0.992432 -0.027344 -1.403038 18.910511 -0.244007 152011832788.000000
0.087891 -0.993164 -0.022461 -1.403038 19.154517 -0.183005 152011834589.000000
0.089844 -0.992188 -0.020264 -1.159031 18.727506 -0.305008 152011836390.000000
0.086670 -0.992676 -0.028564 -1.342036 18.727506 -0.427012 152011838194.000000
0.084961 -0.992676 -0.023926 -1.159031 18.483499 -0.549015 152011839996.000000
0.083984 -0.992676 -0.015137 -1.281035 18.300494 -0.427012 152011841802.000000
0.083984 -0.989502 -0.012451 -1.342036 18.300494 -0.488013 152011843602.000000
0.084229 -0.989990 -0.013916 -1.159031 17.873483 -0.549015 152011845404.000000
0.082275 -0.988770 -0.014648 -0.915025 17.751479 -0.549015 152011847206.000000
0.079834 -0.989502 -0.014160 -1.159031 17.446471 -0.610016 152011849009.000000
0.080322 -0.986572 -0.021484 -1.159031 17.385469 -0.854023 152011850810.000000
0.080566 -0.989990 -0.018555 -0.854023 17.080461 -0.610016 152011852612.000000
0.082764 -0.980957 -0.009521 -1.159031 16.592448 -0.793021 152011854413.000000
0.087891 -0.983398 -0.013916 -1.098030 16.348441 -1.159031 152011856214.000000
0.082764 -0.981934 -0.016357 -1.098030 16.287440 -0.915025 152011858017.000000
0.086426 -0.981689 -0.016846 -1.220033 16.287440 -0.915025 152011859818.000000
0.086670 -0.979492 -0.013916 -1.464040 15.799427 -1.037028 152011861619.000000
0.082031 -0.978760 -0.012451 -1.464040 15.677423 -1.159031 152011863420.000000
0.087158 -0.977783 -0.020020 -1.403038 15.433417 -1.220033 152011865227.000000
0.083496 -0.974609 -0.007324 -1.159031 15.250412 -1.281035 152011867029.000000
0.082275 -0.973145 -0.011719 -1.342036 14.945404 -1.342036 152011868830.000000
0.082031 -0.977783 -0.017090 -1.525041 14.518392 -1.342036 152011870631.000000
0.080811 -0.974854 -0.010498 -1.708046 14.091380 -1.525041 152011872432.000000
0.080811 -0.972900 -0.018555 -1.647044 14.152382 -1.708046 152011874234.000000
0.081543 -0.978516 -0.015625 -1.952053 13.725371 -1.647044 152011876036.000000
0.082275 -0.978271 -0.007813 -2.074056 13.359361 -1.952053 152011877839.000000
0.081543 -0.976807 -0.006348 -2.074056 13.237357 -2.318063 152011879639.000000
0.083008 -0.973389 -0.006348 -2.074056 13.115354 -2.074056 152011881444.000000
0.077881 -0.978760 -0.013916 -2.135058 12.993351 -2.135058 152011883245.000000
0.082275 -0.974121 -0.013184 -2.440066 12.810346 -2.440066 152011885050.000000
0.081299 -0.979248 -0.016113 -2.440066 12.749344 -2.379064 152011886852.000000
0.083740 -0.980957 -0.012451 -2.501068 12.566339 -2.501068 152011888660.000000
0.084717 -0.980713 -0.010254 -2.501068 12.566339 -2.684072 152011890465.000000
0.084229 -0.978760 -0.015869 -2.745074 12.749344 -2.623071 152011892269.000000
0.084717 -0.979492 -0.011963 -2.562069 12.688343 -2.806076 152011894071.000000
0.079102 -0.981201 -0.015869 -2.684072 12.688343 -2.806076 152011895873.000000
0.075928 -0.980469 -0.013672 -3.172086 12.810346 -2.928079 152011897678.000000
0.082275 -0.986084 -0.021484 -3.111084 12.566339 -2.806076 152011899483.000000
0.081787 -0.982178 -0.017822 -3.172086 13.176356 -2.684072 152011901284.000000
0.081055 -0.984375 -0.016113 -3.233087 13.054352 -2.684072 152011903085.000000
0.079834 -0.983643 -0.013428 -2.989081 13.298359 -2.806076 152011904886.000000
0.077393 -0.984863 -0.011719 -3.172086 13.176356 -2.745074 152011906687.000000
0.077881 -0.985352 -0.018311 -2.989081 13.420362 -2.623071 152011908489.000000
0.077881 -0.984619 -0.014893 -3.111084 13.420362 -2.745074 152011910290.000000
0.077148 -0.985596 -0.014160 -3.172086 13.481364 -2.623071 152011912091.000000
0.076172 -0.981934 -0.012939 -2.867077 13.603367 -2.684072 152011913892.000000
0.075439 -0.986084 -0.014893 -2.989081 13.542366 -2.745074 152011915694.000000
0.070557 -0.985107 -0.018311 -3.111084 13.481364 -2.745074 152011917498.000000
0.070801 -0.984375 -0.012695 -2.928079 13.603367 -2.623071 152011919296.000000
0.068848 -0.983154 -0.010010 -2.867077 13.359361 -2.867077 152011921104.000000
0.068359 -0.982910 -0.013672 -2.867077 13.481364 -2.806076 152011922905.000000
0.069336 -0.981934 -0.013916 -2.928079 13.420362 -2.928079 152011924705.000000
0.066406 -0.984131 -0.019287 -2.501068 13.237357 -2.867077 152011926505.000000
0.060059 -0.981934 -0.011719 -2.928079 12.749344 -2.745074 152011928308.000000
0.062744 -0.984619 -0.018066 -2.928079 12.566339 -2.928079 152011930113.000000
0.061768 -0.980469 -0.018066 -2.379064 12.444336 -2.745074 152011931914.000000
0.061768 -0.981934 -0.013428 -2.684072 12.017324 -2.684072 152011933715.000000
0.053711 -0.982910 -0.017090 -2.745074 11.529311 -2.806076 152011935519.000000
0.055664 -0.987793 -0.013428 -2.745074 11.407308 -3.233087 152011937323.000000
0.054688 -0.984863 -0.013672 -2.623071 10.919295 -2.989081 152011939124.000000
0.052002 -0.982910 -0.013916 -2.806076 10.370280 -2.989081 152011940928.000000
0.052979 -0.982178 -0.016357 -2.623071 9.821265 -3.050082 152011942730.000000
0.049072 -0.984863 -0.020996 -2.989081 9.211249 -2.806076 152011944531.000000
0.050537 -0.989014 -0.019531 -3.050082 8.845239 -3.050082 152011946332.000000
0.051758 -0.988525 -0.023438 -2.989081 8.052217 -2.928079 152011948134.000000
0.044922 -0.984863 -0.013184 -3.050082 7.381199 -2.928079 152011949936.000000
0.048096 -0.985596 -0.011230 -3.050082 6.649180 -2.928079 152011951737.000000
0.049072 -0.985107 -0.018311 -3.111084 6.161166 -2.867077 152011953539.000000
0.052246 -0.986084 -0.014648 -2.867077 5.429147 -2.928079 152011955340.000000
0.049072 -0.984131 -0.023438 -3.111084 4.758128 -2.928079 152011957142.000000
0.052246 -0.983887 -0.025635 -3.172086 4.453120 -2.806076 152011958944.000000
0.051758 -0.987061 -0.016113 -3.355091 3.782102 -2.928079 152011960746.000000
0.055664 -0.986328 -0.020752 -3.355091 3.050082 -2.806076 152011962547.000000
0.053955 -0.981934 -0.017822 -3.294089 2.562069 -2.745074 152011964347.000000
0.056641 -0.986328 -0.023682 -2.806076 2.135058 -2.928079 152011966149.000000
0.052490 -0.982178 -0.017090 -3.172086 1.891051 -2.928079 152011967950.000000
0.055176 -0.983887 -0.020264 -3.355091 1.159031 -2.928079 152011969751.000000
0.056396 -0.981201 -0.021240 -3.111084 0.671018 -2.867077 152011971556.000000
0.056885 -0.989502 -0.017578 -2.928079 0.549015 -2.867077 152011973356.000000
0.056641 -0.986572 -0.026367 -3.111084 0.305008 -2.806076 152011975157.000000
0.062500 -0.985596 -0.030029 -3.355091 0.000000 -2.928079 152011976959.000000
0.065186 -0.983154 -0.028809 -3.172086 0.122003 -2.867077 152011978762.000000
0.063477 -0.983154 -0.023438 -2.928079 -0.488013 -2.989081 152011980564.000000
0.067627 -0.987793 -0.027588 -3.050082 -0.671018 -2.989081 152011982365.000000
0.066895 -0.990967 -0.033936 -3.233087 -0.610016 -2.684072 152011984166.000000
0.067871 -0.986816 -0.026611 -3.050082 -0.793021 -2.562069 152011985969.000000
0.068359 -0.985840 -0.028809 -2.989081 -0.732020 -2.623071 152011987774.000000
0.068115 -0.987549 -0.034668 -3.233087 -0.732020 -3.050082 152011989578.000000
0.071289 -0.986816 -0.033691 -2.745074 -0.915025 -2.623071 152011991379.000000
0.072510 -0.987793 -0.031006 -2.806076 -1.037028 -2.806076 152011993180.000000
0.074219 -0.988281 -0.029297 -2.867077 -0.915025 -2.562069 152011994981.000000
0.076416 -0.989502 -0.032715 -2.928079 -1.281035 -2.562069 152011996784.000000
0.076904 -0.988525 -0.035889 -2.745074 -1.098030 -2.562069 152011998587.000000
0.072998 -0.991943 -0.032471 -2.562069 -1.525041 -2.562069 152012000389.000000
0.072998 -0.990479 -0.038330 -2.928079 -1.586043 -2.318063 152012002194.000000
0.073486 -0.990234 -0.036621 -2.928079 -1.647044 -2.318063 152012003995.000000
0.073730 -0.993896 -0.041992 -2.745074 -1.830049 -2.379064 152012005796.000000
0.076172 -0.995605 -0.040771 -2.745074 -2.074056 -2.440066 152012007599.000000
0.070557 -0.998779 -0.041016 -2.745074 -2.257061 -2.440066 152012009401.000000
0.072021 -0.995605 -0.042969 -2.623071 -2.440066 -2.196059 152012011202.000000
0.071289 -0.996582 -0.036377 -2.623071 -2.989081 -2.074056 152012013003.000000
0.076904 -0.999268 -0.032227 -2.318063 -3.172086 -2.318063 152012014804.000000
0.073730 -0.998291 -0.034180 -2.440066 -3.660099 -1.952053 152012016605.000000
0.075439 -0.999268 -0.040527 -2.745074 -4.148112 -1.952053 152012018413.000000
0.073975 -1.000732 -0.038330 -2.806076 -4.453120 -2.074056 152012020214.000000
0.078369 -1.001465 -0.036377 -2.623071 -4.697127 -2.074056 152012022016.000000
0.074219 -1.003174 -0.038330 -2.562069 -5.368145 -1.952053 152012023817.000000
0.070313 -1.001221 -0.039551 -2.684072 -5.795156 -1.891051 152012025618.000000
0.073975 -1.003418 -0.037109 -2.867077 -6.527176 -1.891051 152012027424.000000
0.073486 -1.009277 -0.041748 -2.623071 -6.893186 -1.830049 152012029223.000000
0.078613 -1.005127 -0.040283 -3.050082 -7.259196 -1.891051 152012031023.000000
0.078613 -1.006348 -0.034424 -3.050082 -7.747209 -1.708046 152012032825.000000
0.079590 -1.006348 -0.032715 -2.989081 -8.296224 -1.647044 152012034627.000000
0.081299 -1.006104 -0.030762 -3.233087 -8.601232 -1.525041 152012036428.000000
0.078857 -1.004883 -0.033936 -3.233087 -8.906240 -1.708046 152012038232.000000
0.087158 -1.010010 -0.037109 -3.294089 -9.455255 -1.525041 152012040033.000000
0.084473 -1.006104 -0.031982 -3.599097 -9.882267 -1.403038 152012041834.000000
0.086914 -1.008301 -0.035400 -3.782102 -10.126273 -1.464040 152012043635.000000
0.085205 -1.004150 -0.032471 -3.599097 -10.431282 -1.281035 152012045437.000000
0.085205 -1.009277 -0.029785 -3.904105 -10.431282 -1.464040 152012047237.000000
0.091064 -1.003662 -0.029053 -3.843104 -10.492283 -1.525041 152012049040.000000
0.095215 -1.007813 -0.029053 -4.331117 -10.797292 -1.220033 152012050843.000000
0.096680 -1.006836 -0.022949 -4.453120 -10.736290 -1.220033 152012052644.000000
0.097656 -1.006104 -0.021484 -4.392119 -10.309278 -1.342036 152012054445.000000
0.099365 -1.002930 -0.023193 -4.392119 -10.370280 -1.342036 152012056250.000000
0.100342 -1.002686 -0.029541 -4.453120 -10.248277 -1.037028 152012058057.000000
0.099609 -1.001709 -0.020264 -4.636125 -9.760264 -1.037028 152012059858.000000
0.098145 -1.004639 -0.023193 -4.453120 -9.577259 -1.159031 152012061660.000000
0.097900 -1.004883 -0.019531 -4.636125 -9.638260 -1.281035 152012063464.000000
0.101318 -1.003174 -0.016846 -4.880132 -9.211249 -1.525041 152012065266.000000
0.101807 -1.003418 -0.024170 -4.819130 -9.089245 -1.281035 152012067067.000000
0.103027 -1.002930 -0.022949 -4.880132 -8.601232 -1.220033 152012068870.000000
0.100586 -1.000488 -0.021484 -4.880132 -8.174221 -1.403038 152012070671.000000
0.097168 -1.002441 -0.020752 -5.185140 -7.808211 -1.281035 152012072472.000000
0.096680 -0.998047 -0.021973 -5.063137 -7.442201 -1.464040 152012074274.000000
0.093262 -0.999023 -0.021484 -5.368145 -7.137193 -1.647044 152012076075.000000
0.091797 -0.997070 -0.019043 -5.246142 -6.893186 -1.586043 152012077878.000000
0.087158 -0.998535 -0.018799 -5.368145 -6.649180 -1.403038 152012079680.000000
0.086426 -0.995605 -0.025635 -5.368145 -6.405173 -1.891051 152012081484.000000
0.082520 -0.995117 -0.023926 -5.368145 -6.527176 -2.074056 152012083286.000000
0.078613 -0.999268 -0.025635 -5.551150 -6.283170 -2.135058 152012085087.000000
0.072510 -1.000977 -0.028564 -5.551150 -6.161166 -2.257061 152012086888.000000
0.069580 -1.003906 -0.026855 -5.429147 -5.917160 -2.379064 152012088691.000000
0.068848 -1.003174 -0.026855 -5.673153 -6.405173 -2.440066 152012090492.000000
0.067871 -1.001221 -0.031738 -5.612152 -6.832184 -2.257061 152012092294.000000
0.061768 -1.000244 -0.031250 -5.612152 -6.832184 -2.928079 152012094097.000000
0.061035 -0.994385 -0.030518 -5.795156 -7.320198 -2.989081 152012095898.000000
0.054932 -0.998291 -0.028076 -5.856158 -7.381199 -2.989081 152012097704.000000
0.057373 -0.994873 -0.036377 -5.490148 -7.808211 -3.416092 152012099508.000000
0.053711 -0.997314 -0.030518 -5.673153 -8.540231 -3.721100 152012101309.000000
0.053711 -0.999023 -0.032715 -5.490148 -9.089245 -3.660099 152012103110.000000
0.049561 -0.996582 -0.033447 -5.612152 -9.638260 -3.965107 152012104911.000000
0.045410 -0.999512 -0.029541 -5.490148 -10.370280 -4.270115 152012106712.000000
0.049316 -0.996826 -0.035645 -5.551150 -10.614287 -4.270115 152012108515.000000
0.048828 -0.999512 -0.032715 -5.490148 -11.590313 -4.209114 152012110316.000000
0.045410 -0.997070 -0.032715 -5.612152 -12.322333 -4.453120 152012112119.000000
0.046875 -0.994141 -0.032959 -5.612152 -12.993351 -4.514122 152012113920.000000
0.043945 -0.998047 -0.034668 -5.612152 -13.664369 -4.636125 152012115721.000000
0.044922 -0.997803 -0.035156 -5.368145 -14.335387 -4.819130 152012117529.000000
0.044922 -0.995850 -0.030762 -5.185140 -15.128408 -4.941133 152012119332.000000
0.045410 -0.993896 -0.034668 -5.368145 -15.799427 -5.002135 152012121136.000000
0.049072 -0.998535 -0.022217 -5.368145 -16.470445 -5.246142 152012122943.000000
0.049805 -0.999268 -0.031006 -5.307143 -17.141463 -5.307143 152012124745.000000
0.046387 -0.997070 -0.036133 -5.063137 -17.812481 -5.246142 152012126546.000000
0.052734 -0.995361 -0.033691 -5.490148 -18.422497 -5.429147 152012128349.000000
0.052979 -0.996338 -0.034180 -5.429147 -18.971512 -5.673153 152012130150.000000
0.057373 -0.995850 -0.039063 -5.002135 -19.703532 -6.039163 152012131951.000000
0.052246 -0.994141 -0.040039 -5.429147 -20.130544 -6.100165 152012133752.000000
0.056885 -0.992432 -0.037354 -5.246142 -20.435552 -6.039163 152012135554.000000
0.059326 -0.993896 -0.035645 -5.124138 -21.350576 -6.283170 152012137356.000000
0.058105 -0.991699 -0.036377 -5.246142 -21.472580 -6.222168 152012139160.000000
0.060547 -0.993896 -0.037842 -5.185140 -21.838590 -6.405173 152012140961.000000
0.059326 -0.992920 -0.037354 -5.246142 -22.631611 -6.344171 152012142762.000000
0.062012 -0.993408 -0.034912 -5.063137 -22.936619 -6.405173 152012144563.000000
0.061035 -0.991699 -0.037842 -5.063137 -23.119624 -6.405173 152012146365.000000
0.065674 -0.993652 -0.032959 -5.002135 -23.668639 -6.588178 152012148184.000000
0.066406 -0.991699 -0.041260 -4.758128 -24.156652 -6.832184 152012149985.000000
0.074951 -0.994385 -0.041504 -5.185140 -24.034649 -6.893186 152012151786.000000
0.067627 -0.995117 -0.035400 -5.185140 -24.522662 -7.015189 152012153588.000000
0.071045 -0.994141 -0.033936 -4.819130 -25.132679 -7.137193 152012155389.000000
0.079834 -0.991455 -0.047607 -5.002135 -25.132679 -7.137193 152012157190.000000
0.077393 -0.993652 -0.039551 -4.941133 -25.437687 -7.503203 152012158992.000000
0.084229 -0.994629 -0.045166 -4.819130 -25.986702 -7.564204 152012160795.000000
0.095215 -0.988281 -0.061035 -5.063137 -26.230708 -7.686208 152012162597.000000
0.087158 -0.989014 -0.056641 -5.368145 -26.352712 -7.930214 152012164398.000000
0.082031 -0.993896 -0.036133 -5.063137 -26.352712 -7.808211 152012166199.000000
0.078613 -0.995117 -0.031006 -4.636125 -26.596718 -7.930214 152012168002.000000
0.083984 -0.997803 -0.040527 -4.148112 -26.962728 -7.625206 152012169804.000000
0.082764 -0.990723 -0.042480 -3.965107 -26.901726 -7.503203 152012171606.000000
0.085693 -0.991211 -0.047119 -4.392119 -26.901726 -7.930214 152012173406.000000
0.088379 -0.987305 -0.051025 -4.453120 -27.145733 -7.686208 152012175207.000000
0.088867 -0.993652 -0.057861 -4.941133 -27.206735 -7.564204 152012177009.000000
0.085693 -0.995117 -0.050537 -4.819130 -27.389740 -7.625206 152012178814.000000
0.088623 -0.997314 -0.043213 -4.087110 -27.450741 -7.808211 152012180615.000000
0.090332 -0.997314 -0.045410 -4.087110 -27.450741 -7.747209 152012182416.000000
0.094727 -1.000244 -0.047607 -4.026109 -27.572744 -7.686208 152012184221.000000
0.097900 -0.994141 -0.045654 -4.026109 -27.816751 -7.564204 152012186022.000000
0.094482 -0.994629 -0.057373 -4.270115 -28.060758 -7.503203 152012187827.000000
0.103271 -0.995117 -0.047607 -4.209114 -28.670774 -7.503203 152012189630.000000
0.103516 -0.990723 -0.045166 -4.209114 -28.609772 -7.320198 152012191431.000000
0.101318 -0.994385 -0.039063 -4.331117 -28.670774 -7.198194 152012193239.000000
0.104736 -0.992188 -0.036133 -4.087110 -28.731776 -7.076191 152012195040.000000
0.104492 -0.992676 -0.042480 -4.148112 -28.853779 -7.076191 152012196841.000000
0.109619 -0.995117 -0.036133 -4.148112 -28.975782 -7.076191 152012198643.000000
0.109131 -0.992432 -0.037354 -4.331117 -28.975782 -6.832184 152012200445.000000
0.110352 -0.990967 -0.042480 -3.965107 -29.463796 -6.649180 152012202247.000000
0.106201 -0.991943 -0.043945 -4.148112 -29.402794 -6.527176 152012204048.000000
0.114258 -0.990479 -0.049561 -3.904105 -29.341792 -6.527176 152012205849.000000
0.114502 -0.988770 -0.045898 -3.904105 -29.158787 -6.344171 152012207652.000000
0.114502 -0.990479 -0.048584 -3.782102 -29.219789 -6.283170 152012209454.000000
0.116699 -0.984863 -0.049316 -4.331117 -29.036784 -6.344171 152012211256.000000
0.118896 -0.988525 -0.050537 -3.965107 -29.158787 -6.344171 152012213056.000000
0.111328 -0.990723 -0.047852 -4.453120 -29.341792 -6.039163 152012214857.000000
0.117920 -0.987061 -0.044678 -4.331117 -29.158787 -5.856158 152012216658.000000
0.119141 -0.989014 -0.049072 -4.270115 -28.975782 -5.856158 152012218466.000000
0.116699 -0.987061 -0.048340 -4.514122 -28.792777 -5.795156 152012220267.000000
0.121582 -0.994385 -0.051270 -4.636125 -28.731776 -5.673153 152012222068.000000
0.119385 -0.989258 -0.056641 -4.697127 -28.609772 -5.612152 152012223870.000000
0.115723 -0.993408 -0.058105 -4.758128 -28.487769 -5.551150 152012225672.000000
0.122803 -0.992432 -0.051025 -4.392119 -28.426768 -5.490148 152012227477.000000
0.122803 -0.993408 -0.054688 -4.575124 -28.548771 -5.368145 152012229276.000000
0.117676 -0.994629 -0.055176 -4.758128 -28.243763 -5.307143 152012231080.000000
0.119385 -0.995117 -0.051514 -4.392119 -28.121759 -5.490148 152012232882.000000
0.119141 -0.987793 -0.052002 -4.636125 -27.938754 -5.551150 152012234683.000000
0.120605 -0.990479 -0.062988 -4.636125 -28.182761 -5.368145 152012236484.000000
0.119385 -0.996582 -0.059082 -4.575124 -27.938754 -5.429147 152012238287.000000
0.120850 -0.990723 -0.048584 -4.758128 -27.633746 -5.490148 152012240093.000000
0.118408 -0.993896 -0.051514 -4.941133 -27.694748 -5.673153 152012241895.000000
0.123047 -0.992188 -0.059570 -4.819130 -27.755749 -5.490148 152012243695.000000
0.125977 -0.996094 -0.052246 -4.880132 -27.389740 -5.734155 152012245499.000000
0.126221 -0.994629 -0.053223 -5.002135 -27.206735 -5.917160 152012247302.000000
0.128174 -0.996582 -0.050049 -5.002135 -27.206735 -5.734155 152012249111.000000
0.125000 -0.996338 -0.053955 -5.002135 -27.206735 -5.917160 152012250913.000000
0.128662 -0.998535 -0.054199 -4.758128 -27.145733 -5.917160 152012253283.000000
0.131348 -0.997314 -0.057617 -5.002135 -26.779723 -5.795156 152012255108.000000
0.129639 -1.001221 -0.052002 -4.880132 -26.474715 -5.795156 152012256911.000000
0.131348 -1.005859 -0.055176 -4.880132 -26.474715 -6.039163 152012258715.000000
0.131592 -0.997070 -0.051025 -4.819130 -26.352712 -5.795156 152012260516.000000
0.130371 -0.999268 -0.056641 -4.758128 -26.352712 -6.039163 152012262318.000000
0.126709 -1.001953 -0.052734 -4.697127 -26.230708 -5.673153 152012264119.000000
0.130371 -1.005371 -0.046631 -4.636125 -25.986702 -6.039163 152012265922.000000
0.128906 -1.005371 -0.049805 -4.514122 -26.352712 -6.039163 152012267724.000000
0.128418 -1.001221 -0.059814 -4.758128 -26.413713 -6.222168 152012269526.000000
0.137451 -1.000488 -0.063721 -4.941133 -26.474715 -6.344171 152012271332.000000
0.140625 -0.999756 -0.065430 -5.368145 -26.352712 -6.344171 152012273134.000000
0.119385 -1.007080 -0.047363 -5.002135 -26.169707 -6.344171 152012274943.000000
0.124512 -1.012451 -0.038574 -4.331117 -26.352712 -6.100165 152012276744.000000
0.121582 -1.010498 -0.047852 -4.331117 -26.535716 -6.283170 152012278546.000000
0.119873 -1.010254 -0.054688 -4.819130 -26.718721 -6.100165 152012280348.000000
0.120117 -1.002441 -0.060059 -4.880132 -26.779723 -6.161166 152012282149.000000
0.115479 -1.002930 -0.059570 -5.124138 -26.535716 -6.344171 152012283950.000000
0.120117 -1.007324 -0.062744 -5.368145 -26.596718 -6.405173 152012285751.000000
0.117188 -1.004395 -0.059082 -5.673153 -26.657720 -6.161166 152012287553.000000
0.117676 -1.005859 -0.058838 -5.490148 -26.779723 -6.100165 152012289355.000000
0.119385 -1.007813 -0.054688 -5.246142 -26.718721 -6.283170 152012291156.000000
0.119629 -1.004639 -0.061523 -4.880132 -26.718721 -6.283170 152012292956.000000
0.113281 -1.011475 -0.060303 -5.002135 -27.084731 -6.161166 152012294758.000000
0.117188 -1.006348 -0.055420 -5.551150 -27.023730 -6.405173 152012296559.000000
0.119873 -1.005615 -0.058594 -5.551150 -27.267736 -6.283170 152012298362.000000
0.119873 -1.006836 -0.057617 -5.307143 -27.572744 -6.222168 152012300163.000000
0.117432 -1.009033 -0.059326 -5.368145 -27.755749 -6.527176 152012301964.000000
0.118896 -1.005371 -0.063965 -5.490148 -27.999756 -6.527176 152012303766.000000
0.117920 -1.007324 -0.060547 -5.368145 -28.304764 -6.588178 152012305570.000000
0.113281 -1.013672 -0.061035 -5.307143 -28.670774 -6.893186 152012307375.000000
0.118408 -1.018311 -0.051025 -5.246142 -28.792777 -6.954188 152012309179.000000
0.117676 -1.007324 -0.057617 -5.246142 -28.975782 -6.893186 152012310980.000000
0.115967 -1.013672 -0.063965 -4.697127 -29.097786 -6.954188 152012312781.000000
0.118408 -1.009277 -0.065918 -5.002135 -28.914781 -6.771183 152012314582.000000
0.120361 -1.008545 -0.057861 -5.185140 -29.463796 -6.832184 152012316382.000000
0.117676 -1.006836 -0.059326 -5.002135 -29.219789 -7.015189 152012318189.000000
0.118164 -1.013184 -0.062744 -5.063137 -29.341792 -7.015189 152012319991.000000
0.119141 -1.015869 -0.052490 -4.697127 -29.585799 -7.015189 152012321793.000000
0.125488 -1.014893 -0.057861 -4.575124 -29.402794 -7.137193 152012323594.000000
0.121094 -1.012695 -0.056885 -4.453120 -29.951809 -7.076191 152012325394.000000
0.119629 -1.011719 -0.053711 -4.331117 -30.012810 -6.832184 152012327194.000000
0.125977 -1.015869 -0.052734 -4.209114 -30.012810 -6.832184 152012328997.000000
0.123535 -1.014648 -0.051514 -4.148112 -30.012810 -6.527176 152012330798.000000
0.128906 -1.013916 -0.059326 -4.148112 -29.951809 -6.771183 152012332599.000000
0.132324 -1.012939 -0.057129 -4.270115 -29.768804 -6.771183 152012334399.000000
0.132080 -1.015137 -0.052246 -3.843104 -30.073812 -6.466175 152012336211.000000
0.135742 -1.009277 -0.051025 -3.782102 -29.951809 -6.588178 152012338014.000000
0.138184 -1.013672 -0.050781 -4.026109 -29.951809 -6.466175 152012339816.000000
0.135254 -1.008301 -0.055176 -3.843104 -29.829805 -6.466175 152012341771.000000
0.142822 -1.009766 -0.057373 -3.721100 -29.585799 -6.527176 152012344690.000000
0.142334 -1.000977 -0.059814 -3.904105 -29.463796 -6.405173 152012347612.000000
0.145508 -1.004639 -0.054443 -3.904105 -29.280791 -6.344171 152012350527.000000
0.148193 -1.003906 -0.061523 -4.087110 -28.853779 -6.527176 152012353443.000000
0.148926 -1.006348 -0.055176 -4.026109 -28.304764 -6.344171 152012356358.000000
0.152100 -1.004395 -0.053467 -4.270115 -28.060758 -6.527176 152012359276.000000
0.152100 -0.998779 -0.058594 -4.453120 -27.816751 -6.649180 152012362205.000000
0.151855 -1.006836 -0.063232 -4.514122 -27.389740 -6.893186 152012365119.000000
0.153809 -1.007080 -0.061035 -4.575124 -27.267736 -6.466175 152012368037.000000
0.156250 -1.006836 -0.063721 -4.758128 -27.206735 -6.710181 152012370953.000000
0.157227 -1.009766 -0.069824 -4.575124 -26.962728 -6.710181 152012373867.000000
0.158691 -1.011475 -0.063477 -4.575124 -26.779723 -6.344171 152012376782.000000
0.160645 -1.003662 -0.066406 -4.941133 -26.474715 -6.344171 152012379701.000000
0.161133 -1.007080 -0.069824 -4.575124 -25.864698 -6.466175 152012382616.000000
0.160645 -1.005859 -0.063477 -4.819130 -25.864698 -6.222168 152012385531.000000
0.161621 -1.005615 -0.062744 -4.270115 -25.315684 -5.978161 152012388453.000000
0.163330 -1.001221 -0.063965 -4.575124 -25.193680 -5.917160 152012391371.000000
0.166992 -1.006104 -0.067627 -4.270115 -24.644665 -5.856158 152012394299.000000
0.163086 -1.000977 -0.067139 -4.148112 -24.217654 -5.551150 152012397212.000000
0.170898 -1.005127 -0.067383 -4.453120 -23.302629 -5.917160 152012400225.000000
0.170898 -1.002686 -0.068115 -4.270115 -23.119624 -5.917160 152012403141.000000
0.173096 -1.003906 -0.062744 -4.453120 -22.326603 -5.856158 152012406057.000000
0.173340 -0.996826 -0.066406 -4.331117 -21.716586 -5.795156 152012408984.000000
0.174561 -0.998291 -0.063721 -4.148112 -21.045568 -5.795156 152012411900.000000
0.171143 -0.995850 -0.055908 -4.636125 -20.496553 -5.917160 152012414815.000000
0.169189 -0.998047 -0.064697 -4.819130 -19.947539 -5.856158 152012417737.000000
0.170410 -0.995850 -0.052979 -4.636125 -19.215519 -5.978161 152012420655.000000
0.171387 -0.993652 -0.059814 -4.697127 -19.093516 -6.039163 152012423571.000000
0.161377 -0.995605 -0.063232 -4.697127 -18.300494 -6.344171 152012426486.000000
0.161865 -0.992432 -0.064697 -4.941133 -18.300494 -6.222168 152012429410.000000
0.161377 -0.985596 -0.064941 -4.636125 -18.056488 -6.283170 152012432325.000000
0.160889 -0.985596 -0.059082 -5.124138 -17.629476 -6.527176 152012435238.000000
0.156250 -0.990479 -0.061035 -4.880132 -17.629476 -6.466175 152012438154.000000
0.157959 -0.993408 -0.064453 -4.758128 -17.385469 -6.405173 152012441098.000000
0.153076 -0.997803 -0.068115 -4.941133 -17.629476 -6.954188 152012444015.000000
0.151855 -0.994873 -0.061279 -5.185140 -17.690478 -7.015189 152012446929.000000
0.158691 -1.001709 -0.067627 -4.758128 -17.934484 -7.137193 152012449846.000000
0.162354 -0.998535 -0.067383 -4.758128 -17.934484 -6.832184 152012452760.000000
0.158203 -1.000244 -0.067871 -4.880132 -17.934484 -7.015189 152012455674.000000
0.156250 -1.001953 -0.065186 -4.758128 -17.507473 -6.893186 152012458589.000000
0.162354 -0.997559 -0.073242 -4.941133 -17.873483 -7.076191 152012461511.000000
0.164795 -0.996826 -0.063232 -4.880132 -17.385469 -7.015189 152012464429.000000
0.171875 -0.992432 -0.072754 -5.124138 -16.836455 -6.832184 152012467346.000000
0.169189 -0.994629 -0.072998 -5.429147 -16.470445 -7.076191 152012470259.000000
0.168457 -0.994629 -0.074463 -5.063137 -16.226438 -7.381199 152012473174.000000
0.178223 -0.995117 -0.072510 -5.307143 -15.433417 -7.259196 152012476087.000000
0.173828 -0.995361 -0.072266 -5.185140 -14.701397 -7.198194 152012479004.000000
0.171875 -0.997803 -0.074219 -5.368145 -14.579394 -7.320198 152012481921.000000
0.169434 -0.995605 -0.078369 -5.551150 -13.847374 -7.381199 152012484836.000000
0.169678 -0.991455 -0.072510 -5.551150 -13.603367 -7.442201 152012487752.000000
0.162598 -0.996582 -0.072510 -5.734155 -13.176356 -7.503203 152012490669.000000
0.166260 -0.999512 -0.077637 -5.795156 -13.115354 -7.564204 152012493582.000000
0.158691 -0.996094 -0.075195 -5.917160 -12.993351 -7.564204 152012496496.000000
0.176270 -0.995605 -0.080811 -6.039163 -13.176356 -7.686208 152012499421.000000
0.150146 -0.993896 -0.067871 -6.283170 -13.359361 -7.930214 152012502338.000000
0.147461 -0.996338 -0.059570 -5.246142 -13.176356 -7.991216 152012505252.000000
0.150146 -0.996826 -0.065918 -5.673153 -13.542366 -7.442201 152012508173.000000
0.151367 -0.988770 -0.067627 -5.673153 -13.176356 -7.747209 152012511090.000000
0.146973 -0.987305 -0.080566 -6.588178 -13.359361 -7.442201 152012514005.000000
0.146240 -0.989258 -0.057861 -5.856158 -12.993351 -7.381199 152012516919.000000
0.145752 -0.989258 -0.064697 -5.368145 -12.932349 -7.930214 152012519843.000000
0.150146 -0.986572 -0.071533 -5.795156 -13.115354 -7.808211 152012522757.000000
0.148682 -0.985596 -0.068848 -6.161166 -13.298359 -8.052217 152012525672.000000
0.152100 -0.984131 -0.068115 -5.734155 -12.383334 -8.601232 152012533358.000000
0.158691 -0.983398 -0.073486 -5.978161 -12.261331 -8.723236 152012536491.000000
0.157715 -0.986816 -0.064697 -5.673153 -11.773318 -8.906240 152012539441.000000
0.152588 -0.986084 -0.059570 -5.673153 -11.224303 -8.845239 152012542419.000000
0.149902 -0.983643 -0.072510 -5.490148 -10.736290 -9.333252 152012545437.000000
0.153320 -0.990234 -0.066895 -6.039163 -10.126273 -9.272250 152012548460.000000
0.148926 -0.995605 -0.080078 -6.405173 -9.638260 -9.333252 152012551393.000000
0.146973 -0.994385 -0.072510 -5.734155 -9.455255 -9.272250 152012554324.000000
0.147217 -1.000732 -0.075195 -5.795156 -9.333252 -9.211249 152012557237.000000
0.142334 -1.001465 -0.071777 -6.100165 -9.211249 -9.150247 152012560220.000000
0.143799 -1.004395 -0.073730 -6.100165 -9.394254 -9.272250 152012563133.000000
0.145752 -1.004639 -0.077148 -6.466175 -9.089245 -9.333252 152012566055.000000
0.136719 -1.010742 -0.065674 -6.100165 -9.272250 -8.906240 152012568973.000000
0.140137 -1.009033 -0.071045 -5.795156 -9.150247 -8.906240 152012571885.000000
0.135742 -1.008301 -0.079346 -6.283170 -9.455255 -8.784237 152012574793.000000
0.135986 -1.007813 -0.081787 -6.405173 -9.577259 -8.662234 152012577725.000000
0.132080 -1.008545 -0.070068 -6.161166 -9.089245 -8.662234 152012580636.000000
0.132324 -1.007080 -0.075195 -6.222168 -9.699262 -8.479229 152012583550.000000
0.133301 -1.003662 -0.072998 -6.405173 -9.821265 -8.845239 152012586466.000000
0.138428 -1.003906 -0.071289 -6.466175 -9.699262 -8.845239 152012589375.000000
0.125977 -1.001221 -0.077881 -6.771183 -10.065272 -9.150247 152012592284.000000
0.123047 -1.004150 -0.060303 -6.466175 -10.187275 -8.723236 152012595192.000000
0.123291 -1.000000 -0.070557 -6.161166 -10.187275 -8.906240 152012598114.000000
0.120361 -0.999512 -0.074219 -6.527176 -10.492283 -8.967242 152012601032.000000
0.115234 -1.001709 -0.080322 -6.710181 -10.858293 -9.089245 152012603949.000000
0.113281 -1.001465 -0.072510 -6.893186 -10.919295 -9.272250 152012606865.000000
0.109619 -1.001953 -0.075195 -6.588178 -11.285305 -9.028244 152012609788.000000
0.118896 -0.999512 -0.082031 -6.588178 -11.773318 -9.394254 152012612705.000000
0.104004 -1.001709 -0.073730 -6.893186 -12.322333 -9.272250 152012615622.000000
0.103271 -1.002686 -0.072998 -6.466175 -12.810346 -9.089245 152012618546.000000
0.101074 -1.002686 -0.073242 -6.405173 -13.237357 -8.906240 152012621493.000000
0.099854 -1.001709 -0.083740 -6.710181 -13.664369 -8.723236 152012624420.000000
0.104492 -1.000732 -0.079834 -6.832184 -13.969377 -8.662234 152012627341.000000
0.097900 -0.998779 -0.075928 -6.344171 -14.579394 -8.479229 152012630266.000000
0.097656 -1.000977 -0.081055 -6.344171 -15.250412 -8.845239 152012633182.000000
0.096924 -1.000244 -0.074219 -6.039163 -15.494418 -8.479229 152012636099.000000
0.097168 -0.997559 -0.070313 -5.917160 -16.165436 -8.479229 152012639020.000000
0.102295 -1.000977 -0.080811 -6.100165 -16.409443 -8.540231 152012641987.000000
0.094238 -0.997559 -0.072998 -5.795156 -16.836455 -8.662234 152012645010.000000
0.097656 -0.994141 -0.075439 -5.734155 -17.324468 -8.540231 152012646901.000000
0.090332 -0.998779 -0.083008 -5.612152 -17.629476 -8.662234 152012648707.000000
0.090576 -0.994629 -0.091064 -5.429147 -18.056488 -8.540231 152012650512.000000
0.094727 -0.996094 -0.075928 -5.612152 -18.483499 -8.357226 152012652316.000000
0.093750 -0.992920 -0.088623 -5.612152 -18.605502 -8.418227 152012654118.000000
0.094238 -0.992432 -0.086426 -5.612152 -18.910511 -8.601232 152012655921.000000
0.091553 -0.993408 -0.081787 -5.246142 -19.154517 -8.784237 152012657726.000000
0.089355 -0.989014 -0.081299 -5.307143 -19.703532 -8.662234 152012659533.000000
0.090332 -0.996582 -0.079346 -5.246142 -20.191545 -8.662234 152012661334.000000
0.095703 -0.999023 -0.081787 -5.002135 -20.557555 -8.784237 152012663136.000000
0.095215 -0.994629 -0.083740 -5.307143 -20.984567 -8.784237 152012664942.000000
0.090332 -0.997803 -0.091553 -5.185140 -21.777588 -8.723236 152012666748.000000
0.089600 -0.994873 -0.087402 -4.819130 -22.265601 -9.028244 152012668551.000000
0.091553 -0.992676 -0.082520 -5.185140 -22.570609 -9.028244 152012670354.000000
0.090088 -0.993408 -0.086914 -5.063137 -23.119624 -8.845239 152012672156.000000
0.090820 -0.996582 -0.083740 -4.880132 -23.973647 -8.967242 152012673996.000000
0.090820 -0.997803 -0.087891 -5.307143 -24.766669 -8.967242 152012675980.000000
0.093506 -0.998779 -0.082275 -5.307143 -25.254682 -8.784237 152012677932.000000
0.092285 -1.001953 -0.093506 -5.185140 -25.864698 -8.845239 152012679849.000000
0.096191 -0.999512 -0.081299 -4.941133 -26.901726 -8.845239 152012681687.000000
0.092285 -0.994873 -0.084229 -4.758128 -27.206735 -8.906240 152012683490.000000
0.092773 -0.999512 -0.084717 -4.880132 -27.633746 -8.784237 152012685301.000000
0.094238 -1.001465 -0.083008 -4.453120 -28.426768 -8.845239 152012687103.000000
0.091064 -1.001221 -0.086914 -4.636125 -29.036784 -8.601232 152012688906.000000
0.092773 -0.997803 -0.088867 -4.575124 -29.951809 -8.479229 152012690708.000000
0.099854 -1.002686 -0.092773 -4.636125 -30.378820 -8.479229 152012692509.000000
0.100342 -1.000732 -0.091553 -4.575124 -31.171842 -8.662234 152012694313.000000
0.099854 -1.003662 -0.093750 -4.697127 -31.537852 -8.601232 152012696114.000000
0.102783 -1.004150 -0.086182 -4.453120 -32.330873 -8.601232 152012697917.000000
0.101807 -1.008301 -0.083984 -4.392119 -32.940889 -8.540231 152012699718.000000
0.104736 -1.008057 -0.085938 -4.331117 -33.428903 -8.296224 152012701519.000000
0.107422 -1.009277 -0.090820 -4.148112 -34.099921 -8.296224 152012703329.000000
0.111572 -1.010986 -0.090088 -4.453120 -34.282926 -8.174221 152012705130.000000
0.113770 -1.010986 -0.089844 -4.331117 -34.770939 -8.174221 152012706932.000000
0.112061 -1.007080 -0.082520 -4.026109 -35.319954 -8.052217 152012708735.000000
0.114990 -1.011719 -0.081543 -4.209114 -35.563960 -7.930214 152012710537.000000
0.118408 -1.014160 -0.085205 -3.843104 -36.173977 -7.869212 152012712344.000000
0.118408 -1.010986 -0.085449 -3.538096 -36.478985 -7.564204 152012714146.000000
0.122314 -1.010742 -0.089844 -3.721100 -36.600988 -7.747209 152012715947.000000
0.121338 -1.017090 -0.081299 -3.660099 -37.089001 -7.625206 152012717748.000000
0.129639 -1.012939 -0.086426 -3.416092 -37.333008 -7.259196 152012719550.000000
0.130615 -1.016357 -0.083496 -3.233087 -37.516013 -7.564204 152012721355.000000
0.131836 -1.017090 -0.094971 -3.172086 -37.760020 -7.198194 152012723157.000000
0.142822 -1.020752 -0.084717 -3.050082 -38.126029 -7.198194 152012724961.000000
0.141357 -1.016846 -0.080566 -3.111084 -38.187031 -6.832184 152012726761.000000
0.144043 -1.017822 -0.084473 -3.294089 -38.004026 -6.771183 152012728563.000000
0.147705 -1.021729 -0.088379 -2.806076 -38.370036 -6.832184 152012730368.000000
0.149658 -1.025635 -0.084961 -2.928079 -38.370036 -6.893186 152012732169.000000
0.152832 -1.023926 -0.088379 -2.867077 -38.187031 -6.832184 152012733970.000000
0.153564 -1.027344 -0.088867 -2.684072 -38.126029 -6.588178 152012735773.000000
0.159668 -1.025391 -0.086182 -2.440066 -38.248033 -6.405173 152012737576.000000
0.158447 -1.029541 -0.087158 -2.379064 -38.004026 -6.161166 152012739380.000000
0.158936 -1.028320 -0.091064 -2.318063 -37.882023 -5.795156 152012741181.000000
0.164307 -1.031250 -0.087158 -2.074056 -37.882023 -5.734155 152012742985.000000
0.165283 -1.032471 -0.091553 -2.196059 -37.882023 -5.429147 152012744791.000000
0.170166 -1.030518 -0.090820 -1.830049 -37.516013 -5.368145 152012746595.000000
0.166260 -1.032471 -0.097656 -1.586043 -37.577015 -4.880132 152012748398.000000
0.167969 -1.034668 -0.091553 -1.708046 -37.394010 -4.758128 152012750203.000000
0.169434 -1.031738 -0.086426 -1.830049 -37.516013 -4.270115 152012752005.000000
0.173340 -1.032471 -0.088135 -1.586043 -36.966998 -3.965107 152012753807.000000
0.176758 -1.030762 -0.091064 -1.464040 -37.089001 -3.599097 152012755607.000000
0.175781 -1.028809 -0.084717 -0.976026 -36.966998 -3.233087 152012757409.000000
0.180420 -1.032471 -0.082275 -1.159031 -36.661990 -3.050082 152012759211.000000
0.180908 -1.030762 -0.084229 -0.854023 -36.417983 -2.745074 152012761013.000000
0.184082 -1.028076 -0.087891 -0.793021 -35.929970 -2.379064 152012762815.000000
0.185547 -1.033447 -0.084473 -0.793021 -35.746965 -2.562069 152012764616.000000
0.192139 -1.032471 -0.091064 -0.732020 -35.258952 -2.074056 152012766416.000000
0.194580 -1.031250 -0.093994 -0.488013 -34.953944 -1.647044 152012768218.000000
0.198486 -1.032959 -0.086670 -0.610016 -34.648936 -1.403038 152012770020.000000
0.199219 -1.032715 -0.085938 -0.366010 -33.855914 -1.281035 152012771820.000000
0.196533 -1.032715 -0.087646 0.000000 -33.672909 -1.342036 152012773621.000000
0.203125 -1.035400 -0.097168 -0.061002 -33.001891 -1.098030 152012775423.000000
0.203125 -1.033936 -0.089111 -0.061002 -32.452876 -0.610016 152012777232.000000
0.206787 -1.033447 -0.084961 0.183005 -32.147868 -0.427012 152012779037.000000
0.208252 -1.032959 -0.090088 0.122003 -31.537852 -0.488013 152012780840.000000
0.202881 -1.035645 -0.090332 0.488013 -31.293845 -0.305008 152012782640.000000
0.204834 -1.036133 -0.089844 0.366010 -31.049838 0.061002 152012784442.000000
0.205078 -1.040771 -0.084473 0.488013 -30.195815 0.183005 152012786245.000000
0.208252 -1.037842 -0.087158 0.671018 -29.707802 0.305008 152012788047.000000
0.208984 -1.040039 -0.088867 0.976026 -29.463796 0.549015 152012789855.000000
0.205322 -1.042236 -0.094482 1.281035 -29.097786 1.037028 152012791658.000000
0.207275 -1.044189 -0.096191 1.342036 -28.609772 1.159031 152012793459.000000
0.208740 -1.044678 -0.088135 1.647044 -28.487769 1.220033 152012795260.000000
0.206543 -1.042969 -0.093994 1.586043 -27.999756 1.403038 152012797061.000000
0.208740 -1.043945 -0.093750 1.586043 -27.755749 1.525041 152012798862.000000
0.208252 -1.043945 -0.091309 2.135058 -27.572744 2.074056 152012800664.000000
0.207764 -1.049072 -0.094727 2.440066 -27.206735 2.318063 152012802465.000000
0.208740 -1.044678 -0.097656 2.318063 -27.023730 2.562069 152012804269.000000
0.210449 -1.050781 -0.090820 2.989081 -26.779723 2.684072 152012806073.000000
0.211426 -1.049316 -0.097900 2.806076 -26.535716 2.928079 152012807876.000000
0.211670 -1.047852 -0.097412 3.294089 -26.108705 2.928079 152012809678.000000
0.211426 -1.046143 -0.090576 3.660099 -25.986702 3.538096 152012811484.000000
0.212402 -1.048584 -0.095459 3.843104 -25.498688 3.965107 152012813285.000000
0.217773 -1.046143 -0.097656 3.965107 -25.071677 4.148112 152012815085.000000
0.215820 -1.044434 -0.097900 4.514122 -24.949674 4.453120 152012816887.000000
0.218262 -1.046387 -0.100586 4.636125 -24.461660 4.819130 152012818696.000000
0.220459 -1.049316 -0.091064 4.697127 -23.912646 5.551150 152012820498.000000
0.212646 -1.047119 -0.099365 5.063137 -23.668639 5.673153 152012822300.000000
0.223877 -1.040527 -0.091797 5.734155 -23.424632 6.161166 152012824102.000000
0.225586 -1.044678 -0.102051 5.734155 -22.875618 6.527176 152012825902.000000
0.230713 -1.041748 -0.096436 5.734155 -22.387604 6.893186 152012827707.000000
0.230957 -1.034424 -0.093018 6.344171 -21.960593 7.259196 152012829511.000000
0.233154 -1.041016 -0.099121 6.222168 -21.350576 7.320198 152012831321.000000
0.233887 -1.032471 -0.092773 6.344171 -20.984567 7.625206 152012833124.000000
0.236816 -1.029541 -0.092773 6.344171 -20.557555 8.052217 152012834925.000000
0.237549 -1.031982 -0.084961 6.649180 -19.886537 8.296224 152012836726.000000
0.240479 -1.025391 -0.089355 6.832184 -19.459525 8.479229 152012838528.000000
0.244873 -1.021484 -0.088379 6.832184 -18.727506 8.723236 152012840334.000000
0.248291 -1.022705 -0.090088 6.954188 -18.666504 8.906240 152012842135.000000
0.251709 -1.018311 -0.099365 7.076191 -17.934484 9.211249 152012843940.000000
0.253906 -1.013428 -0.097900 7.015189 -16.958458 9.455255 152012845741.000000
0.255859 -1.016846 -0.098389 7.076191 -16.348441 9.516257 152012847547.000000
0.258545 -1.016113 -0.090088 7.686208 -15.799427 9.394254 152012849348.000000
0.263672 -1.013428 -0.084229 7.625206 -15.006405 9.821265 152012851149.000000
0.262695 -1.009277 -0.098633 7.503203 -14.274385 10.065272 152012852949.000000
0.264160 -1.006592 -0.102295 7.625206 -13.847374 10.065272 152012854750.000000
0.259766 -1.006348 -0.097168 7.198194 -12.871348 10.309278 152012856551.000000
0.261230 -1.005859 -0.092529 7.259196 -12.078326 10.248277 152012858353.000000
0.262939 -1.002197 -0.094238 7.320198 -11.590313 10.370280 152012860155.000000
0.259521 -1.004395 -0.089600 7.503203 -11.041298 10.370280 152012861957.000000
0.257813 -1.003174 -0.084961 7.503203 -10.492283 10.614287 152012863759.000000
0.261719 -1.003418 -0.088623 7.442201 -9.882267 10.614287 152012865564.000000
0.261963 -1.001221 -0.097412 7.076191 -9.394254 10.675288 152012867366.000000
0.260010 -0.998291 -0.097900 7.320198 -8.845239 10.797292 152012869167.000000
0.258057 -0.996338 -0.090576 7.320198 -8.174221 10.858293 152012870967.000000
0.258301 -0.998047 -0.094238 7.137193 -7.686208 10.736290 152012872768.000000
0.266846 -0.998291 -0.094482 7.198194 -6.771183 10.736290 152012874569.000000
0.265381 -1.001709 -0.094238 6.649180 -6.039163 10.492283 152012876374.000000
0.265625 -0.998535 -0.097900 6.710181 -5.490148 10.431282 152012878179.000000
0.263428 -0.998535 -0.094482 6.832184 -4.758128 10.248277 152012879981.000000
0.264404 -0.996338 -0.093750 6.710181 -4.087110 10.126273 152012881782.000000
0.264160 -0.997803 -0.095703 6.893186 -3.477094 9.943268 152012883583.000000
0.263672 -0.992432 -0.096680 6.771183 -2.318063 9.821265 152012885384.000000
0.258545 -0.992676 -0.092285 7.076191 -1.769048 9.577259 152012887188.000000
0.260742 -0.992676 -0.096924 6.954188 -0.488013 9.699262 152012888991.000000
0.261963 -0.990479 -0.099365 6.588178 0.427012 9.638260 152012890793.000000
0.263916 -0.987549 -0.091309 6.710181 1.281035 9.516257 152012892597.000000
0.257324 -0.990479 -0.088623 6.466175 2.196059 9.577259 152012894397.000000
0.258057 -0.986084 -0.094238 6.649180 3.111084 9.150247 152012896204.000000
0.257080 -0.988770 -0.098145 6.344171 4.331117 9.211249 152012898010.000000
0.253906 -0.988770 -0.086914 6.649180 5.246142 9.089245 152012899813.000000
0.254883 -0.986816 -0.095947 6.466175 6.161166 9.211249 152012901613.000000
0.244629 -0.986816 -0.096680 6.466175 7.015189 8.906240 152012903415.000000
0.244385 -0.986816 -0.088867 6.222168 7.991216 8.784237 152012905222.000000
0.240479 -0.989746 -0.091064 6.039163 9.028244 8.845239 152012907026.000000
0.238525 -0.979736 -0.090820 6.100165 10.126273 8.540231 152012908832.000000
0.236084 -0.980957 -0.084717 6.527176 10.797292 8.540231 152012910633.000000
0.233887 -0.984131 -0.088379 6.100165 11.529311 8.418227 152012912435.000000
0.228516 -0.980225 -0.077881 6.100165 12.261331 8.174221 152012914237.000000
0.220215 -0.982178 -0.092041 5.917160 13.054352 8.113219 152012916037.000000
0.216797 -0.981689 -0.090820 5.856158 13.603367 7.808211 152012917843.000000
0.215820 -0.979980 -0.086182 6.344171 14.335387 7.442201 152012919647.000000
0.209717 -0.979004 -0.085205 5.795156 14.823400 7.381199 152012921449.000000
0.207764 -0.975586 -0.084961 5.917160 15.372415 7.198194 152012923249.000000
0.204346 -0.978760 -0.084961 5.490148 15.494418 7.198194 152012925050.000000
0.190186 -0.973145 -0.085938 5.673153 15.921430 6.832184 152012926852.000000
0.187500 -0.975342 -0.076904 5.673153 15.982432 6.649180 152012928654.000000
0.189209 -0.976074 -0.080811 5.429147 16.287440 6.588178 152012930458.000000
0.187012 -0.975830 -0.083008 5.856158 16.714451 6.344171 152012932260.000000
0.179199 -0.977295 -0.079834 5.490148 16.653450 5.978161 152012934060.000000
0.173340 -0.979492 -0.080566 5.673153 16.531446 5.856158 152012935861.000000
0.171387 -0.978760 -0.074951 5.612152 16.531446 5.673153 152012937667.000000
0.169922 -0.975098 -0.082031 5.368145 16.592448 5.368145 152012939466.000000
0.166260 -0.978027 -0.076172 5.246142 16.287440 5.368145 152012941275.000000
0.162842 -0.975342 -0.078613 5.307143 16.104435 5.063137 152012943077.000000
0.160400 -0.977783 -0.076660 5.063137 16.043433 4.697127 152012944879.000000
0.161865 -0.979004 -0.079102 5.307143 15.738425 4.575124 152012946680.000000
0.159912 -0.980957 -0.075195 5.124138 15.494418 4.087110 152012948483.000000
0.158691 -0.978271 -0.073975 5.063137 15.494418 3.904105 152012950283.000000
0.156494 -0.978271 -0.074219 5.246142 15.128408 4.026109 152012952084.000000
0.156982 -0.974854 -0.073242 4.880132 15.006405 3.538096 152012953887.000000
0.156738 -0.974365 -0.072998 5.124138 14.884402 3.599097 152012955688.000000
0.158936 -0.975342 -0.071533 4.941133 14.579394 3.416092 152012957490.000000
0.159180 -0.976074 -0.071777 4.819130 14.884402 3.111084 152012959291.000000
0.154541 -0.976563 -0.071777 4.575124 14.640395 2.806076 152012961100.000000
0.155518 -0.976318 -0.069580 4.575124 14.701397 2.684072 152012962901.000000
0.156006 -0.977783 -0.065918 4.697127 14.518392 2.745074 152012964702.000000
0.154785 -0.974854 -0.064453 4.575124 14.396389 2.684072 152012966502.000000
0.155029 -0.971191 -0.065918 4.026109 14.518392 2.623071 152012968310.000000
0.152832 -0.969238 -0.061523 4.270115 14.457390 2.318063 152012970112.000000
0.154541 -0.974365 -0.062500 4.270115 14.762399 2.440066 152012971913.000000
0.156982 -0.976318 -0.069824 3.965107 14.762399 2.318063 152012973715.000000
0.153076 -0.973877 -0.066650 4.331117 14.701397 2.379064 152012975515.000000
0.148438 -0.975098 -0.067627 3.904105 15.189410 2.318063 152012977317.000000
0.149902 -0.972168 -0.063721 3.965107 14.945404 2.379064 152012979118.000000
0.146973 -0.976318 -0.066650 4.026109 15.128408 2.440066 152012980919.000000
0.147949 -0.976807 -0.068604 3.599097 15.372415 2.501068 152012982724.000000
0.147949 -0.976074 -0.066650 3.538096 15.555420 2.379064 152012984525.000000
0.143555 -0.976318 -0.062256 3.599097 15.860428 2.257061 152012986326.000000
0.142822 -0.973389 -0.059814 3.416092 15.738425 2.074056 152012988128.000000
0.145264 -0.976563 -0.067627 3.599097 16.043433 2.013054 152012989929.000000
0.141602 -0.975586 -0.068359 3.294089 16.348441 1.952053 152012991733.000000
0.142578 -0.974609 -0.068848 3.416092 16.531446 1.952053 152012993535.000000
0.140869 -0.976563 -0.069824 3.111084 16.653450 1.891051 152012995336.000000
0.142090 -0.975586 -0.070801 3.172086 16.653450 1.769048 152012997137.000000
0.143066 -0.976318 -0.067627 2.867077 16.592448 2.013054 152012998939.000000
0.140625 -0.975098 -0.062500 2.928079 16.958458 2.196059 152013000741.000000
0.140869 -0.975098 -0.067871 3.416092 17.019460 1.708046 152013002544.000000
0.142090 -0.980469 -0.073242 2.928079 16.836455 1.647044 152013004345.000000
0.139648 -0.979980 -0.067383 2.989081 17.263466 1.647044 152013006146.000000
0.137207 -0.979492 -0.065430 2.989081 17.080461 1.708046 152013007949.000000
0.137695 -0.979004 -0.068848 2.867077 17.202464 1.464040 152013009751.000000
0.140381 -0.982422 -0.072266 2.867077 17.324468 1.403038 152013011552.000000
0.140381 -0.978516 -0.063965 2.562069 17.446471 1.403038 152013013352.000000
0.137451 -0.984619 -0.067383 2.684072 17.690478 1.403038 152013015153.000000
0.137451 -0.984863 -0.068359 2.745074 17.263466 1.464040 152013016955.000000
0.139893 -0.980713 -0.066406 2.806076 17.141463 1.281035 152013018766.000000
0.138428 -0.983398 -0.063721 2.684072 17.263466 1.159031 152013020568.000000
0.139160 -0.986572 -0.074707 2.562069 17.385469 1.403038 152013022369.000000
0.135010 -0.982422 -0.066162 2.318063 17.507473 1.342036 152013024171.000000
0.138672 -0.987305 -0.070313 2.684072 17.324468 1.403038 152013025973.000000
0.141602 -0.988770 -0.068115 2.135058 17.324468 1.708046 152013027776.000000
0.141602 -0.987793 -0.069092 2.257061 17.568474 1.342036 152013029581.000000
0.138672 -0.988281 -0.068115 2.501068 17.507473 1.403038 152013031382.000000
0.136475 -0.988525 -0.068359 2.074056 17.568474 1.708046 152013033184.000000
0.139160 -0.989746 -0.063477 2.135058 17.385469 1.647044 152013034985.000000
0.137939 -0.985352 -0.070068 2.318063 17.385469 1.708046 152013036787.000000
0.139160 -0.987305 -0.070557 2.013054 17.568474 1.708046 152013038595.000000
0.142090 -0.991943 -0.064209 1.891051 17.751479 2.074056 152013040400.000000
0.139404 -0.988770 -0.068359 2.135058 17.507473 2.196059 152013042201.000000
0.138916 -0.985107 -0.064453 1.891051 17.690478 2.135058 152013044003.000000
0.136719 -0.991455 -0.060303 1.403038 17.873483 2.318063 152013045805.000000
0.127197 -0.988770 -0.056885 2.013054 18.239492 2.623071 152013047608.000000
0.135742 -0.983398 -0.059082 2.257061 17.995486 2.562069 152013049409.000000
0.140869 -0.982178 -0.070068 1.525041 17.995486 2.562069 152013051210.000000
0.142578 -0.987061 -0.072266 1.220033 18.117489 2.562069 152013053018.000000
0.143311 -0.986328 -0.067139 1.159031 18.361496 2.806076 152013054819.000000
0.144287 -0.989746 -0.058105 0.915025 18.544501 2.562069 152013056624.000000
0.143066 -0.987549 -0.061768 0.915025 18.910511 2.623071 152013058428.000000
0.140137 -0.986572 -0.054443 1.220033 18.788507 2.745074 152013060230.000000
0.141113 -0.988281 -0.057617 1.464040 18.910511 2.806076 152013062031.000000
0.140625 -0.980469 -0.064209 1.220033 18.971512 2.989081 152013063833.000000
0.139893 -0.981934 -0.062988 0.671018 19.093516 2.928079 152013065635.000000
0.139893 -0.979980 -0.063965 0.366010 19.215519 3.111084 152013067437.000000
0.138184 -0.981689 -0.065918 0.427012 19.337522 3.294089 152013069238.000000
0.140137 -0.984863 -0.068848 0.244007 19.520527 3.050082 152013071040.000000
0.135254 -0.978760 -0.060791 0.122003 19.886537 3.355091 152013072841.000000
0.134277 -0.976318 -0.069824 0.183005 19.703532 3.294089 152013074643.000000
0.136230 -0.976318 -0.072266 0.000000 19.581529 3.111084 152013076444.000000
0.132813 -0.980469 -0.065918 -0.549015 19.520527 3.050082 152013078247.000000
0.134521 -0.978516 -0.070068 -0.488013 19.886537 3.050082 152013080049.000000
0.131348 -0.978516 -0.067139 -0.610016 19.825535 2.867077 152013081851.000000
0.124756 -0.976318 -0.059082 -0.671018 19.581529 2.928079 152013083652.000000
0.126465 -0.977295 -0.066895 -0.488013 19.459525 2.928079 152013085453.000000
0.125000 -0.979492 -0.068359 -0.610016 18.971512 2.623071 152013087254.000000
0.126709 -0.975830 -0.071777 -0.976026 18.910511 2.867077 152013089092.000000
0.120850 -0.973145 -0.070068 -1.403038 18.605502 2.867077 152013090893.000000
0.119141 -0.979492 -0.069580 -1.403038 18.300494 2.745074 152013092698.000000
0.121094 -0.978760 -0.068848 -1.342036 18.178491 2.806076 152013094499.000000
0.118896 -0.975342 -0.070557 -1.342036 17.812481 2.806076 152013096300.000000
0.121338 -0.974365 -0.062012 -1.342036 17.446471 2.562069 152013098106.000000
0.118652 -0.979980 -0.069580 -1.586043 17.019460 2.318063 152013099911.000000
0.120117 -0.978027 -0.075195 -2.013054 16.531446 2.684072 152013101716.000000
0.119141 -0.973633 -0.072266 -1.891051 16.348441 2.684072 152013103518.000000
0.114014 -0.975586 -0.069336 -1.830049 15.860428 2.562069 152013105320.000000
0.114502 -0.976074 -0.065674 -2.257061 15.555420 2.501068 152013107122.000000
0.117188 -0.974854 -0.067627 -2.318063 15.128408 2.379064 152013108925.000000
0.113770 -0.976318 -0.062500 -2.074056 14.884402 2.196059 152013110726.000000
0.116699 -0.977295 -0.064697 -2.257061 14.335387 2.196059 152013112528.000000
0.118408 -0.971924 -0.077637 -2.379064 14.335387 2.318063 152013114330.000000
0.116211 -0.973389 -0.070557 -2.440066 14.335387 1.952053 152013116132.000000
0.118652 -0.974365 -0.072266 -2.867077 13.786372 2.318063 152013117937.000000
0.111572 -0.976563 -0.061523 -2.623071 13.908376 2.013054 152013119742.000000
0.115234 -0.974121 -0.074219 -2.562069 13.603367 2.013054 152013121544.000000
0.116943 -0.973877 -0.069092 -2.806076 13.237357 1.952053 152013123345.000000
0.118408 -0.972900 -0.077881 -2.623071 13.115354 1.769048 152013125146.000000
0.116455 -0.974121 -0.073975 -2.684072 13.176356 2.013054 152013126948.000000
0.113281 -0.972900 -0.068604 -2.989081 13.176356 1.891051 152013128751.000000
0.114746 -0.972168 -0.075195 -2.806076 12.932349 2.074056 152013130552.000000
0.114502 -0.970215 -0.073242 -2.867077 12.627341 2.013054 152013132352.000000
0.112793 -0.976318 -0.066650 -2.806076 12.627341 1.952053 152013134156.000000
0.113770 -0.973633 -0.067627 -2.684072 12.383334 2.013054 152013135958.000000
0.114502 -0.973633 -0.072754 -2.745074 12.261331 2.135058 152013137762.000000
0.113037 -0.971680 -0.069580 -2.806076 12.383334 2.257061 152013139566.000000
0.115967 -0.973389 -0.068604 -2.989081 12.017324 2.013054 152013141368.000000
0.118408 -0.974854 -0.073242 -2.989081 11.895321 2.074056 152013143169.000000
0.118896 -0.974121 -0.072266 -3.050082 12.139328 2.318063 152013144971.000000
0.116455 -0.974121 -0.075439 -2.867077 12.139328 2.257061 152013146772.000000
0.117432 -0.977539 -0.075684 -2.928079 12.139328 2.257061 152013148575.000000
0.111816 -0.975586 -0.073486 -2.745074 12.078326 2.257061 152013150376.000000
0.116455 -0.976074 -0.067383 -2.989081 11.956323 2.318063 152013152178.000000
0.110107 -0.980957 -0.072266 -2.684072 12.200329 2.318063 152013153979.000000
0.114502 -0.976074 -0.060547 -2.867077 11.895321 2.379064 152013155780.000000
0.115234 -0.973633 -0.070557 -2.867077 11.834320 2.440066 152013157582.000000
0.114014 -0.977295 -0.070557 -2.806076 11.712316 2.379064 152013159384.000000
0.119141 -0.981201 -0.063721 -2.501068 11.651315 2.379064 152013161186.000000
0.116943 -0.977783 -0.062744 -2.440066 11.773318 2.623071 152013162987.000000
0.115723 -0.976318 -0.062988 -2.562069 11.468310 2.684072 152013164788.000000
0.114746 -0.984131 -0.061035 -2.745074 11.468310 2.440066 152013166589.000000
0.113770 -0.984619 -0.062988 -2.684072 11.407308 2.562069 152013168392.000000
0.116455 -0.985107 -0.067383 -2.745074 11.041298 2.684072 152013170194.000000
0.113525 -0.985352 -0.056885 -2.867077 10.858293 2.440066 152013171995.000000
0.113037 -0.978271 -0.057373 -3.111084 11.041298 2.318063 152013173796.000000
0.110840 -0.985107 -0.064209 -2.806076 10.675288 2.318063 152013175597.000000
0.111328 -0.980957 -0.059326 -3.355091 10.553285 2.440066 152013177399.000000
0.114746 -0.981201 -0.057129 -3.172086 10.370280 2.257061 152013179199.000000
0.112549 -0.979004 -0.061279 -3.416092 10.065272 2.013054 152013180999.000000
0.109131 -0.981934 -0.050537 -3.599097 10.126273 1.830049 152013182800.000000
0.113281 -0.978027 -0.057617 -3.538096 9.821265 2.074056 152013184601.000000
0.111084 -0.975830 -0.056396 -3.294089 9.699262 1.891051 152013186402.000000
0.109131 -0.980957 -0.049072 -3.660099 9.272250 1.769048 152013188204.000000
0.105713 -0.982910 -0.056641 -4.026109 9.455255 1.708046 152013190006.000000
0.108398 -0.986084 -0.045654 -3.782102 9.211249 1.586043 152013191808.000000
0.106689 -0.982178 -0.047119 -3.843104 8.967242 1.220033 152013193610.000000
0.103516 -0.984131 -0.054199 -4.209114 8.906240 1.281035 152013195411.000000
0.101318 -0.987061 -0.046631 -4.209114 8.357226 1.159031 152013197212.000000
0.104248 -0.988770 -0.048584 -4.575124 8.052217 1.037028 152013199014.000000
0.101563 -0.987793 -0.054443 -4.636125 7.869212 0.854023 152013200816.000000
0.099121 -0.985107 -0.052490 -4.758128 7.808211 0.854023 152013202618.000000
0.100098 -0.989258 -0.052979 -4.575124 7.686208 0.610016 152013204419.000000
0.094727 -0.995117 -0.055176 -4.514122 7.198194 0.549015 152013206221.000000
0.093262 -0.994385 -0.060547 -4.697127 6.954188 0.366010 152013208024.000000
0.089355 -0.993408 -0.063232 -4.758128 6.710181 0.366010 152013209826.000000
0.090332 -0.995117 -0.063721 -4.941133 6.710181 0.488013 152013211627.000000
0.086426 -1.000244 -0.057861 -4.880132 6.344171 0.183005 152013213428.000000
0.085938 -1.003418 -0.057373 -4.758128 5.734155 0.183005 152013215229.000000
0.088379 -1.001709 -0.058838 -4.636125 5.551150 0.305008 152013217030.000000
0.086426 -1.001953 -0.063232 -4.819130 5.185140 0.000000 152013218838.000000
0.086426 -1.012939 -0.058105 -4.636125 4.819130 0.061002 152013220642.000000
0.083496 -1.011475 -0.058594 -4.575124 4.758128 -0.122003 152013222442.000000
0.084717 -1.009033 -0.062012 -4.575124 4.209114 -0.183005 152013224244.000000
0.083984 -1.013184 -0.064697 -4.331117 4.087110 0.183005 152013226046.000000
0.085693 -1.011963 -0.063232 -4.270115 3.477094 0.244007 152013227851.000000
0.083740 -1.015625 -0.061279 -4.087110 3.233087 0.244007 152013229650.000000
0.081543 -1.017822 -0.057617 -3.965107 2.745074 0.183005 152013231456.000000
0.081299 -1.021973 -0.063965 -3.538096 2.379064 0.244007 152013233258.000000
0.083984 -1.021729 -0.058838 -3.660099 1.830049 0.549015 152013235060.000000
0.082764 -1.022461 -0.061279 -3.599097 1.464040 0.732020 152013236861.000000
0.087646 -1.022217 -0.062744 -3.233087 1.037028 0.793021 152013238669.000000
0.084473 -1.024170 -0.054932 -2.623071 0.610016 0.549015 152013240472.000000
0.086182 -1.024414 -0.059570 -2.806076 0.244007 0.915025 152013242274.000000
0.092285 -1.019043 -0.061523 -2.623071 -0.244007 1.159031 152013244079.000000
0.094238 -1.020264 -0.062012 -2.501068 -0.488013 1.342036 152013245880.000000
0.099609 -1.020508 -0.051758 -2.318063 -0.732020 1.525041 152013247683.000000
0.097900 -1.021484 -0.060303 -2.257061 -1.159031 1.403038 152013249484.000000
0.104492 -1.020752 -0.058838 -2.074056 -1.647044 1.403038 152013251285.000000
0.104980 -1.018799 -0.052490 -1.952053 -1.830049 1.403038 152013253087.000000
0.109863 -1.018555 -0.056885 -1.830049 -2.074056 1.647044 152013254888.000000
0.108887 -1.015137 -0.057129 -1.586043 -2.318063 1.830049 152013256689.000000
0.110352 -1.017578 -0.057129 -1.342036 -2.318063 1.830049 152013258492.000000
0.110840 -1.017578 -0.058105 -1.342036 -2.379064 1.830049 152013260293.000000
0.118408 -1.010498 -0.055420 -1.525041 -2.562069 2.013054 152013262094.000000
0.118896 -1.009033 -0.050537 -1.586043 -2.623071 2.196059 152013263895.000000
0.121826 -1.011475 -0.054443 -1.281035 -2.745074 2.257061 152013265696.000000
0.125000 -1.006836 -0.052490 -1.220033 -2.684072 2.257061 152013267498.000000
0.123291 -1.002441 -0.056152 -1.525041 -3.294089 2.013054 152013269299.000000
0.125977 -1.009033 -0.050537 -1.403038 -3.111084 2.074056 152013271100.000000
0.131104 -1.004395 -0.052734 -1.220033 -3.111084 2.074056 152013272901.000000
0.127930 -1.008301 -0.050049 -1.464040 -3.172086 2.257061 152013275710.000000
0.133789 -1.005859 -0.054199 -1.647044 -2.867077 2.257061 152013277575.000000
0.135986 -1.007568 -0.056152 -1.647044 -2.745074 2.135058 152013279390.000000
0.136475 -1.004883 -0.051514 -1.769048 -2.623071 2.013054 152013281202.000000
0.139160 -1.008057 -0.060547 -1.830049 -2.379064 2.135058 152013283006.000000
0.137451 -1.011719 -0.057373 -1.647044 -2.135058 2.135058 152013284809.000000
0.139160 -1.010254 -0.052246 -1.769048 -1.891051 2.013054 152013286611.000000
0.136475 -1.011230 -0.061523 -1.708046 -1.403038 2.074056 152013288422.000000
0.135986 -1.011230 -0.057617 -2.135058 -1.159031 2.013054 152013290224.000000
0.139404 -1.014648 -0.059082 -1.952053 -0.915025 2.013054 152013292026.000000
0.138184 -1.014404 -0.058838 -1.952053 -0.549015 2.135058 152013293827.000000
0.133789 -1.015625 -0.060059 -2.074056 0.122003 2.074056 152013295629.000000
0.131592 -1.018066 -0.055420 -2.013054 0.061002 2.257061 152013297431.000000
0.135742 -1.016357 -0.056152 -2.135058 0.061002 2.196059 152013299232.000000
0.131348 -1.017334 -0.058594 -2.257061 0.488013 2.135058 152013301033.000000
0.131836 -1.022217 -0.055664 -2.013054 0.976026 2.196059 152013302834.000000
0.131836 -1.020752 -0.062256 -2.013054 1.220033 2.440066 152013304636.000000
0.129883 -1.020508 -0.058105 -1.952053 1.464040 2.501068 152013306438.000000
0.126953 -1.021240 -0.062988 -1.708046 1.586043 2.501068 152013308245.000000
0.126465 -1.023682 -0.056885 -1.586043 1.647044 2.623071 152013310047.000000
0.125488 -1.022949 -0.055664 -1.525041 2.013054 2.928079 152013311848.000000
0.123291 -1.022461 -0.059814 -0.793021 2.074056 2.928079 152013313649.000000
0.122070 -1.021973 -0.057129 -1.037028 2.318063 2.989081 152013315450.000000
0.122559 -1.019775 -0.058594 -1.037028 2.379064 2.867077 152013317250.000000
0.127197 -1.019043 -0.060303 -0.671018 2.501068 3.294089 152013319080.000000
0.120850 -1.018066 -0.058350 -0.732020 2.501068 3.355091 152013320881.000000
0.121338 -1.022217 -0.054932 -0.671018 2.806076 3.477094 152013322682.000000
0.122559 -1.014160 -0.057373 -0.244007 2.684072 3.660099 152013324484.000000
0.122803 -1.013916 -0.058594 -0.366010 2.928079 3.599097 152013326285.000000
0.119873 -1.010742 -0.061035 -0.305008 2.806076 3.782102 152013328087.000000
0.120605 -1.007568 -0.060547 0.183005 2.440066 3.782102 152013329889.000000
0.119873 -1.006836 -0.062256 0.183005 2.684072 3.904105 152013331690.000000
0.123535 -1.007080 -0.058594 -0.183005 2.562069 3.965107 152013333491.000000
0.119141 -1.006348 -0.058594 0.183005 2.440066 3.721100 152013335291.000000
0.115479 -1.004395 -0.060547 0.427012 2.257061 3.965107 152013337100.000000
0.119629 -1.002930 -0.062500 0.305008 1.952053 3.782102 152013338908.000000
0.120361 -1.002441 -0.064697 0.488013 1.708046 3.660099 152013340710.000000
0.119141 -1.000977 -0.069580 0.366010 1.586043 3.538096 152013342511.000000
0.119629 -1.000488 -0.066406 0.366010 1.708046 3.538096 152013344319.000000
0.117676 -0.999756 -0.066162 0.671018 1.159031 3.538096 152013346120.000000
0.118408 -1.001953 -0.076172 0.610016 1.220033 3.294089 152013347922.000000
0.114258 -1.003174 -0.068848 0.305008 0.915025 3.233087 152013349766.000000
0.118652 -1.001465 -0.074707 0.793021 0.671018 3.355091 152013352236.000000
0.112793 -1.005859 -0.076904 0.671018 0.122003 3.050082 152013355155.000000
0.109863 -1.006348 -0.078125 0.488013 -0.671018 2.989081 152013358071.000000
0.111572 -1.009766 -0.082764 0.549015 -1.159031 3.050082 152013360986.000000
0.118408 -1.008789 -0.079834 0.854023 -1.891051 3.172086 152013363900.000000
0.118896 -1.010010 -0.076172 0.610016 -2.318063 2.989081 152013366814.000000
0.120361 -1.011719 -0.079590 0.671018 -3.050082 2.989081 152013369731.000000
0.123291 -1.013428 -0.074951 0.671018 -3.477094 2.867077 152013372645.000000
0.127686 -1.013428 -0.071777 1.098030 -3.782102 3.111084 152013375561.000000
0.133301 -1.007813 -0.071045 0.915025 -3.660099 2.623071 152013378478.000000
0.133301 -1.005859 -0.067871 0.976026 -3.721100 3.050082 152013381393.000000
0.135742 -1.007324 -0.065430 0.732020 -3.599097 2.684072 152013384309.000000
0.143555 -1.008057 -0.061035 0.976026 -3.294089 2.562069 152013387225.000000
0.141602 -1.005371 -0.066406 0.732020 -2.684072 2.257061 152013390228.000000
0.144043 -1.009033 -0.067383 0.610016 -2.623071 2.074056 152013393145.000000
0.145508 -1.007324 -0.057861 0.427012 -2.013054 2.196059 152013396061.000000
0.143799 -1.008057 -0.056885 0.488013 -1.708046 1.952053 152013398991.000000
0.147461 -1.009766 -0.062500 0.549015 -1.159031 2.074056 152013401907.000000
0.138184 -1.006836 -0.061035 0.549015 -0.549015 2.074056 152013404822.000000
0.142334 -1.009033 -0.068115 0.244007 -0.305008 1.952053 152013407739.000000
0.141602 -1.012451 -0.061768 0.244007 0.366010 1.830049 152013410655.000000
0.144043 -1.015625 -0.066895 0.366010 0.732020 1.891051 152013413571.000000
0.143555 -1.014893 -0.072266 0.061002 1.525041 1.891051 152013416486.000000
0.136230 -1.016602 -0.065430 0.183005 1.769048 1.891051 152013419411.000000
0.133057 -1.024170 -0.068604 0.488013 2.562069 1.769048 152013422327.000000
0.133789 -1.018311 -0.069336 0.427012 2.562069 2.074056 152013425254.000000
0.125732 -1.018311 -0.070068 0.305008 2.989081 1.952053 152013428176.000000
0.125000 -1.021240 -0.072754 0.122003 2.867077 1.891051 152013431093.000000
0.124268 -1.020508 -0.069092 0.793021 3.172086 2.196059 152013434008.000000
0.118164 -1.021240 -0.066406 0.366010 2.623071 2.440066 152013436925.000000
0.114502 -1.027588 -0.065918 0.854023 2.257061 2.562069 152013439851.000000
0.111328 -1.022949 -0.071533 0.793021 2.257061 2.806076 152013442766.000000
0.118164 -1.020264 -0.062988 1.159031 1.647044 2.806076 152013445680.000000
0.119873 -1.024902 -0.059082 1.098030 1.586043 3.111084 152013448596.000000
0.117920 -1.022217 -0.052979 1.342036 1.159031 3.111084 152013451537.000000
0.123779 -1.020752 -0.055908 1.647044 0.793021 3.172086 152013454462.000000
0.122314 -1.015869 -0.045166 1.586043 0.244007 3.294089 152013457381.000000
0.124023 -1.010254 -0.055176 1.586043 0.488013 3.538096 152013460296.000000
0.129883 -1.011719 -0.048096 1.830049 0.366010 3.416092 152013463210.000000
0.131104 -1.009766 -0.046387 1.708046 0.183005 3.599097 152013466123.000000
0.131104 -1.009033 -0.048340 1.403038 0.122003 3.721100 152013469042.000000
0.135254 -1.008545 -0.038086 1.586043 0.000000 3.721100 152013471957.000000
0.133057 -1.007568 -0.040283 1.586043 0.549015 3.843104 152013474871.000000
0.131348 -1.001465 -0.039795 1.403038 0.488013 4.026109 152013477789.000000
0.133789 -0.999268 -0.036865 1.769048 0.793021 4.209114 152013480703.000000
0.134033 -1.003418 -0.039063 1.342036 1.098030 4.087110 152013483619.000000
0.134277 -1.004395 -0.041260 1.281035 1.830049 4.636125 152013486532.000000
0.139404 -1.003418 -0.038818 1.464040 2.318063 4.758128 152013489451.000000
0.141113 -1.000244 -0.038574 1.464040 3.050082 4.880132 152013492365.000000
0.141846 -1.003174 -0.046631 1.220033 3.843104 5.002135 152013495280.000000
0.140137 -1.001465 -0.041016 1.220033 4.575124 5.185140 152013498217.000000
0.146973 -1.003906 -0.042725 1.403038 5.368145 5.368145 152013501134.000000
0.150879 -1.001221 -0.046875 1.281035 6.893186 5.490148 152013504049.000000
0.149170 -0.996582 -0.038574 1.464040 7.320198 5.551150 152013506963.000000
0.150879 -1.000488 -0.042969 1.037028 8.662234 5.673153 152013509886.000000
0.155273 -1.001953 -0.039307 0.976026 10.065272 5.795156 152013512802.000000
0.155518 -1.001953 -0.042725 0.976026 11.041298 5.734155 152013515718.000000
0.155273 -1.002930 -0.043945 1.281035 12.261331 5.734155 152013518640.000000
0.154053 -0.998291 -0.042480 0.793021 12.993351 5.734155 152013521557.000000
0.151123 -1.000000 -0.043457 1.037028 13.908376 5.612152 152013524472.000000
0.146729 -0.998291 -0.046875 0.549015 15.006405 5.734155 152013527390.000000
0.143555 -0.995850 -0.046875 0.610016 15.433417 5.673153 152013530317.000000
0.140625 -0.998779 -0.042236 0.549015 16.104435 5.307143 152013533231.000000
0.137207 -1.004150 -0.042236 0.244007 16.775453 5.307143 152013536146.000000
0.134033 -1.004150 -0.044922 0.366010 17.141463 5.124138 152013539072.000000
0.128906 -1.001465 -0.047363 0.366010 17.141463 5.246142 152013541988.000000
0.120361 -1.004639 -0.045898 0.244007 17.263466 4.697127 152013544903.000000
0.116211 -1.004395 -0.044189 0.122003 17.019460 4.636125 152013547822.000000
0.109619 -1.008545 -0.045410 -0.183005 17.141463 4.636125 152013550762.000000
0.107666 -1.015869 -0.042969 0.305008 16.897456 4.392119 152013553678.000000
0.105225 -1.009766 -0.045654 0.061002 16.470445 4.270115 152013556597.000000
0.095947 -1.018066 -0.045898 0.305008 15.250412 4.453120 152013564190.000000
0.091309 -1.024170 -0.048584 0.610016 14.823400 4.392119 152013567420.000000
0.093262 -1.020508 -0.049072 0.915025 14.274385 4.453120 152013570376.000000
0.090088 -1.015381 -0.051025 0.976026 13.847374 4.514122 152013573308.000000
0.084961 -1.016602 -0.041016 1.037028 13.664369 4.758128 152013576331.000000
0.090576 -1.017090 -0.036133 1.647044 12.993351 4.941133 152013579322.000000
0.088623 -1.014404 -0.041748 1.647044 12.871348 5.246142 152013582243.000000
0.091553 -1.006592 -0.032227 2.013054 12.749344 5.185140 152013585156.000000
0.095215 -1.007568 -0.036377 2.196059 12.749344 5.612152 152013588076.000000
0.094238 -1.005859 -0.036865 2.562069 12.444336 5.795156 152013590988.000000
0.095947 -1.001221 -0.028076 2.440066 12.688343 5.978161 152013593899.000000
0.098877 -0.995850 -0.025146 2.623071 12.871348 6.466175 152013596808.000000
0.105713 -0.996582 -0.027588 3.050082 12.810346 6.649180 152013599736.000000
0.106445 -0.990479 -0.025635 3.172086 13.176356 6.771183 152013602652.000000
