0.099854 -0.965820 -0.208252 2.257061 -0.305008 -0.061002 102720030708.000000
0.097168 -0.967773 -0.208740 2.745074 -0.427012 -0.122003 102720033696.000000
0.099365 -0.964111 -0.215820 2.623071 -0.427012 0.000000 102720036610.000000
0.100342 -0.962646 -0.207275 2.562069 -0.305008 -0.061002 102720039521.000000
0.097656 -0.963623 -0.213623 2.379064 -0.061002 -0.122003 102720042431.000000
0.095459 -0.965820 -0.204102 2.623071 -0.549015 -0.183005 102720045347.000000
0.097900 -0.959229 -0.209473 2.684072 -0.305008 -0.183005 102720048278.000000
0.098633 -0.961182 -0.211426 2.745074 -0.305008 0.000000 102720051187.000000
0.101807 -0.962646 -0.208252 2.501068 -0.366010 0.000000 102720054094.000000
0.096924 -0.961670 -0.211182 2.501068 -0.427012 0.000000 102720057008.000000
0.097900 -0.958984 -0.207520 2.684072 -0.122003 -0.122003 102720059926.000000
0.100098 -0.968506 -0.209961 2.623071 -0.305008 0.000000 102720062841.000000
0.099121 -0.959473 -0.208008 2.623071 -0.488013 0.000000 102720065758.000000
0.104980 -0.965088 -0.212891 2.867077 -0.427012 -0.183005 102720068676.000000
0.104004 -0.960449 -0.206543 2.806076 -0.305008 -0.122003 102720071591.000000
0.099609 -0.964355 -0.212158 2.501068 -0.549015 -0.244007 102720074506.000000
0.101318 -0.960449 -0.213867 2.684072 -0.549015 0.000000 102720077428.000000
0.104492 -0.962891 -0.212158 2.623071 -0.549015 -0.427012 102720080348.000000
0.101318 -0.962891 -0.215576 2.684072 -0.488013 -0.122003 102720083269.000000
0.105957 -0.965332 -0.209717 2.623071 -0.671018 -0.244007 102720086183.000000
0.101318 -0.965576 -0.220459 2.867077 -0.366010 -0.183005 102720089108.000000
0.103271 -0.965088 -0.207275 2.806076 -0.183005 -0.244007 102720092023.000000
0.099609 -0.963379 -0.211670 2.562069 -0.122003 -0.122003 102720094938.000000
0.101318 -0.963135 -0.214600 2.806076 -0.305008 -0.244007 102720097861.000000
0.101563 -0.960938 -0.215088 2.745074 -0.183005 0.183005 102720100780.000000
0.103271 -0.962158 -0.216064 2.745074 -0.305008 0.000000 102720103694.000000
0.102783 -0.959961 -0.211426 2.745074 0.183005 -0.122003 102720106609.000000
0.102051 -0.959961 -0.211670 2.745074 -0.183005 -0.244007 102720109542.000000
0.102051 -0.957520 -0.215332 2.745074 -0.061002 -0.061002 102720112458.000000
0.104492 -0.956543 -0.214600 2.745074 -0.244007 0.061002 102720115374.000000
0.104492 -0.960938 -0.216797 2.562069 -0.061002 0.000000 102720118298.000000
0.100586 -0.960449 -0.209961 2.623071 -0.122003 -0.183005 102720121212.000000
0.100830 -0.958740 -0.208496 2.684072 -0.061002 0.061002 102720124246.000000
0.100586 -0.959961 -0.213623 2.440066 -0.122003 0.000000 102720127164.000000
0.104004 -0.960693 -0.215820 2.562069 -0.061002 -0.061002 102720130077.000000
0.102539 -0.968262 -0.212158 2.684072 0.366010 -0.244007 102720133013.000000
0.103027 -0.961426 -0.217285 2.684072 -0.427012 0.000000 102720135922.000000
0.097412 -0.963379 -0.213867 2.745074 -0.061002 0.183005 102720138845.000000
0.100342 -0.963867 -0.216064 2.745074 -0.061002 0.000000 102720141760.000000
0.102051 -0.963379 -0.217529 2.562069 -0.427012 -0.061002 102720144668.000000
0.099365 -0.965820 -0.214111 2.928079 -0.427012 -0.122003 102720147577.000000
0.097656 -0.962402 -0.217285 3.050082 -0.427012 -0.122003 102720150486.000000
0.100586 -0.967041 -0.217773 2.745074 -0.488013 0.244007 102720153395.000000
0.099609 -0.960449 -0.213135 2.745074 -0.305008 0.183005 102720156302.000000
0.096191 -0.964355 -0.213623 2.806076 -0.793021 -0.061002 102720159218.000000
0.099609 -0.963867 -0.210693 2.806076 -0.915025 -0.061002 102720162135.000000
0.095703 -0.961914 -0.223145 2.928079 -0.793021 -0.061002 102720165050.000000
0.099121 -0.961182 -0.222168 3.172086 -0.915025 0.122003 102720167972.000000
0.098633 -0.960693 -0.221436 2.867077 -1.037028 0.061002 102720170902.000000
0.094238 -0.959473 -0.218750 2.989081 -1.159031 -0.305008 102720173816.000000
0.099854 -0.958984 -0.218506 3.050082 -0.854023 0.000000 102720176737.000000
0.099854 -0.957764 -0.223877 3.172086 -1.342036 -0.061002 102720179694.000000
0.096680 -0.957764 -0.217529 3.050082 -1.220033 0.122003 102720182616.000000
0.092529 -0.955811 -0.216309 3.111084 -1.647044 -0.183005 102720185532.000000
0.098633 -0.961670 -0.220459 3.294089 -1.647044 0.000000 102720188457.000000
0.099121 -0.962158 -0.214844 3.233087 -1.891051 -0.183005 102720191372.000000
0.096191 -0.963379 -0.222412 3.233087 -1.586043 -0.183005 102720194287.000000
0.096924 -0.957764 -0.215820 3.477094 -1.586043 -0.183005 102720197211.000000
0.096436 -0.961670 -0.220703 3.416092 -1.952053 -0.183005 102720200130.000000
0.099854 -0.960449 -0.223145 3.477094 -1.525041 0.000000 102720203045.000000
0.099121 -0.959961 -0.212891 3.355091 -1.647044 0.000000 102720205960.000000
0.100342 -0.964111 -0.213623 3.416092 -1.891051 -0.061002 102720208886.000000
0.103760 -0.968994 -0.215576 3.477094 -1.525041 -0.122003 102720211815.000000
0.099609 -0.964844 -0.211182 3.477094 -1.891051 -0.122003 102720214730.000000
0.104004 -0.963379 -0.210449 3.782102 -1.586043 -0.061002 102720217651.000000
0.104004 -0.965088 -0.195801 3.721100 -1.525041 -0.122003 102720220569.000000
0.100830 -0.964844 -0.210693 3.660099 -1.342036 0.000000 102720223483.000000
0.107178 -0.966797 -0.204834 3.477094 -1.098030 -0.244007 102720226395.000000
0.104004 -0.965576 -0.208008 3.782102 -0.976026 -0.244007 102720229310.000000
0.102783 -0.963867 -0.198730 3.477094 -0.854023 -0.061002 102720232220.000000
0.104004 -0.965088 -0.199463 3.233087 -0.793021 0.000000 102720235155.000000
0.105957 -0.968262 -0.200195 3.416092 -0.366010 -0.061002 102720238065.000000
0.105225 -0.964844 -0.197510 3.050082 -0.488013 -0.183005 102720240989.000000
0.108398 -0.967041 -0.196777 3.233087 -0.183005 -0.122003 102720243897.000000
0.103271 -0.962646 -0.196533 3.111084 -0.366010 -0.061002 102720246804.000000
0.104980 -0.964844 -0.197021 3.050082 0.061002 -0.061002 102720249743.000000
0.106689 -0.961182 -0.198975 2.806076 0.061002 -0.183005 102720252649.000000
0.108154 -0.963135 -0.201660 3.050082 0.366010 -0.183005 102720255557.000000
0.102295 -0.960205 -0.194336 2.806076 0.305008 -0.061002 102720258472.000000
0.105469 -0.965088 -0.194824 2.928079 0.488013 -0.305008 102720261389.000000
0.101807 -0.965088 -0.195801 2.623071 0.549015 -0.122003 102720264307.000000
0.105469 -0.962402 -0.199707 2.562069 0.976026 -0.244007 102720267225.000000
0.103027 -0.966309 -0.197754 2.440066 0.610016 -0.305008 102720270139.000000
0.103760 -0.964600 -0.201904 2.257061 0.488013 -0.183005 102720273055.000000
0.100342 -0.961914 -0.195068 2.623071 0.671018 -0.244007 102720275970.000000
0.102783 -0.966064 -0.199463 2.257061 0.549015 -0.122003 102720278901.000000
0.101807 -0.964111 -0.200684 2.135058 0.488013 -0.366010 102720281817.000000
0.099365 -0.965820 -0.202148 2.318063 0.244007 -0.122003 102720284732.000000
0.097900 -0.964600 -0.201416 2.196059 0.305008 0.061002 102720287654.000000
0.094971 -0.965820 -0.202881 2.135058 0.549015 -0.183005 102720290573.000000
0.100586 -0.961670 -0.201416 2.074056 0.183005 -0.183005 102720293488.000000
0.101074 -0.962891 -0.200928 2.196059 0.244007 0.122003 102720296402.000000
0.099365 -0.960938 -0.198242 2.135058 0.122003 -0.122003 102720299329.000000
0.098877 -0.962646 -0.198242 2.013054 -0.061002 -0.122003 102720302242.000000
0.099854 -0.967773 -0.200684 2.074056 0.122003 -0.061002 102720305157.000000
0.104004 -0.962158 -0.196045 1.769048 0.000000 0.000000 102720308074.000000
0.098145 -0.967529 -0.191650 2.135058 -0.183005 -0.366010 102720310990.000000
0.099121 -0.963867 -0.199707 2.013054 0.183005 0.061002 102720313904.000000
0.097412 -0.965576 -0.204590 2.074056 0.122003 -0.122003 102720316854.000000
0.101318 -0.964844 -0.207520 2.257061 0.244007 0.061002 102720319769.000000
0.102539 -0.963867 -0.198975 2.257061 0.183005 -0.183005 102720322682.000000
0.097656 -0.957520 -0.200195 2.379064 0.122003 -0.244007 102720325597.000000
0.104248 -0.960693 -0.203613 2.074056 0.122003 -0.061002 102720328513.000000
0.100586 -0.957275 -0.208008 2.013054 0.732020 -0.061002 102720331426.000000
0.099854 -0.962402 -0.210449 2.013054 0.671018 0.122003 102720334358.000000
0.100586 -0.963623 -0.204590 2.013054 0.549015 0.000000 102720337269.000000
0.105957 -0.963135 -0.203369 2.074056 0.732020 0.122003 102720340185.000000
0.109131 -0.965088 -0.205811 2.074056 1.098030 -0.122003 102720343093.000000
0.106934 -0.964355 -0.213623 1.891051 0.976026 -0.122003 102720346001.000000
0.108887 -0.960938 -0.206543 1.830049 1.159031 0.122003 102720348910.000000
0.101807 -0.958740 -0.213135 1.769048 1.342036 0.305008 102720351818.000000
0.104980 -0.960205 -0.204346 1.708046 1.525041 0.061002 102720354733.000000
0.105225 -0.958008 -0.212158 1.891051 1.830049 0.061002 102720357646.000000
0.108887 -0.962891 -0.211914 1.647044 1.708046 0.061002 102720360562.000000
0.106201 -0.961426 -0.214844 1.647044 1.586043 0.183005 102720363478.000000
0.105225 -0.963623 -0.212646 1.525041 2.196059 0.061002 102720366392.000000
0.103271 -0.961914 -0.208984 1.159031 2.257061 0.305008 102720369310.000000
0.103760 -0.958496 -0.213623 1.708046 2.379064 0.061002 102720372227.000000
0.106445 -0.961426 -0.203613 1.403038 2.562069 0.305008 102720375141.000000
0.105957 -0.957275 -0.212891 1.647044 2.440066 0.305008 102720378064.000000
0.104492 -0.962158 -0.213623 1.647044 2.684072 0.305008 102720380982.000000
0.103516 -0.959473 -0.203857 1.464040 2.684072 0.305008 102720383895.000000
0.102539 -0.964355 -0.213135 1.403038 2.928079 0.732020 102720386857.000000
0.103516 -0.962402 -0.209961 1.464040 2.745074 0.183005 102720389773.000000
0.102051 -0.963379 -0.206787 1.403038 2.745074 0.366010 102720393791.000000
0.101563 -0.963379 -0.204346 1.525041 3.111084 0.366010 102720396751.000000
0.101318 -0.962402 -0.211670 1.647044 2.562069 0.366010 102720399722.000000
0.101074 -0.967529 -0.211670 1.403038 2.989081 0.488013 102720402643.000000
0.098633 -0.961182 -0.213135 1.586043 2.806076 0.366010 102720405559.000000
0.099609 -0.964111 -0.206543 1.586043 2.745074 0.549015 102720408486.000000
0.099854 -0.965088 -0.214355 1.464040 2.379064 0.549015 102720411403.000000
0.095459 -0.963623 -0.209473 1.586043 2.745074 0.122003 102720414318.000000
0.094971 -0.962402 -0.207764 1.586043 2.379064 0.427012 102720417240.000000
0.098877 -0.959473 -0.213135 1.464040 2.501068 0.244007 102720420158.000000
0.094727 -0.962646 -0.215576 1.769048 2.501068 0.183005 102720423084.000000
0.094727 -0.960938 -0.218262 1.647044 2.379064 0.122003 102720426004.000000
0.094971 -0.965332 -0.215332 1.708046 2.257061 0.305008 102720428919.000000
0.093262 -0.962158 -0.215332 1.586043 2.013054 0.305008 102720431828.000000
0.091553 -0.962646 -0.219482 1.769048 1.952053 0.183005 102720434786.000000
0.094482 -0.961182 -0.219238 1.830049 1.525041 -0.061002 102720437698.000000
0.093750 -0.967285 -0.216553 1.952053 1.525041 0.244007 102720440607.000000
0.094482 -0.961670 -0.216064 1.830049 1.403038 -0.061002 102720443514.000000
0.097412 -0.964355 -0.211914 2.196059 1.159031 0.122003 102720446422.000000
0.092285 -0.963135 -0.225830 1.891051 0.854023 -0.061002 102720449344.000000
0.093018 -0.965332 -0.218750 2.074056 0.732020 -0.061002 102720452252.000000
0.093994 -0.963623 -0.221680 1.952053 0.549015 -0.122003 102720455157.000000
0.092773 -0.961914 -0.222412 2.562069 0.793021 -0.366010 102720458070.000000
0.092285 -0.961914 -0.214111 2.196059 0.244007 -0.122003 102720460985.000000
0.094482 -0.963379 -0.215088 2.501068 0.244007 -0.244007 102720463899.000000
0.097656 -0.965576 -0.218262 2.440066 0.183005 -0.732020 102720466858.000000
0.092773 -0.962646 -0.220703 2.379064 -0.122003 -0.488013 102720469774.000000
0.093018 -0.969482 -0.217529 2.623071 -0.427012 -0.427012 102720472689.000000
0.096680 -0.964844 -0.216553 2.562069 -0.427012 -0.305008 102720475603.000000
0.096680 -0.966553 -0.222412 2.745074 -0.305008 -0.427012 102720478528.000000
0.097900 -0.961182 -0.206055 3.172086 -0.549015 -0.488013 102720481444.000000
0.093750 -0.962646 -0.213135 2.623071 -0.671018 -0.488013 102720484360.000000
0.094971 -0.963135 -0.210449 3.172086 -0.610016 -0.610016 102720487282.000000
0.095947 -0.960938 -0.211182 2.684072 -0.549015 -0.305008 102720490202.000000
0.094238 -0.964844 -0.211914 3.050082 -0.488013 -0.671018 102720493117.000000
0.102783 -0.963867 -0.211914 2.867077 -0.671018 -0.488013 102720496032.000000
0.096924 -0.962891 -0.213379 3.172086 -1.037028 -0.427012 102720498970.000000
0.101074 -0.966064 -0.209229 3.111084 -0.549015 -0.305008 102720501884.000000
0.105469 -0.964355 -0.213379 2.928079 -1.037028 -0.610016 102720504798.000000
0.102051 -0.963379 -0.210449 2.989081 -0.671018 -0.671018 102720507720.000000
0.101807 -0.962402 -0.207031 2.623071 -0.793021 -0.488013 102720510637.000000
0.102783 -0.960449 -0.215088 2.989081 -0.793021 -0.366010 102720513552.000000
0.103760 -0.963135 -0.212158 2.745074 -0.549015 -0.366010 102720516469.000000
0.104248 -0.958984 -0.213623 3.050082 -0.549015 -0.488013 102720519395.000000
0.105225 -0.961182 -0.210205 2.684072 -0.488013 -0.549015 102720522307.000000
0.106445 -0.967285 -0.213623 2.806076 -0.427012 -0.488013 102720525263.000000
0.106445 -0.961182 -0.211426 2.684072 -0.122003 -0.366010 102720528179.000000
0.103027 -0.961670 -0.212402 2.562069 -0.183005 -0.549015 102720531090.000000
0.103760 -0.962402 -0.207520 2.684072 -0.549015 -0.610016 102720533998.000000
0.105469 -0.965088 -0.209473 2.501068 -0.183005 -0.427012 102720536943.000000
0.103271 -0.965088 -0.207275 2.623071 -0.061002 -0.427012 102720539851.000000
0.105957 -0.961670 -0.213135 2.562069 0.061002 -0.305008 102720542758.000000
0.109131 -0.962158 -0.205811 2.684072 0.122003 -0.122003 102720545664.000000
0.104980 -0.963135 -0.204834 2.562069 0.427012 -0.366010 102720548574.000000
0.110840 -0.958252 -0.202881 2.745074 0.488013 -0.244007 102720551482.000000
0.110840 -0.958008 -0.213135 2.562069 0.366010 -0.183005 102720554390.000000
0.105957 -0.964844 -0.204590 2.501068 0.732020 -0.061002 102720557303.000000
0.105225 -0.961914 -0.205322 2.440066 0.732020 -0.305008 102720560222.000000
0.106689 -0.962158 -0.200684 2.501068 0.854023 -0.122003 102720563139.000000
0.109375 -0.967773 -0.204346 2.501068 0.915025 -0.061002 102720566052.000000
0.107178 -0.965332 -0.209961 2.562069 0.976026 0.061002 102720568971.000000
0.104004 -0.964111 -0.202637 2.196059 1.098030 0.061002 102720571886.000000
0.102539 -0.966797 -0.207764 2.135058 1.098030 0.122003 102720574800.000000
0.109375 -0.965332 -0.208008 2.318063 1.281035 -0.122003 102720577724.000000
0.105957 -0.964111 -0.208008 2.135058 0.976026 -0.122003 102720580643.000000
0.105469 -0.961670 -0.209473 2.379064 1.159031 -0.183005 102720583558.000000
0.104980 -0.961182 -0.213379 2.257061 1.220033 -0.122003 102720586473.000000
0.105469 -0.961426 -0.205322 2.013054 1.220033 0.061002 102720589399.000000
0.103760 -0.958008 -0.209961 1.952053 1.342036 -0.244007 102720592315.000000
0.099609 -0.956787 -0.208740 1.708046 1.281035 0.061002 102720595230.000000
0.102051 -0.954346 -0.209229 2.135058 1.037028 -0.061002 102720598158.000000
0.098389 -0.955811 -0.210938 1.830049 1.098030 0.000000 102720601076.000000
0.099609 -0.961426 -0.215820 1.952053 1.464040 -0.061002 102720603990.000000
0.099121 -0.957520 -0.209717 2.074056 1.098030 0.061002 102720606913.000000
0.104736 -0.965088 -0.216797 2.074056 1.159031 -0.122003 102720609830.000000
0.102295 -0.962891 -0.204102 2.196059 1.159031 0.000000 102720612745.000000
0.100586 -0.963623 -0.210205 1.769048 0.732020 -0.122003 102720615659.000000
0.102295 -0.966553 -0.215088 2.196059 1.037028 0.061002 102720618583.000000
0.101563 -0.966797 -0.211670 2.379064 1.098030 0.122003 102720621497.000000
0.102539 -0.965088 -0.208496 2.501068 0.671018 0.122003 102720624411.000000
0.100342 -0.967041 -0.204102 2.318063 0.854023 -0.061002 102720627328.000000
0.102783 -0.965820 -0.209229 2.379064 0.854023 0.122003 102720630241.000000
0.105469 -0.965820 -0.210449 2.318063 0.976026 0.122003 102720633150.000000
0.104004 -0.964355 -0.206543 2.440066 0.793021 -0.183005 102720636094.000000
0.101807 -0.963623 -0.203857 2.440066 0.732020 0.000000 102720639004.000000
0.097900 -0.963379 -0.213379 2.196059 0.549015 0.000000 102720641916.000000
0.099609 -0.962158 -0.208740 2.379064 0.549015 -0.122003 102720644824.000000
0.103760 -0.964111 -0.209229 2.623071 0.610016 0.000000 102720647733.000000
0.099609 -0.962402 -0.204834 2.562069 0.366010 0.122003 102720650644.000000
0.102539 -0.961426 -0.209717 2.379064 0.000000 -0.061002 102720653551.000000
0.103516 -0.963867 -0.209229 2.379064 0.183005 0.000000 102720656465.000000
0.102051 -0.961670 -0.208740 2.501068 0.122003 -0.122003 102720659382.000000
0.103027 -0.967041 -0.224121 1.220033 -0.061002 -0.183005 102720662299.000000
0.099365 -0.969238 -0.205811 1.220033 -0.610016 -0.061002 102720665216.000000
0.105225 -0.966064 -0.197021 2.501068 -0.732020 -0.122003 102720668133.000000
0.107910 -0.958008 -0.202393 2.074056 -0.244007 -0.732020 102720671047.000000
0.109375 -0.964355 -0.204102 1.952053 -0.854023 -0.732020 102720673964.000000
0.104980 -0.963135 -0.208984 1.830049 -1.220033 -0.427012 102720676886.000000
0.104492 -0.969727 -0.208008 1.525041 -0.854023 -0.610016 102720679802.000000
0.099121 -0.955566 -0.202637 1.769048 -0.793021 -0.366010 102720682716.000000
0.098877 -0.957764 -0.199219 2.989081 -0.915025 -0.183005 102720685630.000000
0.101074 -0.954102 -0.205078 2.257061 -1.281035 0.000000 102720688555.000000
0.100342 -0.958984 -0.213379 1.586043 -1.525041 -0.122003 102720691469.000000
0.101318 -0.957520 -0.207520 1.464040 -1.342036 0.061002 102720694384.000000
0.096436 -0.962646 -0.197021 1.891051 -1.830049 -0.183005 102720697308.000000
0.095947 -0.963623 -0.182617 2.135058 -1.952053 0.000000 102720700228.000000
0.100098 -0.967529 -0.195801 2.684072 -1.220033 0.000000 102720703142.000000
0.102783 -0.971191 -0.200928 2.318063 -1.769048 -0.061002 102720706058.000000
0.096680 -0.972412 -0.203857 1.708046 -1.830049 0.122003 102720708983.000000
0.101318 -0.974365 -0.202148 1.769048 -1.342036 0.122003 102720711897.000000
0.101074 -0.970703 -0.199463 2.013054 -1.037028 0.122003 102720714826.000000
0.104736 -0.969727 -0.189941 2.257061 -0.732020 0.122003 102720717748.000000
0.100830 -0.966309 -0.206787 2.196059 -0.732020 0.305008 102720720668.000000
0.098877 -0.958496 -0.203857 1.342036 0.000000 0.000000 102720728445.000000
0.098145 -0.954834 -0.206299 1.586043 0.183005 -0.183005 102720731636.000000
0.098633 -0.958252 -0.202637 1.769048 0.549015 -0.183005 102720734612.000000
0.102783 -0.958252 -0.216553 1.464040 0.549015 -0.122003 102720737579.000000
0.098633 -0.961426 -0.212158 1.220033 0.915025 -0.305008 102720740596.000000
0.099121 -0.958740 -0.215088 1.220033 0.854023 -0.366010 102720743608.000000
0.099609 -0.963867 -0.209717 1.098030 1.464040 -0.305008 102720746527.000000
0.102539 -0.960205 -0.212891 1.281035 1.159031 -0.366010 102720749447.000000
0.099365 -0.965088 -0.222412 1.525041 1.464040 -0.549015 102720752365.000000
0.102051 -0.960449 -0.223389 0.976026 1.525041 -0.244007 102720755274.000000
0.100830 -0.967529 -0.219482 1.220033 1.403038 -0.305008 102720758184.000000
0.097900 -0.964355 -0.226807 1.220033 1.525041 -0.183005 102720761100.000000
0.097656 -0.960449 -0.217529 1.464040 1.342036 -0.366010 102720764036.000000
0.100342 -0.960693 -0.225098 1.525041 1.525041 -0.488013 102720766975.000000
0.100586 -0.966309 -0.228760 1.403038 1.586043 -0.549015 102720769904.000000
0.101318 -0.959961 -0.231201 1.525041 1.403038 -0.366010 102720772819.000000
0.097168 -0.961182 -0.230713 1.525041 1.220033 -0.549015 102720775727.000000
0.104736 -0.956543 -0.226074 1.586043 1.220033 -0.427012 102720778638.000000
0.100830 -0.957275 -0.226563 1.708046 1.220033 -0.549015 102720781555.000000
0.097412 -0.957764 -0.230713 1.952053 1.098030 -0.488013 102720784464.000000
0.097900 -0.961426 -0.228027 2.074056 0.793021 -0.610016 102720787373.000000
0.100342 -0.960449 -0.233398 2.318063 0.610016 -0.732020 102720790292.000000
0.102295 -0.961182 -0.230957 2.318063 0.305008 -0.366010 102720793200.000000
0.100586 -0.962891 -0.230957 2.379064 0.000000 -0.427012 102720796108.000000
0.101074 -0.959961 -0.227539 2.867077 0.122003 -0.244007 102720799031.000000
0.101563 -0.961182 -0.226318 2.867077 -0.305008 -0.244007 102720801942.000000
0.097900 -0.956543 -0.226074 2.989081 -0.488013 -0.366010 102720804849.000000
0.094971 -0.965088 -0.228271 3.111084 -0.549015 -0.244007 102720807759.000000
0.097168 -0.962158 -0.224121 3.111084 -0.732020 -0.366010 102720810669.000000
0.095215 -0.959473 -0.222900 3.477094 -0.976026 -0.244007 102720813580.000000
0.103027 -0.962158 -0.225586 3.538096 -0.976026 -0.366010 102720816488.000000
0.096680 -0.960449 -0.221924 3.965107 -1.281035 -0.366010 102720819414.000000
0.094238 -0.966797 -0.220459 3.538096 -1.525041 0.000000 102720822331.000000
0.098633 -0.961182 -0.219971 3.660099 -1.403038 -0.549015 102720825245.000000
0.100830 -0.965576 -0.216797 3.660099 -1.769048 -0.427012 102720828170.000000
0.100586 -0.962891 -0.215088 4.026109 -1.525041 -0.244007 102720831100.000000
0.099854 -0.963379 -0.214111 4.087110 -1.708046 -0.305008 102720834012.000000
0.099365 -0.957275 -0.215088 3.904105 -1.647044 -0.427012 102720836926.000000
0.099365 -0.962646 -0.208740 4.087110 -1.830049 -0.244007 102720839852.000000
0.101074 -0.966797 -0.210693 3.904105 -1.952053 -0.549015 102720842783.000000
0.100586 -0.965088 -0.208252 3.904105 -1.830049 -0.610016 102720845699.000000
0.103516 -0.963379 -0.204346 3.904105 -2.257061 -0.427012 102720848611.000000
0.100342 -0.962891 -0.208252 3.782102 -1.891051 -0.854023 102720851528.000000
0.103027 -0.964111 -0.202148 3.538096 -1.891051 -0.610016 102720854436.000000
0.104736 -0.968506 -0.202881 3.904105 -2.135058 -0.610016 102720857365.000000
0.102783 -0.966309 -0.195313 3.477094 -2.013054 -0.549015 102720860286.000000
0.105713 -0.967041 -0.193359 3.721100 -2.257061 -0.671018 102720863216.000000
0.106934 -0.967285 -0.200928 3.477094 -1.891051 -0.732020 102720866132.000000
0.107178 -0.966797 -0.194336 3.599097 -2.013054 -0.793021 102720869057.000000
0.105469 -0.968018 -0.193359 3.477094 -2.196059 -0.915025 102720871978.000000
0.104736 -0.965576 -0.195801 3.721100 -2.196059 -0.854023 102720874911.000000
0.103516 -0.964600 -0.191406 3.233087 -2.074056 -0.854023 102720877835.000000
0.105225 -0.966064 -0.188477 3.294089 -2.196059 -0.976026 102720880753.000000
0.103027 -0.961426 -0.194824 3.416092 -2.318063 -0.976026 102720883668.000000
0.104736 -0.959961 -0.199219 3.172086 -2.318063 -0.793021 102720886582.000000
0.102783 -0.963623 -0.193115 2.867077 -2.257061 -0.915025 102720889531.000000
0.104248 -0.966064 -0.195801 2.989081 -2.318063 -1.159031 102720892449.000000
0.107422 -0.963135 -0.193359 2.806076 -2.562069 -0.976026 102720895365.000000
0.103760 -0.961426 -0.200928 2.623071 -2.806076 -0.976026 102720898321.000000
0.104492 -0.965088 -0.196289 2.745074 -2.440066 -0.793021 102720901429.000000
0.102051 -0.968018 -0.197754 2.501068 -2.623071 -1.220033 102720904530.000000
0.103760 -0.964111 -0.192871 2.684072 -2.623071 -0.915025 102720907556.000000
0.103027 -0.966797 -0.197021 2.501068 -2.806076 -1.037028 102720910525.000000
0.104004 -0.966797 -0.197998 2.501068 -2.501068 -0.915025 102720913443.000000
0.103760 -0.963379 -0.200684 2.562069 -2.684072 -1.037028 102720916360.000000
0.107422 -0.962891 -0.199951 2.684072 -2.684072 -0.976026 102720919277.000000
0.101074 -0.961670 -0.208984 2.440066 -2.440066 -0.976026 102720922194.000000
0.108398 -0.963867 -0.202881 2.745074 -2.745074 -0.854023 102720925109.000000
0.103271 -0.963623 -0.201416 2.562069 -2.745074 -0.976026 102720928031.000000
0.106934 -0.965820 -0.203857 2.623071 -2.623071 -0.854023 102720930962.000000
0.106689 -0.961426 -0.207275 2.684072 -2.623071 -1.037028 102720933877.000000
0.105225 -0.959961 -0.202393 2.501068 -2.501068 -0.854023 102720936793.000000
0.110840 -0.963135 -0.212646 2.745074 -2.623071 -0.671018 102720939768.000000
0.106934 -0.961670 -0.209473 2.684072 -2.440066 -0.732020 102720942689.000000
0.109375 -0.966064 -0.205566 2.928079 -2.379064 -0.793021 102720945604.000000
0.110107 -0.960449 -0.212158 2.745074 -2.013054 -0.671018 102720948522.000000
0.115967 -0.966064 -0.205322 2.562069 -2.135058 -0.549015 102720951439.000000
0.116943 -0.962402 -0.211914 2.928079 -2.074056 -0.549015 102720954355.000000
0.119385 -0.963623 -0.207275 2.806076 -1.769048 -0.610016 102720957273.000000
0.115723 -0.961670 -0.205078 2.684072 -1.891051 -0.732020 102720960199.000000
0.118408 -0.961426 -0.207275 2.623071 -1.586043 -0.366010 102720963114.000000
0.115967 -0.962646 -0.209229 2.501068 -1.586043 -0.427012 102720966029.000000
0.115723 -0.959473 -0.203857 2.623071 -1.403038 -0.488013 102720968952.000000
0.114014 -0.963623 -0.212158 2.562069 -0.976026 -0.671018 102720971870.000000
0.116455 -0.961426 -0.211182 2.440066 -1.159031 -0.549015 102720974785.000000
0.116943 -0.958252 -0.209961 2.806076 -0.854023 -0.305008 102720977704.000000
0.116211 -0.955322 -0.212646 2.318063 -0.915025 -0.305008 102720980625.000000
0.114258 -0.956055 -0.215576 2.623071 -0.854023 -0.183005 102720983540.000000
0.114014 -0.958252 -0.211914 2.501068 -0.732020 -0.244007 102720986455.000000
0.109863 -0.957520 -0.210693 2.501068 -0.732020 -0.366010 102720989382.000000
0.110840 -0.958984 -0.216553 2.379064 -0.854023 -0.122003 102720992298.000000
0.111328 -0.958008 -0.212158 2.623071 -0.427012 -0.061002 102720995217.000000
0.110840 -0.957764 -0.210938 2.501068 -0.732020 -0.122003 102720998138.000000
0.103027 -0.959473 -0.210938 2.379064 -0.610016 0.122003 102721001057.000000
0.104004 -0.957275 -0.217773 2.257061 -0.671018 0.000000 102721003975.000000
0.100586 -0.961914 -0.213623 2.379064 -0.671018 0.305008 102721006911.000000
0.105469 -0.963867 -0.213379 2.562069 -0.610016 0.122003 102721009830.000000
0.101563 -0.962891 -0.210449 2.623071 -0.427012 0.061002 102721012745.000000
0.097656 -0.967285 -0.212402 2.440066 -0.671018 0.366010 102721015660.000000
0.102783 -0.966309 -0.210205 2.745074 -0.915025 0.122003 102721018587.000000
0.099609 -0.965576 -0.214355 2.379064 -0.549015 0.061002 102721021511.000000
0.097412 -0.962891 -0.219482 2.440066 -0.915025 0.183005 102721024427.000000
0.095703 -0.960693 -0.212646 2.379064 -0.732020 0.183005 102721027346.000000
0.099365 -0.965820 -0.211914 2.623071 -0.732020 0.244007 102721030271.000000
0.098633 -0.964844 -0.207764 2.379064 -0.854023 0.122003 102721033186.000000
0.102295 -0.963135 -0.214600 2.623071 -0.854023 0.244007 102721036103.000000
0.103027 -0.965332 -0.218994 2.745074 -0.732020 0.183005 102721039027.000000
0.102539 -0.966309 -0.215088 2.440066 -0.976026 0.122003 102721041946.000000
0.100098 -0.958252 -0.209473 2.379064 -0.854023 0.122003 102721044861.000000
0.098633 -0.964600 -0.210938 2.745074 -0.854023 0.000000 102721047779.000000
0.099854 -0.964111 -0.206787 2.623071 -0.854023 0.183005 102721050694.000000
0.096680 -0.961182 -0.205322 2.928079 -0.976026 0.061002 102721053615.000000
0.096924 -0.960693 -0.212646 2.501068 -1.098030 -0.122003 102721056531.000000
0.101807 -0.960938 -0.210205 2.196059 -0.976026 0.061002 102721059452.000000
0.102539 -0.962158 -0.209961 2.684072 -1.037028 -0.244007 102721062366.000000
0.100342 -0.961914 -0.213867 2.684072 -0.854023 0.000000 102721065289.000000
0.100098 -0.964111 -0.206299 2.928079 -0.976026 -0.061002 102721068213.000000
0.100830 -0.958496 -0.213623 2.867077 -0.610016 0.000000 102721071128.000000
0.100342 -0.964111 -0.211182 2.684072 -1.159031 -0.427012 102721074044.000000
0.096924 -0.964355 -0.209473 2.806076 -0.915025 -0.244007 102721076961.000000
0.103516 -0.967529 -0.209961 2.989081 -0.915025 -0.244007 102721079875.000000
0.102539 -0.966797 -0.203125 2.989081 -1.098030 -0.061002 102721082805.000000
0.100342 -0.964111 -0.210693 2.928079 -1.159031 -0.061002 102721085727.000000
0.103271 -0.965820 -0.213135 2.684072 -1.098030 -0.305008 102721088654.000000
0.097656 -0.967529 -0.212158 2.989081 -1.342036 -0.183005 102721091570.000000
0.102051 -0.967773 -0.206299 2.745074 -0.793021 -0.183005 102721094485.000000
0.095947 -0.968262 -0.211426 2.989081 -1.220033 0.122003 102721097408.000000
0.103271 -0.963379 -0.207031 3.172086 -1.098030 -0.488013 102721100329.000000
0.098389 -0.965576 -0.216064 3.111084 -1.281035 -0.305008 102721103251.000000
0.099609 -0.968262 -0.213867 3.172086 -1.403038 -0.305008 102721106168.000000
0.099609 -0.967285 -0.214600 2.684072 -1.281035 -0.061002 102721109096.000000
0.100830 -0.963379 -0.204590 3.172086 -1.098030 -0.061002 102721112012.000000
0.104980 -0.965088 -0.210938 3.172086 -1.220033 -0.122003 102721114939.000000
0.103271 -0.960693 -0.202637 3.538096 -1.586043 -0.183005 102721117861.000000
0.105469 -0.963135 -0.211914 2.989081 -1.037028 -0.183005 102721120786.000000
0.104492 -0.964111 -0.210205 2.806076 -1.037028 -0.183005 102721123714.000000
0.105225 -0.965820 -0.209473 2.989081 -1.281035 -0.305008 102721126628.000000
0.107666 -0.961670 -0.204346 3.355091 -0.976026 -0.244007 102721129547.000000
0.105957 -0.962891 -0.206787 3.294089 -1.098030 -0.366010 102721132464.000000
0.108887 -0.963623 -0.212891 3.233087 -0.732020 -0.366010 102721135385.000000
0.104980 -0.961670 -0.216553 2.928079 -0.793021 0.000000 102721138306.000000
0.106689 -0.964600 -0.212158 3.111084 -0.671018 -0.244007 102721141221.000000
0.104736 -0.959961 -0.213623 2.989081 -0.488013 -0.122003 102721144136.000000
0.103027 -0.963867 -0.209229 3.050082 -0.427012 -0.122003 102721147053.000000
0.101074 -0.963379 -0.214355 3.172086 -0.244007 -0.244007 102721149968.000000
0.104980 -0.960938 -0.213623 3.233087 -0.122003 -0.305008 102721152884.000000
0.099609 -0.961426 -0.218262 3.172086 0.122003 -0.183005 102721155801.000000
0.102051 -0.965088 -0.211182 3.111084 -0.122003 -0.122003 102721158719.000000
0.101318 -0.965820 -0.206787 3.416092 -0.122003 -0.061002 102721161635.000000
0.101563 -0.967285 -0.207275 3.416092 0.061002 -0.183005 102721164555.000000
0.097656 -0.973877 -0.208008 3.416092 -0.122003 -0.244007 102721167472.000000
0.098389 -0.967285 -0.206299 3.782102 0.000000 -0.244007 102721170387.000000
0.102051 -0.971191 -0.208252 3.477094 -0.183005 -0.366010 102721173308.000000
0.101074 -0.968262 -0.210449 3.660099 -0.183005 -0.366010 102721176224.000000
0.098389 -0.972656 -0.204102 3.843104 -0.488013 -0.366010 102721179144.000000
0.100342 -0.966797 -0.206055 3.721100 -0.488013 -0.549015 102721182058.000000
0.102051 -0.964844 -0.208984 3.782102 -0.549015 -0.427012 102721184973.000000
0.099121 -0.965088 -0.206055 3.782102 -0.976026 -0.488013 102721187895.000000
0.100586 -0.966309 -0.204834 3.843104 -1.037028 -0.549015 102721190820.000000
0.097412 -0.960938 -0.206299 3.965107 -1.403038 -0.671018 102721193736.000000
0.097656 -0.962646 -0.204834 4.087110 -1.342036 -0.488013 102721196651.000000
0.102783 -0.961914 -0.211182 3.660099 -1.342036 -0.915025 102721199578.000000
0.101807 -0.953857 -0.203613 3.904105 -1.464040 -0.610016 102721202495.000000
0.102539 -0.957275 -0.215576 3.965107 -1.647044 -0.488013 102721205410.000000
0.098145 -0.954834 -0.205811 3.904105 -2.013054 -0.915025 102721208338.000000
0.102051 -0.954590 -0.221191 3.721100 -1.952053 -1.037028 102721211253.000000
0.100830 -0.958496 -0.220215 3.782102 -1.647044 -0.366010 102721214167.000000
0.103027 -0.956787 -0.217041 3.782102 -1.952053 -0.793021 102721217092.000000
0.101074 -0.958496 -0.222168 3.782102 -1.952053 -0.854023 102721220013.000000
0.098145 -0.958984 -0.216553 3.904105 -2.013054 -0.976026 102721222934.000000
0.102051 -0.954834 -0.212158 3.843104 -2.196059 -0.732020 102721225856.000000
0.101074 -0.954102 -0.217285 3.965107 -2.257061 -0.793021 102721228773.000000
0.098633 -0.958740 -0.220459 3.965107 -2.684072 -0.671018 102721231688.000000
0.100098 -0.956055 -0.228760 4.209114 -2.989081 -0.793021 102721234605.000000
0.098877 -0.958740 -0.215576 3.965107 -2.684072 -0.549015 102721237523.000000
0.099609 -0.961182 -0.222412 4.209114 -2.806076 -0.732020 102721240439.000000
0.097900 -0.961670 -0.219971 4.148112 -2.928079 -0.549015 102721243355.000000
0.101807 -0.960938 -0.224365 4.514122 -2.928079 -0.915025 102721246272.000000
0.101807 -0.958252 -0.222168 4.636125 -3.111084 -0.610016 102721249190.000000
0.098633 -0.962891 -0.221191 4.209114 -3.172086 -0.427012 102721252104.000000
0.100830 -0.957275 -0.223145 4.819130 -3.172086 -0.244007 102721255018.000000
0.101807 -0.959717 -0.216553 4.880132 -3.294089 -0.427012 102721257937.000000
0.105469 -0.959229 -0.218750 5.002135 -3.172086 -0.488013 102721260859.000000
0.106445 -0.961426 -0.216797 4.819130 -3.111084 -0.366010 102721263779.000000
0.105469 -0.961426 -0.226074 5.124138 -3.172086 -0.549015 102721266697.000000
0.108643 -0.965576 -0.216309 5.185140 -2.989081 -0.305008 102721269615.000000
0.108154 -0.960938 -0.219482 5.002135 -2.989081 -0.488013 102721272532.000000
0.108643 -0.959961 -0.209473 4.880132 -3.111084 -0.427012 102721275448.000000
0.103760 -0.958984 -0.213867 5.185140 -2.867077 -0.305008 102721278365.000000
0.108643 -0.962158 -0.212891 5.185140 -2.989081 -0.305008 102721281281.000000
0.104492 -0.960205 -0.208984 4.941133 -2.867077 -0.244007 102721284196.000000
0.104980 -0.959473 -0.203125 5.002135 -2.623071 -0.183005 102721287118.000000
0.099365 -0.959717 -0.212158 5.246142 -2.379064 -0.366010 102721290037.000000
0.105713 -0.956055 -0.211914 5.246142 -2.562069 -0.244007 102721292952.000000
0.105469 -0.964600 -0.209229 4.880132 -2.379064 0.000000 102721295876.000000
0.103760 -0.960693 -0.207031 5.246142 -2.501068 -0.366010 102721298816.000000
0.106689 -0.961426 -0.201904 4.636125 -2.440066 -0.366010 102721301731.000000
0.103271 -0.961670 -0.195068 4.880132 -2.318063 -0.244007 102721304647.000000
0.101318 -0.960693 -0.203369 4.758128 -2.257061 -0.305008 102721307563.000000
0.106445 -0.959473 -0.200928 4.697127 -2.196059 -0.427012 102721310477.000000
0.104248 -0.959229 -0.208984 4.575124 -2.379064 -0.061002 102721313407.000000
0.102783 -0.960938 -0.210205 4.270115 -2.440066 -0.427012 102721316330.000000
0.103027 -0.955078 -0.212158 3.660099 -2.379064 -0.549015 102721319256.000000
0.102295 -0.955811 -0.213867 3.477094 -2.501068 -0.427012 102721322180.000000
0.097900 -0.962646 -0.208740 3.111084 -2.806076 -0.183005 102721325101.000000
0.097656 -0.964111 -0.203857 3.782102 -2.440066 -0.244007 102721328019.000000
0.099609 -0.976807 -0.178223 4.575124 -1.952053 -0.122003 102721330951.000000
0.101074 -0.973633 -0.180664 5.307143 -2.196059 -0.427012 102721333866.000000
0.099121 -0.976563 -0.191895 5.307143 -1.586043 -0.549015 102721336786.000000
0.103271 -0.976074 -0.194336 4.758128 -2.135058 -0.488013 102721339744.000000
0.103027 -0.976318 -0.197510 4.331117 -2.196059 -0.122003 102721342660.000000
0.098633 -0.970459 -0.183350 4.453120 -2.196059 -0.427012 102721345577.000000
0.097168 -0.970703 -0.184082 4.880132 -2.379064 -0.183005 102721348495.000000
0.099121 -0.964844 -0.188965 4.575124 -2.257061 -0.183005 102721351410.000000
0.097412 -0.958008 -0.192383 3.965107 -2.562069 -0.305008 102721354326.000000
0.091064 -0.958496 -0.196289 3.416092 -2.623071 -0.305008 102721357244.000000
0.091797 -0.961670 -0.195068 3.111084 -3.294089 -0.366010 102721360162.000000
0.099121 -0.968506 -0.190430 3.233087 -2.623071 -0.488013 102721363079.000000
0.098145 -0.970947 -0.176758 3.782102 -2.501068 -0.366010 102721365994.000000
0.101563 -0.976074 -0.174316 4.270115 -2.440066 -0.610016 102721368913.000000
0.102783 -0.975098 -0.175293 4.514122 -2.684072 -0.732020 102721371829.000000
0.103271 -0.973877 -0.187012 4.087110 -2.501068 -0.610016 102721374746.000000
0.103516 -0.970703 -0.185791 3.904105 -2.745074 -0.732020 102721377664.000000
0.101563 -0.972412 -0.183350 3.965107 -2.806076 -0.732020 102721380589.000000
0.101563 -0.966553 -0.181885 4.087110 -2.867077 -0.610016 102721383504.000000
0.100098 -0.968994 -0.184082 4.026109 -2.806076 -0.854023 102721386428.000000
0.095947 -0.968750 -0.185547 3.965107 -2.867077 -0.976026 102721389355.000000
0.100586 -0.967285 -0.197754 3.599097 -3.172086 -1.098030 102721392271.000000
0.099609 -0.967773 -0.190918 3.782102 -3.050082 -0.793021 102721395186.000000
0.095459 -0.971924 -0.185303 3.721100 -3.050082 -1.098030 102721398109.000000
0.097412 -0.968994 -0.189697 4.148112 -2.989081 -1.037028 102721401027.000000
0.098145 -0.970215 -0.191895 4.209114 -3.233087 -1.159031 102721403944.000000
0.096191 -0.969482 -0.189941 4.087110 -3.233087 -1.159031 102721406866.000000
0.099854 -0.969482 -0.197021 4.331117 -3.172086 -1.098030 102721409787.000000
0.098877 -0.967529 -0.198242 4.026109 -3.660099 -1.403038 102721412702.000000
0.095947 -0.965088 -0.194092 4.148112 -3.355091 -1.098030 102721415619.000000
0.099121 -0.959229 -0.189209 3.904105 -3.599097 -1.159031 102721418552.000000
0.100586 -0.957275 -0.196533 3.965107 -3.660099 -1.037028 102721421467.000000
0.099854 -0.957764 -0.200195 3.843104 -3.599097 -1.403038 102721424382.000000
0.099854 -0.958252 -0.204346 3.538096 -3.843104 -1.159031 102721427306.000000
0.104004 -0.957520 -0.199463 3.599097 -3.721100 -1.098030 102721430224.000000
0.104248 -0.958740 -0.203613 3.233087 -3.721100 -0.976026 102721433140.000000
0.106201 -0.959717 -0.204102 3.416092 -3.721100 -1.037028 102721436058.000000
0.104004 -0.958984 -0.203857 3.477094 -3.294089 -1.098030 102721438975.000000
0.108887 -0.961182 -0.199463 3.294089 -3.233087 -0.976026 102721441890.000000
0.105225 -0.962158 -0.206055 3.111084 -3.416092 -1.159031 102721444805.000000
0.107422 -0.962646 -0.205322 2.928079 -2.989081 -0.854023 102721447723.000000
0.106445 -0.962891 -0.210205 3.111084 -3.233087 -1.281035 102721450640.000000
0.105469 -0.959961 -0.201904 3.233087 -2.867077 -0.610016 102721453557.000000
0.107666 -0.961426 -0.197754 2.989081 -2.928079 -1.098030 102721456473.000000
0.107910 -0.958252 -0.198486 2.989081 -2.562069 -0.671018 102721459391.000000
0.104004 -0.966553 -0.208984 2.928079 -2.806076 -0.976026 102721462305.000000
0.104736 -0.961914 -0.194580 3.233087 -2.745074 -0.671018 102721465220.000000
0.104248 -0.962158 -0.199463 2.867077 -2.562069 -0.793021 102721468146.000000
0.106201 -0.962402 -0.200195 3.172086 -2.135058 -0.671018 102721471063.000000
0.105713 -0.961426 -0.196289 2.867077 -2.318063 -0.610016 102721473979.000000
0.108154 -0.961426 -0.193848 2.806076 -2.257061 -0.610016 102721476897.000000
0.106689 -0.964844 -0.193604 2.989081 -2.135058 -0.305008 102721479812.000000
0.109863 -0.963867 -0.195801 2.928079 -1.830049 -0.366010 102721482728.000000
0.109863 -0.965820 -0.191650 2.928079 -1.708046 -0.549015 102721485643.000000
0.104248 -0.963623 -0.195068 2.928079 -1.403038 -0.488013 102721488569.000000
0.105713 -0.968018 -0.191895 3.111084 -1.586043 -0.305008 102721491488.000000
0.108643 -0.964600 -0.192871 2.989081 -1.037028 -0.305008 102721494405.000000
0.109619 -0.964355 -0.186523 2.867077 -0.915025 -0.427012 102721497329.000000
0.109619 -0.964600 -0.189209 2.806076 -0.549015 -0.305008 102721500248.000000
0.108154 -0.970215 -0.191895 2.806076 -0.305008 -0.244007 102721503163.000000
0.111328 -0.968994 -0.187256 2.562069 -0.244007 -0.305008 102721506078.000000
0.109619 -0.971436 -0.191406 2.440066 0.366010 -0.366010 102721509009.000000
0.109619 -0.969727 -0.187012 2.257061 0.366010 -0.366010 102721511925.000000
0.114502 -0.970215 -0.190674 2.379064 0.915025 -0.427012 102721514855.000000
0.110596 -0.967529 -0.189697 2.135058 1.281035 -0.366010 102721517778.000000
0.109619 -0.974609 -0.191406 2.074056 1.403038 -0.549015 102721520696.000000
0.110840 -0.969482 -0.187744 2.074056 1.586043 -0.732020 102721523623.000000
0.107178 -0.968506 -0.194092 1.830049 1.525041 -0.549015 102721526539.000000
0.108398 -0.966797 -0.186035 1.769048 2.135058 -0.732020 102721529469.000000
0.109375 -0.968018 -0.186768 2.013054 1.769048 -0.549015 102721532388.000000
0.105957 -0.964111 -0.189453 1.891051 2.257061 -0.854023 102721535303.000000
0.108398 -0.966553 -0.200684 1.769048 2.135058 -0.610016 102721538319.000000
0.105957 -0.963623 -0.193848 1.403038 2.135058 -0.732020 102721541240.000000
0.108887 -0.964844 -0.186279 1.525041 2.196059 -0.732020 102721544226.000000
0.104736 -0.964600 -0.194092 1.769048 2.013054 -0.244007 102721547147.000000
0.102295 -0.965576 -0.199707 1.525041 1.830049 -0.610016 102721550062.000000
0.100098 -0.966553 -0.202637 1.464040 1.952053 -0.488013 102721552978.000000
0.102539 -0.960205 -0.200195 1.464040 1.708046 -0.610016 102721555894.000000
0.105225 -0.961426 -0.200928 1.464040 1.891051 -0.610016 102721558819.000000
0.108398 -0.965332 -0.203857 1.586043 1.525041 -0.549015 102721561738.000000
0.104736 -0.959473 -0.200684 1.586043 1.586043 -0.488013 102721564653.000000
0.103516 -0.960449 -0.200928 1.464040 1.525041 -0.610016 102721567571.000000
0.103516 -0.962402 -0.204590 1.769048 1.159031 -0.549015 102721570487.000000
0.102539 -0.956055 -0.207520 1.464040 1.159031 -0.488013 102721573403.000000
0.099365 -0.957031 -0.210449 1.647044 1.525041 -0.488013 102721576319.000000
0.100586 -0.962402 -0.207764 1.525041 1.037028 -0.366010 102721579243.000000
0.102051 -0.958008 -0.208252 1.586043 0.854023 -0.671018 102721582158.000000
0.096436 -0.957275 -0.215820 1.952053 0.793021 -0.610016 102721585075.000000
0.102051 -0.960693 -0.214600 1.891051 0.610016 -0.305008 102721587999.000000
0.101074 -0.957764 -0.211914 1.952053 0.610016 -0.366010 102721590917.000000
0.096436 -0.964111 -0.211426 2.257061 0.610016 -0.488013 102721593834.000000
0.099121 -0.963867 -0.222656 2.440066 0.610016 -0.366010 102721596748.000000
0.101074 -0.963379 -0.217529 2.501068 0.244007 -0.244007 102721599705.000000
0.098633 -0.965332 -0.219971 2.745074 0.549015 -0.427012 102721602621.000000
0.102295 -0.961914 -0.215820 2.684072 0.061002 -0.244007 102721605537.000000
0.096680 -0.962646 -0.215088 2.989081 0.366010 -0.427012 102721608465.000000
0.102783 -0.963867 -0.217285 3.172086 0.427012 -0.488013 102721611383.000000
0.101074 -0.966309 -0.218994 3.172086 0.488013 -0.305008 102721614298.000000
0.101318 -0.961426 -0.221191 3.294089 0.305008 -0.671018 102721617221.000000
0.101807 -0.958496 -0.218018 3.050082 0.427012 -0.122003 102721620140.000000
0.105469 -0.958008 -0.214111 3.538096 0.244007 -0.427012 102721623055.000000
0.104492 -0.959473 -0.219482 3.416092 0.366010 -0.549015 102721625977.000000
0.104004 -0.960938 -0.212891 3.538096 0.366010 -0.244007 102721628905.000000
0.105957 -0.961670 -0.210205 3.477094 0.549015 -0.183005 102721631822.000000
0.107422 -0.955811 -0.210938 3.660099 0.549015 -0.122003 102721634757.000000
0.107422 -0.961182 -0.208984 3.599097 0.915025 -0.183005 102721637676.000000
0.107910 -0.962891 -0.199951 3.477094 0.976026 -0.366010 102721640592.000000
0.107666 -0.961182 -0.206055 3.721100 0.915025 -0.183005 102721643534.000000
0.108154 -0.962646 -0.204102 4.026109 0.732020 -0.366010 102721646451.000000
0.109375 -0.963379 -0.200439 4.148112 1.037028 -0.488013 102721649380.000000
0.115234 -0.969971 -0.202393 4.026109 0.854023 -0.366010 102721652297.000000
0.109131 -0.966064 -0.194336 4.148112 1.098030 -0.244007 102721655213.000000
0.109131 -0.971191 -0.194092 4.026109 1.159031 -0.549015 102721658131.000000
0.112793 -0.967041 -0.191162 3.904105 1.159031 -0.244007 102721661047.000000
0.113281 -0.965332 -0.189453 3.965107 1.037028 -0.305008 102721663968.000000
0.110107 -0.964111 -0.198242 3.660099 1.037028 -0.122003 102721666902.000000
0.112305 -0.960205 -0.188965 3.538096 0.915025 -0.366010 102721669817.000000
0.109131 -0.962402 -0.187012 3.355091 1.098030 -0.549015 102721672732.000000
0.112793 -0.962402 -0.188232 3.721100 0.793021 -0.183005 102721675649.000000
0.113281 -0.961670 -0.184570 3.477094 0.488013 -0.183005 102721678568.000000
0.112549 -0.960205 -0.189209 3.477094 0.854023 -0.488013 102721681494.000000
0.115479 -0.964111 -0.185303 3.538096 0.610016 -0.183005 102721684409.000000
0.111816 -0.965576 -0.182373 3.477094 0.366010 -0.122003 102721687330.000000
0.112549 -0.961426 -0.188965 3.477094 0.244007 -0.183005 102721690250.000000
0.108154 -0.963623 -0.192871 3.355091 0.183005 -0.122003 102721693166.000000
0.115479 -0.959961 -0.198486 3.965107 0.000000 -0.427012 102721696091.000000
0.116699 -0.956543 -0.229004 1.952053 -0.427012 -0.488013 102721699018.000000
0.107422 -0.948730 -0.228027 1.037028 -1.037028 -0.488013 102721701935.000000
0.098389 -0.958984 -0.203857 0.488013 -1.891051 -0.244007 102721704858.000000
0.102295 -0.967041 -0.192871 2.196059 -1.342036 -0.183005 102721707784.000000
0.103027 -0.979248 -0.161133 4.514122 -0.183005 -0.244007 102721710704.000000
0.109131 -0.979248 -0.170654 6.222168 0.061002 -0.427012 102721713619.000000
0.106934 -0.980713 -0.192871 5.917160 -0.488013 -0.366010 102721716535.000000
0.103027 -0.980469 -0.209961 4.209114 -0.732020 -0.305008 102721719460.000000
0.104492 -0.977539 -0.207031 3.660099 -1.220033 -0.488013 102721722377.000000
0.098145 -0.971436 -0.190918 4.636125 -1.525041 -0.183005 102721725291.000000
0.096924 -0.960449 -0.181641 5.307143 -1.220033 -0.366010 102721728207.000000
0.098145 -0.955078 -0.194580 5.185140 -1.464040 -0.671018 102721731125.000000
0.095703 -0.952148 -0.212158 3.721100 -2.135058 -0.427012 102721734042.000000
0.092529 -0.952881 -0.213867 2.928079 -2.867077 -0.305008 102721736961.000000
0.090820 -0.961670 -0.191406 3.294089 -2.806076 -0.366010 102721739876.000000
0.095215 -0.970703 -0.165527 4.758128 -2.074056 -0.183005 102721742790.000000
0.104492 -0.975586 -0.173584 6.222168 -1.891051 -0.305008 102721745735.000000
0.104492 -0.976563 -0.187012 6.100165 -2.074056 -0.427012 102721748655.000000
0.106201 -0.977539 -0.197754 5.246142 -2.501068 -0.244007 102721751572.000000
0.103027 -0.968750 -0.206543 4.026109 -3.294089 -0.244007 102721754488.000000
0.104980 -0.969238 -0.193604 3.904105 -3.172086 -0.183005 102721757405.000000
0.104736 -0.967041 -0.174072 5.063137 -2.806076 -0.244007 102721760321.000000
0.108887 -0.962158 -0.182861 6.039163 -2.318063 -0.366010 102721763236.000000
0.109375 -0.963867 -0.193359 5.124138 -2.562069 -0.732020 102721766151.000000
0.109131 -0.961182 -0.211914 3.538096 -2.745074 -0.549015 102721769070.000000
0.107910 -0.965332 -0.201172 2.928079 -2.623071 -0.793021 102721771985.000000
0.106445 -0.969971 -0.184814 3.416092 -2.196059 -0.854023 102721774901.000000
0.110107 -0.972656 -0.169678 4.697127 -1.403038 -0.610016 102721777819.000000
0.115234 -0.971680 -0.173340 5.246142 -0.793021 -0.732020 102721780733.000000
0.109619 -0.972412 -0.187500 5.063137 -0.915025 -0.854023 102721783649.000000
0.111084 -0.975830 -0.204834 3.660099 -1.281035 -0.854023 102721786564.000000
0.107178 -0.973633 -0.187988 3.416092 -1.220033 -0.488013 102721789492.000000
0.106201 -0.968018 -0.178223 3.904105 -1.037028 -0.549015 102721792409.000000
0.109863 -0.965332 -0.174316 4.819130 -0.732020 -0.610016 102721795324.000000
0.106445 -0.963135 -0.184326 4.514122 -1.220033 -0.671018 102721798247.000000
0.104980 -0.964355 -0.196533 3.538096 -1.159031 -0.610016 102721801162.000000
0.105469 -0.963379 -0.201172 2.623071 -1.586043 -0.549015 102721804089.000000
0.109131 -0.965332 -0.185303 2.867077 -1.220033 -0.732020 102721807007.000000
0.109863 -0.966553 -0.169922 3.416092 -0.793021 -0.549015 102721809924.000000
0.109131 -0.969971 -0.175781 4.209114 -0.305008 -0.610016 102721812840.000000
0.104980 -0.972900 -0.197021 3.538096 -0.671018 -0.732020 102721815755.000000
0.106934 -0.969971 -0.194580 3.050082 -1.281035 -0.427012 102721818683.000000
0.108398 -0.971436 -0.200684 2.013054 -1.464040 -0.366010 102721821597.000000
0.104736 -0.970947 -0.192871 2.562069 -1.037028 -0.549015 102721824513.000000
0.107910 -0.967773 -0.177979 3.294089 -0.915025 -0.549015 102721827436.000000
0.113525 -0.969971 -0.180664 4.026109 -0.427012 -0.793021 102721830355.000000
0.106934 -0.966064 -0.192871 3.538096 -0.488013 -0.732020 102721833270.000000
0.109619 -0.966309 -0.201172 2.745074 -1.220033 -0.610016 102721836188.000000
0.105225 -0.961426 -0.208984 1.952053 -1.464040 -0.488013 102721839106.000000
0.102295 -0.956055 -0.197754 2.257061 -1.159031 -0.732020 102721842023.000000
0.104492 -0.958008 -0.194824 2.623071 -0.854023 -0.366010 102721844963.000000
0.101074 -0.959717 -0.193604 2.745074 -0.976026 -0.793021 102721847882.000000
0.101807 -0.963135 -0.190918 2.623071 -1.464040 -0.366010 102721850812.000000
0.098633 -0.959229 -0.207764 2.379064 -1.098030 -0.366010 102721853728.000000
0.100342 -0.964844 -0.200439 2.379064 -1.403038 -0.610016 102721856645.000000
0.102051 -0.967529 -0.196289 2.501068 -1.220033 -0.183005 102721860682.000000
0.099365 -0.966309 -0.202393 2.684072 -0.976026 -0.305008 102721863635.000000
0.099365 -0.966309 -0.202637 2.867077 -1.281035 -0.427012 102721866556.000000
0.102295 -0.968506 -0.212402 2.684072 -0.915025 -0.244007 102721869479.000000
0.105225 -0.968506 -0.202393 2.379064 -0.915025 -0.122003 102721872407.000000
0.099121 -0.965088 -0.206543 2.867077 -0.976026 -0.305008 102721875325.000000
0.097412 -0.968262 -0.208740 2.684072 -0.976026 -0.183005 102721878249.000000
0.096436 -0.963623 -0.216553 2.318063 -1.403038 -0.061002 102721881167.000000
0.095703 -0.965820 -0.212891 2.379064 -0.976026 -0.183005 102721884083.000000
0.095703 -0.961426 -0.213135 2.501068 -1.342036 -0.122003 102721887006.000000
0.096191 -0.965088 -0.204834 2.562069 -1.403038 -0.305008 102721889926.000000
0.097412 -0.962646 -0.214111 2.562069 -1.281035 -0.244007 102721892843.000000
0.102295 -0.959717 -0.209961 2.745074 -1.403038 -0.366010 102721895759.000000
0.099609 -0.961670 -0.209717 2.623071 -1.464040 -0.244007 102721898677.000000
0.100098 -0.958252 -0.211914 2.013054 -1.830049 -0.549015 102721901593.000000
0.098877 -0.959961 -0.210693 2.074056 -1.464040 -0.488013 102721904509.000000
0.098145 -0.954346 -0.204590 2.318063 -1.891051 -0.427012 102721907432.000000
0.102051 -0.953125 -0.207275 2.379064 -1.403038 -0.549015 102721910351.000000
0.099854 -0.955811 -0.203125 2.379064 -1.769048 -0.549015 102721913269.000000
0.101563 -0.952637 -0.211914 2.562069 -1.525041 -0.427012 102721916183.000000
0.103760 -0.952148 -0.215332 2.501068 -1.586043 -0.366010 102721919107.000000
0.100830 -0.957031 -0.209717 2.318063 -1.708046 -0.732020 102721922023.000000
0.101563 -0.960205 -0.213623 2.562069 -1.464040 -0.549015 102721924937.000000
0.103271 -0.955322 -0.214355 2.623071 -1.708046 -0.610016 102721927861.000000
0.102783 -0.964355 -0.213379 2.440066 -1.647044 -0.793021 102721930796.000000
0.105469 -0.965576 -0.215332 2.379064 -1.952053 -0.610016 102721933711.000000
0.103271 -0.967773 -0.216553 2.562069 -1.952053 -0.366010 102721936626.000000
0.104248 -0.968262 -0.205566 2.806076 -1.891051 -0.427012 102721939544.000000
0.108154 -0.970947 -0.197754 3.599097 -1.586043 -0.427012 102721942463.000000
0.103760 -0.974365 -0.194580 4.270115 -1.464040 -0.488013 102721945411.000000
0.107422 -0.972412 -0.202393 4.392119 -1.464040 -0.610016 102721948331.000000
0.111328 -0.971191 -0.203125 4.087110 -1.647044 -0.488013 102721951250.000000
0.111084 -0.970703 -0.200195 4.148112 -1.525041 -0.488013 102721954166.000000
0.113770 -0.964600 -0.199463 3.904105 -1.220033 -0.488013 102721957084.000000
0.112061 -0.963379 -0.201660 4.087110 -1.769048 -0.427012 102721960000.000000
0.111572 -0.961426 -0.193604 4.026109 -1.342036 -0.610016 102721962928.000000
0.111328 -0.962158 -0.192871 3.904105 -1.220033 -0.366010 102721965842.000000
0.112793 -0.968262 -0.181641 4.331117 -1.220033 -0.488013 102721968760.000000
0.116455 -0.966064 -0.184570 4.697127 -0.549015 -0.610016 102721971677.000000
0.113525 -0.969482 -0.189453 4.880132 -1.098030 -0.366010 102721974592.000000
0.114502 -0.965088 -0.188721 4.697127 -0.671018 -0.427012 102721977512.000000
0.118652 -0.967773 -0.187256 5.002135 -1.037028 -0.305008 102721980427.000000
0.116943 -0.969482 -0.195801 4.636125 -1.159031 -0.183005 102721983341.000000
0.117432 -0.967041 -0.187744 5.063137 -1.098030 -0.427012 102721986257.000000
0.116943 -0.959961 -0.184326 4.819130 -1.281035 -0.122003 102721989183.000000
0.113770 -0.958252 -0.194824 4.636125 -1.098030 -0.366010 102721992098.000000
0.111328 -0.960449 -0.199707 4.026109 -1.159031 -0.244007 102721995014.000000
0.113281 -0.959229 -0.194092 3.782102 -1.281035 -0.122003 102721997948.000000
0.111572 -0.962158 -0.190674 4.148112 -1.525041 -0.305008 102722000874.000000
0.112793 -0.965576 -0.187744 4.331117 -0.915025 -0.061002 102722003806.000000
0.117188 -0.969727 -0.185303 4.880132 -0.732020 -0.122003 102722006721.000000
0.115967 -0.968506 -0.194092 4.514122 -0.610016 0.000000 102722009686.000000
0.113281 -0.968994 -0.199463 4.514122 -1.037028 0.183005 102722012603.000000
0.112793 -0.962646 -0.194092 4.270115 -0.732020 0.000000 102722015519.000000
0.109863 -0.965088 -0.193848 4.697127 -0.732020 -0.122003 102722018439.000000
0.111572 -0.963379 -0.190186 4.758128 -0.732020 0.000000 102722021356.000000
0.111572 -0.962402 -0.189941 4.819130 -0.549015 0.000000 102722024272.000000
0.107422 -0.961426 -0.198730 4.270115 -0.854023 0.061002 102722027196.000000
0.104004 -0.961914 -0.198486 4.392119 -1.098030 0.000000 102722030114.000000
0.097168 -0.965332 -0.190918 4.209114 -1.342036 0.122003 102722033031.000000
0.097412 -0.964111 -0.187256 4.636125 -1.342036 0.305008 102722035946.000000
0.095215 -0.966309 -0.188965 4.270115 -1.525041 0.061002 102722038866.000000
0.091064 -0.963135 -0.194824 4.575124 -1.769048 0.244007 102722041784.000000
0.095459 -0.966553 -0.196289 4.575124 -1.647044 -0.122003 102722044701.000000
0.093506 -0.967773 -0.197021 4.453120 -1.952053 0.122003 102722047647.000000
0.099609 -0.962891 -0.199463 4.453120 -1.952053 -0.122003 102722050573.000000
0.098877 -0.963623 -0.197266 4.758128 -2.013054 -0.244007 102722053489.000000
0.095459 -0.959961 -0.198975 4.453120 -2.074056 -0.366010 102722056403.000000
0.097168 -0.961914 -0.204102 4.148112 -2.440066 -0.427012 102722059324.000000
0.093018 -0.967773 -0.202148 3.843104 -2.501068 -0.427012 102722062240.000000
0.093018 -0.966309 -0.197510 4.575124 -2.562069 -0.427012 102722065156.000000
0.091064 -0.966553 -0.194580 4.819130 -2.501068 -0.366010 102722068074.000000
0.094482 -0.974365 -0.191650 5.063137 -2.379064 -0.732020 102722070988.000000
0.093750 -0.968994 -0.200928 5.307143 -2.318063 -0.427012 102722073903.000000
0.098877 -0.970947 -0.205811 5.246142 -2.623071 -0.610016 102722076849.000000
0.095215 -0.974854 -0.199707 5.002135 -2.501068 -0.854023 102722079765.000000
0.101318 -0.969238 -0.195801 5.490148 -2.501068 -0.671018 102722082680.000000
0.098877 -0.970459 -0.189209 6.161166 -2.623071 -0.915025 102722085597.000000
0.100586 -0.968018 -0.197021 5.917160 -2.562069 -0.793021 102722088524.000000
0.097412 -0.967285 -0.193359 5.856158 -2.623071 -0.915025 102722091441.000000
0.099609 -0.969971 -0.194580 5.551150 -2.684072 -1.037028 102722094356.000000
0.097168 -0.972412 -0.192383 6.039163 -3.050082 -1.098030 102722097274.000000
0.101807 -0.968018 -0.195068 5.856158 -2.745074 -0.976026 102722100191.000000
0.101807 -0.974121 -0.181641 6.466175 -2.928079 -0.976026 102722103107.000000
0.102783 -0.969971 -0.184814 6.283170 -2.806076 -0.915025 102722106024.000000
0.101318 -0.971924 -0.191162 6.222168 -2.806076 -1.220033 102722108952.000000
0.103516 -0.971436 -0.188477 6.588178 -2.745074 -1.220033 102722111868.000000
0.102295 -0.969727 -0.190430 6.222168 -2.806076 -1.342036 102722114796.000000
0.106445 -0.969482 -0.184326 6.222168 -2.989081 -1.281035 102722117718.000000
0.100098 -0.968018 -0.189697 6.405173 -3.111084 -1.525041 102722120637.000000
0.099121 -0.968262 -0.177002 6.405173 -2.989081 -1.342036 102722123552.000000
0.104980 -0.961426 -0.181152 6.100165 -2.928079 -1.159031 102722126467.000000
0.106201 -0.960938 -0.186035 5.978161 -3.294089 -1.464040 102722129386.000000
0.098877 -0.960938 -0.177734 5.795156 -3.294089 -1.525041 102722132305.000000
0.106201 -0.964111 -0.178711 5.795156 -3.172086 -1.586043 102722135221.000000
0.105469 -0.963379 -0.182617 5.795156 -2.806076 -1.525041 102722138138.000000
0.103760 -0.962158 -0.177734 5.795156 -3.477094 -1.281035 102722141052.000000
0.103271 -0.961426 -0.179443 5.856158 -2.989081 -1.403038 102722143968.000000
0.104492 -0.961670 -0.182373 5.307143 -3.294089 -1.464040 102722146897.000000
0.104980 -0.962402 -0.180176 5.368145 -3.721100 -1.464040 102722149810.000000
0.104004 -0.967041 -0.178711 5.490148 -3.599097 -1.525041 102722152727.000000
0.104980 -0.962646 -0.173584 5.307143 -4.087110 -1.281035 102722155643.000000
0.110352 -0.974121 -0.174805 5.063137 -4.209114 -1.281035 102722158561.000000
0.105957 -0.967773 -0.174072 5.307143 -4.331117 -1.098030 102722161488.000000
0.109375 -0.970947 -0.172119 5.246142 -4.331117 -1.342036 102722164404.000000
0.107178 -0.966553 -0.167969 5.063137 -4.270115 -1.403038 102722167321.000000
0.110107 -0.967529 -0.164307 4.941133 -4.331117 -1.464040 102722170237.000000
0.110107 -0.969727 -0.173584 4.819130 -4.331117 -1.769048 102722173152.000000
0.108643 -0.965576 -0.172852 4.514122 -4.270115 -1.342036 102722176080.000000
0.111084 -0.966064 -0.171875 4.331117 -4.087110 -1.403038 102722178998.000000
0.106201 -0.965332 -0.168213 4.514122 -4.331117 -1.403038 102722181913.000000
0.107666 -0.967285 -0.164551 4.392119 -4.087110 -1.647044 102722184827.000000
0.105957 -0.968750 -0.160889 4.087110 -3.782102 -1.342036 102722187750.000000
0.111328 -0.966064 -0.160645 4.148112 -3.721100 -1.159031 102722195414.000000
0.111328 -0.969238 -0.161865 3.782102 -3.782102 -1.464040 102722198528.000000
0.115234 -0.968750 -0.157959 3.721100 -3.538096 -1.464040 102722201477.000000
0.113281 -0.970947 -0.158447 3.599097 -3.721100 -1.281035 102722204402.000000
0.112305 -0.969971 -0.154785 3.355091 -3.660099 -1.159031 102722207423.000000
0.107666 -0.968994 -0.160156 3.172086 -3.599097 -1.037028 102722210419.000000
0.111572 -0.967773 -0.161377 2.989081 -3.660099 -1.037028 102722213340.000000
0.117676 -0.968750 -0.156006 3.050082 -3.599097 -1.037028 102722216249.000000
0.116455 -0.968506 -0.152344 2.745074 -3.172086 -1.342036 102722219196.000000
0.116699 -0.964600 -0.156006 2.623071 -3.294089 -1.159031 102722222112.000000
0.119873 -0.962646 -0.153320 2.623071 -3.111084 -1.220033 102722225024.000000
0.118896 -0.964111 -0.154297 2.562069 -3.233087 -1.159031 102722227934.000000
0.117676 -0.968994 -0.150391 2.379064 -2.928079 -0.976026 102722230869.000000
0.122559 -0.964355 -0.158691 2.074056 -2.684072 -0.976026 102722233786.000000
0.121338 -0.968018 -0.156982 2.074056 -2.806076 -0.976026 102722236702.000000
0.123291 -0.962891 -0.154541 2.013054 -2.684072 -1.159031 102722239612.000000
0.125488 -0.964844 -0.158203 1.891051 -2.440066 -0.915025 102722242523.000000
0.124756 -0.968262 -0.155762 1.708046 -2.074056 -1.037028 102722245432.000000
0.127686 -0.969727 -0.154541 1.647044 -1.891051 -0.915025 102722248344.000000
0.124023 -0.965576 -0.159424 1.281035 -1.708046 -0.976026 102722251261.000000
0.122559 -0.968994 -0.165527 1.281035 -1.769048 -0.732020 102722254187.000000
0.125977 -0.963623 -0.161377 1.098030 -1.464040 -0.793021 102722257097.000000
0.123779 -0.968506 -0.157959 0.671018 -1.464040 -0.915025 102722260009.000000
0.124512 -0.959961 -0.168701 0.366010 -1.037028 -0.671018 102722262917.000000
0.122559 -0.965332 -0.164307 0.488013 -1.159031 -0.671018 102722265824.000000
0.123291 -0.962891 -0.175049 0.122003 -1.037028 -0.549015 102722268732.000000
0.124756 -0.957520 -0.168701 0.061002 -0.793021 -0.671018 102722271643.000000
0.122314 -0.965088 -0.172363 -0.122003 -0.549015 -0.549015 102722274557.000000
0.117676 -0.962891 -0.183594 -0.305008 -0.671018 -0.427012 102722277467.000000
0.119385 -0.964111 -0.177734 -0.610016 -0.305008 -0.305008 102722280376.000000
0.116211 -0.964844 -0.178467 -0.244007 0.000000 -0.183005 102722283284.000000
0.116699 -0.962158 -0.174316 -0.366010 -0.061002 0.000000 102722286190.000000
0.118652 -0.962402 -0.177490 -0.549015 0.244007 0.061002 102722289110.000000
0.116943 -0.965576 -0.177734 -0.671018 0.000000 0.000000 102722292030.000000
0.114990 -0.964600 -0.179199 -0.732020 0.244007 0.000000 102722294946.000000
0.117920 -0.966553 -0.173584 -0.732020 0.366010 0.366010 102722297866.000000
0.117432 -0.967773 -0.176758 -0.671018 0.061002 0.366010 102722300783.000000
0.116455 -0.963623 -0.178223 -0.854023 0.549015 0.183005 102722303705.000000
0.111084 -0.963379 -0.182861 -0.915025 0.488013 0.671018 102722306633.000000
0.114502 -0.961426 -0.185059 -1.220033 0.732020 0.488013 102722309554.000000
0.117920 -0.966064 -0.185059 -1.220033 0.549015 0.732020 102722312471.000000
0.121094 -0.959717 -0.174316 -1.403038 0.732020 0.488013 102722315394.000000
0.117188 -0.961914 -0.175293 -1.098030 1.037028 0.732020 102722318314.000000
0.116455 -0.958740 -0.185547 -1.586043 0.976026 0.427012 102722321236.000000
0.115234 -0.964111 -0.180664 -1.525041 0.915025 0.610016 102722324160.000000
0.116455 -0.966064 -0.181885 -1.586043 0.854023 0.427012 102722327092.000000
0.114014 -0.964111 -0.176758 -1.708046 1.342036 0.549015 102722330011.000000
0.118164 -0.965088 -0.185791 -1.708046 1.403038 0.610016 102722332931.000000
0.111328 -0.966797 -0.184814 -1.952053 1.281035 0.488013 102722335855.000000
0.109863 -0.965576 -0.186279 -1.708046 1.586043 0.305008 102722338795.000000
0.113525 -0.968506 -0.183594 -1.891051 1.403038 0.427012 102722341713.000000
0.107422 -0.965332 -0.180908 -1.830049 1.769048 0.488013 102722344637.000000
0.107178 -0.968750 -0.183594 -1.769048 1.464040 0.549015 102722347558.000000
0.112305 -0.966309 -0.185059 -1.952053 1.647044 0.183005 102722350474.000000
0.107178 -0.969238 -0.189941 -1.708046 1.464040 0.549015 102722353396.000000
0.107422 -0.966309 -0.185059 -1.708046 1.403038 0.671018 102722356311.000000
0.105713 -0.971924 -0.187500 -1.586043 1.098030 0.488013 102722359230.000000
0.105225 -0.967285 -0.191650 -1.830049 1.220033 0.549015 102722362149.000000
0.104004 -0.969971 -0.187988 -1.830049 1.220033 0.610016 102722365067.000000
0.104248 -0.970947 -0.187988 -1.342036 1.037028 0.427012 102722368096.000000
0.100342 -0.968994 -0.184082 -0.915025 1.037028 0.549015 102722371218.000000
0.103516 -0.970947 -0.186279 -0.732020 1.159031 0.671018 102722374290.000000
0.107910 -0.971924 -0.188721 -0.854023 1.037028 0.366010 102722377310.000000
0.108887 -0.968994 -0.194580 -0.671018 0.915025 0.427012 102722380236.000000
0.106445 -0.969238 -0.197998 -1.220033 0.610016 0.610016 102722383151.000000
0.105713 -0.965088 -0.198730 -1.159031 0.366010 0.427012 102722386073.000000
0.100342 -0.967041 -0.196777 -1.342036 0.610016 0.366010 102722388992.000000
0.107422 -0.963379 -0.197021 -0.854023 0.427012 0.549015 102722391907.000000
0.104492 -0.966797 -0.195068 -0.854023 0.366010 0.488013 102722394842.000000
0.107178 -0.963623 -0.203125 -0.610016 0.183005 0.549015 102722397759.000000
0.105713 -0.966797 -0.197754 -0.610016 0.122003 0.427012 102722400674.000000
0.105957 -0.967773 -0.192383 -0.183005 0.061002 0.488013 102722403588.000000
0.107910 -0.967773 -0.191895 -0.122003 0.305008 0.305008 102722406503.000000
0.111328 -0.966309 -0.196533 0.427012 0.305008 0.488013 102722409422.000000
0.108643 -0.966064 -0.196045 0.549015 0.732020 0.122003 102722412337.000000
0.107178 -0.967285 -0.201416 0.610016 0.427012 0.061002 102722415252.000000
0.107422 -0.958496 -0.203369 0.122003 0.671018 0.305008 102722418170.000000
0.111084 -0.962891 -0.211182 -0.061002 0.610016 0.122003 102722421094.000000
0.109863 -0.965088 -0.206543 -0.122003 0.671018 0.488013 102722424009.000000
0.110596 -0.961426 -0.206787 -0.183005 0.488013 0.427012 102722426957.000000
0.107178 -0.963623 -0.206543 -0.061002 0.915025 0.427012 102722429876.000000
0.106689 -0.957031 -0.200684 0.183005 1.342036 0.122003 102722432795.000000
0.109863 -0.964600 -0.205811 0.244007 1.037028 0.366010 102722435710.000000
0.109863 -0.963379 -0.205078 0.244007 0.793021 0.488013 102722438628.000000
0.110107 -0.965576 -0.202881 0.549015 1.037028 0.488013 102722441544.000000
0.111328 -0.961670 -0.208496 0.549015 1.220033 0.427012 102722444458.000000
0.107422 -0.963379 -0.205811 0.793021 1.403038 0.610016 102722447374.000000
0.113037 -0.959473 -0.211914 0.549015 1.220033 0.671018 102722450290.000000
0.111328 -0.963867 -0.209473 0.427012 1.708046 0.671018 102722453206.000000
0.114014 -0.963379 -0.211670 0.671018 1.525041 0.671018 102722456122.000000
0.113525 -0.960205 -0.209961 0.610016 1.769048 1.098030 102722459040.000000
0.111572 -0.960205 -0.208740 0.732020 1.891051 1.281035 102722461955.000000
0.110107 -0.962158 -0.206055 0.915025 2.135058 0.793021 102722464870.000000
0.109863 -0.960449 -0.202637 1.342036 2.257061 1.037028 102722467788.000000
0.111084 -0.960205 -0.199219 1.159031 2.745074 1.220033 102722470703.000000
0.109863 -0.962158 -0.213623 1.281035 2.684072 0.976026 102722473620.000000
0.111572 -0.958008 -0.218262 0.976026 2.623071 0.915025 102722476545.000000
0.107178 -0.957764 -0.208984 0.793021 2.501068 1.220033 102722479461.000000
0.108887 -0.957764 -0.213867 1.037028 2.440066 1.281035 102722482378.000000
0.109619 -0.959473 -0.206055 0.976026 2.745074 1.281035 102722485293.000000
0.109375 -0.957275 -0.212158 1.037028 2.562069 1.220033 102722488209.000000
0.105957 -0.962402 -0.211182 1.220033 3.172086 1.159031 102722491127.000000
0.107178 -0.960205 -0.207520 0.915025 2.867077 1.403038 102722494042.000000
0.111328 -0.964111 -0.210205 1.098030 2.928079 1.281035 102722496966.000000
0.104492 -0.963623 -0.202393 0.915025 2.928079 1.342036 102722499885.000000
0.104492 -0.966064 -0.208740 1.281035 3.355091 1.098030 102722502800.000000
0.106445 -0.965088 -0.207764 1.281035 3.233087 1.037028 102722505716.000000
0.101807 -0.965576 -0.204834 1.708046 2.867077 1.159031 102722508642.000000
0.099854 -0.961914 -0.206055 1.525041 3.111084 0.976026 102722511557.000000
0.102783 -0.963135 -0.207520 1.586043 2.806076 1.403038 102722514483.000000
0.100586 -0.969238 -0.208984 1.464040 2.989081 1.220033 102722517407.000000
0.097412 -0.969971 -0.208008 1.769048 2.867077 1.037028 102722520342.000000
0.098877 -0.968262 -0.205322 1.708046 2.623071 1.220033 102722523259.000000
0.099121 -0.967773 -0.201904 2.135058 2.684072 1.220033 102722526180.000000
0.098145 -0.968018 -0.204346 2.379064 2.562069 1.159031 102722529106.000000
0.097900 -0.969482 -0.205078 2.562069 1.952053 1.220033 102722532022.000000
0.094482 -0.969482 -0.198730 2.623071 1.952053 0.976026 102722534938.000000
0.095215 -0.967041 -0.200195 2.928079 1.647044 0.915025 102722537856.000000
0.095703 -0.967529 -0.201904 3.050082 1.403038 0.732020 102722540771.000000
0.094727 -0.969238 -0.199463 3.294089 1.464040 0.549015 102722543688.000000
0.094482 -0.966553 -0.198242 3.477094 0.915025 0.732020 102722546605.000000
0.094727 -0.967529 -0.201172 3.538096 0.732020 0.549015 102722549530.000000
0.101074 -0.967285 -0.212646 3.843104 0.488013 0.305008 102722552449.000000
0.102295 -0.967529 -0.194092 3.721100 0.122003 0.366010 102722555365.000000
0.100098 -0.967773 -0.201416 3.965107 0.549015 0.427012 102722558282.000000
0.105225 -0.966309 -0.200195 4.209114 0.000000 0.122003 102722561197.000000
0.099121 -0.965088 -0.195557 4.514122 0.183005 0.305008 102722564113.000000
0.106201 -0.964355 -0.200928 4.209114 0.061002 0.122003 102722567032.000000
0.101074 -0.967041 -0.198486 4.453120 -0.244007 0.122003 102722569947.000000
0.105225 -0.964844 -0.199219 4.453120 -0.305008 -0.122003 102722572862.000000
0.104004 -0.964600 -0.199463 4.331117 -0.122003 -0.122003 102722575776.000000
0.108398 -0.967285 -0.194336 4.392119 -0.305008 -0.122003 102722578694.000000
0.104248 -0.963135 -0.197510 4.514122 -0.366010 0.061002 102722581609.000000
0.105713 -0.960449 -0.194092 4.453120 -0.610016 -0.305008 102722584527.000000
0.106445 -0.969482 -0.201416 4.270115 -0.610016 0.000000 102722587445.000000
0.107666 -0.966309 -0.193848 4.331117 -0.427012 0.061002 102722590365.000000
0.102783 -0.966309 -0.187500 4.331117 -0.671018 0.061002 102722593279.000000
0.104736 -0.968506 -0.193359 4.392119 -0.610016 0.183005 102722596196.000000
0.101807 -0.966309 -0.193848 4.514122 -0.732020 -0.122003 102722599115.000000
0.103271 -0.962891 -0.194580 4.453120 -0.488013 0.000000 102722602030.000000
0.106689 -0.964111 -0.194824 4.148112 -0.549015 0.183005 102722604946.000000
0.102539 -0.960449 -0.191406 4.087110 -0.610016 0.244007 102722607869.000000
0.105225 -0.958252 -0.191162 4.148112 -0.549015 0.244007 102722610803.000000
0.103027 -0.960693 -0.190186 3.843104 -0.549015 0.122003 102722613719.000000
0.105957 -0.959717 -0.190430 3.782102 -0.549015 0.488013 102722616641.000000
0.105225 -0.960693 -0.195068 3.660099 -0.427012 0.488013 102722619568.000000
0.106689 -0.959473 -0.190430 3.538096 -0.427012 0.366010 102722622487.000000
0.111572 -0.961426 -0.189941 3.172086 -0.366010 0.488013 102722625405.000000
0.105713 -0.960449 -0.195801 3.233087 -0.366010 0.488013 102722628332.000000
0.109375 -0.960938 -0.190674 3.233087 -0.305008 0.732020 102722631250.000000
0.107422 -0.965820 -0.189209 2.989081 -0.427012 0.549015 102722634168.000000
0.104980 -0.959717 -0.182861 3.172086 -0.244007 0.793021 102722637088.000000
0.113037 -0.965088 -0.187744 2.867077 -0.366010 0.732020 102722640003.000000
0.111328 -0.964844 -0.186768 2.684072 0.000000 0.732020 102722642932.000000
0.108398 -0.962402 -0.180420 2.623071 0.000000 0.732020 102722645847.000000
0.115479 -0.967529 -0.178467 2.684072 0.061002 0.305008 102722648764.000000
0.112305 -0.969482 -0.190674 2.562069 0.061002 0.610016 102722651671.000000
0.114990 -0.964600 -0.183105 2.440066 0.000000 0.732020 102722654578.000000
0.113037 -0.970703 -0.174316 2.623071 0.183005 0.793021 102722657502.000000
0.114502 -0.969971 -0.186768 2.379064 0.122003 0.671018 102722660419.000000
0.113037 -0.969238 -0.174561 2.440066 0.488013 0.671018 102722663334.000000
0.111084 -0.971191 -0.180420 2.257061 0.366010 0.610016 102722666249.000000
0.112793 -0.967041 -0.178955 2.501068 0.366010 0.610016 102722669170.000000
0.110107 -0.966553 -0.175781 2.135058 0.610016 0.671018 102722672093.000000
0.112793 -0.966309 -0.176514 2.257061 0.549015 0.732020 102722675010.000000
0.111328 -0.967285 -0.177734 2.623071 0.610016 0.793021 102722677927.000000
0.107422 -0.968506 -0.178467 2.379064 0.793021 0.671018 102722680842.000000
0.110840 -0.966553 -0.173340 2.318063 0.732020 0.732020 102722683759.000000
0.110352 -0.970215 -0.181396 2.318063 0.915025 0.976026 102722686673.000000
0.107178 -0.970215 -0.176025 2.440066 0.915025 0.671018 102722689590.000000
0.106201 -0.968506 -0.172363 2.562069 0.671018 0.732020 102722692504.000000
0.106689 -0.971191 -0.174072 2.135058 0.793021 0.671018 102722695418.000000
0.103760 -0.968262 -0.173096 2.318063 0.732020 0.793021 102722698337.000000
0.107422 -0.965820 -0.185303 2.013054 0.854023 0.793021 102722701253.000000
0.107666 -0.970459 -0.184326 2.074056 1.281035 0.854023 102722704170.000000
0.105957 -0.968262 -0.183105 2.074056 0.549015 0.488013 102722707094.000000
0.106201 -0.967041 -0.183594 1.769048 1.220033 0.793021 102722710016.000000
0.108887 -0.965820 -0.176514 2.013054 0.854023 0.732020 102722712932.000000
0.106201 -0.965820 -0.185303 1.830049 1.159031 0.793021 102722715846.000000
0.105713 -0.965820 -0.186523 1.769048 1.220033 0.976026 102722718772.000000
0.107422 -0.961914 -0.187256 1.708046 1.281035 0.976026 102722721695.000000
0.103516 -0.965820 -0.194336 1.647044 1.159031 0.793021 102722724611.000000
0.106934 -0.966797 -0.189941 1.769048 1.403038 0.854023 102722727534.000000
0.106934 -0.967529 -0.190674 1.708046 1.342036 0.793021 102722730453.000000
0.106201 -0.966064 -0.195068 1.525041 1.525041 0.915025 102722733370.000000
0.107666 -0.967529 -0.190674 1.464040 1.586043 0.732020 102722736287.000000
0.108154 -0.963623 -0.191406 1.342036 1.525041 0.671018 102722739204.000000
0.106934 -0.965820 -0.193359 1.220033 1.708046 0.549015 102722742118.000000
0.104736 -0.961670 -0.194336 1.098030 1.525041 0.549015 102722745034.000000
0.101563 -0.964111 -0.188477 1.037028 1.769048 0.976026 102722747955.000000
0.104980 -0.958008 -0.192627 1.342036 1.464040 0.549015 102722750869.000000
0.102783 -0.963623 -0.190186 0.915025 1.769048 0.915025 102722753784.000000
0.103271 -0.957764 -0.194580 0.976026 1.708046 0.732020 102722756699.000000
0.102783 -0.961914 -0.194092 0.976026 1.769048 0.793021 102722759616.000000
0.101563 -0.956787 -0.192627 1.159031 1.952053 0.854023 102722762533.000000
0.102051 -0.962891 -0.196289 1.281035 1.769048 0.854023 102722765448.000000
0.102295 -0.960693 -0.199707 1.037028 1.769048 0.671018 102722768366.000000
0.103027 -0.961670 -0.200928 1.220033 1.830049 0.793021 102722771284.000000
0.099854 -0.965088 -0.195313 1.220033 1.830049 0.854023 102722774201.000000
0.100098 -0.968262 -0.198486 1.220033 1.769048 1.037028 102722777119.000000
0.099121 -0.969727 -0.200928 1.342036 1.525041 0.610016 102722780036.000000
0.098389 -0.966797 -0.191650 1.281035 1.586043 1.098030 102722782950.000000
0.103027 -0.971924 -0.198486 1.525041 1.708046 0.610016 102722785868.000000
0.103271 -0.969971 -0.196045 1.464040 1.342036 1.098030 102722788794.000000
0.100098 -0.967529 -0.196777 1.525041 1.220033 0.976026 102722791711.000000
0.100830 -0.968750 -0.192139 1.586043 1.342036 0.671018 102722794635.000000
0.102539 -0.970215 -0.190186 1.647044 1.098030 0.732020 102722797558.000000
0.101318 -0.970947 -0.196533 1.708046 1.220033 0.793021 102722800476.000000
0.097656 -0.969482 -0.187988 1.891051 1.098030 0.732020 102722803392.000000
0.100586 -0.967041 -0.189941 1.525041 1.220033 0.549015 102722806308.000000
0.102051 -0.968994 -0.194824 1.708046 1.037028 0.671018 102722809223.000000
0.104736 -0.961426 -0.189209 1.769048 1.159031 0.732020 102722812130.000000
0.103027 -0.967285 -0.192383 1.952053 0.976026 0.610016 102722815037.000000
0.097656 -0.966553 -0.194580 1.952053 0.915025 0.610016 102722817951.000000
0.103027 -0.964600 -0.192383 1.830049 1.159031 0.732020 102722820878.000000
0.104736 -0.965576 -0.191895 1.769048 0.549015 0.244007 102722823805.000000
0.105957 -0.965332 -0.183594 1.769048 0.610016 0.549015 102722826730.000000
0.104980 -0.966553 -0.189941 1.647044 0.427012 0.427012 102722829699.000000
0.106445 -0.966309 -0.187744 2.013054 0.427012 0.549015 102722832623.000000
0.108398 -0.965576 -0.187988 1.525041 0.549015 0.427012 102722835547.000000
0.108154 -0.963867 -0.188721 1.708046 0.732020 0.244007 102722838468.000000
0.109619 -0.965820 -0.197021 1.586043 0.793021 0.244007 102722841396.000000
0.106445 -0.971191 -0.189209 1.708046 0.610016 0.305008 102722844320.000000
0.108398 -0.965820 -0.187256 1.403038 0.854023 0.244007 102722847238.000000
0.104004 -0.967529 -0.186523 1.586043 0.488013 0.488013 102722850155.000000
0.103027 -0.968506 -0.187256 1.586043 0.366010 0.244007 102722853070.000000
0.107666 -0.964600 -0.188721 1.525041 0.671018 0.183005 102722855984.000000
0.105957 -0.963623 -0.192139 1.586043 0.549015 0.122003 102722858914.000000
0.105225 -0.962402 -0.183594 1.403038 0.427012 0.427012 102722861840.000000
0.104248 -0.958496 -0.188232 1.281035 0.488013 0.061002 102722864757.000000
0.100830 -0.958496 -0.180664 1.281035 0.427012 0.366010 102722867676.000000
0.095947 -0.958496 -0.194580 1.159031 0.183005 0.244007 102722870590.000000
0.095703 -0.959717 -0.188232 1.037028 0.183005 0.244007 102722873505.000000
0.097168 -0.959717 -0.191162 1.159031 -0.183005 0.549015 102722876419.000000
0.098389 -0.957031 -0.185303 1.037028 -0.122003 0.183005 102722879335.000000
0.092773 -0.957520 -0.193359 0.793021 -0.244007 0.305008 102722882250.000000
0.095703 -0.959473 -0.191895 1.098030 -0.488013 0.427012 102722885167.000000
0.100586 -0.964355 -0.187744 0.854023 -0.061002 0.549015 102722888093.000000
0.099365 -0.963623 -0.185547 1.220033 -0.610016 0.427012 102722891008.000000
0.096680 -0.965088 -0.187256 1.342036 0.000000 0.427012 102722893921.000000
0.102539 -0.970703 -0.189209 1.464040 -0.610016 0.610016 102722896839.000000
0.097168 -0.969971 -0.193848 1.464040 -0.488013 0.488013 102722899755.000000
0.100342 -0.968994 -0.197510 1.098030 -0.549015 0.305008 102722902669.000000
0.094482 -0.969238 -0.203369 0.854023 -0.793021 0.488013 102722905587.000000
0.097656 -0.965820 -0.196533 0.610016 -0.732020 0.244007 102722908513.000000
0.096924 -0.969482 -0.198486 0.793021 -1.037028 0.244007 102722911428.000000
0.099854 -0.967529 -0.191406 1.159031 -0.793021 0.122003 102722914344.000000
0.096924 -0.971436 -0.199463 1.098030 -1.037028 0.366010 102722917267.000000
0.101074 -0.970703 -0.189941 0.793021 -0.854023 -0.061002 102722920183.000000
0.103271 -0.973389 -0.195068 0.610016 -0.671018 0.061002 102722923099.000000
0.102539 -0.975342 -0.190918 0.793021 -0.610016 0.183005 102722926014.000000
0.102051 -0.970703 -0.194336 1.098030 -0.915025 -0.061002 102722928941.000000
0.102783 -0.970215 -0.194824 1.098030 -0.854023 0.000000 102722931856.000000
0.103516 -0.967041 -0.191895 0.976026 -0.793021 0.061002 102722934772.000000
0.103027 -0.963135 -0.197021 0.976026 -1.098030 -0.183005 102722937691.000000
0.100098 -0.960205 -0.194824 0.915025 -1.037028 0.000000 102722940607.000000
0.103516 -0.964844 -0.187012 1.037028 -0.549015 0.061002 102722943529.000000
0.101074 -0.964600 -0.184814 1.464040 -0.427012 0.122003 102722946445.000000
0.099121 -0.964111 -0.190186 1.403038 -0.427012 -0.122003 102722949361.000000
0.102051 -0.962158 -0.195557 1.403038 -0.610016 0.000000 102722952352.000000
0.099121 -0.959717 -0.197998 0.610016 -0.549015 -0.061002 102722955271.000000
0.098389 -0.960938 -0.202148 0.671018 -0.732020 0.122003 102722958189.000000
0.098145 -0.963135 -0.191650 0.793021 -0.488013 0.122003 102722961106.000000
0.102295 -0.962891 -0.195313 1.037028 -0.366010 0.122003 102722964020.000000
0.100830 -0.961670 -0.195557 0.976026 -0.183005 0.000000 102722966936.000000
0.100098 -0.964600 -0.204834 0.854023 -0.244007 0.305008 102722969851.000000
0.103027 -0.965820 -0.203857 0.915025 0.000000 0.122003 102722972767.000000
0.103760 -0.965576 -0.196045 0.732020 -0.122003 0.122003 102722975683.000000
0.096924 -0.966553 -0.199707 0.793021 0.183005 -0.183005 102722978602.000000
0.094971 -0.964111 -0.197754 1.159031 0.305008 0.122003 102722981517.000000
0.096924 -0.967773 -0.194336 1.098030 0.366010 0.000000 102722984433.000000
0.096924 -0.964600 -0.201172 1.098030 0.427012 0.183005 102722987355.000000
0.095459 -0.964600 -0.213135 0.854023 0.122003 0.061002 102722990273.000000
0.098389 -0.964844 -0.203613 0.854023 0.366010 0.122003 102722993187.000000
0.095703 -0.961426 -0.202148 0.488013 0.488013 0.244007 102722996104.000000
0.100586 -0.964844 -0.200195 0.610016 0.488013 0.061002 102722999031.000000
0.095703 -0.968018 -0.204590 0.488013 0.671018 0.427012 102723001947.000000
0.103760 -0.966797 -0.203125 0.793021 0.854023 0.122003 102723004862.000000
0.098145 -0.961914 -0.203613 0.305008 0.732020 0.061002 102723007786.000000
0.095703 -0.966309 -0.198242 0.549015 1.098030 0.244007 102723010703.000000
0.093506 -0.966553 -0.201904 0.549015 0.915025 0.000000 102723013619.000000
0.101318 -0.968018 -0.199463 0.610016 1.220033 0.305008 102723016539.000000
0.101807 -0.963135 -0.206543 0.488013 1.403038 -0.183005 102723019466.000000
0.106201 -0.963379 -0.203125 0.244007 1.464040 0.122003 102723022381.000000
0.103271 -0.963135 -0.200439 0.427012 1.891051 0.183005 102723025296.000000
0.096191 -0.963379 -0.201172 0.244007 1.952053 0.122003 102723028215.000000
0.100830 -0.965332 -0.194092 0.061002 2.135058 0.000000 102723031130.000000
0.104492 -0.965820 -0.198486 0.305008 2.257061 -0.122003 102723034046.000000
0.102295 -0.965820 -0.201660 0.000000 2.135058 -0.061002 102723036965.000000
0.103271 -0.964111 -0.197754 0.183005 2.501068 0.122003 102723039892.000000
0.101807 -0.966797 -0.198730 0.122003 2.440066 0.366010 102723042825.000000
0.097900 -0.968506 -0.197510 -0.122003 2.684072 0.000000 102723045741.000000
0.101318 -0.966553 -0.200684 0.061002 2.562069 0.244007 102723048661.000000
0.100342 -0.968994 -0.199707 0.305008 2.318063 0.061002 102723051577.000000
0.102295 -0.973389 -0.197998 0.183005 2.623071 0.183005 102723054522.000000
0.099609 -0.971436 -0.198730 0.366010 2.501068 0.061002 102723057441.000000
0.099121 -0.969482 -0.194092 0.244007 2.318063 0.366010 102723060358.000000
0.097900 -0.970215 -0.187012 0.427012 2.196059 0.000000 102723063273.000000
0.098633 -0.966309 -0.196045 0.305008 2.196059 0.122003 102723066191.000000
0.097412 -0.968994 -0.188232 0.793021 2.196059 0.000000 102723069109.000000
0.093506 -0.970703 -0.196289 0.305008 1.891051 0.305008 102723072025.000000
0.099365 -0.965820 -0.189697 0.427012 1.525041 -0.061002 102723074954.000000
0.097900 -0.967285 -0.195068 0.488013 1.525041 0.122003 102723077872.000000
0.101807 -0.968262 -0.191162 0.427012 1.220033 -0.122003 102723080788.000000
0.103516 -0.969971 -0.192139 0.427012 1.159031 -0.244007 102723083702.000000
0.097656 -0.969238 -0.198730 0.427012 1.281035 -0.122003 102723086620.000000
0.096191 -0.963867 -0.198242 0.183005 1.098030 -0.427012 102723089540.000000
0.097168 -0.966064 -0.197021 0.366010 0.915025 -0.549015 102723092456.000000
0.099854 -0.968262 -0.192871 0.793021 0.671018 -0.549015 102723095371.000000
0.099365 -0.967285 -0.190430 0.671018 0.793021 -0.671018 102723098298.000000
0.100830 -0.968750 -0.205811 0.610016 0.793021 -0.671018 102723101213.000000
0.100830 -0.973145 -0.202881 0.732020 0.000000 -0.732020 102723104128.000000
0.098633 -0.968994 -0.200684 0.610016 -0.366010 -0.732020 102723107058.000000
0.097168 -0.971191 -0.196289 0.793021 -0.610016 -0.732020 102723109978.000000
0.096191 -0.965088 -0.204102 1.037028 -0.549015 -0.915025 102723112893.000000
0.097900 -0.965088 -0.205811 0.793021 -0.976026 -0.854023 102723115815.000000
0.097168 -0.965332 -0.201660 0.793021 -1.586043 -0.671018 102723118741.000000
0.095947 -0.961426 -0.205566 0.488013 -1.403038 -0.915025 102723121658.000000
0.102051 -0.960205 -0.202393 1.037028 -1.464040 -1.098030 102723124573.000000
0.103516 -0.964111 -0.205078 1.037028 -1.708046 -1.220033 102723127497.000000
0.101074 -0.964600 -0.202881 0.976026 -1.708046 -1.098030 102723130416.000000
0.103516 -0.964600 -0.209473 1.037028 -1.891051 -0.976026 102723133332.000000
0.103027 -0.963623 -0.211426 0.610016 -1.830049 -0.854023 102723136255.000000
0.102295 -0.965088 -0.211670 0.610016 -1.891051 -0.854023 102723139173.000000
0.096191 -0.964600 -0.202393 0.488013 -2.196059 -0.671018 102723142088.000000
0.102539 -0.964600 -0.198730 1.159031 -2.135058 -0.610016 102723145004.000000
0.097900 -0.961426 -0.207520 0.915025 -1.891051 -0.488013 102723147921.000000
0.096191 -0.956299 -0.207764 0.610016 -2.074056 -0.427012 102723150836.000000
0.100586 -0.961182 -0.211182 0.305008 -2.257061 -0.793021 102723153778.000000
0.099121 -0.954102 -0.211670 0.305008 -2.135058 -0.488013 102723156697.000000
0.100342 -0.958496 -0.212891 0.366010 -1.708046 -0.427012 102723159616.000000
0.097656 -0.956543 -0.205078 0.732020 -1.708046 -0.488013 102723162533.000000
0.099854 -0.960693 -0.208984 0.610016 -1.647044 -0.305008 102723165448.000000
0.099121 -0.958496 -0.205078 0.488013 -1.037028 -0.671018 102723168365.000000
0.098877 -0.956787 -0.209229 0.488013 -1.403038 -0.549015 102723171279.000000
0.098145 -0.963379 -0.203857 0.488013 -0.793021 -0.549015 102723174194.000000
0.101563 -0.962158 -0.203857 0.671018 -0.793021 -0.610016 102723177110.000000
0.102783 -0.961670 -0.199707 0.976026 -0.244007 -0.366010 102723180026.000000
0.102051 -0.961914 -0.205322 0.793021 -0.427012 -0.610016 102723182939.000000
0.099609 -0.962402 -0.207275 0.549015 -0.244007 -0.732020 102723185853.000000
0.099365 -0.958252 -0.205322 0.854023 -0.061002 -0.488013 102723188779.000000
0.102051 -0.963623 -0.208740 0.488013 -0.061002 -0.854023 102723191695.000000
0.102295 -0.963379 -0.205811 0.671018 0.183005 -0.732020 102723194609.000000
0.100342 -0.964600 -0.209229 0.671018 0.244007 -0.671018 102723197532.000000
0.101074 -0.966553 -0.206055 0.671018 0.305008 -0.671018 102723200453.000000
0.098145 -0.963623 -0.201172 0.427012 -0.183005 -0.976026 102723203368.000000
0.100586 -0.964111 -0.197754 0.671018 0.427012 -0.610016 102723206283.000000
0.101807 -0.964600 -0.200439 0.549015 0.183005 -0.915025 102723209210.000000
0.105469 -0.965332 -0.202393 0.549015 0.122003 -0.732020 102723212124.000000
0.107178 -0.964355 -0.206543 0.488013 0.122003 -0.854023 102723215037.000000
0.103760 -0.967773 -0.200684 0.488013 0.122003 -0.915025 102723217961.000000
0.104492 -0.969238 -0.202637 0.427012 -0.061002 -0.915025 102723220880.000000
0.110352 -0.968018 -0.199707 0.549015 0.061002 -0.854023 102723223795.000000
0.110840 -0.971191 -0.202393 0.244007 0.244007 -0.793021 102723226710.000000
0.108887 -0.971436 -0.202881 0.732020 0.244007 -0.854023 102723229664.000000
0.106934 -0.970703 -0.199707 0.549015 0.244007 -0.854023 102723232581.000000
0.112549 -0.969971 -0.195313 0.366010 0.427012 -0.793021 102723235510.000000
0.108154 -0.969727 -0.208496 0.427012 0.061002 -0.854023 102723238429.000000
0.110352 -0.967529 -0.202148 0.549015 0.183005 -0.915025 102723241357.000000
0.112305 -0.963135 -0.199707 0.366010 0.183005 -1.159031 102723244271.000000
0.110352 -0.958984 -0.201416 0.244007 0.000000 -0.915025 102723247188.000000
0.112793 -0.959961 -0.193848 0.305008 0.000000 -0.915025 102723250102.000000
0.108887 -0.958984 -0.197754 0.305008 0.122003 -0.915025 102723253017.000000
0.108398 -0.959229 -0.199707 0.244007 0.183005 -0.915025 102723255968.000000
0.106445 -0.962158 -0.198730 0.244007 0.488013 -0.549015 102723258900.000000
0.112305 -0.961670 -0.198486 0.000000 0.183005 -0.732020 102723261816.000000
0.110352 -0.959473 -0.198730 0.244007 0.183005 -0.915025 102723264732.000000
0.106689 -0.963135 -0.202393 0.244007 0.305008 -0.671018 102723267649.000000
0.112549 -0.957275 -0.194092 0.000000 0.366010 -0.488013 102723270565.000000
0.108887 -0.962402 -0.195557 0.061002 0.244007 -0.549015 102723273492.000000
0.113037 -0.959473 -0.204346 -0.122003 0.244007 -0.610016 102723276409.000000
0.109375 -0.961670 -0.202637 0.427012 0.549015 -0.610016 102723279327.000000
0.115723 -0.963135 -0.201416 0.000000 0.427012 -0.244007 102723282242.000000
0.108643 -0.962402 -0.203369 -0.061002 0.610016 -0.366010 102723285165.000000
0.110596 -0.960938 -0.205322 0.000000 0.671018 -0.488013 102723288093.000000
0.115967 -0.960205 -0.204834 0.061002 1.281035 -0.305008 102723291010.000000
0.111572 -0.961426 -0.208740 0.000000 0.793021 -0.488013 102723293925.000000
0.113525 -0.964111 -0.203857 0.122003 1.403038 -0.183005 102723296846.000000
0.111572 -0.963135 -0.204834 -0.122003 1.647044 -0.122003 102723299763.000000
0.114990 -0.961670 -0.204346 0.244007 1.403038 -0.183005 102723302678.000000
0.112549 -0.961182 -0.203369 -0.183005 1.647044 0.305008 102723305594.000000
0.111816 -0.958984 -0.208008 -0.305008 1.891051 -0.183005 102723308510.000000
0.113281 -0.959473 -0.204834 -0.427012 1.708046 0.122003 102723311424.000000
0.111084 -0.958740 -0.207520 -0.610016 1.891051 0.244007 102723314340.000000
0.110596 -0.964355 -0.208984 -0.427012 2.257061 0.061002 102723317263.000000
0.112793 -0.956543 -0.211426 -0.732020 2.501068 0.488013 102723320182.000000
0.113525 -0.960205 -0.208740 -0.366010 2.135058 0.427012 102723323097.000000
0.111816 -0.962402 -0.207764 -0.549015 2.745074 0.610016 102723327189.000000
0.116699 -0.958740 -0.209717 -0.671018 2.440066 0.671018 102723330153.000000
0.113281 -0.955078 -0.204590 -0.610016 3.050082 0.671018 102723333076.000000
0.112793 -0.956543 -0.207275 -0.793021 2.623071 0.549015 102723335994.000000
0.115723 -0.960693 -0.208984 -0.854023 2.989081 0.793021 102723338932.000000
0.114502 -0.965332 -0.203125 -0.976026 2.989081 0.793021 102723341847.000000
0.111328 -0.968994 -0.199707 -1.220033 2.867077 0.671018 102723344764.000000
0.112061 -0.971680 -0.180420 0.122003 3.477094 1.281035 102723347683.000000
0.126465 -0.979492 -0.177246 1.403038 3.965107 0.915025 102723350599.000000
0.124512 -0.976318 -0.187500 2.257061 4.636125 0.854023 102723353528.000000
0.121582 -0.968262 -0.204590 1.098030 3.965107 0.854023 102723356482.000000
0.108887 -0.962402 -0.224365 -0.732020 3.233087 0.793021 102723359400.000000
0.106934 -0.956299 -0.222412 -1.952053 3.172086 1.281035 102723362318.000000
0.102539 -0.953125 -0.198730 -1.952053 2.806076 1.098030 102723365234.000000
0.105713 -0.958008 -0.189697 -0.732020 3.904105 1.220033 102723368152.000000
0.106689 -0.961670 -0.188232 -0.061002 3.965107 0.793021 102723371068.000000
0.109131 -0.965576 -0.197266 -0.061002 3.660099 0.915025 102723373983.000000
0.117676 -0.970947 -0.208252 -0.305008 3.477094 0.793021 102723376901.000000
0.118652 -0.972168 -0.204590 -0.366010 3.965107 0.854023 102723379817.000000
0.115479 -0.972900 -0.197998 -0.183005 3.965107 0.793021 102723382732.000000
0.114746 -0.970215 -0.201172 0.122003 4.148112 0.915025 102723385647.000000
0.112793 -0.961182 -0.210449 -0.549015 3.782102 0.915025 102723388572.000000
0.108643 -0.960693 -0.207031 -1.037028 3.599097 1.159031 102723391487.000000
0.104980 -0.953369 -0.210205 -1.037028 3.172086 0.915025 102723394402.000000
0.106689 -0.956055 -0.215088 -0.854023 3.416092 0.793021 102723397323.000000
0.107666 -0.949707 -0.212646 -0.549015 3.355091 0.732020 102723400241.000000
0.106934 -0.954346 -0.214600 -0.976026 3.233087 0.732020 102723403156.000000
0.099609 -0.954834 -0.224121 -1.220033 3.050082 0.915025 102723406072.000000
0.098877 -0.957520 -0.220459 -1.586043 2.867077 1.037028 102723408998.000000
0.096436 -0.961182 -0.210449 -0.671018 2.745074 1.098030 102723411915.000000
0.102295 -0.964355 -0.212402 0.061002 2.806076 0.976026 102723414831.000000
0.104980 -0.960693 -0.218018 0.549015 2.928079 1.098030 102723417754.000000
0.104004 -0.963135 -0.220459 0.244007 2.440066 1.037028 102723420673.000000
0.101074 -0.952881 -0.237061 -0.549015 1.708046 0.915025 102723423586.000000
0.102295 -0.954834 -0.237793 -0.976026 1.586043 1.098030 102723426502.000000
0.102051 -0.953613 -0.229980 -0.915025 1.647044 0.915025 102723429430.000000
0.101318 -0.958496 -0.223877 -0.122003 1.769048 0.976026 102723432346.000000
0.098145 -0.956543 -0.213623 0.488013 1.952053 1.037028 102723435263.000000
0.104736 -0.962158 -0.225830 0.793021 1.830049 1.159031 102723438181.000000
0.101074 -0.956055 -0.238037 0.122003 1.891051 0.976026 102723441096.000000
0.100830 -0.957031 -0.242676 0.488013 1.647044 1.159031 102723444012.000000
0.101318 -0.953857 -0.228027 0.000000 1.464040 1.403038 102723446929.000000
0.101074 -0.960205 -0.229248 0.122003 1.464040 1.098030 102723449844.000000
0.101318 -0.958252 -0.221680 0.305008 1.525041 1.098030 102723452763.000000
0.107178 -0.960205 -0.226074 0.732020 1.403038 1.281035 102723455705.000000
0.103760 -0.957764 -0.235840 0.549015 1.708046 1.159031 102723458624.000000
0.104492 -0.962646 -0.226318 0.366010 1.525041 1.281035 102723461540.000000
0.101074 -0.961670 -0.222900 0.305008 1.586043 1.281035 102723464454.000000
0.102783 -0.963623 -0.209473 0.915025 1.769048 1.342036 102723467371.000000
0.105469 -0.962158 -0.212402 1.525041 1.708046 1.342036 102723470284.000000
0.104004 -0.960938 -0.215576 1.403038 1.952053 1.342036 102723473199.000000
0.103760 -0.958984 -0.216553 1.220033 2.074056 1.098030 102723476116.000000
0.102783 -0.957764 -0.220215 0.305008 1.586043 1.159031 102723479032.000000
0.103027 -0.961182 -0.217285 0.183005 1.586043 1.220033 102723481949.000000
0.106934 -0.955566 -0.207764 0.305008 1.586043 1.159031 102723484864.000000
0.104736 -0.960449 -0.207520 0.427012 1.830049 1.220033 102723487787.000000
0.104736 -0.961426 -0.207275 0.549015 1.891051 0.732020 102723490706.000000
0.100830 -0.961182 -0.212158 0.366010 1.952053 1.220033 102723493622.000000
0.105957 -0.962402 -0.217773 0.305008 2.196059 0.915025 102723496539.000000
0.100830 -0.967285 -0.206299 0.183005 1.891051 1.159031 102723499466.000000
0.103271 -0.968018 -0.200195 0.549015 2.562069 0.976026 102723502380.000000
0.105469 -0.968750 -0.197754 1.159031 2.318063 1.037028 102723505296.000000
0.109375 -0.964844 -0.205078 1.403038 2.745074 1.037028 102723508213.000000
0.107178 -0.963867 -0.211670 0.915025 2.562069 0.610016 102723511129.000000
0.105957 -0.961914 -0.214355 0.122003 2.379064 0.732020 102723514045.000000
0.101807 -0.961426 -0.212646 0.000000 2.501068 0.793021 102723516968.000000
0.100098 -0.962158 -0.211182 -0.061002 2.501068 0.793021 102723519888.000000
0.103760 -0.962402 -0.202881 0.305008 2.928079 0.793021 102723522817.000000
0.101074 -0.962891 -0.205811 0.366010 2.989081 0.732020 102723525732.000000
0.098877 -0.964111 -0.208008 0.244007 2.745074 1.037028 102723528667.000000
0.101074 -0.967285 -0.209473 -0.061002 2.684072 1.159031 102723531582.000000
0.104736 -0.974609 -0.207031 0.671018 2.806076 1.037028 102723534503.000000
0.100098 -0.968994 -0.200684 0.793021 2.867077 1.098030 102723537422.000000
0.100098 -0.965332 -0.205078 1.037028 2.928079 0.976026 102723540339.000000
0.103027 -0.967773 -0.196045 1.037028 2.806076 0.854023 102723543254.000000
0.103027 -0.962891 -0.212158 0.183005 2.440066 1.037028 102723546170.000000
0.101807 -0.961426 -0.213379 0.183005 2.440066 0.610016 102723549086.000000
0.103027 -0.963867 -0.210205 0.000000 2.379064 0.915025 102723552000.000000
0.103271 -0.964355 -0.203613 0.061002 2.806076 0.854023 102723554929.000000
0.099609 -0.963623 -0.215088 0.366010 2.989081 0.793021 102723557872.000000
0.100342 -0.965576 -0.212891 0.366010 3.050082 0.732020 102723560789.000000
0.105469 -0.965332 -0.216064 0.244007 3.233087 0.854023 102723563705.000000
0.104736 -0.963135 -0.218018 0.488013 3.111084 0.854023 102723566623.000000
0.104492 -0.963867 -0.217041 0.427012 3.416092 0.671018 102723569541.000000
0.106445 -0.960205 -0.223145 0.000000 3.355091 0.793021 102723572457.000000
0.104248 -0.960205 -0.216309 -0.061002 2.989081 0.915025 102723575371.000000
0.101074 -0.961914 -0.221680 0.000000 3.294089 0.854023 102723578288.000000
0.098877 -0.964355 -0.214111 0.244007 2.928079 0.976026 102723581202.000000
0.098389 -0.959717 -0.206299 0.427012 2.928079 0.793021 102723584118.000000
0.096924 -0.966309 -0.213135 0.976026 3.050082 1.098030 102723587042.000000
0.101318 -0.958984 -0.221924 0.549015 3.416092 0.793021 102723589968.000000
0.102783 -0.962646 -0.226074 0.305008 2.867077 0.854023 102723592884.000000
0.104980 -0.956543 -0.229004 -0.122003 2.806076 0.732020 102723595799.000000
0.098389 -0.961426 -0.224609 -0.305008 2.806076 0.793021 102723598716.000000
0.101563 -0.953857 -0.222656 0.000000 2.806076 0.793021 102723601631.000000
0.097900 -0.955078 -0.218018 -0.061002 2.806076 0.854023 102723604552.000000
0.097168 -0.956543 -0.227539 0.000000 2.867077 0.488013 102723607474.000000
0.100830 -0.958740 -0.226807 -0.244007 2.440066 0.549015 102723610393.000000
0.095947 -0.962891 -0.213867 -0.061002 2.623071 0.915025 102723613307.000000
0.098633 -0.964111 -0.216309 0.488013 2.745074 0.732020 102723616222.000000
0.103516 -0.958984 -0.219971 0.915025 2.989081 0.610016 102723619147.000000
0.100586 -0.960449 -0.217773 0.549015 3.172086 0.610016 102723622060.000000
0.101563 -0.957275 -0.228516 0.305008 2.684072 0.732020 102723624974.000000
0.103027 -0.956543 -0.228516 -0.549015 2.745074 0.854023 102723627903.000000
0.100830 -0.958252 -0.226318 -0.244007 2.257061 0.915025 102723630821.000000
0.099609 -0.959717 -0.216064 -0.061002 2.562069 0.854023 102723633738.000000
0.099121 -0.961426 -0.218262 0.061002 2.684072 0.671018 102723636653.000000
0.101807 -0.961182 -0.217529 0.244007 2.501068 0.854023 102723639571.000000
0.097412 -0.963867 -0.220947 0.122003 2.684072 0.732020 102723642487.000000
0.105957 -0.972656 -0.223389 0.244007 2.989081 1.037028 102723645402.000000
0.105469 -0.970215 -0.218018 0.427012 2.623071 0.549015 102723648319.000000
0.104980 -0.960938 -0.220459 0.793021 3.050082 0.488013 102723651234.000000
0.102051 -0.963623 -0.225098 0.549015 2.806076 0.732020 102723654150.000000
0.100586 -0.952881 -0.227295 -0.061002 2.501068 0.732020 102723661995.000000
0.099854 -0.954102 -0.226074 0.122003 2.562069 0.793021 102723665148.000000
0.102539 -0.957031 -0.223877 0.366010 2.806076 1.037028 102723668103.000000
0.104980 -0.957520 -0.223145 0.366010 2.562069 0.854023 102723671036.000000
0.102051 -0.955566 -0.230957 0.061002 2.684072 1.037028 102723674027.000000
0.103516 -0.960205 -0.228027 0.244007 2.928079 1.220033 102723677042.000000
0.107666 -0.963135 -0.225098 0.244007 2.501068 1.342036 102723679978.000000
0.106934 -0.959717 -0.226807 0.610016 2.806076 1.098030 102723682910.000000
0.106689 -0.963135 -0.216797 0.732020 3.050082 1.220033 102723685826.000000
0.109863 -0.965332 -0.226807 0.854023 2.623071 1.159031 102723688737.000000
0.112549 -0.964111 -0.226318 0.549015 2.928079 1.098030 102723691651.000000
0.105713 -0.960938 -0.230957 0.305008 3.233087 1.098030 102723694560.000000
0.104736 -0.958008 -0.226807 0.183005 3.111084 0.732020 102723697520.000000
0.107666 -0.957520 -0.226074 0.244007 3.172086 1.159031 102723700438.000000
0.108398 -0.962402 -0.222900 0.366010 3.416092 0.793021 102723703360.000000
0.102539 -0.963867 -0.215820 0.427012 3.050082 0.854023 102723706270.000000
0.102539 -0.961914 -0.214600 0.549015 2.928079 0.854023 102723709188.000000
0.095947 -0.966309 -0.222656 0.305008 2.928079 0.854023 102723712103.000000
0.102051 -0.960449 -0.225098 0.732020 2.623071 1.037028 102723715011.000000
0.100342 -0.959717 -0.214111 0.488013 2.684072 0.671018 102723717925.000000
0.104736 -0.958740 -0.221924 0.671018 2.501068 0.915025 102723720836.000000
0.102539 -0.963135 -0.218994 0.976026 2.196059 0.793021 102723723745.000000
0.102539 -0.957520 -0.219727 0.976026 2.257061 0.671018 102723726653.000000
0.103027 -0.956055 -0.217041 1.159031 1.647044 0.793021 102723729579.000000
0.097656 -0.960449 -0.219971 0.854023 1.708046 0.549015 102723732490.000000
0.096191 -0.957520 -0.224854 0.793021 1.281035 0.976026 102723735398.000000
0.098145 -0.961914 -0.227783 0.793021 1.159031 0.732020 102723738312.000000
0.093750 -0.957275 -0.217529 0.793021 1.220033 0.854023 102723741226.000000
0.093262 -0.961670 -0.220215 1.037028 1.037028 0.732020 102723744135.000000
0.095703 -0.958008 -0.229004 0.976026 0.915025 0.671018 102723747049.000000
