0.075439 -1.008057 -0.001953 -4.941133 3.294089 3.233087 153124567520.000000
0.070801 -1.010010 -0.001709 -5.124138 3.599097 3.294089 153124569325.000000
0.070313 -1.012939 0.001953 -5.124138 3.904105 3.416092 153124571132.000000
0.067383 -1.012695 -0.004395 -5.429147 4.453120 3.721100 153124572937.000000
0.062500 -1.018799 0.009521 -5.124138 4.941133 3.416092 153124574740.000000
0.067383 -1.016602 0.013672 -4.880132 4.941133 3.721100 153124576546.000000
0.065674 -1.019043 0.013672 -4.697127 5.307143 4.026109 153124578349.000000
0.062012 -1.026123 0.020264 -4.270115 5.612152 4.331117 153124580153.000000
0.054199 -1.030762 0.032715 -3.660099 6.283170 4.392119 153124581957.000000
0.050293 -1.033936 0.030029 -3.233087 6.954188 4.941133 153124583763.000000
0.047607 -1.039795 0.041748 -2.562069 7.686208 5.917160 153124585567.000000
0.042969 -1.040527 0.041260 -1.952053 8.174221 6.161166 153124587373.000000
0.040283 -1.048828 0.045898 -0.854023 8.845239 6.649180 153124589178.000000
0.033691 -1.044434 0.050293 -0.061002 9.882267 7.442201 153124590986.000000
0.035889 -1.050049 0.054688 0.854023 10.309278 8.113219 153124592790.000000
0.042236 -1.054932 0.045898 1.281035 10.736290 8.906240 153124594596.000000
0.043213 -1.051270 0.045898 1.403038 11.407308 9.028244 153124596405.000000
0.053955 -1.046387 0.030518 2.135058 12.200329 9.333252 153124598213.000000
0.059814 -1.052002 0.033447 2.501068 13.054352 9.638260 153124600019.000000
0.065430 -1.047607 0.030029 3.172086 13.481364 9.516257 153124601824.000000
0.070068 -1.041992 0.055908 4.453120 13.969377 9.699262 153124603632.000000
0.062744 -1.046143 0.064697 6.161166 14.335387 10.065272 153124605436.000000
0.057617 -1.052490 0.110107 9.211249 14.091380 10.736290 153124607239.000000
0.032959 -1.044434 0.140137 12.383334 14.335387 12.078326 153124609045.000000
0.046875 -1.052002 0.112549 14.030379 15.616422 12.810346 153124610849.000000
0.066895 -1.054199 0.053711 13.603367 17.629476 13.176356 153124612654.000000
0.075439 -1.042725 0.017090 12.078326 19.276520 13.176356 153124614458.000000
0.096680 -1.026123 -0.022217 9.943268 20.923565 13.237357 153124616262.000000
0.116211 -1.000732 -0.031738 7.808211 22.204600 13.481364 153124618064.000000
0.140381 -0.975098 -0.045654 5.978161 23.180626 13.115354 153124619866.000000
0.146240 -0.955811 -0.049072 4.026109 23.485634 12.993351 153124621670.000000
0.151367 -0.945801 -0.045166 2.318063 23.912646 13.054352 153124623471.000000
0.145264 -0.942139 -0.045654 1.159031 24.766669 12.444336 153124625273.000000
0.131592 -0.943359 -0.037354 -0.366010 24.949674 12.383334 153124627074.000000
0.128418 -0.939941 -0.026611 -1.830049 26.230708 11.773318 153124628876.000000
0.121338 -0.946045 -0.031250 -3.172086 27.694748 11.102300 153124630677.000000
0.122070 -0.947021 -0.027588 -4.575124 28.853779 10.553285 153124632476.000000
0.120117 -0.954590 -0.017822 -5.368145 30.256817 10.187275 153124634276.000000
0.113770 -0.958984 0.004883 -6.039163 30.683828 9.638260 153124636075.000000
0.115234 -0.968994 0.015137 -6.283170 31.598853 9.455255 153124637877.000000
0.109863 -0.976563 0.028320 -6.588178 32.635881 9.638260 153124639677.000000
0.104248 -0.981201 0.027588 -7.442201 33.550906 9.638260 153124641478.000000
0.099121 -0.988281 0.001221 -8.540231 34.526932 9.577259 153124643278.000000
0.092285 -0.988037 0.002441 -9.699262 35.990972 9.699262 153124645078.000000
0.088379 -0.992188 -0.010742 -10.370280 37.577015 9.943268 153124646879.000000
0.079590 -0.996094 -0.007813 -11.224303 38.736046 10.065272 153124648679.000000
0.078613 -0.997559 -0.008789 -11.956323 39.651071 10.126273 153124650482.000000
0.074707 -0.998779 -0.001221 -12.871348 40.383090 10.431282 153124652283.000000
0.060303 -1.000977 -0.003906 -13.298359 41.237113 10.675288 153124654083.000000
0.039307 -1.005371 -0.001953 -13.664369 41.786128 10.614287 153124655886.000000
0.001221 -1.010254 0.029785 -13.664369 42.030135 11.163301 153124657684.000000
-0.023438 -1.017334 0.062500 -13.054352 42.091136 11.529311 153124659485.000000
-0.108154 -1.020020 0.106689 -12.810346 43.433173 12.383334 153124661286.000000
-0.211670 -1.023682 0.097900 -13.420362 45.690234 14.030379 153124663087.000000
-0.289063 -1.031250 0.070801 -14.518392 48.862319 15.799427 153124664890.000000
-0.319092 -1.036865 0.067139 -15.067407 52.461416 17.934484 153124666690.000000
-0.321533 -1.041748 0.056641 -15.433417 54.840481 20.557555 153124668491.000000
-0.300781 -1.051758 0.019287 -16.714451 56.670530 22.326603 153124670325.000000
-0.236084 -1.048096 -0.045654 -18.178491 57.829561 23.363631 153124672132.000000
-0.153076 -1.047607 -0.087646 -19.886537 58.744586 24.278656 153124673936.000000
-0.091797 -1.044189 -0.089111 -20.740560 58.927591 24.522662 153124675740.000000
-0.044189 -1.036377 -0.067383 -20.801562 58.988593 24.461660 153124677544.000000
-0.025635 -1.032471 -0.049805 -20.984567 58.317575 24.095651 153124679352.000000
-0.010254 -1.026367 -0.018555 -20.923565 58.378576 22.936619 153124681156.000000
0.001709 -1.021729 0.000977 -20.862563 58.439578 21.411578 153124682961.000000
0.013184 -1.014160 0.017822 -21.289575 58.073568 20.252547 153124684765.000000
0.018555 -0.997559 0.009766 -21.350576 58.683584 18.727506 153124686569.000000
0.019043 -0.987305 0.014893 -21.289575 59.049594 17.568474 153124688375.000000
0.015869 -0.972412 -0.004883 -21.411578 59.781614 16.836455 153124690180.000000
0.009277 -0.956787 -0.016846 -21.289575 60.452632 16.226438 153124691987.000000
-0.007324 -0.958008 -0.018799 -21.655585 61.062649 16.470445 153124693791.000000
-0.036133 -0.964844 -0.022461 -21.716586 62.282682 17.080461 153124695594.000000
-0.047852 -0.970459 -0.017822 -21.472580 63.197706 17.507473 153124697399.000000
-0.054932 -0.987305 -0.007813 -21.472580 64.234734 18.239492 153124699204.000000
-0.054443 -1.007568 -0.004150 -21.472580 65.515769 18.788507 153124701009.000000
-0.044189 -1.025879 -0.004395 -22.021595 66.674800 19.093516 153124702812.000000
-0.023682 -1.037109 -0.007813 -22.143598 67.284817 19.215519 153124704616.000000
-0.012451 -1.038330 -0.009521 -22.326603 68.016836 19.154517 153124706420.000000
0.003662 -1.038330 -0.028076 -22.875618 68.931861 18.849509 153124708224.000000
0.011475 -1.038330 -0.040283 -23.241628 70.395901 18.544501 153124710028.000000
0.016846 -1.030762 -0.052246 -23.363631 71.493930 18.117489 153124711832.000000
0.009766 -1.028076 -0.054932 -23.546636 72.286952 17.812481 153124713637.000000
0.008057 -1.022949 -0.054199 -23.668639 73.933996 17.263466 153124715440.000000
0.006836 -1.020508 -0.058838 -23.607637 74.544013 17.568474 153124717244.000000
-0.008301 -1.020996 -0.063477 -24.217654 76.313060 17.690478 153124719049.000000
-0.016113 -1.011719 -0.070557 -24.583664 78.204112 17.934484 153124720855.000000
-0.021973 -1.010010 -0.073975 -25.010675 79.363143 18.666504 153124722655.000000
-0.021729 -1.012939 -0.072266 -24.766669 80.583176 19.154517 153124724458.000000
-0.018555 -1.016602 -0.054199 -24.705667 80.888184 19.886537 153124726259.000000
-0.016846 -1.022461 -0.053711 -24.644665 81.193192 20.374550 153124728060.000000
-0.007568 -1.031982 -0.053711 -24.949674 81.559202 20.801562 153124729860.000000
-0.002441 -1.032227 -0.040039 -25.193680 81.864210 21.045568 153124731662.000000
0.000977 -1.031982 -0.039063 -25.132679 82.047215 21.350576 153124733463.000000
0.002197 -1.027832 -0.030273 -25.193680 81.986214 20.984567 153124735264.000000
0.009766 -1.028320 -0.033936 -24.949674 82.169219 20.740560 153124737064.000000
0.006104 -1.019775 -0.017334 -24.888672 81.925212 20.679558 153124738867.000000
0.007568 -1.017578 -0.021729 -24.583664 81.864210 20.435552 153124740669.000000
0.010010 -1.014404 -0.019531 -24.522662 81.132191 19.825535 153124742468.000000
0.007568 -1.009033 -0.020264 -24.278656 80.400171 19.154517 153124744273.000000
0.008301 -1.006348 -0.021729 -24.217654 79.546148 18.910511 153124746074.000000
0.005371 -1.000488 -0.017334 -23.668639 79.119136 18.361496 153124747874.000000
-0.010986 -0.999023 -0.020264 -23.607637 78.265113 18.178491 153124749674.000000
-0.018311 -0.998535 -0.017090 -23.302629 77.838102 17.934484 153124751476.000000
-0.026367 -1.001221 -0.014404 -22.814616 76.923077 17.690478 153124753277.000000
-0.036133 -1.007324 -0.008301 -22.753614 75.947051 17.568474 153124755077.000000
-0.035645 -1.011963 -0.007813 -22.204600 74.605014 17.629476 153124756878.000000
-0.030029 -1.015381 -0.006592 -21.899591 73.567986 17.141463 153124758678.000000
-0.029297 -1.016846 -0.008789 -21.899591 72.103947 17.019460 153124760479.000000
-0.017334 -1.015869 -0.013428 -21.472580 70.578906 17.080461 153124762279.000000
-0.009766 -1.018066 -0.007813 -21.350576 68.992863 16.592448 153124764080.000000
-0.008057 -1.017334 -0.010742 -21.289575 67.955835 16.409443 153124765882.000000
-0.001709 -1.014893 -0.004883 -20.984567 66.857805 15.860428 153124767682.000000
0.000977 -1.013184 -0.006836 -20.618557 66.369792 15.799427 153124769485.000000
0.004639 -1.016113 -0.006104 -20.313548 65.027756 15.860428 153124771290.000000
0.010254 -1.012695 -0.009521 -19.886537 64.661746 15.311413 153124773095.000000
0.020752 -1.009277 -0.008545 -19.947539 64.295736 14.945404 153124774899.000000
0.023438 -1.004150 -0.008545 -19.520527 64.112731 14.884402 153124776702.000000
0.025879 -1.002441 -0.009277 -19.276520 64.234734 14.457390 153124778507.000000
0.035156 -1.000977 -0.018311 -18.971512 63.685720 14.274385 153124780325.000000
0.036621 -0.995850 -0.023193 -18.849509 63.502715 14.030379 153124782138.000000
0.040039 -0.986572 -0.027588 -18.666504 63.319710 13.664369 153124783942.000000
0.041504 -0.986816 -0.025146 -18.300494 63.075703 13.542366 153124785748.000000
0.041992 -0.985840 -0.041992 -18.300494 62.343683 13.481364 153124787551.000000
0.039307 -0.985596 -0.041748 -18.544501 61.977673 13.054352 153124789360.000000
0.038818 -0.977783 -0.051025 -18.483499 61.855670 12.932349 153124791164.000000
0.029541 -0.981934 -0.066895 -18.361496 62.038675 12.505338 153124792967.000000
0.022217 -0.980957 -0.071533 -18.544501 62.160678 12.139328 153124795406.000000
0.008789 -0.983154 -0.075684 -18.483499 62.221680 11.834320 153124797247.000000
-0.009521 -0.991943 -0.074219 -17.995486 61.550662 11.590313 153124799058.000000
-0.022461 -0.997559 -0.074707 -17.873483 61.245654 11.773318 153124800863.000000
-0.033447 -1.012451 -0.080566 -17.568474 60.513634 11.834320 153124802668.000000
-0.038818 -1.012695 -0.085693 -17.507473 59.049594 11.407308 153124804471.000000
-0.039307 -1.020020 -0.088867 -17.629476 57.829561 11.895321 153124806277.000000
-0.057129 -1.021240 -0.081543 -17.446471 56.426524 11.651315 153124808080.000000
-0.073730 -1.022705 -0.079346 -17.202464 54.596474 11.895321 153124809888.000000
-0.087646 -1.027832 -0.076416 -17.202464 53.132435 12.017324 153124811691.000000
-0.096924 -1.028076 -0.068115 -17.385469 51.973403 12.200329 153124813497.000000
-0.112061 -1.028076 -0.062256 -16.897456 50.570365 12.627341 153124815299.000000
-0.124268 -1.026611 -0.055908 -16.592448 49.167328 12.871348 153124817102.000000
-0.127686 -1.022217 -0.052002 -16.470445 47.154273 13.115354 153124818907.000000
-0.132080 -1.021484 -0.052979 -16.043433 45.934240 12.993351 153124820710.000000
-0.131592 -1.019775 -0.043213 -15.860428 43.738181 13.115354 153124822516.000000
-0.135010 -1.017090 -0.037354 -15.616422 41.542122 13.298359 153124824317.000000
-0.131348 -1.013184 -0.030273 -15.494418 39.651071 13.359361 153124826119.000000
-0.138672 -1.009766 -0.025146 -15.189410 36.905996 13.054352 153124827919.000000
-0.136963 -1.010498 -0.022217 -15.494418 34.404929 12.749344 153124829718.000000
-0.135498 -1.012695 0.010498 -14.579394 31.598853 12.139328 153124831726.000000
-0.163818 -1.009277 0.032715 -12.871348 28.121759 11.712316 153124834684.000000
-0.248047 -0.997070 0.010498 -11.468310 26.291710 11.712316 153124837599.000000
-0.294922 -1.003418 0.002441 -9.760264 23.424632 12.017324 153124840514.000000
-0.348877 -1.012695 -0.002686 -7.991216 17.263466 12.749344 153124843432.000000
-0.386719 -1.024902 -0.011230 -6.954188 9.089245 13.176356 153124846345.000000
-0.433105 -1.037354 -0.025635 -6.222168 -0.976026 14.213384 153124849261.000000
-0.499268 -1.041504 -0.032715 -5.246142 -10.919295 15.250412 153124852175.000000
-0.585693 -1.052734 -0.035156 -4.270115 -21.228573 16.958458 153124855089.000000
-0.647949 -1.067383 -0.037354 -3.172086 -32.696883 18.849509 153124858002.000000
-0.685303 -1.086670 -0.045654 -2.928079 -45.629232 20.862563 153124860916.000000
-0.705566 -1.099365 -0.049561 -2.806076 -59.171598 22.448606 153124863832.000000
-0.691895 -1.100586 -0.042725 -2.318063 -71.615934 23.912646 153124866747.000000
-0.689453 -1.115723 -0.063232 -2.562069 -84.426280 25.193680 153124869677.000000
-0.687744 -1.117432 -0.045166 -2.135058 -95.406576 27.084731 153124872602.000000
-0.688232 -1.123291 -0.041504 -1.891051 -104.312816 29.829805 153124875525.000000
-0.682373 -1.120117 -0.030518 -1.586043 -110.778991 32.025865 153124878447.000000
-0.656982 -1.121094 -0.014893 -0.915025 -115.903129 34.587934 153124881390.000000
-0.626953 -1.124023 -0.001465 -0.183005 -119.502227 36.661990 153124884303.000000
-0.593262 -1.115479 0.001709 0.244007 -121.637284 38.614043 153124887217.000000
-0.563477 -1.115479 0.015137 0.793021 -121.820289 40.688099 153124890137.000000
-0.541504 -1.112549 0.014160 1.586043 -121.210273 42.640151 153124893058.000000
-0.519531 -1.104980 0.025391 1.952053 -119.441225 44.775209 153124895979.000000
-0.490967 -1.096924 0.031006 2.013054 -115.720124 46.422253 153124898903.000000
-0.470459 -1.095459 0.041504 2.501068 -111.083999 48.130300 153124901825.000000
-0.447510 -1.095703 0.054688 2.806076 -105.532849 49.594339 153124904749.000000
-0.431396 -1.096436 0.073242 3.355091 -99.005673 51.302385 153124907669.000000
-0.415771 -1.095459 0.077637 3.599097 -91.746477 52.400415 153124910593.000000
-0.400146 -1.091553 0.079834 3.904105 -83.755261 53.986458 153124913515.000000
-0.390625 -1.078857 0.083496 4.026109 -74.178003 55.206491 153124916435.000000
-0.381104 -1.076904 0.092285 4.697127 -65.088757 56.548527 153124919537.000000
-0.362549 -1.073242 0.102295 5.246142 -55.267492 57.829561 153124922459.000000
-0.347656 -1.074951 0.102539 5.368145 -46.361252 59.171598 153124925376.000000
-0.338623 -1.076904 0.112061 6.039163 -37.272006 59.720612 153124928289.000000
-0.321289 -1.081787 0.118408 6.222168 -28.487769 60.147624 153124931228.000000
-0.311768 -1.091553 0.118164 6.466175 -19.764534 60.635637 153124934147.000000
-0.308594 -1.104004 0.114014 6.954188 -11.407308 61.184652 153124937062.000000
-0.297852 -1.115723 0.116211 7.259196 -3.477094 61.855670 153124939982.000000
-0.302490 -1.124512 0.113281 7.442201 3.904105 62.343683 153124942898.000000
-0.314697 -1.130371 0.114502 7.930214 10.248277 62.892698 153124945809.000000
-0.322266 -1.129883 0.108154 8.662234 15.433417 63.319710 153124948722.000000
-0.327393 -1.129883 0.115234 9.028244 19.825535 63.502715 153124951637.000000
-0.340820 -1.135010 0.111328 9.638260 22.326603 63.502715 153124954550.000000
-0.346924 -1.135986 0.104492 10.187275 23.973647 63.258708 153124957463.000000
-0.361328 -1.135742 0.089355 10.675288 24.400659 63.319710 153124960377.000000
-0.372070 -1.145752 0.096436 11.346306 23.607637 63.319710 153124963290.000000
-0.387207 -1.149170 0.096191 11.529311 22.814616 63.441713 153124966204.000000
-0.402100 -1.151123 0.086670 12.444336 21.106570 63.807723 153124969123.000000
-0.416748 -1.160400 0.093262 13.298359 18.361496 64.112731 153124972047.000000
-0.427979 -1.168213 0.081787 14.030379 15.738425 64.661746 153124974971.000000
-0.437744 -1.170410 0.084717 14.762399 12.139328 65.088757 153124977895.000000
-0.451904 -1.169434 0.075684 15.860428 8.723236 65.820777 153124980820.000000
-0.458984 -1.167969 0.078125 16.775453 4.209114 66.308790 153124983744.000000
-0.470215 -1.168213 0.074219 18.117489 -0.488013 67.345818 153124986665.000000
-0.465820 -1.166992 0.069092 19.154517 -5.307143 67.467822 153124989588.000000
-0.464844 -1.160400 0.058838 19.764534 -10.309278 68.016836 153124992504.000000
-0.461670 -1.161865 0.062988 20.679558 -15.860428 68.443848 153124995416.000000
-0.458008 -1.149414 0.050537 21.533581 -20.984567 68.992863 153124998329.000000
-0.469971 -1.142822 0.050537 22.265601 -25.803697 69.175868 153125001252.000000
-0.471191 -1.131592 0.056152 23.424632 -30.500824 69.419874 153125004176.000000
-0.483154 -1.121582 0.051025 24.278656 -35.807967 69.236869 153125007097.000000
-0.483154 -1.104736 0.054199 25.315684 -41.054108 69.175868 153125010031.000000
-0.488525 -1.099121 0.051270 26.413713 -46.971268 69.175868 153125012950.000000
-0.484619 -1.104736 0.059814 27.938754 -52.766425 68.565851 153125015873.000000
-0.480469 -1.110596 0.062988 29.219789 -59.415604 68.077838 153125018796.000000
-0.475342 -1.126465 0.066162 30.378820 -65.698774 67.711828 153125021714.000000
-0.474854 -1.134033 0.071777 31.476850 -71.432929 67.223815 153125024635.000000
-0.466309 -1.163086 0.070801 32.696883 -76.557067 66.796804 153125027548.000000
-0.465332 -1.173340 0.072510 33.977917 -81.376197 67.101812 153125030464.000000
-0.459717 -1.194336 0.089111 35.746965 -84.914293 67.101812 153125033406.000000
-0.458984 -1.222900 0.099854 37.333008 -87.537364 67.894833 153125036321.000000
-0.456299 -1.249023 0.089844 38.858049 -89.123406 68.748856 153125039235.000000
-0.442383 -1.260986 0.081299 39.895077 -89.123406 70.273897 153125042151.000000
-0.416504 -1.272217 0.082275 40.688099 -88.452388 71.249924 153125045065.000000
-0.387451 -1.279297 0.072754 41.725127 -87.354359 72.591960 153125047979.000000
-0.356445 -1.287109 0.072266 42.640151 -84.914293 73.994998 153125050893.000000
-0.341553 -1.283447 0.079346 43.555176 -81.193192 75.337034 153125053807.000000
-0.330078 -1.286865 0.089111 44.775209 -76.740072 76.801074 153125056723.000000
-0.316650 -1.282959 0.102051 45.934240 -70.822912 77.838102 153125059648.000000
-0.309326 -1.281494 0.115723 47.947295 -65.332764 79.607149 153125062567.000000
-0.306396 -1.279053 0.120605 48.862319 -58.439578 81.315196 153125065481.000000
-0.306885 -1.265381 0.107422 49.899347 -51.119380 82.596230 153125068402.000000
-0.295654 -1.249512 0.088379 50.814372 -44.104191 83.999268 153125071320.000000
-0.285400 -1.233887 0.089844 51.851400 -38.309034 85.219301 153125074245.000000
-0.269775 -1.218506 0.084717 52.644421 -32.513878 86.195327 153125077166.000000
-0.260254 -1.206543 0.078857 53.742451 -27.755749 86.805344 153125080091.000000
-0.256836 -1.199463 0.064209 54.535472 -23.363631 86.805344 153125083014.000000
-0.250732 -1.182129 0.048584 54.718477 -19.459525 86.744342 153125085935.000000
-0.250244 -1.168945 0.041016 54.962484 -16.348441 86.866345 153125088858.000000
-0.252686 -1.166016 0.031738 54.657476 -13.908376 87.049350 153125091780.000000
-0.263184 -1.155518 0.026367 55.023486 -11.346306 86.622339 153125094701.000000
-0.290771 -1.151855 0.027344 54.657476 -10.065272 86.805344 153125097622.000000
-0.316895 -1.148193 0.028564 54.779479 -8.845239 86.805344 153125100546.000000
-0.371582 -1.138184 0.037842 54.657476 -8.906240 87.110352 153125108139.000000
-0.390869 -1.138916 0.046387 54.596474 -10.248277 87.476362 153125111301.000000
-0.404785 -1.135986 0.052490 53.925456 -12.017324 87.232355 153125114257.000000
-0.423340 -1.141357 0.047119 53.132435 -13.420362 87.232355 153125117179.000000
-0.451660 -1.143311 0.065430 52.705423 -15.311413 87.293357 153125120211.000000
-0.470947 -1.146973 0.078613 52.583420 -16.592448 86.988349 153125123230.000000
-0.496582 -1.155518 0.074951 52.400415 -18.544501 87.171354 153125126167.000000
-0.509521 -1.157227 0.090576 52.217410 -20.252547 87.598365 153125129102.000000
-0.523193 -1.161377 0.116699 52.705423 -22.387604 88.025377 153125132075.000000
-0.527100 -1.169678 0.136963 52.644421 -23.668639 89.245410 153125135000.000000
-0.516602 -1.172119 0.140381 52.583420 -23.851644 90.526444 153125137913.000000
-0.495605 -1.165283 0.140869 51.851400 -22.753614 91.502471 153125140830.000000
-0.463623 -1.175049 0.133545 50.814372 -20.557555 92.966510 153125143755.000000
-0.431885 -1.182373 0.137451 50.082352 -17.324468 94.857561 153125146676.000000
-0.402344 -1.199219 0.147949 49.228329 -12.566339 95.833588 153125149593.000000
-0.385010 -1.211182 0.148682 48.618313 -5.795156 97.114622 153125152515.000000
-0.367432 -1.226807 0.162598 47.886293 1.464040 98.273653 153125155436.000000
-0.353760 -1.234375 0.156738 47.703288 10.492283 100.042701 153125158351.000000
-0.344238 -1.245850 0.174072 47.215275 19.764534 101.628744 153125161265.000000
-0.342529 -1.244629 0.182373 47.215275 28.731776 103.885805 153125164183.000000
-0.343262 -1.243164 0.182617 46.788263 37.943024 106.081864 153125167111.000000
-0.351563 -1.235596 0.185791 46.178247 47.093272 108.643933 153125170026.000000
-0.359131 -1.233643 0.186035 45.507229 54.718477 110.534984 153125172943.000000
-0.372314 -1.231445 0.189453 45.141219 60.635637 111.755017 153125175858.000000
-0.391602 -1.224121 0.199463 45.202220 65.759776 113.158055 153125178772.000000
-0.427002 -1.230469 0.197510 45.080217 68.565851 114.073080 153125181688.000000
-0.464600 -1.232910 0.181396 44.958214 70.883914 114.805100 153125184601.000000
-0.486816 -1.227539 0.181152 45.263222 70.944916 115.659123 153125187526.000000
-0.518066 -1.226074 0.181152 45.568230 70.029891 116.818154 153125190435.000000
-0.540771 -1.221436 0.181152 45.690234 67.345818 118.160190 153125193353.000000
-0.552490 -1.216309 0.161133 45.629232 63.197706 119.136217 153125196276.000000
-0.551758 -1.204834 0.153076 45.507229 58.683584 120.234246 153125199196.000000
-0.539795 -1.197266 0.144775 45.202220 53.071433 120.783261 153125202113.000000
-0.509277 -1.195313 0.126465 44.775209 46.727262 121.210273 153125205028.000000
-0.476318 -1.193359 0.107910 43.616178 40.505094 120.478253 153125207952.000000
-0.442383 -1.188232 0.092529 42.701153 34.587934 119.807235 153125210877.000000
-0.404297 -1.178711 0.083008 41.969133 29.341792 118.709205 153125213801.000000
-0.364990 -1.173096 0.083496 41.481120 24.827670 117.123162 153125216725.000000
-0.327637 -1.166260 0.077393 40.871104 20.557555 114.866101 153125219661.000000
-0.293945 -1.151123 0.075684 40.505094 17.141463 113.158055 153125222585.000000
-0.279297 -1.150391 0.081299 40.139084 14.091380 111.206003 153125225515.000000
-0.256836 -1.138672 0.081543 39.834076 11.529311 109.436955 153125228440.000000
-0.247559 -1.140625 0.087891 40.017080 8.540231 107.728909 153125231435.000000
-0.249023 -1.139404 0.084961 40.383090 5.917160 105.166840 153125234330.000000
-0.262695 -1.142334 0.092529 40.688099 3.294089 104.068810 153125236155.000000
-0.272217 -1.143799 0.096924 40.993107 1.342036 102.970780 153125237956.000000
-0.284180 -1.143799 0.091797 41.115110 -1.342036 101.628744 153125239763.000000
-0.300781 -1.146729 0.083740 41.298115 -3.599097 100.774721 153125241566.000000
-0.303467 -1.148438 0.081787 41.481120 -6.405173 100.103703 153125243369.000000
-0.314697 -1.140869 0.073730 41.542122 -9.577259 99.127676 153125245170.000000
-0.330566 -1.139648 0.069580 41.298115 -12.566339 98.822668 153125246973.000000
-0.339600 -1.140381 0.070313 41.359117 -15.494418 98.273653 153125248776.000000
-0.348877 -1.131348 0.053223 41.237113 -18.910511 97.968645 153125250579.000000
-0.350098 -1.128174 0.052734 41.054108 -21.533581 98.029647 153125252381.000000
-0.354980 -1.130127 0.043945 40.627097 -24.522662 98.212652 153125254216.000000
-0.351807 -1.118652 0.037842 40.383090 -27.938754 97.724639 153125256441.000000
-0.340576 -1.109375 0.032715 40.078082 -30.500824 97.724639 153125258429.000000
-0.335449 -1.102783 0.025391 39.956079 -32.879888 98.029647 153125260343.000000
-0.320313 -1.087402 0.017822 39.224059 -34.343927 98.273653 153125262155.000000
-0.309326 -1.073975 0.010742 38.675044 -35.929970 98.456658 153125263957.000000
-0.293701 -1.059082 0.002686 38.126029 -36.844995 98.639663 153125265759.000000
-0.270996 -1.043945 -0.007080 37.699018 -37.516013 98.944672 153125267558.000000
-0.263916 -1.036133 -0.007813 37.211005 -37.882023 99.005673 153125269359.000000
-0.247070 -1.026123 -0.008545 36.600988 -38.431038 99.493686 153125271161.000000
-0.230957 -1.014160 -0.010010 36.051973 -38.004026 99.432685 153125272970.000000
-0.214355 -1.003174 -0.008789 35.136949 -37.943024 99.737693 153125274772.000000
-0.184082 -0.988770 -0.023682 34.099921 -37.028000 100.042701 153125276571.000000
-0.173828 -0.981689 -0.022705 32.818886 -36.234978 99.432685 153125278372.000000
-0.149170 -0.967041 -0.036621 31.781858 -34.953944 99.554688 153125280173.000000
-0.120850 -0.952393 -0.043945 30.561825 -33.733911 99.249680 153125281974.000000
-0.099121 -0.937500 -0.052490 29.524797 -32.269871 98.517660 153125283775.000000
-0.075439 -0.926758 -0.053711 28.243763 -30.561825 98.212652 153125285578.000000
-0.064697 -0.922119 -0.059570 27.511743 -28.853779 97.785640 153125287379.000000
-0.047119 -0.907471 -0.051270 26.169707 -27.023730 97.114622 153125289180.000000
-0.041992 -0.899170 -0.050537 25.193680 -25.681693 96.443604 153125290981.000000
-0.033447 -0.888428 -0.046631 24.034649 -23.668639 95.406576 153125292785.000000
-0.031250 -0.880859 -0.031250 22.631611 -22.021595 94.857561 153125294586.000000
-0.027100 -0.878418 -0.032959 21.716586 -20.252547 93.637528 153125296386.000000
-0.026123 -0.870850 -0.029541 20.923565 -18.483499 92.478497 153125298188.000000
-0.022217 -0.863525 -0.012939 19.764534 -16.653450 91.563472 153125299995.000000
-0.024414 -0.864746 -0.009766 18.910511 -14.823400 90.831452 153125301796.000000
-0.019775 -0.867188 -0.002930 18.361496 -12.810346 89.733423 153125303600.000000
-0.022461 -0.865479 -0.001953 17.446471 -10.980296 88.879400 153125305401.000000
-0.022461 -0.856934 -0.001953 16.897456 -8.967242 88.147380 153125307200.000000
-0.026611 -0.858887 0.000244 16.226438 -7.320198 87.659367 153125309005.000000
-0.028809 -0.852051 0.005371 15.433417 -5.673153 86.622339 153125310810.000000
-0.029541 -0.851074 0.012207 15.067407 -3.660099 85.951321 153125312614.000000
-0.031250 -0.848633 0.012695 14.335387 -2.379064 85.402306 153125314418.000000
-0.029785 -0.840576 0.008545 13.847374 -0.488013 84.426280 153125316221.000000
-0.032959 -0.841553 0.026855 13.359361 0.976026 83.694260 153125318029.000000
-0.031738 -0.836914 0.032471 12.810346 2.867077 82.901238 153125319834.000000
-0.035645 -0.834961 0.037354 12.505338 4.026109 82.169219 153125321638.000000
-0.033203 -0.833984 0.042725 12.200329 5.429147 81.254194 153125323444.000000
-0.040283 -0.826660 0.048340 12.139328 6.466175 80.461172 153125325246.000000
-0.040283 -0.824219 0.048340 12.261331 7.991216 79.424144 153125327051.000000
-0.036377 -0.820313 0.051758 12.322333 9.760264 78.875130 153125328852.000000
-0.035400 -0.815186 0.055664 12.078326 10.492283 77.838102 153125330654.000000
-0.034180 -0.806641 0.053223 12.139328 11.468310 76.740072 153125332454.000000
-0.032471 -0.802002 0.053711 12.139328 12.444336 76.008052 153125334255.000000
-0.026123 -0.794189 0.055420 12.261331 13.481364 75.154029 153125336054.000000
-0.026367 -0.788086 0.052002 12.322333 14.091380 74.300006 153125337859.000000
-0.025879 -0.777832 0.055176 12.688343 14.701397 73.506985 153125339659.000000
-0.023193 -0.770508 0.050049 12.810346 15.311413 72.225950 153125341460.000000
-0.021240 -0.769775 0.050293 12.993351 16.043433 71.188922 153125343260.000000
-0.021240 -0.764160 0.051758 13.298359 16.409443 70.273897 153125345060.000000
-0.019287 -0.759521 0.050781 13.603367 16.714451 69.114866 153125346864.000000
-0.016357 -0.752930 0.055420 13.908376 16.775453 67.955835 153125348664.000000
-0.017090 -0.745117 0.045410 13.969377 16.775453 66.491795 153125350465.000000
-0.020020 -0.742432 0.045166 14.335387 16.653450 65.454767 153125352265.000000
-0.023682 -0.738525 0.048584 14.579394 16.165436 64.417739 153125354064.000000
-0.023438 -0.731934 0.035400 14.701397 15.555420 62.892698 153125355864.000000
-0.023682 -0.720947 0.032715 14.579394 15.372415 61.611664 153125357667.000000
-0.022949 -0.713867 0.031982 14.823400 14.640395 60.696639 153125359471.000000
-0.022949 -0.708984 0.028320 14.884402 13.969377 59.598609 153125361272.000000
-0.024414 -0.701416 0.027832 15.067407 13.115354 58.073568 153125363071.000000
-0.021973 -0.698975 0.022461 15.006405 12.139328 57.158543 153125364876.000000
-0.027344 -0.687256 0.021240 14.640395 11.407308 55.877509 153125366676.000000
-0.027100 -0.682861 0.020996 14.518392 10.065272 54.901482 153125368476.000000
-0.029785 -0.683105 0.022705 14.274385 9.333252 54.108461 153125370309.000000
-0.031494 -0.679688 0.018799 13.969377 8.540231 52.766425 153125372113.000000
-0.037842 -0.677979 0.010010 13.664369 7.259196 51.668395 153125373918.000000
-0.034180 -0.672607 0.012207 13.481364 6.466175 50.570365 153125375721.000000
-0.039551 -0.669922 0.019531 13.298359 5.185140 49.167328 153125377527.000000
-0.037842 -0.669678 0.019775 12.932349 4.209114 48.069298 153125379332.000000
-0.033936 -0.663818 0.017578 12.566339 2.867077 46.849265 153125381136.000000
-0.042480 -0.654785 0.009033 11.834320 2.135058 45.995242 153125382939.000000
-0.043457 -0.649414 0.005859 11.346306 0.976026 44.653206 153125384744.000000
-0.045898 -0.643066 0.006348 10.919295 0.610016 43.738181 153125386548.000000
-0.049316 -0.636230 0.007324 10.065272 0.122003 42.823156 153125388352.000000
-0.048096 -0.630127 -0.000244 9.272250 -0.732020 41.725127 153125390157.000000
-0.053711 -0.624023 0.003906 8.906240 -1.647044 40.871104 153125391961.000000
-0.054688 -0.614258 0.007080 8.540231 -2.257061 39.956079 153125393765.000000
-0.062988 -0.606445 0.013428 7.930214 -2.745074 39.041054 153125395568.000000
-0.066162 -0.605713 0.017090 7.503203 -3.172086 38.553041 153125397377.000000
-0.070068 -0.604004 0.020508 7.137193 -3.721100 37.760020 153125399181.000000
-0.078125 -0.603516 0.029541 6.283170 -3.843104 36.844995 153125400985.000000
-0.079834 -0.598877 0.035889 5.734155 -3.660099 36.478985 153125402789.000000
-0.086670 -0.598145 0.036133 5.002135 -3.904105 35.502959 153125404592.000000
-0.086914 -0.599365 0.033691 4.758128 -3.843104 34.953944 153125406396.000000
-0.083740 -0.601074 0.050537 4.697127 -3.233087 34.160922 153125408200.000000
-0.081299 -0.610352 0.057617 4.453120 -3.233087 33.733911 153125410006.000000
-0.083984 -0.615723 0.065674 4.697127 -2.623071 32.574880 153125411809.000000
-0.087402 -0.621826 0.072021 4.697127 -2.074056 32.208870 153125413612.000000
-0.089844 -0.623779 0.071045 4.880132 -1.281035 31.415848 153125415419.000000
-0.091309 -0.626953 0.079346 4.941133 -0.305008 30.744830 153125417222.000000
-0.089600 -0.629395 0.077881 5.063137 0.671018 30.256817 153125419027.000000
-0.085205 -0.627441 0.075195 4.819130 2.074056 29.524797 153125420915.000000
-0.078613 -0.626221 0.071045 5.002135 3.416092 28.853779 153125422718.000000
-0.076172 -0.627930 0.064209 5.002135 4.514122 27.877753 153125424520.000000
-0.079346 -0.630127 0.062012 5.002135 6.039163 27.267736 153125426320.000000
-0.076416 -0.633301 0.059570 5.124138 7.076191 26.596718 153125428120.000000
-0.076172 -0.629395 0.053467 5.307143 8.113219 25.437687 153125429921.000000
-0.077393 -0.632568 0.057617 5.368145 9.211249 24.583664 153125431722.000000
-0.084961 -0.636230 0.057861 5.795156 10.126273 23.546636 153125433521.000000
-0.091064 -0.635742 0.054688 5.734155 10.858293 22.631611 153125435321.000000
-0.093506 -0.631348 0.056641 5.856158 11.285305 21.472580 153125437122.000000
-0.103760 -0.633545 0.061035 6.344171 11.407308 20.496553 153125438923.000000
-0.116211 -0.635986 0.057861 6.771183 11.651315 19.093516 153125440726.000000
-0.125488 -0.635010 0.056396 6.954188 11.834320 18.117489 153125442526.000000
-0.125000 -0.635010 0.053955 6.893186 12.139328 17.141463 153125444326.000000
-0.135010 -0.632568 0.045410 7.137193 11.529311 15.982432 153125446127.000000
-0.142090 -0.629395 0.042480 7.137193 11.346306 15.067407 153125447926.000000
-0.152588 -0.630127 0.036133 7.076191 11.346306 14.030379 153125449726.000000
-0.164307 -0.627686 0.031738 7.198194 11.102300 13.237357 153125451530.000000
-0.166504 -0.627930 0.031006 7.259196 10.553285 12.139328 153125453329.000000
-0.174805 -0.629883 0.032715 7.259196 10.553285 11.285305 153125455129.000000
-0.183594 -0.622070 0.032959 7.320198 9.943268 10.797292 153125456929.000000
-0.190674 -0.624756 0.032715 7.198194 9.882267 9.882267 153125458729.000000
-0.199463 -0.623047 0.028076 6.954188 9.699262 9.394254 153125460530.000000
-0.199463 -0.622559 0.023926 6.649180 9.333252 8.540231 153125462330.000000
-0.207275 -0.616455 0.009766 6.283170 9.272250 8.113219 153125464132.000000
-0.210938 -0.614990 0.011230 5.734155 8.723236 7.381199 153125465930.000000
-0.213379 -0.612305 0.010742 5.429147 8.418227 7.137193 153125467729.000000
-0.215088 -0.608643 0.011719 5.002135 8.052217 6.100165 153125469536.000000
-0.215088 -0.604004 0.013916 4.331117 7.381199 5.673153 153125471341.000000
-0.215820 -0.603760 0.014893 3.904105 7.320198 5.612152 153125473149.000000
-0.218262 -0.602295 0.020508 3.599097 6.893186 4.575124 153125474956.000000
-0.211426 -0.598877 0.020752 3.050082 6.344171 4.514122 153125476762.000000
-0.215576 -0.599609 0.025146 1.952053 6.222168 4.087110 153125478568.000000
-0.214355 -0.596680 0.025635 1.403038 6.588178 3.477094 153125480372.000000
-0.208740 -0.598877 0.019775 0.549015 6.222168 3.050082 153125482176.000000
-0.207275 -0.600586 0.022949 0.244007 6.588178 2.684072 153125483983.000000
-0.206055 -0.596924 0.028809 -0.610016 6.771183 2.074056 153125485789.000000
-0.205078 -0.595459 0.037109 -1.037028 6.893186 1.098030 153125487594.000000
-0.204102 -0.596924 0.039307 -1.708046 7.320198 0.488013 153125489411.000000
-0.211182 -0.595459 0.051270 -2.196059 7.564204 0.000000 153125491211.000000
-0.213135 -0.600342 0.047852 -2.745074 7.991216 -0.915025 153125493013.000000
-0.223633 -0.602295 0.058105 -2.623071 8.418227 -1.830049 153125494814.000000
-0.229248 -0.604980 0.060791 -2.562069 8.479229 -2.440066 153125496614.000000
-0.229736 -0.604004 0.063721 -2.623071 8.479229 -3.111084 153125498415.000000
-0.239258 -0.608398 0.061768 -2.379064 8.784237 -3.904105 153125500220.000000
-0.247559 -0.606934 0.066406 -2.501068 8.357226 -4.941133 153125502025.000000
-0.261230 -0.608887 0.070313 -2.562069 8.418227 -5.307143 153125503829.000000
-0.266846 -0.610840 0.069092 -2.257061 8.052217 -6.100165 153125505635.000000
-0.277100 -0.621826 0.076416 -2.318063 7.625206 -6.588178 153125507439.000000
-0.275879 -0.617920 0.075684 -2.196059 6.893186 -7.198194 153125509245.000000
-0.288574 -0.619873 0.071289 -2.196059 6.405173 -7.991216 153125511049.000000
-0.294434 -0.625732 0.072021 -2.074056 5.612152 -8.723236 153125512853.000000
-0.298828 -0.622559 0.072510 -2.318063 4.819130 -9.516257 153125514657.000000
-0.309326 -0.629150 0.061035 -1.891051 4.148112 -10.248277 153125516467.000000
-0.311523 -0.629883 0.061768 -1.769048 3.782102 -11.102300 153125518272.000000
-0.318115 -0.631104 0.065430 -1.647044 2.867077 -11.468310 153125520078.000000
-0.329346 -0.630127 0.065186 -1.403038 2.013054 -12.200329 153125521972.000000
-0.331299 -0.632568 0.069092 -1.220033 1.342036 -12.932349 153125523776.000000
-0.340576 -0.633301 0.066650 -1.281035 0.549015 -13.237357 153125525577.000000
-0.342285 -0.630127 0.066406 -1.525041 0.183005 -13.786372 153125527383.000000
-0.340088 -0.631836 0.070313 -1.525041 -0.427012 -13.847374 153125529182.000000
-0.335938 -0.629883 0.053955 -1.647044 -0.732020 -14.640395 153125530983.000000
-0.333252 -0.627686 0.060059 -1.769048 -0.793021 -14.518392 153125532783.000000
-0.328613 -0.631348 0.059082 -2.074056 -0.976026 -15.128408 153125534582.000000
-0.327393 -0.632813 0.061035 -2.257061 -1.281035 -15.433417 153125536382.000000
-0.316650 -0.634521 0.064697 -2.562069 -1.220033 -15.494418 153125538184.000000
-0.317627 -0.641602 0.052979 -2.928079 -1.037028 -15.799427 153125539984.000000
-0.310303 -0.644287 0.052734 -3.294089 -0.488013 -16.287440 153125541785.000000
-0.300781 -0.649414 0.046143 -3.599097 -0.061002 -16.409443 153125543584.000000
-0.297852 -0.646973 0.040527 -4.453120 0.305008 -16.592448 153125545384.000000
-0.289063 -0.647217 0.043945 -5.002135 0.915025 -16.775453 153125547184.000000
-0.279053 -0.651611 0.048096 -5.246142 1.708046 -16.958458 153125548984.000000
-0.279785 -0.650146 0.036621 -5.734155 2.501068 -17.141463 153125550786.000000
-0.270264 -0.657471 0.046875 -6.405173 3.294089 -17.324468 153125552585.000000
-0.268066 -0.656250 0.042969 -7.015189 4.026109 -17.629476 153125554386.000000
-0.268555 -0.655273 0.037354 -7.381199 4.697127 -17.995486 153125556186.000000
-0.259277 -0.652344 0.039551 -8.174221 5.368145 -18.056488 153125557986.000000
-0.245361 -0.647705 0.037842 -9.150247 6.466175 -18.544501 153125559788.000000
-0.237793 -0.654541 0.036621 -9.638260 7.198194 -18.788507 153125561587.000000
-0.232910 -0.651611 0.031006 -10.309278 7.564204 -19.276520 153125563388.000000
-0.223145 -0.646240 0.031494 -11.346306 8.113219 -20.008540 153125565188.000000
-0.216064 -0.646484 0.034180 -12.017324 8.540231 -20.557555 153125566989.000000
-0.208984 -0.648682 0.023682 -12.627341 8.784237 -20.923565 153125568791.000000
-0.202637 -0.645508 0.023438 -13.359361 8.967242 -21.228573 153125570599.000000
-0.197998 -0.644531 0.026123 -14.213384 9.211249 -21.655585 153125572404.000000
-0.191162 -0.646729 0.029053 -15.189410 9.272250 -22.326603 153125574207.000000
-0.180420 -0.648682 0.021484 -16.043433 9.516257 -22.692613 153125576011.000000
-0.169922 -0.654297 0.014404 -16.897456 9.760264 -23.302629 153125577815.000000
-0.157471 -0.654053 0.010498 -17.995486 9.638260 -24.095651 153125579625.000000
-0.144531 -0.653809 0.012451 -18.727506 9.455255 -24.827670 153125581429.000000
-0.136719 -0.659912 0.015137 -19.581529 9.516257 -25.193680 153125583236.000000
-0.123047 -0.661865 0.018311 -20.923565 9.272250 -26.413713 153125585041.000000
-0.118652 -0.670166 0.016113 -21.594583 9.394254 -27.023730 153125586845.000000
-0.115479 -0.686035 0.012207 -22.143598 9.821265 -28.060758 153125588650.000000
-0.115967 -0.689697 0.020996 -22.387604 10.553285 -29.707802 153125590454.000000
-0.117188 -0.696777 0.020264 -22.326603 10.980296 -30.561825 153125592259.000000
-0.119873 -0.712891 0.020752 -22.021595 10.614287 -32.208870 153125594061.000000
-0.120117 -0.716309 0.024170 -21.106570 10.919295 -33.733911 153125595866.000000
-0.131836 -0.718994 0.034912 -20.435552 10.187275 -35.319954 153125597673.000000
-0.142334 -0.719238 0.042480 -19.825535 9.455255 -36.722992 153125599478.000000
-0.148438 -0.720215 0.039795 -19.093516 8.296224 -38.492039 153125601282.000000
-0.164551 -0.726318 0.041260 -18.361496 7.320198 -39.834076 153125603085.000000
-0.178223 -0.720215 0.036133 -17.629476 5.673153 -40.932105 153125604889.000000
-0.186279 -0.717285 0.036621 -16.958458 3.477094 -42.457146 153125606692.000000
-0.206055 -0.720215 0.034424 -16.287440 1.464040 -43.494174 153125608497.000000
-0.215576 -0.720215 0.034668 -16.043433 -0.549015 -44.836211 153125610317.000000
-0.229736 -0.716064 0.029785 -15.372415 -3.050082 -46.361252 153125612126.000000
-0.247803 -0.718506 0.025391 -15.128408 -5.429147 -47.642286 153125613929.000000
-0.259277 -0.724854 0.026855 -14.762399 -7.808211 -48.557311 153125615733.000000
-0.271240 -0.726807 0.020264 -14.457390 -10.675288 -49.838346 153125617536.000000
-0.279785 -0.729736 0.023193 -13.725371 -12.993351 -50.875374 153125619340.000000
-0.286865 -0.742188 0.024658 -13.359361 -15.372415 -51.729397 153125621143.000000
-0.293457 -0.745605 0.022949 -13.115354 -17.568474 -52.827426 153125623035.000000
-0.299805 -0.751709 0.020264 -12.444336 -19.947539 -53.498444 153125624838.000000
-0.298828 -0.756592 0.010010 -12.261331 -22.021595 -54.230464 153125626641.000000
-0.293701 -0.754639 0.005859 -12.627341 -23.546636 -54.962484 153125628443.000000
-0.287598 -0.756104 0.005615 -12.505338 -24.827670 -55.511499 153125630258.000000
-0.277100 -0.755371 0.006348 -12.932349 -25.620692 -55.328494 153125632073.000000
-0.262207 -0.758301 0.002686 -13.420362 -25.681693 -55.633502 153125633879.000000
-0.241943 -0.760498 -0.004150 -13.481364 -25.925700 -56.060514 153125635684.000000
-0.220215 -0.757813 -0.008057 -14.030379 -25.254682 -56.609528 153125637493.000000
-0.205078 -0.757568 -0.007568 -14.640395 -24.278656 -56.609528 153125639300.000000
-0.176270 -0.763428 -0.005859 -15.433417 -23.424632 -56.914537 153125641105.000000
-0.150391 -0.768799 -0.005859 -15.921430 -21.594583 -57.524553 153125642911.000000
-0.119385 -0.767578 -0.006104 -16.958458 -19.581529 -57.890563 153125644717.000000
-0.090820 -0.770752 -0.011475 -17.690478 -17.385469 -58.439578 153125646523.000000
-0.074463 -0.771484 -0.008789 -18.849509 -14.457390 -58.866589 153125648327.000000
-0.043457 -0.772461 -0.017334 -19.764534 -11.590313 -59.659611 153125650134.000000
-0.022949 -0.769531 -0.027344 -20.984567 -7.869212 -60.269627 153125651936.000000
0.009033 -0.769287 -0.043213 -22.326603 -4.087110 -60.757640 153125653748.000000
0.036621 -0.769775 -0.043213 -23.851644 -0.244007 -61.428659 153125655552.000000
0.047607 -0.769043 -0.043213 -24.888672 3.660099 -62.160678 153125657356.000000
0.072266 -0.770020 -0.045166 -26.535716 8.113219 -62.465687 153125659161.000000
0.095459 -0.772217 -0.054688 -27.999756 12.017324 -63.380711 153125660965.000000
0.111084 -0.771484 -0.062744 -29.463796 16.592448 -63.868724 153125662771.000000
0.126709 -0.772217 -0.067139 -31.171842 21.838590 -64.356738 153125664575.000000
0.132568 -0.772705 -0.067871 -32.635881 26.047703 -65.027756 153125666379.000000
0.143799 -0.779785 -0.071045 -33.916916 31.659855 -65.698774 153125668186.000000
0.154785 -0.782227 -0.073486 -35.075947 36.112975 -65.942780 153125669994.000000
0.163330 -0.794678 -0.068848 -36.234978 40.871104 -66.796804 153125671797.000000
0.175293 -0.800293 -0.072998 -37.272006 44.653206 -67.589825 153125673600.000000
0.180908 -0.804688 -0.077881 -38.004026 48.801318 -68.382846 153125675405.000000
0.180420 -0.812744 -0.079834 -39.163057 52.278412 -69.114866 153125677209.000000
0.187988 -0.825439 -0.080322 -39.895077 55.633502 -70.090892 153125679015.000000
0.180176 -0.837402 -0.080811 -40.505094 58.622583 -71.249924 153125680818.000000
0.178467 -0.845947 -0.083008 -41.420118 60.879644 -72.713963 153125682624.000000
0.164551 -0.857178 -0.074219 -41.603123 63.136705 -74.117001 153125684428.000000
0.156494 -0.863770 -0.064697 -41.603123 64.661746 -75.154029 153125686232.000000
0.134277 -0.875732 -0.052979 -40.871104 65.698774 -76.557067 153125688038.000000
0.106934 -0.888428 -0.049316 -40.139084 65.942780 -78.021107 153125689842.000000
0.082275 -0.901611 -0.050293 -39.224059 65.210761 -79.729153 153125691645.000000
0.058350 -0.907959 -0.047119 -37.943024 64.173733 -81.376197 153125693448.000000
0.046631 -0.914551 -0.048340 -36.722992 62.526688 -82.962240 153125695254.000000
0.024658 -0.920166 -0.046387 -35.441957 59.598609 -85.036296 153125697058.000000
-0.001709 -0.917480 -0.058838 -34.221924 55.755505 -86.805344 153125698863.000000
-0.017822 -0.916748 -0.071777 -32.940889 51.241384 -88.818398 153125700668.000000
-0.035645 -0.916504 -0.076660 -32.086866 46.056244 -90.526444 153125702472.000000
-0.047363 -0.913574 -0.086914 -31.232843 39.468066 -92.295492 153125704279.000000
-0.066650 -0.906006 -0.102539 -30.683828 33.306899 -94.369548 153125706082.000000
-0.093994 -0.907227 -0.100098 -29.768804 26.474715 -96.260599 153125707887.000000
-0.118408 -0.905273 -0.111572 -29.341792 18.605502 -97.968645 153125709692.000000
-0.140869 -0.901123 -0.110596 -29.280791 11.468310 -99.920698 153125711502.000000
-0.151855 -0.903076 -0.114990 -29.097786 2.440066 -101.567742 153125713306.000000
-0.171631 -0.910400 -0.116211 -28.914781 -5.490148 -103.458793 153125715110.000000
-0.185791 -0.919434 -0.118408 -28.731776 -14.640395 -105.410846 153125716914.000000
-0.199707 -0.929932 -0.125244 -28.243763 -23.668639 -106.874886 153125718719.000000
-0.209717 -0.940430 -0.131592 -28.060758 -32.757884 -108.399927 153125720525.000000
-0.211426 -0.949219 -0.138916 -28.243763 -41.603123 -110.046971 153125722328.000000
-0.208496 -0.958984 -0.155029 -28.365766 -49.899347 -111.328006 153125724135.000000
-0.207520 -0.962158 -0.174561 -28.853779 -58.317575 -112.243031 153125725939.000000
-0.199463 -0.969971 -0.190430 -29.585799 -65.942780 -113.280059 153125727746.000000
-0.192139 -0.975830 -0.203613 -30.195815 -73.262978 -114.073080 153125729550.000000
-0.189453 -0.982910 -0.208252 -30.866833 -79.485146 -114.866101 153125731353.000000
-0.174072 -0.989258 -0.215332 -31.598853 -85.036296 -115.354115 153125733158.000000
-0.155518 -0.999023 -0.213135 -31.964863 -89.794424 -115.964131 153125734963.000000
-0.139160 -1.004883 -0.217773 -32.940889 -94.186543 -116.513146 153125736768.000000
-0.114258 -1.008789 -0.232422 -34.099921 -97.785640 -117.123162 153125738572.000000
-0.104736 -1.009521 -0.239502 -35.380955 -100.652718 -118.282194 153125740377.000000
-0.077148 -1.019775 -0.233643 -36.783993 -102.970780 -119.014213 153125742181.000000
-0.045898 -1.029053 -0.228516 -38.126029 -104.495821 -119.868236 153125743984.000000
-0.009277 -1.034668 -0.214844 -39.407064 -105.471848 -120.539255 153125745789.000000
0.019287 -1.047363 -0.201904 -40.505094 -105.715854 -121.271274 153125747592.000000
0.038818 -1.049805 -0.195068 -41.908132 -104.983835 -122.369304 153125749415.000000
0.068115 -1.063477 -0.182129 -43.311169 -103.031782 -122.796316 153125751224.000000
0.105469 -1.063477 -0.176025 -45.141219 -100.286708 -123.467334 153125753031.000000
0.133057 -1.073975 -0.163574 -46.727262 -97.053620 -123.833344 153125754834.000000
0.154785 -1.080566 -0.149170 -48.374306 -92.661502 -124.138352 153125756639.000000
0.185791 -1.086914 -0.142578 -50.448362 -86.927347 -124.382358 153125758446.000000
0.198730 -1.089355 -0.138184 -52.461416 -80.461172 -124.626365 153125760253.000000
0.220215 -1.096191 -0.136475 -53.986458 -73.079973 -124.626365 153125762060.000000
0.244629 -1.103271 -0.128906 -55.450497 -65.271762 -124.687367 153125763863.000000
0.265869 -1.110107 -0.115234 -57.097542 -56.365522 -124.504362 153125765669.000000
0.282227 -1.123291 -0.096191 -58.195571 -47.642286 -124.138352 153125767473.000000
0.291748 -1.125977 -0.090576 -59.293601 -37.882023 -124.016348 153125769279.000000
0.307129 -1.125000 -0.087646 -60.513634 -28.426768 -124.016348 153125771083.000000
0.311768 -1.135986 -0.089355 -61.550662 -19.032514 -124.016348 153125772888.000000
0.310303 -1.143066 -0.085693 -62.160678 -8.662234 -124.443360 153125774692.000000
0.300537 -1.147705 -0.075684 -62.831696 0.915025 -124.809370 153125776497.000000
0.291992 -1.149414 -0.071533 -63.380711 11.224303 -124.931373 153125778304.000000
0.270264 -1.155518 -0.067139 -63.319710 20.496553 -125.297383 153125780109.000000
0.239502 -1.165283 -0.065674 -63.258708 30.012810 -126.029403 153125781923.000000
0.212891 -1.173584 -0.063965 -63.136705 38.187031 -126.761423 153125783728.000000
0.183838 -1.180908 -0.071045 -62.526688 45.812237 -127.554444 153125785533.000000
0.167236 -1.182617 -0.071045 -61.977673 52.156408 -128.347465 153125787336.000000
0.127197 -1.185547 -0.086182 -61.367657 58.134570 -129.201488 153125789141.000000
0.088135 -1.190674 -0.101807 -61.001647 62.221680 -129.933508 153125790946.000000
0.040771 -1.198975 -0.110596 -60.574636 65.088757 -130.909535 153125792752.000000
0.000488 -1.205566 -0.112793 -60.025621 67.833832 -132.373574 153125794555.000000
-0.023438 -1.214355 -0.116211 -59.110596 69.114866 -133.227597 153125796358.000000
-0.062744 -1.227051 -0.125488 -58.439578 68.931861 -134.081620 153125798164.000000
-0.105713 -1.244873 -0.131592 -58.073568 67.894833 -134.691637 153125799969.000000
-0.142822 -1.265137 -0.135986 -57.524553 66.369792 -135.911670 153125801773.000000
-0.179199 -1.285889 -0.139160 -56.914537 63.380711 -136.826694 153125803576.000000
-0.194092 -1.297852 -0.139648 -56.548527 59.781614 -137.863722 153125805380.000000
-0.224365 -1.318848 -0.145996 -56.487525 55.328494 -139.205759 153125807183.000000
-0.258301 -1.336182 -0.154297 -56.670530 51.119380 -140.059782 153125808988.000000
-0.291504 -1.353760 -0.159180 -56.914537 45.934240 -141.340816 153125810793.000000
-0.322510 -1.370850 -0.164063 -57.219545 40.810102 -142.072836 153125812596.000000
-0.356689 -1.374512 -0.151855 -57.341548 35.441957 -142.743854 153125814401.000000
-0.365723 -1.382568 -0.166504 -58.256573 31.781858 -143.231867 153125816208.000000
-0.387939 -1.394287 -0.186768 -59.049594 26.657720 -143.536875 153125818013.000000
-0.410645 -1.394287 -0.179443 -59.476606 23.058623 -143.353871 153125819820.000000
-0.422852 -1.403809 -0.165283 -59.110596 19.764534 -143.475874 153125821626.000000
-0.427246 -1.400879 -0.161621 -59.110596 15.616422 -142.987861 153125823432.000000
-0.429199 -1.396729 -0.159668 -59.293601 12.383334 -142.255841 153125825241.000000
-0.424072 -1.392090 -0.161865 -60.147624 9.577259 -140.852803 153125827045.000000
-0.411621 -1.375977 -0.173828 -60.574636 7.686208 -140.120783 153125828849.000000
-0.391357 -1.363281 -0.184814 -61.794668 5.856158 -139.083755 153125830654.000000
-0.359131 -1.350098 -0.188477 -62.831696 5.063137 -138.229732 153125832458.000000
-0.341797 -1.344238 -0.198486 -64.356738 4.819130 -137.619716 153125834262.000000
-0.298584 -1.329590 -0.200928 -65.820777 4.758128 -137.192704 153125836067.000000
-0.254883 -1.321777 -0.199707 -67.223815 5.795156 -137.009699 153125837878.000000
-0.211182 -1.322021 -0.187500 -69.053864 7.198194 -136.826694 153125839682.000000
-0.163086 -1.328857 -0.180420 -70.578906 9.211249 -137.009699 153125841485.000000
-0.144775 -1.329590 -0.167725 -71.859940 11.712316 -137.314707 153125843289.000000
-0.108154 -1.339600 -0.147461 -72.835967 14.518392 -137.253706 153125845093.000000
-0.076416 -1.356689 -0.117188 -73.994998 18.361496 -137.680717 153125846898.000000
-0.056152 -1.375488 -0.083496 -74.544013 22.570609 -137.741719 153125848702.000000
-0.041260 -1.389404 -0.049316 -75.154029 26.901726 -137.558714 153125850508.000000
-0.040527 -1.397949 -0.031006 -75.703044 32.391875 -137.741719 153125852311.000000
-0.034180 -1.422607 0.012695 -75.825047 37.638016 -137.131703 153125854117.000000
-0.030518 -1.441406 0.044189 -75.703044 43.616178 -136.399683 153125856569.000000
-0.040527 -1.457275 0.081299 -75.642042 51.363387 -135.667663 153125858399.000000
-0.044434 -1.460205 0.088623 -75.398036 57.036540 -134.996645 153125860206.000000
-0.053955 -1.465088 0.100586 -74.910023 61.916672 -133.898615 153125862012.000000
-0.065430 -1.460449 0.116943 -74.300006 65.698774 -132.861587 153125863817.000000
-0.062988 -1.466309 0.097900 -74.727018 69.968889 -132.434576 153125865622.000000
-0.083740 -1.454102 0.111084 -74.605014 73.323980 -131.824559 153125867426.000000
-0.092529 -1.451172 0.111816 -74.056000 75.154029 -131.214543 153125869230.000000
-0.123779 -1.452637 0.126465 -73.018972 76.008052 -130.909535 153125871035.000000
-0.156250 -1.451416 0.128418 -72.103947 76.435064 -130.726530 153125872839.000000
-0.201904 -1.444580 0.122803 -71.188922 75.642042 -130.970536 153125874645.000000
-0.252686 -1.440918 0.125000 -70.029891 74.361008 -131.519551 153125876448.000000
-0.281250 -1.437256 0.122803 -68.504850 71.615934 -132.312572 153125878254.000000
-0.337158 -1.436279 0.123535 -66.247789 67.528823 -133.166595 153125880058.000000
-0.392334 -1.433838 0.125488 -64.356738 63.014701 -134.081620 153125881862.000000
-0.443604 -1.436035 0.129883 -62.099677 56.121515 -135.179650 153125883667.000000
-0.499268 -1.433838 0.125977 -59.842616 48.618313 -136.399683 153125885469.000000
-0.529297 -1.430176 0.125244 -58.073568 39.590069 -137.436711 153125887275.000000
-0.583008 -1.421387 0.111084 -56.243519 30.378820 -137.741719 153125889079.000000
-0.647705 -1.413330 0.095947 -54.901482 19.947539 -138.168731 153125890883.000000
-0.706299 -1.405273 0.084473 -53.864454 9.638260 -138.656744 153125892687.000000
-0.758057 -1.401367 0.081055 -53.193436 -0.976026 -138.473739 153125894492.000000
-0.782227 -1.401855 0.080078 -52.583420 -12.078326 -138.046727 153125896297.000000
-0.816895 -1.406738 0.076904 -51.607393 -23.180626 -138.534740 153125898100.000000
-0.839600 -1.413574 0.097900 -50.387360 -35.319954 -138.229732 153125899906.000000
-0.851807 -1.424805 0.100098 -49.533337 -46.727262 -138.107729 153125901710.000000
-0.856201 -1.432129 0.111572 -48.069298 -58.988593 -138.107729 153125903521.000000
-0.854980 -1.441895 0.119873 -47.093272 -70.273897 -138.107729 153125905324.000000
-0.845703 -1.453125 0.137695 -45.873239 -81.010187 -138.168731 153125907131.000000
-0.832764 -1.461914 0.158447 -44.714207 -90.770451 -137.802721 153125908936.000000
-0.816650 -1.458008 0.170654 -43.921186 -98.944672 -137.863722 153125910747.000000
-0.792480 -1.438965 0.181152 -43.616178 -106.325871 -137.619716 153125912551.000000
-0.781250 -1.429932 0.183838 -43.433173 -111.877021 -137.009699 153125914355.000000
-0.755615 -1.406494 0.184326 -43.372171 -116.574148 -136.277679 153125916160.000000
-0.725830 -1.387207 0.192871 -43.372171 -119.197218 -135.667663 153125917964.000000
-0.691406 -1.372559 0.203613 -43.372171 -120.783261 -134.569633 153125919771.000000
-0.655762 -1.360596 0.205322 -42.945160 -121.332276 -133.532605 153125921576.000000
-0.616455 -1.356201 0.223145 -42.213140 -120.600256 -132.861587 153125923380.000000
-0.596191 -1.351563 0.228516 -41.847130 -119.319222 -132.190569 153125925193.000000
-0.561035 -1.343750 0.234863 -41.298115 -117.489172 -131.275544 153125926999.000000
-0.528320 -1.342529 0.247803 -40.749100 -114.500092 -130.482523 153125928804.000000
-0.499023 -1.335938 0.261230 -40.627097 -110.839993 -129.750503 153125930608.000000
-0.479980 -1.326172 0.271973 -40.322089 -105.959861 -128.652474 153125932413.000000
-0.471191 -1.327148 0.283936 -40.139084 -101.140731 -127.371439 153125934218.000000
-0.453125 -1.320068 0.299072 -39.529067 -94.003538 -126.151406 153125936024.000000
-0.447754 -1.316406 0.312744 -39.285061 -87.964375 -124.870372 153125937827.000000
-0.434814 -1.308350 0.311768 -39.163057 -79.546148 -123.162325 153125939891.000000
-0.422852 -1.306885 0.314453 -39.102056 -67.223815 -120.417251 153125942815.000000
-0.411133 -1.298584 0.310547 -38.797048 -51.607393 -117.550174 153125945737.000000
-0.413818 -1.287354 0.325195 -38.736046 -35.441957 -114.378088 153125948662.000000
-0.421387 -1.279053 0.350342 -37.455011 -19.886537 -111.267004 153125951587.000000
-0.445313 -1.278320 0.365723 -36.539987 -5.795156 -108.643933 153125954512.000000
-0.498779 -1.269531 0.387939 -35.380955 6.649180 -106.569877 153125957439.000000
-0.541504 -1.264648 0.389160 -33.977917 15.555420 -104.190813 153125960363.000000
-0.614990 -1.258301 0.395752 -32.635881 21.533581 -101.994754 153125963287.000000
-0.691162 -1.256348 0.398193 -31.110840 24.156652 -99.737693 153125966210.000000
-0.765381 -1.253418 0.392090 -30.134814 23.729641 -97.846642 153125969137.000000
-0.850830 -1.255127 0.389160 -28.914781 20.740560 -96.321601 153125972059.000000
-0.946289 -1.251953 0.386230 -27.328738 15.311413 -94.369548 153125974983.000000
-1.039063 -1.244629 0.385254 -25.376685 7.930214 -92.661502 153125977907.000000
-1.130615 -1.234619 0.388672 -23.058623 -2.074056 -90.221436 153125980831.000000
-1.203125 -1.214355 0.394287 -21.106570 -14.274385 -87.537364 153125983756.000000
-1.266357 -1.194092 0.392578 -19.703532 -28.670774 -84.731288 153125986677.000000
-1.308105 -1.176025 0.389160 -18.544501 -43.067163 -81.132191 153125989601.000000
-1.330322 -1.146729 0.404053 -17.080461 -58.805588 -78.326115 153125992528.000000
-1.325195 -1.135010 0.410889 -15.799427 -72.469957 -75.459037 153125995452.000000
-1.308838 -1.121094 0.411865 -14.274385 -85.646312 -73.384981 153125998377.000000
-1.260742 -1.100830 0.397949 -12.871348 -97.297627 -71.127920 153126001300.000000
-1.186523 -1.083008 0.397949 -11.712316 -107.179894 -69.358873 153126004224.000000
-1.114014 -1.070313 0.404785 -10.431282 -115.659123 -66.857805 153126007159.000000
-1.032227 -1.059326 0.418701 -9.455255 -121.515281 -65.149759 153126010084.000000
-0.951904 -1.060303 0.427734 -8.418227 -124.931373 -63.380711 153126013006.000000
-0.876465 -1.068848 0.427979 -7.320198 -126.700421 -61.672665 153126015929.000000
-0.807617 -1.078857 0.450195 -5.307143 -124.931373 -60.147624 153126018853.000000
-0.756592 -1.088135 0.469971 -3.355091 -121.820289 -58.439578 153126021783.000000
-0.712158 -1.095215 0.490234 -1.037028 -117.123162 -56.365522 153126024718.000000
-0.686035 -1.091553 0.504395 0.427012 -110.717989 -54.413469 153126027641.000000
-0.682373 -1.076172 0.507568 2.074056 -103.580797 -51.546392 153126030565.000000
-0.688477 -1.061279 0.483643 3.721100 -95.894589 -48.862319 153126033492.000000
-0.694336 -1.051758 0.457031 4.575124 -87.842372 -45.812237 153126036417.000000
-0.688232 -1.036377 0.379395 5.551150 -78.692125 -44.104191 153126039342.000000
-0.638428 -1.037842 0.308350 7.930214 -71.371927 -43.616178 153126042265.000000
-0.558838 -1.069336 0.319824 12.139328 -69.114866 -45.629232 153126045189.000000
-0.573242 -1.100098 0.450684 17.263466 -69.419874 -46.117245 153126048112.000000
-0.754883 -1.136963 0.632080 22.936619 -70.761911 -44.836211 153126051036.000000
-0.969971 -1.209961 0.779541 28.914781 -73.018972 -40.383090 153126053961.000000
-1.112793 -1.300293 0.847168 33.428903 -76.435064 -33.428903 153126056884.000000
-1.172119 -1.365967 0.813965 35.868968 -80.156164 -24.278656 153126059810.000000
-1.101807 -1.379395 0.695557 36.417983 -84.304276 -18.239492 153126062734.000000
-0.956787 -1.333252 0.497070 34.526932 -86.012322 -14.701397 153126065658.000000
-0.817871 -1.281982 0.302979 32.391875 -86.012322 -13.359361 153126068584.000000
-0.685303 -1.178955 0.152588 29.951809 -85.097298 -13.664369 153126071506.000000
-0.577637 -1.087402 0.024658 25.803697 -84.365278 -13.542366 153126074430.000000
-0.516846 -1.025391 -0.026611 20.740560 -82.474227 -12.871348 153126077352.000000
-0.434570 -0.958984 -0.085205 15.006405 -77.960105 -11.102300 153126080278.000000
-0.340332 -0.919678 -0.151611 8.296224 -68.565851 -8.967242 153126083202.000000
-0.247314 -0.874268 -0.195801 4.026109 -56.365522 -5.368145 153126086127.000000
-0.125732 -0.843262 -0.286621 -0.610016 -38.919051 -1.342036 153126089049.000000
-0.003906 -0.825439 -0.350586 -3.599097 -20.130544 1.647044 153126091972.000000
0.080078 -0.815674 -0.358154 -5.002135 0.915025 4.941133 153126094897.000000
0.102295 -0.831055 -0.336426 -5.612152 21.045568 7.503203 153126097821.000000
0.074707 -0.869385 -0.287598 -6.710181 40.383090 9.821265 153126100746.000000
0.018311 -0.908447 -0.228760 -7.320198 57.524553 11.529311 153126103665.000000
-0.055176 -0.963867 -0.155518 -7.686208 70.395901 12.993351 153126106586.000000
-0.108643 -1.028320 -0.070557 -7.564204 78.021107 15.250412 153126109511.000000
-0.147949 -1.090576 0.002686 -8.052217 81.071189 16.165436 153126112434.000000
-0.150879 -1.138916 0.051514 -8.479229 80.095163 16.897456 153126115362.000000
-0.151611 -1.197021 0.122070 -8.723236 76.679070 16.104435 153126118286.000000
-0.131348 -1.250732 0.168945 -9.211249 72.530958 15.250412 153126121210.000000
-0.096924 -1.287598 0.190918 -9.272250 68.748856 13.542366 153126124135.000000
-0.058105 -1.305908 0.205322 -9.272250 64.295736 12.078326 153126127070.000000
-0.016602 -1.292969 0.200928 -8.723236 61.367657 11.163301 153126129997.000000
0.034424 -1.268311 0.176758 -7.991216 58.927591 10.370280 153126132917.000000
0.167969 -1.190674 0.081055 -8.235222 55.267492 7.137193 153126140431.000000
0.240967 -1.139404 -0.005615 -8.845239 54.657476 5.185140 153126143586.000000
0.293213 -1.106445 -0.068848 -9.821265 54.230464 3.111084 153126146522.000000
0.326904 -1.084717 -0.137207 -10.675288 53.620448 0.610016 153126149449.000000
0.350830 -1.065186 -0.187012 -11.285305 52.644421 -1.952053 153126152498.000000
0.355225 -1.061523 -0.220703 -12.139328 51.973403 -3.965107 153126155503.000000
0.339600 -1.067627 -0.240723 -12.444336 50.814372 -5.612152 153126158438.000000
0.327637 -1.076660 -0.241455 -12.322333 48.679314 -6.466175 153126161422.000000
0.302734 -1.083496 -0.217041 -11.834320 45.385225 -7.076191 153126164348.000000
0.237549 -1.091309 -0.186768 -11.285305 41.054108 -7.564204 153126167291.000000
0.161621 -1.091553 -0.137939 -9.089245 36.173977 -7.198194 153126170209.000000
0.097656 -1.085449 -0.105225 -7.076191 30.439822 -6.466175 153126173130.000000
0.066650 -1.072754 -0.098633 -5.490148 24.095651 -5.978161 153126176062.000000
0.049561 -1.050537 -0.096191 -3.233087 17.629476 -5.490148 153126178985.000000
0.043213 -1.018555 -0.106201 -1.769048 10.553285 -5.978161 153126181909.000000
0.057373 -0.992188 -0.114258 -0.671018 4.392119 -6.283170 153126184831.000000
0.073486 -0.965332 -0.119873 0.244007 -1.464040 -7.076191 153126187750.000000
0.088135 -0.955078 -0.117432 0.732020 -6.344171 -8.418227 153126190668.000000
0.101563 -0.952881 -0.107910 1.525041 -9.516257 -9.272250 153126193588.000000
0.096680 -0.974365 -0.097656 2.257061 -12.139328 -10.553285 153126196514.000000
0.092773 -0.997803 -0.080322 3.111084 -12.871348 -11.041298 153126199433.000000
0.087646 -1.021240 -0.067627 3.172086 -11.895321 -11.224303 153126202359.000000
0.086914 -1.038574 -0.053467 3.538096 -9.760264 -11.407308 153126205276.000000
0.077881 -1.054688 -0.042480 3.721100 -6.405173 -11.346306 153126208195.000000
0.070801 -1.069824 -0.016113 4.026109 -1.891051 -11.468310 153126211116.000000
0.052002 -1.070801 -0.002686 3.782102 2.928079 -11.529311 153126214034.000000
0.030273 -1.070801 0.010010 3.721100 8.784237 -11.590313 153126216954.000000
0.000732 -1.075439 0.021484 3.538096 14.945404 -11.956323 153126219877.000000
-0.028320 -1.073730 0.022949 3.233087 20.679558 -11.895321 153126222804.000000
-0.062988 -1.084229 0.029297 3.355091 26.230708 -11.346306 153126225734.000000
-0.101074 -1.087158 0.025146 2.928079 30.195815 -10.980296 153126228662.000000
-0.126221 -1.099121 0.021240 2.379064 33.550906 -10.553285 153126231597.000000
-0.153076 -1.104248 0.007568 1.891051 35.746965 -10.004270 153126234526.000000
-0.164063 -1.102783 -0.008057 1.647044 36.295980 -9.882267 153126237463.000000
-0.172852 -1.099854 -0.012939 0.793021 35.624962 -9.943268 153126240369.000000
-0.174805 -1.089355 -0.022217 0.183005 34.953944 -10.004270 153126242199.000000
-0.177734 -1.079102 -0.032715 -0.305008 33.733911 -9.943268 153126244008.000000
-0.175537 -1.069092 -0.040771 -0.732020 32.879888 -10.248277 153126245822.000000
-0.167969 -1.063477 -0.043457 -0.915025 31.598853 -10.248277 153126247643.000000
-0.156738 -1.055176 -0.042969 -1.098030 30.378820 -10.431282 153126249454.000000
-0.148926 -1.052002 -0.053955 -1.525041 28.853779 -10.797292 153126251264.000000
-0.135254 -1.037354 -0.056396 -1.586043 27.938754 -11.041298 153126253071.000000
-0.124023 -1.030029 -0.060791 -2.074056 26.474715 -11.102300 153126254880.000000
