-0.135010 -1.005859 0.038086 21.472580 69.907888 21.350576 155046169892.000000
-0.136963 -1.012451 0.043701 21.533581 69.175868 21.472580 155046172812.000000
-0.140381 -1.014160 0.049561 21.716586 68.443848 21.411578 155046175728.000000
-0.146729 -1.017334 0.055176 21.960593 67.833832 21.167572 155046178646.000000
-0.148682 -1.018311 0.057373 22.204600 66.735802 21.411578 155046181572.000000
-0.154785 -1.012451 0.057617 22.326603 65.942780 21.594583 155046184488.000000
-0.161133 -1.013428 0.050537 22.814616 64.356738 21.899591 155046187403.000000
-0.160645 -1.010742 0.045410 22.875618 63.258708 21.716586 155046190321.000000
-0.165283 -1.013184 0.044922 22.570609 62.404685 22.204600 155046193237.000000
-0.169189 -1.009521 0.042725 22.387604 61.245654 22.387604 155046196152.000000
-0.169678 -1.008057 0.034668 21.899591 59.232599 23.180626 155046204053.000000
-0.173096 -1.006836 0.036865 21.777588 58.439578 23.607637 155046207226.000000
-0.176025 -1.004639 0.036133 21.289575 57.829561 23.912646 155046210182.000000
-0.177246 -1.007324 0.032471 21.533581 57.585555 24.156652 155046213113.000000
-0.175537 -1.010010 0.038330 21.228573 56.731532 24.217654 155046216149.000000
-0.176758 -1.004883 0.028320 21.411578 56.060514 24.644665 155046219176.000000
-0.174072 -1.013672 0.031982 20.679558 55.450497 25.132679 155046222115.000000
-0.185547 -1.011475 0.037354 21.045568 54.718477 25.437687 155046225035.000000
-0.184082 -1.008301 0.037109 20.984567 53.925456 25.986702 155046227996.000000
-0.187012 -1.012451 0.030762 20.801562 53.376441 26.535716 155046230911.000000
-0.182129 -1.011475 0.034180 21.045568 52.949430 26.718721 155046233825.000000
-0.181885 -1.005859 0.035400 21.228573 52.461416 26.840725 155046236736.000000
-0.180908 -1.007813 0.041260 21.350576 51.790398 27.450741 155046239664.000000
-0.184326 -0.997559 0.036621 21.777588 51.668395 27.633746 155046242637.000000
-0.182129 -0.991943 0.030029 21.533581 51.546392 27.938754 155046245583.000000
-0.186035 -0.991943 0.025879 21.472580 51.119380 28.060758 155046248501.000000
-0.193604 -0.983887 0.028076 21.350576 50.631367 28.609772 155046251413.000000
-0.191162 -0.981689 0.027344 21.472580 50.265357 28.975782 155046254328.000000
-0.187988 -0.980957 0.022217 21.167572 49.899347 29.158787 155046257242.000000
-0.193604 -0.981445 0.029297 21.167572 49.899347 29.829805 155046260152.000000
-0.191895 -0.980957 0.029297 20.923565 49.350332 30.134814 155046263064.000000
-0.196289 -0.982910 0.024414 20.984567 48.984323 30.195815 155046265979.000000
-0.200684 -0.974854 0.026611 20.435552 48.923321 30.561825 155046268889.000000
-0.203613 -0.975342 0.026855 20.374550 48.130300 31.415848 155046271798.000000
-0.209229 -0.972656 0.020264 19.947539 48.008296 31.598853 155046274711.000000
-0.208008 -0.981445 0.026611 20.008540 47.459281 32.208870 155046277633.000000
-0.210938 -0.979736 0.023193 20.069542 46.910267 32.818886 155046280550.000000
-0.217041 -0.978027 0.027588 19.764534 46.361252 33.123894 155046283474.000000
-0.216064 -0.981201 0.026123 19.520527 46.361252 33.306899 155046286395.000000
-0.213623 -0.984375 0.023193 19.764534 46.178247 33.977917 155046289316.000000
-0.212891 -0.986572 0.025635 19.642530 45.324224 34.099921 155046292235.000000
-0.223633 -0.993896 0.027344 19.642530 44.775209 34.587934 155046295156.000000
-0.230225 -0.988770 0.027832 19.398524 43.982188 34.709937 155046298081.000000
-0.214844 -0.995117 0.037109 19.398524 43.433173 34.831940 155046301001.000000
-0.225098 -0.998291 0.031982 19.398524 42.701153 35.014945 155046303926.000000
-0.230469 -0.996826 0.037354 19.093516 41.603123 35.075947 155046306851.000000
-0.226807 -0.996094 0.044922 19.520527 40.810102 35.075947 155046309775.000000
-0.225342 -1.003906 0.037598 19.520527 40.200085 35.502959 155046312693.000000
-0.226318 -0.999512 0.033203 19.276520 39.590069 35.624962 155046315622.000000
-0.225098 -0.997070 0.040771 19.276520 39.224059 35.624962 155046318551.000000
-0.217529 -0.996826 0.035889 19.398524 38.919051 36.234978 155046321470.000000
-0.217285 -0.998291 0.041260 19.337522 38.248033 35.929970 155046324390.000000
-0.214355 -0.997070 0.030762 19.215519 38.309034 35.563960 155046327308.000000
-0.217041 -0.994629 0.039551 19.032514 37.699018 35.868968 155046330319.000000
-0.211182 -0.992188 0.037354 18.849509 37.333008 35.624962 155046333244.000000
-0.213867 -0.994385 0.041748 18.788507 37.272006 35.807967 155046336164.000000
-0.213135 -0.990479 0.048584 19.032514 37.455011 35.624962 155046339080.000000
-0.214355 -0.991455 0.039063 18.849509 37.821021 35.868968 155046342022.000000
-0.214600 -0.988770 0.034668 18.605502 38.187031 35.929970 155046344947.000000
-0.217773 -0.986816 0.035645 18.666504 38.675044 36.356982 155046347865.000000
-0.210449 -0.989746 0.036377 18.422497 39.102056 36.478985 155046350786.000000
-0.215576 -0.983643 0.027832 18.178491 39.468066 36.478985 155046353709.000000
-0.213867 -0.979980 0.031494 18.117489 39.468066 36.600988 155046356627.000000
-0.205322 -0.982666 0.031494 17.812481 40.200085 36.478985 155046359545.000000
-0.205078 -0.985352 0.027344 17.873483 40.322089 36.539987 155046362471.000000
-0.201416 -0.973145 0.028564 17.629476 40.261087 36.783993 155046365391.000000
-0.215332 -0.978760 0.027100 17.751479 40.566095 37.211005 155046368333.000000
-0.226807 -0.977783 0.022705 17.507473 41.359117 37.333008 155046371265.000000
-0.231445 -0.979980 0.024170 17.568474 42.030135 37.882023 155046374299.000000
-0.235840 -0.975830 0.031982 17.324468 42.457146 38.126029 155046377415.000000
-0.239014 -0.978271 0.022705 17.141463 42.945160 38.736046 155046380461.000000
-0.250488 -0.967529 0.023926 16.958458 43.189166 39.346062 155046383468.000000
-0.247559 -0.966309 0.020508 16.470445 43.311169 39.590069 155046386387.000000
-0.252197 -0.966797 0.014648 16.348441 43.433173 39.712072 155046389309.000000
-0.247559 -0.966064 0.012939 15.921430 43.372171 39.773074 155046392228.000000
-0.247314 -0.963867 0.012451 15.372415 43.677179 39.773074 155046395148.000000
-0.250000 -0.964111 0.003418 14.945404 43.372171 40.017080 155046398075.000000
-0.253418 -0.959229 0.001221 14.274385 43.128164 40.078082 155046401006.000000
-0.243408 -0.961426 -0.003906 14.335387 42.823156 40.017080 155046403929.000000
-0.247803 -0.959961 -0.005859 13.481364 42.457146 40.017080 155046406847.000000
-0.251465 -0.958496 -0.006592 12.749344 41.969133 39.712072 155046409767.000000
-0.246826 -0.961670 -0.017090 12.444336 42.030135 39.712072 155046412684.000000
-0.251221 -0.966797 -0.011719 12.017324 41.603123 39.773074 155046415600.000000
-0.250488 -0.962158 -0.018066 11.102300 41.603123 39.712072 155046418515.000000
-0.251953 -0.965332 -0.012207 10.919295 41.603123 39.895077 155046421434.000000
-0.251953 -0.964844 -0.018799 10.492283 41.481120 39.834076 155046424352.000000
-0.258301 -0.962158 -0.012939 9.760264 41.420118 40.139084 155046427274.000000
-0.260010 -0.968994 -0.013672 9.638260 41.847130 40.200085 155046430195.000000
-0.260498 -0.973633 -0.009521 9.272250 42.030135 39.956079 155046433112.000000
-0.258789 -0.967773 -0.010254 9.089245 42.762155 40.261087 155046436028.000000
-0.248535 -0.970703 -0.031982 8.357226 43.982188 39.956079 155046438955.000000
-0.256836 -0.970947 -0.019531 7.686208 44.775209 39.773074 155046441874.000000
-0.264404 -0.961914 -0.021240 7.503203 45.873239 40.200085 155046444797.000000
-0.272949 -0.953613 -0.020508 7.137193 46.849265 40.444092 155046447713.000000
-0.279785 -0.953369 -0.022949 6.344171 47.703288 41.054108 155046450636.000000
-0.292969 -0.949463 -0.022705 6.100165 48.740316 41.359117 155046453556.000000
-0.291504 -0.948730 -0.020020 5.368145 49.594339 42.274141 155046456475.000000
-0.292480 -0.946777 -0.027588 4.880132 50.448362 42.335143 155046459392.000000
-0.295410 -0.947510 -0.019531 4.392119 51.180382 42.335143 155046462319.000000
-0.304199 -0.946777 -0.023193 4.026109 51.851400 43.250168 155046465235.000000
-0.308838 -0.939941 -0.026611 3.477094 52.461416 44.043189 155046468152.000000
-0.311279 -0.939209 -0.019043 3.233087 53.132435 43.799183 155046471076.000000
-0.313721 -0.937500 -0.032715 2.867077 53.559446 44.287196 155046473995.000000
-0.318604 -0.936768 -0.024170 2.257061 53.864454 44.409199 155046476911.000000
-0.310547 -0.937256 -0.025146 1.586043 53.681449 44.165192 155046479831.000000
-0.318848 -0.935791 -0.035400 0.854023 53.864454 44.226194 155046482756.000000
-0.311523 -0.930908 -0.045166 0.061002 53.742451 44.165192 155046485673.000000
-0.319336 -0.931885 -0.038086 -0.732020 53.437443 43.982188 155046488589.000000
-0.318115 -0.933105 -0.043457 -1.403038 53.681449 44.043189 155046491508.000000
-0.315918 -0.934082 -0.045410 -2.318063 53.559446 43.921186 155046494424.000000
-0.325928 -0.931152 -0.045166 -2.867077 53.132435 44.287196 155046497344.000000
-0.331055 -0.935059 -0.049072 -3.477094 53.376441 44.348197 155046500269.000000
-0.336426 -0.930908 -0.051025 -4.148112 53.071433 44.531202 155046503186.000000
-0.336670 -0.932373 -0.048340 -4.575124 53.498444 44.714207 155046506101.000000
-0.342285 -0.926514 -0.054199 -5.063137 53.681449 45.080217 155046509017.000000
-0.339111 -0.931152 -0.052246 -5.490148 53.498444 45.446227 155046511936.000000
-0.349121 -0.930176 -0.044189 -6.222168 53.254438 46.178247 155046514859.000000
-0.358643 -0.929932 -0.049561 -6.283170 53.193436 46.117245 155046517775.000000
-0.357422 -0.931396 -0.040039 -6.588178 53.010431 46.361252 155046520693.000000
-0.357910 -0.930664 -0.035156 -6.649180 52.949430 46.483255 155046523610.000000
-0.366943 -0.933838 -0.037354 -7.076191 52.705423 46.788263 155046526526.000000
-0.370361 -0.928223 -0.040283 -7.564204 52.888428 46.727262 155046529442.000000
-0.377686 -0.925781 -0.038574 -8.052217 53.132435 47.032270 155046532366.000000
-0.379639 -0.923828 -0.036621 -8.357226 53.437443 47.520283 155046535283.000000
-0.380859 -0.928223 -0.044189 -9.089245 53.559446 47.581285 155046538198.000000
-0.384277 -0.919678 -0.043701 -9.638260 54.474471 47.825291 155046541133.000000
-0.391113 -0.922363 -0.042236 -10.004270 54.840481 48.191301 155046544050.000000
-0.396729 -0.922119 -0.043457 -10.675288 55.572500 48.923321 155046546967.000000
-0.395264 -0.915283 -0.048096 -11.407308 56.182517 48.984323 155046549885.000000
-0.403076 -0.917969 -0.036133 -12.017324 57.219545 49.655341 155046552801.000000
-0.402832 -0.918457 -0.046631 -12.383334 58.134570 50.021351 155046555719.000000
-0.406738 -0.913330 -0.043701 -13.115354 58.439578 50.875374 155046558635.000000
-0.407471 -0.913818 -0.042969 -13.115354 59.293601 50.936375 155046561562.000000
-0.411865 -0.909668 -0.046875 -13.542366 59.659611 51.790398 155046564485.000000
-0.412109 -0.908936 -0.058350 -14.457390 59.659611 52.461416 155046567401.000000
-0.421143 -0.906982 -0.058105 -15.128408 60.025621 53.010431 155046570326.000000
-0.420166 -0.909668 -0.056885 -15.494418 60.330629 53.498444 155046573247.000000
-0.418945 -0.911133 -0.057373 -16.043433 60.269627 53.925456 155046576164.000000
-0.427734 -0.911621 -0.058350 -16.592448 60.269627 54.901482 155046579088.000000
-0.425781 -0.914307 -0.046631 -16.897456 59.903617 55.206491 155046582030.000000
-0.428955 -0.920654 -0.054932 -17.080461 59.964619 55.755505 155046584946.000000
-0.433594 -0.921143 -0.050293 -17.507473 59.537608 56.121515 155046587863.000000
-0.432617 -0.928223 -0.057129 -18.239492 59.537608 56.243519 155046590784.000000
-0.439697 -0.927002 -0.057617 -18.605502 59.110596 56.731532 155046593701.000000
-0.446289 -0.929688 -0.058105 -18.788507 58.866589 57.097542 155046596632.000000
-0.439453 -0.934082 -0.058350 -19.276520 59.232599 57.341548 155046599549.000000
-0.441406 -0.937744 -0.059814 -19.764534 58.927591 57.890563 155046602468.000000
-0.438965 -0.938232 -0.063232 -20.008540 58.805588 58.317575 155046605385.000000
-0.437988 -0.945557 -0.064697 -20.374550 59.354603 58.195571 155046608300.000000
-0.443359 -0.947021 -0.063232 -20.496553 60.025621 57.829561 155046611224.000000
-0.439209 -0.940186 -0.062988 -20.252547 60.391631 58.927591 155046614164.000000
-0.445068 -0.942383 -0.065186 -20.130544 61.184652 58.927591 155046617081.000000
-0.464844 -0.933594 -0.072998 -20.557555 61.611664 60.086622 155046620000.000000
-0.462158 -0.928711 -0.073242 -20.496553 62.404685 61.001647 155046622916.000000
-0.462402 -0.938721 -0.067627 -20.252547 63.380711 61.550662 155046625830.000000
-0.465332 -0.935059 -0.069336 -20.740560 64.905752 62.099677 155046628745.000000
-0.469482 -0.928955 -0.083496 -20.557555 65.881779 62.404685 155046631664.000000
-0.471436 -0.923584 -0.081543 -20.679558 66.796804 63.319710 155046634578.000000
-0.471436 -0.922119 -0.088135 -20.862563 68.138840 63.502715 155046637496.000000
-0.476318 -0.919922 -0.092285 -20.801562 69.724883 64.173733 155046640426.000000
-0.480225 -0.913574 -0.085449 -20.313548 70.883914 64.539743 155046643346.000000
-0.477539 -0.908203 -0.095459 -20.496553 72.469957 64.539743 155046646262.000000
-0.480713 -0.909424 -0.095215 -20.557555 73.506985 64.844751 155046649183.000000
-0.485596 -0.901611 -0.108643 -20.984567 75.154029 65.332764 155046652110.000000
-0.500732 -0.897949 -0.123047 -21.411578 76.557067 65.759776 155046655026.000000
-0.512207 -0.896729 -0.123047 -21.777588 77.838102 66.796804 155046657941.000000
-0.517090 -0.891357 -0.127197 -21.838590 79.790154 67.162813 155046660867.000000
-0.519287 -0.892822 -0.131104 -21.411578 81.193192 67.589825 155046663786.000000
-0.510742 -0.885742 -0.143066 -21.899591 82.169219 67.528823 155046666708.000000
-0.533691 -0.892334 -0.154297 -22.265601 83.084243 68.138840 155046669625.000000
-0.546875 -0.890381 -0.152100 -21.960593 83.755261 69.053864 155046672598.000000
-0.549316 -0.903809 -0.156006 -22.204600 84.426280 69.724883 155046675516.000000
-0.553223 -0.906738 -0.160889 -22.326603 84.853291 70.334899 155046678432.000000
-0.562500 -0.909424 -0.163818 -22.692613 84.975294 71.005917 155046681358.000000
-0.563965 -0.911377 -0.173096 -22.875618 85.402306 71.493930 155046684277.000000
-0.576660 -0.910889 -0.182129 -23.058623 85.524309 72.225950 155046687193.000000
-0.579834 -0.919434 -0.177490 -23.485634 86.134326 72.469957 155046690111.000000
-0.581299 -0.924072 -0.171387 -22.875618 86.500336 72.835967 155046693039.000000
-0.574463 -0.925049 -0.167725 -22.570609 86.866345 72.591960 155046695956.000000
-0.572754 -0.917236 -0.181885 -22.509608 87.415360 72.713963 155046698871.000000
-0.568848 -0.909912 -0.191650 -22.021595 87.964375 72.286952 155046701795.000000
-0.565186 -0.904297 -0.210693 -22.143598 89.550418 71.859940 155046704713.000000
-0.562256 -0.898438 -0.206299 -22.143598 90.892454 71.676935 155046707630.000000
-0.558105 -0.889160 -0.212158 -21.838590 92.661502 71.066919 155046710550.000000
-0.563965 -0.876709 -0.214111 -21.594583 93.820533 70.700909 155046713466.000000
-0.568115 -0.863281 -0.219482 -21.899591 95.711584 70.639907 155046716383.000000
-0.580078 -0.846680 -0.218750 -22.143598 96.931617 71.066919 155046719300.000000
-0.574707 -0.844971 -0.210693 -22.143598 97.968645 71.066919 155046722217.000000
-0.575684 -0.835449 -0.227295 -22.143598 99.005673 71.188922 155046725133.000000
-0.571045 -0.826660 -0.227783 -22.265601 100.103703 71.188922 155046728049.000000
-0.569336 -0.822754 -0.221436 -22.021595 100.896724 71.188922 155046730966.000000
-0.558594 -0.813232 -0.234619 -22.387604 101.689746 71.127920 155046733883.000000
-0.575195 -0.805420 -0.257813 -23.485634 102.848777 71.493930 155046736801.000000
-0.583984 -0.799072 -0.254395 -24.644665 104.007808 72.225950 155046739725.000000
-0.579102 -0.805176 -0.259277 -25.437687 105.532849 72.225950 155046742641.000000
-0.582520 -0.800537 -0.271729 -26.413713 106.935887 72.652962 155046745557.000000
-0.590332 -0.794922 -0.285889 -28.426768 107.728909 73.750991 155046748472.000000
-0.589844 -0.801025 -0.282471 -29.524797 108.765937 74.788019 155046751442.000000
-0.594971 -0.794189 -0.285889 -31.354847 108.460928 75.764046 155046754368.000000
-0.600098 -0.801025 -0.295166 -32.879888 107.911914 76.984079 155046757287.000000
-0.603516 -0.812012 -0.289795 -33.672909 107.545904 77.838102 155046760212.000000
-0.611084 -0.813965 -0.291016 -34.892942 106.508876 78.875130 155046763140.000000
-0.614014 -0.840820 -0.286377 -35.319954 105.227841 79.607149 155046766068.000000
-0.615234 -0.839355 -0.294922 -36.051973 103.519795 80.583176 155046768983.000000
-0.611816 -0.824951 -0.316406 -37.333008 102.177759 80.766181 155046771917.000000
-0.612061 -0.832275 -0.333496 -38.858049 101.994754 81.315196 155046774836.000000
-0.619873 -0.828613 -0.336426 -40.017080 101.750747 81.742207 155046777752.000000
-0.621582 -0.827881 -0.339600 -40.749100 101.445739 81.803209 155046780686.000000
-0.608398 -0.825928 -0.332520 -41.481120 100.896724 81.376197 155046783606.000000
-0.601318 -0.822754 -0.352783 -42.945160 99.859696 81.498200 155046786533.000000
-0.607910 -0.811279 -0.353760 -44.165192 99.798695 81.498200 155046789452.000000
-0.608154 -0.799805 -0.349854 -44.653206 99.493686 81.925212 155046792375.000000
-0.608154 -0.795166 -0.361572 -45.690234 99.432685 82.169219 155046795294.000000
-0.613037 -0.784912 -0.364746 -46.849265 99.310681 82.657232 155046798209.000000
-0.620361 -0.773682 -0.365723 -47.459281 99.432685 83.084243 155046801129.000000
-0.627197 -0.768555 -0.376709 -48.313304 99.371683 83.633258 155046804046.000000
-0.622803 -0.765137 -0.369629 -48.984323 99.676691 83.633258 155046806964.000000
-0.617676 -0.766602 -0.373291 -49.899347 99.310681 83.816263 155046809884.000000
-0.620605 -0.764893 -0.371338 -50.387360 99.249680 84.304276 155046812800.000000
-0.626709 -0.755859 -0.368896 -51.119380 98.639663 84.243275 155046815716.000000
-0.619385 -0.763916 -0.370850 -51.668395 98.334655 83.755261 155046818633.000000
-0.623779 -0.763672 -0.395020 -52.217410 98.578662 83.816263 155046821552.000000
-0.625244 -0.768311 -0.388428 -53.315440 98.395657 83.816263 155046824468.000000
-0.627930 -0.767578 -0.375000 -53.254438 98.273653 83.938266 155046827386.000000
-0.621094 -0.770020 -0.380615 -53.864454 97.968645 83.267248 155046830305.000000
-0.622070 -0.771240 -0.377930 -54.352468 98.456658 83.267248 155046833220.000000
-0.626465 -0.771973 -0.383057 -54.718477 98.700665 83.206247 155046836136.000000
-0.626953 -0.762695 -0.392578 -55.084487 99.005673 83.023242 155046839052.000000
-0.624756 -0.762207 -0.392334 -55.633502 98.761667 82.840237 155046841980.000000
-0.624268 -0.764893 -0.398682 -56.243519 98.578662 82.840237 155046844904.000000
-0.628418 -0.765137 -0.400635 -56.487525 98.212652 82.779235 155046847820.000000
-0.636230 -0.763916 -0.396729 -56.853535 97.785640 83.023242 155046850743.000000
-0.639160 -0.750000 -0.402588 -56.792533 98.029647 83.816263 155046853664.000000
-0.644287 -0.747070 -0.412842 -56.975538 98.090648 84.182273 155046856586.000000
-0.648682 -0.736084 -0.417725 -56.792533 98.517660 84.731288 155046859502.000000
-0.649170 -0.735840 -0.424072 -57.158543 98.578662 84.853291 155046862430.000000
-0.649414 -0.723145 -0.427246 -57.341548 98.639663 84.914293 155046865348.000000
-0.649902 -0.725342 -0.423096 -58.317575 98.761667 84.975294 155046868265.000000
-0.644043 -0.726807 -0.433838 -58.683584 98.578662 84.914293 155046871185.000000
-0.649902 -0.718018 -0.431885 -59.232599 99.127676 85.463308 155046874102.000000
-0.652100 -0.721924 -0.442627 -59.903617 99.615690 85.280303 155046877020.000000
-0.640381 -0.716064 -0.430908 -59.964619 99.676691 85.097298 155046879944.000000
-0.636230 -0.721924 -0.435791 -60.513634 99.981700 84.243275 155046882864.000000
-0.635742 -0.725342 -0.441162 -61.245654 100.286708 83.816263 155046885789.000000
-0.626953 -0.729248 -0.446045 -61.367657 100.591716 82.840237 155046888707.000000
-0.621582 -0.735840 -0.439941 -61.611664 101.079729 81.986214 155046891633.000000
-0.612061 -0.734619 -0.451416 -61.916672 101.506741 80.522174 155046894556.000000
-0.606201 -0.731934 -0.466064 -61.672665 102.604770 79.302141 155046897472.000000
-0.597168 -0.731201 -0.457031 -61.611664 103.641798 78.082108 155046900391.000000
-0.597412 -0.712158 -0.472168 -61.062649 105.166840 76.923077 155046903307.000000
-0.585693 -0.713379 -0.475342 -61.001647 106.813884 76.130056 155046906223.000000
-0.593994 -0.707031 -0.486328 -60.940645 107.850912 75.459037 155046909140.000000
-0.582031 -0.711670 -0.473389 -60.513634 108.216922 74.727018 155046912059.000000
-0.582764 -0.702637 -0.490479 -61.123650 108.643933 74.117001 155046914975.000000
-0.576416 -0.700439 -0.494629 -61.001647 108.887940 73.689990 155046917892.000000
-0.574463 -0.695801 -0.509521 -61.367657 108.948942 73.018972 155046920810.000000
-0.580078 -0.679688 -0.507813 -60.818642 109.009943 73.201976 155046923727.000000
-0.579102 -0.663818 -0.515381 -60.879644 109.924968 72.957970 155046926644.000000
-0.575684 -0.656006 -0.521973 -60.940645 109.802965 72.713963 155046929560.000000
-0.571045 -0.649902 -0.523682 -60.879644 110.351980 71.859940 155046932480.000000
-0.574463 -0.638428 -0.524902 -61.184652 110.107973 72.164948 155046935397.000000
-0.572754 -0.638672 -0.532715 -61.550662 109.924968 71.432929 155046938313.000000
-0.568604 -0.631592 -0.533203 -61.977673 109.741963 70.883914 155046941242.000000
-0.566650 -0.629639 -0.539795 -62.221680 109.009943 70.456902 155046944160.000000
-0.564697 -0.632324 -0.538574 -62.648692 108.765937 69.602879 155046947075.000000
-0.563721 -0.630615 -0.550049 -62.587690 108.643933 68.809858 155046950014.000000
-0.562500 -0.623779 -0.551514 -62.892698 108.216922 68.077838 155046952934.000000
-0.568115 -0.618652 -0.553467 -63.136705 108.399927 67.406820 155046955853.000000
-0.574463 -0.617920 -0.555176 -63.136705 108.094919 67.040810 155046958770.000000
-0.576660 -0.624512 -0.562012 -63.136705 107.362899 66.369792 155046961697.000000
-0.570068 -0.623047 -0.562744 -63.319710 106.447874 65.820777 155046964615.000000
-0.569336 -0.628418 -0.563477 -63.441713 105.227841 64.844751 155046967532.000000
-0.568604 -0.623047 -0.577148 -64.051729 104.495821 64.722748 155046970456.000000
-0.577148 -0.614990 -0.576172 -63.868724 103.336790 64.539743 155046973375.000000
-0.571045 -0.603516 -0.591309 -63.868724 102.665772 64.722748 155046976290.000000
-0.561035 -0.606934 -0.597900 -64.417739 101.933752 64.356738 155046979207.000000
-0.565186 -0.594482 -0.588867 -63.868724 101.018728 64.417739 155046982147.000000
-0.554443 -0.593994 -0.600098 -63.624718 100.042701 64.539743 155046985070.000000
-0.548828 -0.566162 -0.595947 -63.380711 99.493686 64.661746 155046987986.000000
-0.527344 -0.573242 -0.606201 -62.770695 99.005673 63.990728 155046990918.000000
-0.510254 -0.563232 -0.607666 -62.343683 98.334655 63.197706 155046993835.000000
-0.512207 -0.548584 -0.624023 -62.587690 98.395657 62.587690 155046996752.000000
-0.503906 -0.540527 -0.622803 -62.526688 98.578662 62.465687 155046999669.000000
-0.485107 -0.542969 -0.629883 -62.343683 99.005673 61.306655 155047002638.000000
-0.489746 -0.524658 -0.639893 -62.038675 99.920698 61.611664 155047005556.000000
-0.485352 -0.526611 -0.634521 -62.099677 101.323736 60.635637 155047008473.000000
-0.486572 -0.530029 -0.628662 -61.489660 102.787775 59.598609 155047011393.000000
-0.472412 -0.536621 -0.644287 -61.794668 103.275788 58.866589 155047014310.000000
-0.476807 -0.541992 -0.648438 -61.733667 104.434820 57.951565 155047017225.000000
-0.472412 -0.539551 -0.642822 -61.306655 104.678826 56.975538 155047020144.000000
-0.480225 -0.543701 -0.638428 -61.123650 105.959861 56.182517 155047023062.000000
-0.481934 -0.539307 -0.646729 -60.696639 106.569877 55.450497 155047025976.000000
-0.498779 -0.525879 -0.652100 -60.269627 107.606905 54.535472 155047028893.000000
-0.500732 -0.531006 -0.659912 -60.086622 108.094919 54.169463 155047031817.000000
-0.504639 -0.524170 -0.659912 -59.659611 109.009943 53.193436 155047034807.000000
-0.509766 -0.529541 -0.657471 -59.720612 109.070945 52.400415 155047037727.000000
-0.517822 -0.519775 -0.666748 -59.964619 108.460928 52.522418 155047040654.000000
-0.520264 -0.521729 -0.665771 -59.842616 107.728909 51.424388 155047043575.000000
-0.526123 -0.508301 -0.666504 -59.842616 107.789910 51.363387 155047046493.000000
-0.535889 -0.494629 -0.679688 -59.598609 107.606905 50.814372 155047049410.000000
-0.532471 -0.491455 -0.677490 -59.354603 106.874886 49.838346 155047052337.000000
-0.541260 -0.472412 -0.679932 -59.659611 105.593851 49.289331 155047055254.000000
-0.541260 -0.466309 -0.690430 -59.842616 104.861831 48.252303 155047058170.000000
-0.534912 -0.468994 -0.697754 -60.208626 103.214787 47.581285 155047061090.000000
-0.538086 -0.458740 -0.695801 -59.903617 101.567742 46.910267 155047064010.000000
-0.544922 -0.431152 -0.707764 -60.330629 100.225706 46.788263 155047066926.000000
-0.530273 -0.440430 -0.714355 -60.696639 99.371683 46.117245 155047069859.000000
-0.529785 -0.429443 -0.719482 -60.757640 98.090648 45.202220 155047072780.000000
-0.517334 -0.448242 -0.722900 -61.001647 96.443604 44.165192 155047075697.000000
-0.520264 -0.441162 -0.718750 -60.574636 95.162569 43.311169 155047078614.000000
-0.520752 -0.444824 -0.726074 -60.452632 93.942536 42.457146 155047081542.000000
-0.525146 -0.448486 -0.721924 -60.147624 92.356494 41.969133 155047084460.000000
-0.527100 -0.431641 -0.724854 -59.964619 91.014457 41.725127 155047087376.000000
-0.505371 -0.444092 -0.731201 -59.903617 89.733423 40.322089 155047090296.000000
-0.515381 -0.438965 -0.741699 -59.659611 88.940401 39.590069 155047093214.000000
-0.518799 -0.441162 -0.745361 -59.598609 88.269383 38.431038 155047096130.000000
-0.510742 -0.439453 -0.727783 -59.232599 87.964375 37.211005 155047099046.000000
-0.499023 -0.433838 -0.746094 -59.049594 87.964375 36.417983 155047101989.000000
-0.498535 -0.430664 -0.746094 -58.744586 88.208382 35.319954 155047104906.000000
-0.497559 -0.428955 -0.750244 -58.500580 88.513390 34.526932 155047107823.000000
-0.497314 -0.409424 -0.742920 -58.439578 88.574392 34.282926 155047110743.000000
-0.491455 -0.414795 -0.751709 -58.134570 88.330385 33.367901 155047113661.000000
-0.492676 -0.403320 -0.752197 -58.317575 88.208382 32.940889 155047116578.000000
-0.477783 -0.392822 -0.761719 -58.439578 88.208382 32.330873 155047119495.000000
-0.473145 -0.393066 -0.761475 -58.500580 87.415360 31.171842 155047122413.000000
-0.481201 -0.379150 -0.783936 -58.622583 86.683340 31.903861 155047125330.000000
-0.479980 -0.373291 -0.789551 -58.073568 86.500336 31.232843 155047128246.000000
-0.476807 -0.370361 -0.800049 -58.012566 86.378332 31.110840 155047131164.000000
-0.465820 -0.371338 -0.800537 -57.829561 86.134326 30.683828 155047134094.000000
-0.468506 -0.364258 -0.803955 -57.707558 85.463308 29.890807 155047137038.000000
-0.459717 -0.370117 -0.796387 -56.975538 84.792289 29.707802 155047139965.000000
-0.470703 -0.365479 -0.812012 -56.609528 84.060270 29.829805 155047142889.000000
-0.461670 -0.354492 -0.810547 -56.304520 83.450253 29.585799 155047145804.000000
-0.458740 -0.359375 -0.817383 -56.426524 82.474227 28.914781 155047148722.000000
-0.462158 -0.350586 -0.833252 -56.670530 81.864210 29.097786 155047151639.000000
-0.467041 -0.345947 -0.828613 -56.426524 80.705179 29.158787 155047154554.000000
-0.458496 -0.347168 -0.830811 -55.999512 80.461172 29.036784 155047157470.000000
-0.449707 -0.344727 -0.827148 -55.450497 79.485146 28.243763 155047160395.000000
-0.454834 -0.338867 -0.832275 -55.511499 77.960105 27.145733 155047163316.000000
-0.454834 -0.333984 -0.834961 -56.060514 76.435064 27.145733 155047166238.000000
-0.447754 -0.339844 -0.836670 -55.938510 74.971024 26.352712 155047169154.000000
-0.437988 -0.333496 -0.841064 -56.304520 73.384981 25.315684 155047172082.000000
-0.431885 -0.327637 -0.837646 -55.755505 72.713963 23.851644 155047174997.000000
-0.415527 -0.335449 -0.844971 -55.633502 71.920942 22.448606 155047177912.000000
-0.408447 -0.322021 -0.848633 -54.840481 71.493930 21.716586 155047180840.000000
-0.402344 -0.318115 -0.854736 -54.718477 71.798939 20.618557 155047183760.000000
-0.391846 -0.311768 -0.853516 -54.108461 71.493930 19.642530 155047186675.000000
-0.385254 -0.305420 -0.855713 -53.925456 70.822912 19.032514 155047189591.000000
-0.373047 -0.296143 -0.867432 -54.169463 70.639907 18.239492 155047192556.000000
-0.362061 -0.299072 -0.875000 -53.925456 70.395901 17.568474 155047195476.000000
-0.355225 -0.292236 -0.871826 -53.559446 70.151894 16.836455 155047198392.000000
-0.346680 -0.289063 -0.895264 -53.925456 70.700909 16.470445 155047201310.000000
-0.345215 -0.293457 -0.893555 -53.315440 70.761911 15.738425 155047204228.000000
-0.334717 -0.288330 -0.891113 -53.376441 71.188922 15.616422 155047207144.000000
-0.346924 -0.292725 -0.901367 -52.644421 71.737937 15.067407 155047210062.000000
-0.337402 -0.281494 -0.901855 -52.705423 71.676935 15.067407 155047212978.000000
-0.338379 -0.281738 -0.900635 -52.400415 72.042945 14.945404 155047215894.000000
-0.332031 -0.277832 -0.904297 -52.095407 71.371927 14.457390 155047218809.000000
-0.340576 -0.273193 -0.903564 -52.644421 71.371927 14.823400 155047221731.000000
-0.335693 -0.271729 -0.912598 -52.461416 70.822912 14.579394 155047224659.000000
-0.334717 -0.263672 -0.919189 -52.278412 70.578906 14.213384 155047227577.000000
-0.332764 -0.265869 -0.912842 -52.400415 69.175868 13.969377 155047230495.000000
-0.326660 -0.261475 -0.916992 -52.095407 68.565851 13.481364 155047233410.000000
-0.329346 -0.258545 -0.912109 -51.424388 67.345818 12.688343 155047236351.000000
-0.329102 -0.251709 -0.915283 -51.973403 65.698774 12.444336 155047239270.000000
-0.328857 -0.250732 -0.914063 -52.156408 64.478741 11.590313 155047242198.000000
-0.324951 -0.239746 -0.922852 -52.217410 63.319710 11.651315 155047245115.000000
-0.312500 -0.253662 -0.927246 -52.522418 61.794668 10.431282 155047248030.000000
-0.310303 -0.244385 -0.919678 -52.644421 60.452632 9.211249 155047250949.000000
-0.300781 -0.240234 -0.928223 -52.644421 59.842616 8.052217 155047253867.000000
-0.290283 -0.247803 -0.929932 -52.766425 58.195571 7.076191 155047256782.000000
-0.291504 -0.242676 -0.925537 -52.522418 57.768560 6.039163 155047259735.000000
-0.285156 -0.242188 -0.928955 -51.973403 56.670530 5.246142 155047262654.000000
-0.270264 -0.238770 -0.937012 -51.668395 55.999512 4.270115 155047265578.000000
-0.265137 -0.239258 -0.935791 -51.912402 55.328494 3.599097 155047268496.000000
-0.258789 -0.241211 -0.941406 -51.485390 54.596474 2.501068 155047271423.000000
-0.248291 -0.242676 -0.944580 -51.546392 54.535472 1.769048 155047274339.000000
-0.243896 -0.237061 -0.944580 -51.912402 53.681449 0.732020 155047277263.000000
-0.238770 -0.232910 -0.958984 -51.851400 53.376441 0.061002 155047280188.000000
-0.234131 -0.234131 -0.958984 -51.668395 53.071433 -0.671018 155047283119.000000
-0.229980 -0.233154 -0.959229 -51.729397 53.071433 -1.403038 155047286036.000000
-0.224609 -0.237061 -0.963135 -51.302385 52.461416 -2.196059 155047288951.000000
-0.227783 -0.235107 -0.963379 -51.180382 51.790398 -2.989081 155047291871.000000
-0.225098 -0.239014 -0.964111 -51.302385 50.997377 -3.904105 155047294788.000000
-0.222900 -0.237061 -0.963379 -51.363387 49.777344 -4.697127 155047297702.000000
-0.225098 -0.231689 -0.976318 -51.485390 48.374306 -5.551150 155047300621.000000
-0.229736 -0.232422 -0.979004 -51.607393 47.154273 -6.161166 155047303537.000000
-0.227539 -0.229736 -0.979492 -51.180382 45.995242 -6.710181 155047306453.000000
-0.225098 -0.226807 -0.985596 -51.363387 44.714207 -7.747209 155047309369.000000
-0.222168 -0.220215 -0.982910 -50.753370 43.677179 -8.235222 155047312286.000000
-0.224609 -0.219238 -0.975098 -49.716342 42.213140 -9.089245 155047315202.000000
-0.219971 -0.210693 -0.971924 -49.472336 41.237113 -10.309278 155047318130.000000
-0.216553 -0.204102 -0.966797 -48.862319 40.139084 -11.102300 155047321049.000000
-0.207520 -0.198730 -0.969727 -48.496309 39.224059 -12.078326 155047323966.000000
-0.199463 -0.186768 -0.972412 -48.557311 38.614043 -12.749344 155047326883.000000
-0.197510 -0.187500 -0.971680 -48.557311 37.577015 -13.542366 155047329801.000000
-0.196045 -0.177490 -0.978027 -48.679314 36.600988 -14.518392 155047332718.000000
-0.184814 -0.171387 -0.974609 -48.679314 35.990972 -14.884402 155047336759.000000
-0.183838 -0.162842 -0.975830 -49.350332 35.319954 -15.860428 155047339727.000000
-0.173828 -0.168457 -0.978516 -49.167328 34.709937 -17.202464 155047342655.000000
-0.170898 -0.162598 -0.979004 -49.716342 34.099921 -17.751479 155047345575.000000
-0.171387 -0.160889 -0.982178 -49.655341 33.611908 -18.605502 155047348502.000000
-0.166260 -0.160156 -0.978760 -49.289331 32.879888 -19.215519 155047351431.000000
-0.157959 -0.161377 -0.980469 -49.411334 32.208870 -20.252547 155047354348.000000
-0.159424 -0.158203 -0.987305 -49.350332 31.720856 -20.862563 155047357266.000000
-0.156250 -0.156738 -0.990723 -49.350332 31.049838 -21.838590 155047360189.000000
-0.149414 -0.158691 -0.989014 -48.862319 30.561825 -22.753614 155047363120.000000
-0.149414 -0.155762 -0.987549 -49.045324 30.012810 -23.973647 155047366057.000000
-0.139893 -0.157959 -0.995605 -48.618313 29.341792 -25.010675 155047368974.000000
-0.137939 -0.158691 -1.001709 -48.679314 29.097786 -26.230708 155047371902.000000
-0.136719 -0.166016 -0.999023 -48.313304 28.182761 -27.511743 155047374819.000000
-0.138672 -0.162109 -0.995850 -48.496309 27.633746 -28.670774 155047377735.000000
-0.131836 -0.157715 -1.002441 -48.374306 27.145733 -29.585799 155047380670.000000
-0.131104 -0.161377 -1.001709 -48.008296 26.108705 -30.866833 155047383590.000000
-0.130859 -0.150879 -1.005859 -47.520283 26.047703 -31.598853 155047386507.000000
-0.119385 -0.149658 -1.007568 -47.520283 25.620692 -32.940889 155047389425.000000
-0.116455 -0.150146 -0.996094 -47.398280 25.803697 -33.977917 155047392344.000000
-0.112305 -0.147461 -1.004883 -47.215275 25.803697 -35.136949 155047395267.000000
-0.115967 -0.144043 -1.004150 -47.032270 25.193680 -35.990972 155047398184.000000
-0.114990 -0.140869 -1.007568 -47.032270 24.766669 -37.089001 155047401151.000000
-0.112549 -0.137939 -1.008545 -47.398280 24.644665 -37.882023 155047404068.000000
-0.108398 -0.136963 -1.014648 -47.215275 23.912646 -38.736046 155047406983.000000
-0.109863 -0.126465 -1.012207 -47.764290 23.607637 -39.651071 155047409902.000000
-0.109619 -0.125732 -1.008545 -47.825291 22.875618 -40.688099 155047412818.000000
-0.113525 -0.116455 -1.010742 -48.008296 22.265601 -41.298115 155047415734.000000
-0.111084 -0.115234 -1.019531 -48.008296 21.472580 -42.152138 155047418653.000000
-0.114014 -0.109375 -1.015137 -48.679314 20.618557 -43.067163 155047421575.000000
-0.115723 -0.104980 -1.023438 -48.862319 20.008540 -44.043189 155047424492.000000
-0.113525 -0.113525 -1.020020 -49.106326 19.276520 -45.141219 155047427408.000000
-0.107910 -0.113770 -1.019775 -49.228329 18.361496 -46.361252 155047430327.000000
-0.111328 -0.108643 -1.020752 -50.021351 17.019460 -47.581285 155047433244.000000
-0.104980 -0.112549 -1.013672 -50.082352 15.860428 -48.557311 155047436161.000000
-0.109863 -0.114990 -1.015137 -50.204356 14.274385 -49.228329 155047439111.000000
-0.107178 -0.119385 -1.015137 -50.387360 13.542366 -50.814372 155047442040.000000
-0.105469 -0.121338 -1.009033 -50.509364 11.895321 -52.034405 155047444957.000000
-0.104248 -0.117920 -1.009766 -50.570365 10.736290 -53.254438 155047447873.000000
-0.105469 -0.119629 -1.017334 -50.692369 9.577259 -54.230464 155047450796.000000
-0.099609 -0.124023 -1.017822 -51.058379 8.052217 -55.938510 155047453717.000000
-0.101074 -0.125488 -1.019775 -51.058379 6.954188 -56.731532 155047456634.000000
-0.097412 -0.123047 -1.006348 -50.814372 5.612152 -58.439578 155047459553.000000
-0.094971 -0.123291 -1.010254 -51.241384 4.453120 -59.049594 155047462483.000000
-0.087891 -0.127441 -1.019287 -51.363387 3.294089 -60.574636 155047465398.000000
-0.087402 -0.130371 -1.019531 -51.668395 1.830049 -61.794668 155047468315.000000
-0.085449 -0.124756 -1.024658 -51.729397 1.159031 -62.770695 155047471232.000000
-0.080811 -0.133789 -1.020264 -52.095407 -0.061002 -64.295736 155047474147.000000
-0.088623 -0.118652 -1.020508 -52.461416 -0.793021 -65.332764 155047477064.000000
-0.086670 -0.122314 -1.020996 -52.522418 -1.952053 -66.064784 155047479987.000000
-0.086426 -0.123535 -1.024658 -53.193436 -2.928079 -67.589825 155047482907.000000
-0.085693 -0.124756 -1.031494 -53.376441 -3.721100 -68.077838 155047485824.000000
-0.090088 -0.120605 -1.028076 -53.742451 -4.636125 -69.724883 155047488740.000000
-0.085449 -0.118164 -1.029297 -53.803453 -5.307143 -70.639907 155047491659.000000
-0.093018 -0.119141 -1.029053 -54.108461 -6.344171 -71.554932 155047494575.000000
-0.090820 -0.114014 -1.029785 -54.169463 -7.076191 -72.774965 155047497493.000000
-0.095215 -0.118164 -1.027588 -54.474471 -7.991216 -73.933996 155047500412.000000
-0.100586 -0.116455 -1.027100 -54.535472 -8.723236 -75.276032 155047503328.000000
-0.100830 -0.116699 -1.025391 -54.352468 -9.394254 -76.191057 155047506243.000000
-0.109863 -0.115723 -1.022461 -54.291466 -10.431282 -77.228085 155047509160.000000
-0.113770 -0.117676 -1.027100 -54.657476 -11.407308 -78.082108 155047512079.000000
-0.114258 -0.123779 -1.029053 -55.328494 -12.261331 -79.119136 155047514994.000000
-0.126465 -0.109131 -1.028320 -55.877509 -13.542366 -80.217166 155047517909.000000
-0.122803 -0.114746 -1.030273 -56.182517 -14.884402 -80.766181 155047520829.000000
-0.128662 -0.115234 -1.033447 -56.792533 -15.921430 -81.803209 155047523756.000000
-0.129639 -0.109619 -1.034912 -56.792533 -17.019460 -82.718233 155047526672.000000
-0.133301 -0.114502 -1.039551 -56.731532 -18.483499 -83.328250 155047529587.000000
-0.138916 -0.105957 -1.031250 -57.097542 -19.825535 -84.243275 155047532517.000000
-0.136963 -0.104492 -1.032715 -57.341548 -21.106570 -85.280303 155047535437.000000
-0.143799 -0.101807 -1.027832 -57.585555 -22.875618 -86.012322 155047538380.000000
-0.149170 -0.106934 -1.034424 -58.134570 -24.461660 -86.744342 155047541308.000000
-0.153809 -0.099609 -1.029541 -58.744586 -26.169707 -87.293357 155047544224.000000
-0.145020 -0.098633 -1.033936 -59.293601 -27.938754 -88.330385 155047547140.000000
-0.143066 -0.091309 -1.037842 -60.086622 -29.158787 -88.940401 155047550072.000000
-0.147949 -0.080566 -1.037842 -60.940645 -30.378820 -90.038431 155047552987.000000
-0.144043 -0.079346 -1.041260 -62.160678 -31.659855 -90.709449 155047555903.000000
-0.145752 -0.075928 -1.041992 -63.319710 -33.306899 -91.563472 155047558825.000000
-0.145264 -0.070801 -1.057617 -64.051729 -34.465931 -92.295492 155047561751.000000
-0.145020 -0.067139 -1.057373 -65.454767 -35.258952 -93.393522 155047564676.000000
-0.149658 -0.059570 -1.053711 -66.430794 -36.417983 -93.942536 155047567592.000000
-0.154297 -0.061523 -1.055664 -67.589825 -37.638016 -94.979564 155047570517.000000
-0.149902 -0.063232 -1.049805 -68.382846 -38.614043 -95.772586 155047573436.000000
-0.151855 -0.059570 -1.060303 -69.175868 -39.407064 -96.687611 155047576355.000000
-0.153564 -0.062988 -1.058105 -70.334899 -40.261087 -97.602635 155047579272.000000
-0.151123 -0.062256 -1.065430 -71.188922 -40.932105 -98.395657 155047582198.000000
-0.157471 -0.066895 -1.064209 -72.469957 -41.481120 -99.066675 155047585114.000000
-0.168213 -0.066162 -1.057129 -73.079973 -42.152138 -99.859696 155047588032.000000
-0.165527 -0.068115 -1.061279 -73.994998 -42.701153 -100.469713 155047590950.000000
-0.176270 -0.060059 -1.060547 -75.032026 -43.250168 -101.079729 155047593867.000000
-0.174316 -0.061768 -1.069336 -76.313060 -43.860184 -101.140731 155047596782.000000
-0.182861 -0.059570 -1.073242 -77.106082 -44.165192 -101.384737 155047599730.000000
-0.198242 -0.048828 -1.072021 -77.899103 -44.775209 -101.140731 155047602647.000000
-0.210449 -0.043945 -1.071777 -78.387116 -45.141219 -101.018728 155047605563.000000
-0.215332 -0.048340 -1.071045 -78.692125 -46.056244 -101.018728 155047608480.000000
-0.218018 -0.041992 -1.063477 -78.936131 -46.361252 -101.140731 155047611398.000000
-0.228760 -0.039063 -1.063965 -79.119136 -47.276276 -100.713719 155047614317.000000
-0.229736 -0.037354 -1.068359 -79.668151 -48.069298 -100.652718 155047617231.000000
-0.238770 -0.031250 -1.070557 -79.973159 -48.557311 -101.079729 155047620150.000000
-0.245361 -0.023682 -1.074951 -80.400171 -49.106326 -100.713719 155047623066.000000
-0.247803 -0.022949 -1.087646 -81.010187 -48.984323 -101.018728 155047625980.000000
-0.258545 -0.012695 -1.077637 -81.254194 -49.350332 -100.713719 155047628896.000000
-0.262451 -0.007813 -1.080566 -81.742207 -49.594339 -100.713719 155047631814.000000
-0.270752 -0.004395 -1.085205 -82.474227 -49.960349 -100.896724 155047634728.000000
-0.267822 -0.001953 -1.080811 -82.962240 -50.265357 -101.079729 155047637645.000000
-0.276123 0.004395 -1.069580 -83.511255 -50.570365 -100.957726 155047640596.000000
-0.280029 0.005371 -1.075928 -84.426280 -50.692369 -101.506741 155047643517.000000
-0.277832 0.000488 -1.080566 -85.280303 -50.448362 -101.323736 155047646434.000000
-0.287354 0.008057 -1.080566 -86.317331 -50.204356 -101.689746 155047649350.000000
-0.286133 0.008057 -1.080078 -86.805344 -50.143354 -102.177759 155047652268.000000
-0.283691 0.011475 -1.084229 -88.025377 -50.387360 -102.116757 155047655188.000000
-0.280273 0.007568 -1.088379 -89.001403 -49.899347 -102.482767 155047658103.000000
-0.279785 0.006348 -1.072754 -89.367413 -49.655341 -102.848777 155047661024.000000
-0.289795 0.004639 -1.065186 -89.733423 -49.533337 -102.604770 155047663940.000000
-0.301514 -0.006836 -1.066162 -91.624474 -49.594339 -102.299762 155047671491.000000
-0.307129 -0.013916 -1.065674 -92.356494 -49.838346 -102.360764 155047674642.000000
-0.310059 -0.021484 -1.052246 -92.966510 -49.960349 -101.872751 155047677563.000000
-0.316406 -0.024658 -1.057861 -93.759532 -49.899347 -101.628744 155047680484.000000
-0.317383 -0.013428 -1.061279 -94.735558 -49.106326 -100.591716 155047683501.000000
-0.321289 -0.027344 -1.052490 -95.467578 -48.618313 -100.103703 155047686499.000000
-0.341553 -0.031982 -1.031006 -95.467578 -48.435308 -99.188678 155047689419.000000
-0.350098 -0.039063 -1.035645 -95.711584 -48.496309 -98.517660 155047692336.000000
-0.358643 -0.044922 -1.019531 -95.467578 -48.923321 -97.907644 155047695260.000000
-0.362793 -0.042480 -1.013428 -95.040566 -49.899347 -97.297627 155047698176.000000
-0.377197 -0.041016 -1.009521 -94.613555 -50.753370 -96.382602 155047701088.000000
-0.393799 -0.035400 -1.009766 -94.369548 -51.668395 -95.772586 155047704001.000000
-0.407715 -0.037109 -0.998291 -94.003538 -52.888428 -95.040566 155047706927.000000
-0.414795 -0.031494 -0.995361 -93.759532 -54.169463 -94.491551 155047709843.000000
-0.424316 -0.024902 -1.001709 -93.759532 -54.657476 -94.064540 155047712762.000000
-0.426025 -0.015869 -0.992188 -93.393522 -56.365522 -93.637528 155047715672.000000
-0.430176 -0.002930 -0.982178 -93.088513 -58.256573 -92.722504 155047718580.000000
-0.428467 0.002686 -0.974609 -92.112487 -59.598609 -92.417495 155047721489.000000
-0.436768 0.013184 -0.968262 -91.624474 -61.428659 -91.624474 155047724404.000000
-0.439453 0.014404 -0.959473 -91.136461 -63.258708 -91.075459 155047727317.000000
-0.437988 0.028320 -0.948486 -90.648448 -65.088757 -90.831452 155047730251.000000
-0.435547 0.033936 -0.944336 -89.855426 -67.162813 -90.343439 155047733164.000000
-0.420898 0.035889 -0.941162 -89.733423 -68.748856 -90.221436 155047736082.000000
-0.410889 0.043213 -0.935791 -89.062405 -70.212896 -90.160434 155047738998.000000
-0.410156 0.050293 -0.934570 -89.062405 -71.371927 -90.404441 155047741925.000000
-0.417480 0.052734 -0.928467 -89.062405 -72.530958 -90.343439 155047744842.000000
-0.409424 0.059082 -0.916992 -89.001403 -73.933996 -90.404441 155047747752.000000
-0.411621 0.065186 -0.921143 -88.757396 -74.239004 -89.977429 155047750662.000000
-0.415771 0.062988 -0.910400 -88.452388 -74.727018 -89.733423 155047753575.000000
-0.419922 0.065918 -0.911621 -88.696395 -74.849021 -88.879400 155047756485.000000
-0.428711 0.064453 -0.913574 -88.635393 -74.544013 -88.696395 155047759395.000000
-0.429932 0.065186 -0.913818 -89.184408 -74.361008 -87.781370 155047762308.000000
-0.441406 0.063721 -0.907715 -89.672421 -73.811993 -86.439334 155047765228.000000
-0.450684 0.063232 -0.907471 -90.648448 -72.896968 -85.524309 155047768139.000000
-0.460693 0.061523 -0.911865 -91.563472 -71.981944 -84.060270 155047771048.000000
-0.465332 0.056885 -0.922363 -92.539499 -70.517904 -82.230220 155047773976.000000
-0.479248 0.056152 -0.914307 -93.637528 -69.114866 -80.644177 155047776894.000000
-0.488281 0.048340 -0.916016 -94.613555 -67.772830 -79.241140 155047779809.000000
-0.503174 0.049072 -0.916504 -95.406576 -66.430794 -76.801074 155047782741.000000
-0.515625 0.049316 -0.917969 -96.016592 -64.905752 -74.910023 155047785662.000000
-0.518311 0.050537 -0.915283 -96.748612 -63.685720 -73.262978 155047788421.000000
-0.523926 0.049561 -0.916504 -97.297627 -62.160678 -72.042945 155047790227.000000
-0.527832 0.050537 -0.926025 -97.663637 -61.367657 -71.005917 155047792033.000000
-0.526367 0.052734 -0.921143 -97.724639 -60.025621 -69.846886 155047793837.000000
-0.524902 0.049072 -0.923584 -97.785640 -59.293601 -69.297871 155047795646.000000
-0.526855 0.058350 -0.922119 -97.785640 -58.012566 -68.687855 155047797453.000000
-0.529785 0.061035 -0.925781 -97.907644 -57.036540 -68.199841 155047799256.000000
-0.532959 0.061523 -0.927490 -97.663637 -56.121515 -67.528823 155047801061.000000
-0.534912 0.061768 -0.925537 -97.785640 -55.450497 -66.796804 155047802865.000000
-0.534180 0.072998 -0.929932 -97.541634 -54.779479 -66.369792 155047804668.000000
-0.539063 0.077393 -0.933838 -97.419630 -53.681449 -66.125785 155047806476.000000
-0.536865 0.080322 -0.936523 -97.419630 -52.583420 -66.064784 155047808280.000000
-0.531494 0.087891 -0.930908 -96.748612 -52.034405 -65.637772 155047810084.000000
-0.523438 0.094238 -0.933350 -96.077594 -51.363387 -65.759776 155047811888.000000
-0.520752 0.096924 -0.937744 -95.406576 -50.509364 -65.698774 155047813691.000000
-0.514404 0.109619 -0.945801 -94.796560 -49.716342 -65.759776 155047815516.000000
-0.509521 0.112061 -0.956543 -94.186543 -48.313304 -66.064784 155047817498.000000
-0.503418 0.116455 -0.958252 -93.210517 -47.093272 -66.491795 155047819457.000000
-0.498535 0.121338 -0.968506 -92.417495 -45.202220 -67.223815 155047821395.000000
-0.498779 0.121338 -0.969238 -91.563472 -43.250168 -68.016836 155047823225.000000
-0.495361 0.119385 -0.973633 -90.770451 -41.481120 -68.565851 155047825028.000000
-0.482666 0.120850 -0.981934 -90.160434 -39.285061 -68.809858 155047826830.000000
-0.466797 0.120605 -0.987061 -89.184408 -36.722992 -70.090892 155047828633.000000
-0.458984 0.121582 -0.983887 -88.452388 -34.709937 -70.883914 155047830436.000000
-0.456543 0.122559 -0.986572 -87.537364 -32.330873 -71.737937 155047832238.000000
-0.451172 0.124512 -1.000732 -86.927347 -29.280791 -72.469957 155047834040.000000
-0.450195 0.125732 -1.006104 -86.317331 -26.840725 -73.079973 155047835843.000000
-0.448242 0.124023 -1.010254 -85.707314 -23.851644 -73.445983 155047837646.000000
-0.446533 0.119629 -1.030273 -85.585311 -20.862563 -74.300006 155047839449.000000
-0.447266 0.119385 -1.034668 -85.707314 -17.934484 -74.788019 155047841256.000000
-0.449707 0.122314 -1.037109 -85.463308 -14.823400 -74.910023 155047843058.000000
-0.462402 0.120361 -1.036621 -85.646312 -11.895321 -74.788019 155047844870.000000
-0.461426 0.107178 -1.041748 -86.073324 -8.967242 -74.666016 155047846672.000000
-0.475098 0.107910 -1.049805 -86.683340 -5.978161 -74.727018 155047848476.000000
-0.475830 0.104004 -1.052246 -87.964375 -3.172086 -74.056000 155047850278.000000
-0.493652 0.094971 -1.051514 -88.330385 -0.671018 -73.384981 155047852082.000000
-0.505615 0.094238 -1.063477 -89.733423 2.684072 -72.591960 155047853883.000000
-0.516846 0.087891 -1.070557 -90.892454 5.002135 -71.493930 155047855684.000000
-0.539063 0.079834 -1.072754 -92.356494 7.442201 -70.334899 155047857485.000000
-0.543457 0.080078 -1.074219 -94.308546 10.065272 -69.175868 155047859290.000000
-0.552734 0.080322 -1.090576 -95.833588 12.322333 -67.650827 155047861094.000000
-0.566162 0.080078 -1.088867 -97.968645 14.091380 -66.247789 155047862895.000000
-0.573486 0.085938 -1.101074 -100.042701 16.226438 -64.905752 155047864696.000000
-0.583740 0.087158 -1.117920 -102.482767 18.361496 -63.197706 155047866499.000000
-0.588379 0.088379 -1.122803 -105.105838 20.130544 -61.794668 155047868301.000000
-0.580322 0.096924 -1.136719 -107.911914 21.655585 -59.781614 155047870103.000000
-0.593506 0.113525 -1.126953 -110.351980 23.302629 -58.134570 155047871905.000000
-0.599365 0.125977 -1.140137 -112.609040 24.034649 -56.365522 155047873707.000000
-0.607666 0.131104 -1.160400 -115.659123 24.644665 -54.169463 155047875508.000000
-0.609863 0.136963 -1.166260 -118.160190 24.949674 -52.217410 155047877311.000000
-0.614746 0.141357 -1.162354 -120.844263 25.498688 -50.143354 155047879113.000000
-0.614746 0.142090 -1.174072 -123.162325 25.010675 -48.252303 155047880916.000000
-0.619385 0.148682 -1.169189 -125.175380 24.400659 -46.361252 155047882718.000000
-0.612305 0.144531 -1.187988 -127.798451 23.546636 -44.348197 155047884521.000000
-0.609375 0.142334 -1.182861 -130.116513 22.509608 -42.823156 155047886322.000000
-0.616943 0.143311 -1.196533 -132.373574 21.289575 -41.420118 155047888124.000000
-0.626953 0.146729 -1.204102 -134.325627 20.069542 -40.566095 155047890389.000000
-0.617188 0.144531 -1.202393 -137.070701 17.446471 -39.102056 155047893306.000000
-0.626709 0.147217 -1.206787 -138.534740 14.335387 -38.431038 155047896223.000000
-0.639648 0.156982 -1.210938 -139.144757 9.882267 -36.905996 155047899137.000000
-0.642334 0.153564 -1.192871 -137.802721 4.514122 -36.844995 155047902069.000000
-0.666260 0.169434 -1.191162 -135.850668 -0.122003 -35.990972 155047904985.000000
-0.662598 0.172607 -1.180664 -132.861587 -4.636125 -35.990972 155047907901.000000
-0.666016 0.176025 -1.181396 -129.994510 -7.930214 -36.478985 155047910821.000000
-0.666016 0.183105 -1.138184 -125.846398 -11.407308 -36.905996 155047913737.000000
-0.677246 0.183594 -1.104736 -121.820289 -13.542366 -38.248033 155047916669.000000
-0.665039 0.179932 -1.075439 -117.367169 -16.104435 -39.895077 155047919588.000000
-0.663574 0.192383 -1.056885 -114.012078 -17.629476 -42.457146 155047922510.000000
-0.657959 0.200928 -1.029541 -110.961996 -19.520527 -45.263222 155047925434.000000
-0.644043 0.209229 -1.017578 -109.497956 -21.228573 -48.862319 155047928351.000000
-0.618652 0.223633 -1.008545 -109.436955 -23.241628 -51.912402 155047931270.000000
-0.599854 0.232910 -1.003906 -110.778991 -26.291710 -55.816507 155047934187.000000
-0.570313 0.239746 -0.995605 -114.073080 -31.110840 -59.293601 155047937102.000000
-0.550293 0.252930 -0.975830 -118.465199 -36.051973 -62.282682 155047940027.000000
-0.553223 0.265381 -0.962158 -123.284329 -43.555176 -64.661746 155047942945.000000
-0.563965 0.269043 -0.929688 -127.798451 -51.729397 -65.576771 155047945861.000000
-0.580322 0.270752 -0.890869 -132.068566 -61.611664 -65.088757 155047948776.000000
-0.590088 0.265381 -0.878662 -135.911670 -71.127920 -64.478741 155047951694.000000
-0.595703 0.260742 -0.854248 -138.717745 -80.461172 -62.526688 155047954610.000000
-0.596191 0.248291 -0.816650 -140.303788 -90.221436 -60.635637 155047957534.000000
-0.605469 0.237793 -0.781738 -140.791801 -99.737693 -58.500580 155047960453.000000
-0.594971 0.222656 -0.759277 -140.120783 -109.497956 -57.402550 155047963372.000000
-0.570068 0.202393 -0.687744 -137.253706 -118.892210 -57.036540 155047966288.000000
-0.557617 0.178467 -0.606934 -133.410602 -129.811505 -56.609528 155047969203.000000
-0.558105 0.163818 -0.491699 -128.164460 -139.266760 -56.426524 155047972131.000000
-0.527832 0.143066 -0.376709 -121.271274 -148.783017 -56.121515 155047975047.000000
-0.493408 0.120605 -0.286865 -114.561093 -155.310193 -57.219545 155047977963.000000
-0.453613 0.112305 -0.218994 -108.033917 -158.299274 -59.171598 155047980888.000000
-0.421143 0.115967 -0.150879 -101.567742 -157.018239 -60.940645 155047983807.000000
-0.385254 0.118408 -0.086914 -95.833588 -153.175136 -63.136705 155047986725.000000
-0.341797 0.130615 -0.021973 -91.136461 -146.464955 -64.600744 155047989642.000000
-0.288330 0.145752 0.022217 -87.720368 -138.290734 -65.210761 155047992601.000000
-0.237549 0.154785 0.074951 -84.670286 -129.262490 -63.868724 155047995519.000000
-0.229004 0.158691 0.109131 -82.901238 -118.831208 -62.099677 155047998436.000000
-0.206787 0.155273 0.138428 -81.559202 -107.118892 -58.622583 155048001354.000000
-0.201660 0.149658 0.157227 -80.827182 -93.942536 -54.047459 155048004272.000000
-0.218262 0.151611 0.159668 -79.668151 -78.326115 -48.191301 155048007189.000000
-0.231934 0.132324 0.177979 -77.777100 -61.306655 -41.176112 155048010107.000000
-0.266357 0.107666 0.199707 -74.361008 -43.311169 -34.404929 155048013024.000000
-0.283203 0.090820 0.203857 -70.334899 -23.302629 -28.670774 155048015939.000000
-0.289063 0.079102 0.206787 -66.735802 -3.538096 -24.400659 155048018863.000000
-0.309326 0.062256 0.192383 -62.343683 15.799427 -22.326603 155048021782.000000
-0.324951 0.065918 0.157959 -58.378576 35.136949 -21.838590 155048024698.000000
-0.348145 0.084961 0.121582 -54.596474 52.583420 -22.570609 155048027621.000000
-0.389404 0.106689 0.098145 -50.509364 67.467822 -23.546636 155048030540.000000
-0.410889 0.120361 0.086426 -46.544257 80.766181 -24.705667 155048033456.000000
-0.460449 0.139160 0.063477 -41.847130 91.136461 -25.986702 155048036377.000000
-0.514648 0.159912 0.039795 -37.882023 98.334655 -27.206735 155048039293.000000
-0.564453 0.179199 0.017578 -33.672909 103.031782 -27.694748 155048042212.000000
-0.610352 0.186523 -0.016602 -30.134814 104.800830 -28.304764 155048045128.000000
-0.651367 0.181396 -0.048828 -26.962728 103.580797 -28.853779 155048048044.000000
-0.681641 0.193848 -0.088867 -24.400659 100.469713 -29.158787 155048050967.000000
-0.706299 0.180420 -0.122070 -22.021595 94.857561 -29.646800 155048053887.000000
-0.749268 0.180420 -0.153320 -20.313548 88.025377 -29.463796 155048056803.000000
-0.767334 0.171143 -0.188477 -18.300494 79.851156 -30.073812 155048059722.000000
-0.804932 0.168213 -0.231445 -17.080461 71.310925 -29.829805 155048062638.000000
-0.833008 0.175537 -0.281494 -15.677423 62.160678 -29.768804 155048065553.000000
-0.851563 0.177246 -0.306885 -14.579394 53.620448 -29.219789 155048068469.000000
-0.876465 0.190918 -0.358643 -13.908376 44.775209 -28.670774 155048071396.000000
-0.888916 0.209229 -0.403076 -13.542366 36.661990 -28.487769 155048074312.000000
-0.892822 0.225098 -0.450439 -13.359361 28.914781 -27.938754 155048077230.000000
-0.899170 0.245117 -0.476318 -12.566339 21.655585 -27.450741 155048080155.000000
-0.899658 0.265625 -0.507324 -12.139328 15.006405 -26.779723 155048083075.000000
-0.897461 0.285889 -0.537354 -11.895321 8.845239 -26.169707 155048086005.000000
-0.900146 0.295410 -0.563721 -10.980296 4.148112 -25.071677 155048088920.000000
-0.890625 0.304199 -0.591553 -10.370280 -0.610016 -23.973647 155048091839.000000
-0.884033 0.298340 -0.605469 -9.882267 -4.148112 -22.570609 155048094756.000000
-0.869141 0.296143 -0.615234 -9.577259 -6.527176 -21.716586 155048097670.000000
-0.859619 0.283203 -0.623779 -8.906240 -8.601232 -20.679558 155048100592.000000
-0.841553 0.276611 -0.636230 -8.052217 -9.638260 -19.642530 155048103508.000000
-0.829346 0.273193 -0.636963 -7.259196 -9.821265 -18.971512 155048106422.000000
-0.814941 0.273438 -0.648682 -6.405173 -9.638260 -18.544501 155048109337.000000
-0.801758 0.272217 -0.643066 -5.124138 -8.906240 -17.507473 155048112254.000000
-0.789551 0.275146 -0.642822 -4.087110 -8.296224 -16.775453 155048115169.000000
-0.769531 0.278564 -0.633057 -2.928079 -7.137193 -15.799427 155048118098.000000
-0.760010 0.284424 -0.637207 -1.403038 -5.978161 -14.762399 155048121017.000000
-0.749023 0.290283 -0.643555 -0.610016 -4.453120 -13.847374 155048123935.000000
-0.739502 0.298096 -0.655762 -0.061002 -2.867077 -12.932349 155048126851.000000
-0.725586 0.308838 -0.668213 0.000000 -0.671018 -11.895321 155048129768.000000
-0.724121 0.321777 -0.683350 0.305008 1.281035 -11.102300 155048132684.000000
-0.725342 0.330566 -0.687256 0.305008 3.782102 -10.248277 155048135607.000000
-0.725342 0.334473 -0.685547 0.244007 5.673153 -9.577259 155048138522.000000
-0.723633 0.333984 -0.683105 0.244007 7.625206 -8.418227 155048141441.000000
-0.722900 0.331787 -0.679443 0.732020 9.699262 -7.564204 155048144357.000000
-0.726807 0.322510 -0.681885 1.037028 11.468310 -6.954188 155048147275.000000
-0.727295 0.323242 -0.681885 1.891051 13.603367 -6.283170 155048150199.000000
-0.728760 0.312988 -0.684326 2.684072 15.311413 -5.795156 155048153119.000000
-0.733154 0.311768 -0.681885 3.233087 17.141463 -5.185140 155048156035.000000
-0.732422 0.307861 -0.674072 3.782102 18.300494 -4.697127 155048158950.000000
-0.736572 0.300781 -0.666992 4.209114 18.910511 -4.392119 155048161876.000000
-0.745605 0.299561 -0.655029 4.758128 19.398524 -3.843104 155048164793.000000
-0.751221 0.296875 -0.642334 5.307143 19.459525 -2.745074 155048167709.000000
-0.757080 0.292725 -0.632324 6.344171 20.130544 -2.135058 155048170632.000000
-0.762939 0.288330 -0.628174 6.771183 19.947539 -0.915025 155048173551.000000
-0.758057 0.286377 -0.609619 7.381199 20.069542 -0.244007 155048176468.000000
-0.761719 0.282471 -0.597656 8.357226 19.581529 0.610016 155048179383.000000
-0.757813 0.283691 -0.585205 9.028244 19.337522 1.464040 155048182309.000000
-0.762695 0.284912 -0.584229 9.455255 18.605502 2.257061 155048185225.000000
-0.761719 0.284912 -0.566406 10.004270 18.117489 3.172086 155048188141.000000
-0.757080 0.291748 -0.561523 10.553285 17.263466 4.209114 155048191068.000000
-0.758789 0.294434 -0.562744 10.614287 16.531446 5.063137 155048193984.000000
-0.760742 0.301025 -0.553711 11.651315 15.738425 5.734155 155048196900.000000
-0.755859 0.303955 -0.555908 11.956323 14.884402 6.710181 155048199819.000000
-0.757813 0.310791 -0.545898 12.688343 14.457390 7.137193 155048202741.000000
-0.750000 0.316162 -0.552979 12.749344 13.908376 8.174221 155048205658.000000
-0.749756 0.320801 -0.563721 13.115354 13.603367 8.540231 155048208574.000000
-0.743896 0.326904 -0.571045 12.871348 13.603367 9.394254 155048211492.000000
-0.733154 0.327637 -0.583984 13.054352 14.030379 9.943268 155048214408.000000
-0.726318 0.338379 -0.592529 13.298359 13.664369 10.126273 155048217323.000000
-0.718262 0.340088 -0.604980 12.993351 13.603367 10.492283 155048220241.000000
-0.711426 0.333496 -0.608643 12.932349 13.115354 10.675288 155048223156.000000
-0.705078 0.333008 -0.616943 12.932349 12.932349 11.224303 155048226071.000000
-0.700195 0.330078 -0.617432 12.810346 12.444336 11.468310 155048228985.000000
-0.702148 0.322510 -0.612061 13.481364 11.834320 11.956323 155048231904.000000
-0.695068 0.312744 -0.619385 13.969377 11.468310 12.627341 155048234825.000000
-0.691650 0.299805 -0.621826 14.640395 11.224303 12.993351 155048237743.000000
-0.687988 0.298828 -0.624023 15.128408 11.468310 13.481364 155048240661.000000
-0.682617 0.290039 -0.625244 15.738425 11.590313 14.091380 155048243577.000000
-0.682861 0.288330 -0.629883 16.592448 11.895321 14.640395 155048246493.000000
-0.678467 0.284180 -0.630859 17.263466 12.627341 15.555420 155048249408.000000
-0.678955 0.286865 -0.632813 18.178491 13.420362 15.921430 155048252329.000000
-0.683594 0.285645 -0.636963 18.666504 14.213384 16.775453 155048255245.000000
-0.680664 0.289551 -0.632568 19.276520 15.372415 17.507473 155048258162.000000
-0.683838 0.291748 -0.640381 19.642530 16.287440 18.361496 155048261086.000000
-0.677246 0.297852 -0.631836 20.557555 17.629476 18.910511 155048264004.000000
-0.683350 0.300293 -0.627197 21.045568 18.788507 19.947539 155048266919.000000
-0.680664 0.311768 -0.627441 21.533581 19.764534 19.947539 155048269839.000000
-0.683594 0.317627 -0.626709 22.143598 20.618557 20.435552 155048272761.000000
-0.688477 0.321045 -0.623779 22.509608 21.350576 21.106570 155048275678.000000
-0.687988 0.330078 -0.628174 23.058623 22.021595 21.350576 155048278595.000000
-0.689209 0.331787 -0.628418 23.607637 22.814616 21.960593 155048281522.000000
-0.689697 0.335205 -0.623291 24.339657 23.302629 22.143598 155048284438.000000
-0.685547 0.328125 -0.629883 24.766669 24.400659 22.753614 155048287354.000000
-0.689697 0.330322 -0.623779 25.254682 24.644665 23.119624 155048290276.000000
-0.690918 0.333984 -0.634521 25.437687 25.254682 23.973647 155048293196.000000
-0.691162 0.316895 -0.618408 26.352712 25.315684 24.583664 155048296112.000000
-0.687500 0.310547 -0.606201 27.450741 25.254682 24.583664 155048299028.000000
-0.683838 0.310059 -0.602539 28.243763 25.254682 24.888672 155048301960.000000
-0.682617 0.302490 -0.595459 28.975782 24.766669 25.681693 155048304876.000000
-0.675537 0.296875 -0.599365 29.951809 24.400659 26.047703 155048307791.000000
-0.675537 0.290039 -0.594238 31.171842 23.790642 26.474715 155048310709.000000
-0.676758 0.288330 -0.593994 31.781858 23.485634 26.901726 155048313623.000000
-0.669189 0.284668 -0.591064 33.184896 22.265601 27.267736 155048316548.000000
-0.670166 0.278564 -0.584473 34.221924 21.472580 27.572744 155048319465.000000
-0.670166 0.276855 -0.588867 35.197950 20.313548 28.182761 155048322383.000000
-0.670410 0.273926 -0.577148 36.051973 19.520527 28.609772 155048325299.000000
-0.666748 0.274902 -0.583496 36.844995 18.483499 28.548771 155048328216.000000
-0.665283 0.276367 -0.588379 38.065028 17.629476 29.341792 155048331134.000000
-0.667725 0.279785 -0.586182 38.797048 16.287440 29.768804 155048334063.000000
-0.669678 0.287109 -0.587891 39.407064 15.738425 30.195815 155048336978.000000
-0.671143 0.292725 -0.587646 40.017080 14.152382 30.805832 155048339903.000000
-0.670898 0.303223 -0.598145 40.261087 13.176356 31.598853 155048342819.000000
-0.669189 0.304688 -0.601563 40.444092 11.712316 32.086866 155048345735.000000
-0.671875 0.308594 -0.593506 40.932105 10.736290 32.696883 155048348661.000000
-0.668213 0.316162 -0.611816 41.176112 8.540231 33.062893 155048351588.000000
-0.666748 0.314941 -0.612549 41.664125 7.381199 33.916916 155048354502.000000
-0.663818 0.318115 -0.615723 41.542122 6.039163 33.916916 155048357419.000000
-0.667236 0.324463 -0.624268 42.213140 4.819130 34.587934 155048360344.000000
-0.668701 0.323242 -0.637939 42.274141 3.782102 34.953944 155048363264.000000
-0.664551 0.317139 -0.628174 42.823156 2.623071 35.441957 155048366180.000000
-0.665283 0.317871 -0.636719 43.250168 1.525041 35.441957 155048369095.000000
-0.664795 0.315186 -0.642578 43.738181 0.183005 35.868968 155048372022.000000
-0.664551 0.308350 -0.644531 44.409199 -1.525041 36.112975 155048374938.000000
-0.663330 0.306152 -0.653809 45.019216 -2.623071 36.600988 155048377852.000000
-0.660156 0.299316 -0.645264 45.629232 -4.148112 36.844995 155048380775.000000
-0.651123 0.296387 -0.645752 46.849265 -5.612152 36.905996 155048383710.000000
-0.652832 0.285156 -0.646729 47.581285 -6.832184 37.089001 155048386626.000000
-0.649170 0.282959 -0.655518 48.313304 -7.869212 37.455011 155048389543.000000
-0.642822 0.278320 -0.664795 49.167328 -8.601232 37.516013 155048392468.000000
-0.642334 0.275146 -0.664307 50.448362 -9.638260 37.943024 155048395386.000000
-0.638672 0.265137 -0.659912 51.119380 -10.370280 38.248033 155048398312.000000
-0.635498 0.268799 -0.662598 51.912402 -11.224303 38.370036 155048401236.000000
-0.641846 0.260986 -0.660400 52.888428 -11.651315 38.553041 155048404153.000000
-0.634277 0.263672 -0.664063 53.925456 -12.017324 39.346062 155048407075.000000
-0.633057 0.262451 -0.662842 54.840481 -12.688343 39.651071 155048409994.000000
-0.639648 0.265137 -0.667969 55.938510 -13.054352 40.200085 155048412911.000000
-0.632324 0.270264 -0.668945 57.097542 -13.298359 40.688099 155048415827.000000
-0.633789 0.274902 -0.665771 58.012566 -13.786372 40.932105 155048418744.000000
-0.632568 0.276123 -0.675293 59.049594 -14.213384 41.725127 155048421662.000000
-0.625244 0.278809 -0.676758 59.659611 -14.945404 42.518148 155048424578.000000
-0.626953 0.286621 -0.685547 60.513634 -15.128408 42.152138 155048427495.000000
-0.626221 0.289795 -0.690186 60.818642 -15.555420 42.884158 155048430418.000000
-0.623535 0.290771 -0.697266 61.428659 -16.104435 43.250168 155048433333.000000
-0.621582 0.290283 -0.709473 62.099677 -15.921430 43.250168 155048436249.000000
-0.620850 0.287598 -0.703125 62.770695 -16.714451 43.250168 155048439169.000000
-0.612793 0.280518 -0.707275 63.441713 -16.958458 43.494174 155048442088.000000
-0.617188 0.280518 -0.699463 63.746721 -17.629476 43.799183 155048445083.000000
-0.613770 0.270752 -0.703369 64.478741 -18.178491 44.043189 155048448006.000000
-0.619141 0.269531 -0.708496 65.149759 -18.300494 44.653206 155048450931.000000
-0.620117 0.259521 -0.712158 65.576771 -18.300494 44.592204 155048453850.000000
-0.621826 0.254395 -0.713135 66.491795 -18.239492 44.897212 155048456767.000000
-0.624268 0.253418 -0.710449 66.918807 -18.056488 45.385225 155048459685.000000
-0.626221 0.247070 -0.721680 66.979808 -17.934484 45.690234 155048462696.000000
-0.622559 0.247803 -0.719971 67.406820 -17.873483 46.178247 155048465613.000000
-0.618164 0.248291 -0.714844 68.016836 -17.873483 46.788263 155048468540.000000
-0.622314 0.244141 -0.712402 68.260843 -17.751479 47.093272 155048471470.000000
-0.619385 0.240479 -0.715332 68.809858 -17.568474 47.459281 155048474386.000000
-0.618896 0.244873 -0.714355 69.297871 -17.873483 48.252303 155048477303.000000
-0.618164 0.240967 -0.712402 70.090892 -17.751479 48.801318 155048480227.000000
-0.615723 0.236572 -0.713867 70.822912 -17.873483 49.167328 155048483146.000000
-0.613281 0.244873 -0.716797 71.554932 -17.507473 50.143354 155048486076.000000
-0.612549 0.241699 -0.721924 72.164948 -17.385469 50.082352 155048488992.000000
-0.601807 0.244141 -0.723389 73.018972 -17.568474 50.387360 155048491919.000000
-0.607422 0.241943 -0.729004 73.628988 -17.507473 50.814372 155048494837.000000
-0.601563 0.250000 -0.734131 73.750991 -17.873483 50.936375 155048497752.000000
-0.601074 0.252441 -0.740723 73.933996 -18.361496 51.119380 155048500671.000000
-0.597656 0.256592 -0.741699 73.567986 -18.727506 51.180382 155048503587.000000
-0.601563 0.251221 -0.758057 73.262978 -18.971512 51.241384 155048506503.000000
-0.595215 0.260010 -0.763672 72.713963 -19.276520 51.302385 155048509422.000000
-0.592773 0.260498 -0.780273 72.469957 -18.971512 51.363387 155048512340.000000
-0.584473 0.262451 -0.791260 71.676935 -19.276520 51.363387 155048515258.000000
-0.583984 0.256104 -0.790283 71.066919 -18.605502 51.485390 155048518180.000000
-0.581787 0.253662 -0.801758 70.456902 -18.971512 51.241384 155048521095.000000
-0.575684 0.250977 -0.804443 70.273897 -18.544501 51.485390 155048524012.000000
-0.577881 0.243164 -0.800537 69.785884 -18.849509 51.851400 155048526929.000000
-0.572266 0.230469 -0.801758 69.968889 -19.276520 51.424388 155048529853.000000
-0.570801 0.222168 -0.793213 70.395901 -19.154517 51.912402 155048532773.000000
-0.569336 0.216309 -0.790771 70.944916 -19.764534 51.851400 155048535689.000000
-0.562744 0.213379 -0.786377 71.554932 -19.642530 51.668395 155048538611.000000
-0.559570 0.212402 -0.784912 72.469957 -20.069542 52.156408 155048541530.000000
-0.561523 0.208740 -0.794434 73.323980 -19.703532 51.729397 155048544446.000000
-0.559326 0.204834 -0.795654 74.483011 -19.886537 52.156408 155048547394.000000
-0.551270 0.208984 -0.778809 75.520039 -20.130544 52.888428 155048550314.000000
-0.552979 0.204346 -0.777344 76.435064 -20.191545 52.949430 155048553232.000000
-0.553711 0.206299 -0.777100 77.655097 -20.374550 53.559446 155048556148.000000
-0.550781 0.206543 -0.766357 78.631123 -20.435552 54.291466 155048559064.000000
-0.552490 0.203857 -0.763672 79.790154 -19.886537 54.718477 155048561982.000000
-0.554199 0.209961 -0.766846 80.949186 -19.093516 55.572500 155048564897.000000
-0.561768 0.211182 -0.753174 82.047215 -18.300494 55.877509 155048567813.000000
-0.556885 0.213135 -0.756348 82.840237 -17.385469 56.243519 155048570737.000000
-0.559570 0.218018 -0.745850 83.328250 -16.653450 56.670530 155048573657.000000
-0.563721 0.221191 -0.741943 83.511255 -16.287440 56.975538 155048576573.000000
-0.565186 0.226074 -0.735352 83.816263 -15.860428 57.646556 155048579487.000000
-0.565186 0.230225 -0.736084 83.694260 -15.067407 57.585555 155048582412.000000
-0.562744 0.233398 -0.745361 83.755261 -14.213384 57.890563 155048585326.000000
-0.561768 0.239014 -0.751221 83.633258 -13.176356 58.683584 155048588242.000000
-0.552490 0.234619 -0.749756 83.755261 -11.590313 58.622583 155048591160.000000
-0.548828 0.239990 -0.749512 83.572256 -10.248277 59.720612 155048594075.000000
-0.542236 0.234375 -0.746582 84.121271 -8.601232 59.720612 155048596991.000000
-0.532959 0.223389 -0.751221 84.182273 -6.832184 60.635637 155048599910.000000
-0.529053 0.221436 -0.756348 84.670286 -5.307143 60.696639 155048602826.000000
-0.517334 0.208984 -0.751221 84.853291 -4.026109 60.818642 155048605742.000000
-0.508789 0.200195 -0.747559 85.158299 -2.196059 60.818642 155048608658.000000
-0.503174 0.190430 -0.751221 85.646312 -0.671018 60.940645 155048611577.000000
-0.500000 0.181152 -0.760498 86.378332 1.159031 61.367657 155048614493.000000
-0.491455 0.175293 -0.771240 86.622339 2.684072 61.001647 155048617409.000000
-0.493896 0.162842 -0.768311 86.805344 4.209114 61.245654 155048620327.000000
-0.486084 0.156982 -0.778809 87.354359 5.734155 61.672665 155048623243.000000
-0.481445 0.148193 -0.769287 87.537364 6.893186 61.550662 155048626158.000000
-0.473145 0.140625 -0.770752 87.964375 7.076191 61.550662 155048629074.000000
-0.473389 0.130859 -0.767822 88.513390 7.137193 61.550662 155048631992.000000
-0.474854 0.127686 -0.771973 88.818398 6.039163 61.611664 155048634912.000000
-0.475586 0.124268 -0.774170 89.672421 5.002135 62.099677 155048637828.000000
-0.487549 0.132080 -0.776855 90.892454 3.843104 62.404685 155048640747.000000
-0.492432 0.127197 -0.781250 91.990484 3.233087 63.807723 155048643665.000000
-0.500000 0.127197 -0.781494 94.003538 3.660099 64.783749 155048646607.000000
-0.514160 0.130371 -0.786133 95.528579 4.392119 66.125785 155048649524.000000
-0.516357 0.128906 -0.779785 97.419630 5.978161 67.101812 155048652452.000000
-0.516357 0.134033 -0.780029 98.761667 7.930214 67.650827 155048655368.000000
-0.508057 0.131592 -0.774658 100.042701 9.943268 67.772830 155048658284.000000
-0.496826 0.130371 -0.771729 101.628744 12.871348 67.955835 155048661201.000000
-0.479736 0.132568 -0.772949 101.811749 14.945404 67.284817 155048664116.000000
-0.462891 0.138916 -0.772949 101.811749 16.836455 66.430794 155048667034.000000
-0.449707 0.136475 -0.780518 101.140731 19.337522 65.698774 155048669971.000000
-0.443604 0.141602 -0.780029 100.652718 21.411578 65.149759 155048672889.000000
-0.435303 0.134277 -0.785156 99.676691 23.546636 64.905752 155048675805.000000
-0.431641 0.135254 -0.783936 99.188678 25.437687 64.905752 155048678720.000000
-0.427002 0.131836 -0.790039 98.273653 27.572744 64.966754 155048681645.000000
-0.415771 0.114990 -0.785156 97.907644 29.524797 65.149759 155048684561.000000
-0.420166 0.116699 -0.787842 97.053620 31.720856 66.003782 155048687476.000000
-0.409424 0.089355 -0.798340 96.687611 33.733911 66.552797 155048690400.000000
-0.396729 0.072021 -0.786621 96.199597 36.234978 67.162813 155048693327.000000
-0.391846 0.062256 -0.798584 96.199597 37.821021 67.406820 155048696243.000000
-0.387207 0.044922 -0.798340 96.138596 39.834076 67.589825 155048699159.000000
-0.382080 0.031738 -0.804443 96.565607 41.664125 67.772830 155048702091.000000
-0.366455 0.015625 -0.806885 97.175624 43.555176 67.894833 155048705005.000000
-0.359375 0.000732 -0.809082 97.907644 44.653206 67.650827 155048707924.000000
-0.356201 -0.014404 -0.812012 99.005673 46.117245 67.528823 155048710841.000000
-0.349854 -0.010742 -0.815430 100.164704 46.788263 67.528823 155048713757.000000
-0.344727 -0.016357 -0.822510 100.896724 47.093272 67.406820 155048716673.000000
-0.343018 -0.020020 -0.836914 102.238760 47.825291 67.345818 155048719589.000000
-0.349121 -0.021729 -0.840820 102.970780 47.703288 67.650827 155048722504.000000
-0.349609 -0.021729 -0.850098 104.129812 48.191301 68.138840 155048725422.000000
-0.354492 -0.013916 -0.855469 105.776856 47.825291 68.870860 155048728336.000000
-0.363525 -0.008057 -0.855957 107.606905 48.313304 69.846886 155048731257.000000
-0.382813 0.006836 -0.862061 108.826938 48.557311 71.249924 155048734177.000000
-0.383789 0.009277 -0.856689 110.717989 49.106326 72.103947 155048737096.000000
-0.390381 0.014160 -0.861084 112.304032 50.143354 73.201976 155048741131.000000
-0.387207 0.025146 -0.843994 114.805100 51.058379 73.628988 155048744079.000000
-0.376709 0.025635 -0.843262 115.842128 51.119380 72.957970 155048747040.000000
-0.370361 0.031738 -0.830078 117.184164 50.753370 71.859940 155048749985.000000
-0.361084 0.031006 -0.822021 118.404197 50.570365 70.822912 155048752905.000000
-0.352539 0.028809 -0.808350 119.136217 49.655341 69.419874 155048755822.000000
-0.341553 0.026611 -0.808838 120.173245 48.374306 67.833832 155048758741.000000
-0.335938 0.022217 -0.815674 120.722260 47.825291 66.247789 155048761661.000000
-0.334473 0.010010 -0.811279 121.393278 46.605258 64.783749 155048764589.000000
-0.331299 -0.004150 -0.804199 121.942292 45.568230 63.624718 155048767507.000000
-0.326172 -0.022461 -0.791504 122.674312 44.653206 62.709693 155048770430.000000
-0.329102 -0.039063 -0.793701 123.589337 43.128164 62.038675 155048773350.000000
-0.313965 -0.075684 -0.779785 124.138352 41.969133 60.635637 155048776266.000000
-0.309570 -0.093750 -0.773438 125.175380 40.383090 59.537608 155048779183.000000
-0.297607 -0.124023 -0.766846 126.090404 39.468066 58.317575 155048782124.000000
-0.309082 -0.135742 -0.771729 127.127432 38.248033 57.646556 155048785043.000000
-0.305176 -0.150635 -0.759766 127.981455 36.783993 56.975538 155048787960.000000
-0.298340 -0.170166 -0.761475 129.201488 35.624962 56.182517 155048790883.000000
-0.292969 -0.177490 -0.768799 130.238516 34.709937 55.755505 155048793803.000000
-0.287842 -0.176758 -0.785156 131.214543 33.794912 55.816507 155048796720.000000
-0.281982 -0.181641 -0.795410 132.129567 33.733911 54.901482 155048799635.000000
-0.271484 -0.185059 -0.807129 132.678582 33.794912 55.084487 155048802595.000000
-0.271484 -0.170898 -0.809326 133.898615 33.672909 55.267492 155048805512.000000
-0.272217 -0.167725 -0.820801 134.935643 33.733911 55.511499 155048808427.000000
-0.272217 -0.146240 -0.819092 135.911670 33.245898 56.731532 155048811345.000000
-0.272949 -0.139893 -0.834961 136.643689 33.855914 57.036540 155048814260.000000
-0.291260 -0.117432 -0.840820 137.802721 33.184896 58.134570 155048817174.000000
-0.297607 -0.113037 -0.831787 139.327762 33.611908 58.805588 155048820093.000000
-0.288330 -0.108398 -0.826904 141.462819 33.611908 59.171598 155048823008.000000
-0.290039 -0.115479 -0.820313 143.353871 33.733911 58.988593 155048825926.000000
-0.284912 -0.117920 -0.820313 145.366925 33.489904 58.256573 155048828844.000000
-0.283691 -0.138916 -0.806641 147.379979 33.855914 57.402550 155048831767.000000
-0.287842 -0.143799 -0.801270 149.942048 33.062893 55.938510 155048834695.000000
-0.278320 -0.163086 -0.792480 151.772098 32.025865 54.352468 155048837612.000000
-0.281738 -0.190674 -0.783936 153.358141 30.988837 52.278412 155048840531.000000
-0.279297 -0.212646 -0.772461 155.493198 29.280791 51.180382 155048843448.000000
-0.293457 -0.226563 -0.769043 156.469225 27.633746 48.740316 155048846365.000000
-0.284912 -0.260498 -0.767090 157.567254 25.803697 47.276276 155048849313.000000
-0.284668 -0.289551 -0.770020 158.909291 23.607637 45.812237 155048852242.000000
-0.305664 -0.302734 -0.751465 159.946319 21.777588 44.653206 155048855158.000000
-0.318604 -0.327637 -0.751709 161.593363 19.459525 43.921186 155048858076.000000
-0.304688 -0.349121 -0.749512 163.301409 17.873483 42.762155 155048860999.000000
-0.312012 -0.376953 -0.745117 165.314463 16.836455 42.579150 155048863918.000000
-0.300537 -0.404297 -0.728027 167.815531 16.226438 42.213140 155048866835.000000
-0.296387 -0.414551 -0.720947 170.377600 15.494418 41.298115 155048869755.000000
-0.274658 -0.435303 -0.709229 173.366681 14.945404 40.505094 155048872671.000000
-0.258545 -0.447754 -0.713379 175.684743 14.274385 39.407064 155048875587.000000
-0.238281 -0.450195 -0.705078 177.758799 13.847374 37.943024 155048878503.000000
-0.227783 -0.445557 -0.708740 179.527847 13.969377 36.356982 155048881428.000000
-0.220215 -0.432129 -0.718750 181.174892 13.664369 35.502959 155048884344.000000
-0.207031 -0.404053 -0.709961 182.455926 14.091380 34.404929 155048887260.000000
-0.195557 -0.388672 -0.722656 183.553956 14.091380 33.306899 155048890182.000000
-0.191406 -0.382080 -0.733643 183.614958 14.030379 31.659855 155048893101.000000
-0.208496 -0.377686 -0.745850 183.065943 14.030379 30.256817 155048896021.000000
-0.180664 -0.381348 -0.770264 181.906911 13.969377 28.487769 155048898936.000000
-0.200684 -0.386475 -0.764160 181.418898 13.359361 27.633746 155048901855.000000
-0.205566 -0.394775 -0.760986 181.052888 12.749344 26.230708 155048904771.000000
-0.221924 -0.422363 -0.760742 180.930885 12.078326 25.742695 155048907687.000000
-0.254639 -0.443359 -0.763672 181.296895 11.102300 24.583664 155048910604.000000
-0.256348 -0.454590 -0.764893 182.211920 9.272250 23.119624 155048913520.000000
-0.269775 -0.477783 -0.756348 183.492954 6.832184 21.960593 155048916436.000000
-0.309082 -0.498535 -0.757813 185.078997 4.270115 21.228573 155048919353.000000
-0.324463 -0.523682 -0.766602 187.153053 0.732020 20.435552 155048922270.000000
-0.335938 -0.535889 -0.766357 189.532117 -3.660099 19.459525 155048925186.000000
-0.360840 -0.549561 -0.765625 191.667175 -8.418227 18.178491 155048928102.000000
-0.399170 -0.573975 -0.775635 194.656256 -13.725371 17.812481 155048931019.000000
-0.406250 -0.590576 -0.787354 196.913317 -19.398524 16.043433 155048933949.000000
-0.408447 -0.611816 -0.788330 200.085402 -25.254682 14.213384 155048936868.000000
-0.412354 -0.612793 -0.796143 202.830476 -31.781858 12.444336 155048939797.000000
-0.426025 -0.641602 -0.785156 205.941560 -38.004026 10.126273 155048942713.000000
-0.442139 -0.667969 -0.779053 209.662661 -44.836211 8.601232 155048945627.000000
-0.452393 -0.685791 -0.761719 213.261758 -50.814372 7.381199 155048948569.000000
-0.457764 -0.697754 -0.762939 216.860855 -56.426524 5.307143 155048951496.000000
-0.459717 -0.723145 -0.764648 220.398951 -61.733667 3.050082 155048954413.000000
-0.473877 -0.732178 -0.760254 224.120051 -67.711828 1.159031 155048957329.000000
-0.460938 -0.728760 -0.750244 227.353139 -73.018972 -0.854023 155048960252.000000
-0.467773 -0.725830 -0.753662 230.464223 -77.472092 -2.745074 155048963170.000000
-0.469971 -0.710205 -0.770752 233.087293 -82.779235 -5.490148 155048966099.000000
-0.430664 -0.677002 -0.766846 235.161349 -86.744342 -9.394254 155048969013.000000
-0.487305 -0.703125 -0.803223 235.466358 -90.343439 -11.468310 155048971941.000000
-0.502686 -0.759277 -0.786865 236.747392 -94.003538 -12.749344 155048974859.000000
-0.505371 -0.773438 -0.788086 238.821448 -96.992619 -14.396389 155048977775.000000
-0.500244 -0.785645 -0.775391 240.651498 -99.554688 -16.897456 155048980701.000000
-0.500244 -0.791260 -0.777832 242.237540 -102.055756 -19.337522 155048983621.000000
-0.521240 -0.802734 -0.780029 243.640578 -105.349844 -21.106570 155048986537.000000
-0.528320 -0.825195 -0.772949 245.531629 -108.826938 -23.790642 155048989453.000000
-0.532959 -0.865479 -0.778320 246.995669 -111.877021 -26.901726 155048992380.000000
-0.548096 -0.889648 -0.775635 248.947722 -115.659123 -29.280791 155048995297.000000
-0.576904 -0.893311 -0.776855 250.350759 -119.380223 -31.232843 155048998213.000000
-0.598633 -0.905762 -0.790039 251.570792 -123.040322 -32.879888 155049001130.000000
-0.617188 -0.915039 -0.787842 253.095834 -128.103459 -34.465931 155049004056.000000
-0.628174 -0.937012 -0.781250 254.620875 -132.312572 -36.600988 155049006972.000000
-0.635498 -0.953857 -0.791992 256.267919 -136.521686 -39.102056 155049009891.000000
-0.626953 -0.965088 -0.794189 257.914964 -141.096810 -41.786128 155049012808.000000
-0.631348 -0.968018 -0.799316 259.134997 -145.488928 -44.592204 155049015727.000000
-0.636230 -0.981445 -0.806396 260.782041 -149.881047 -47.642286 155049018641.000000
-0.640137 -0.976563 -0.814453 261.941072 -153.724151 -50.265357 155049021559.000000
-0.649902 -0.956299 -0.828125 262.734094 -157.689258 -52.888428 155049024474.000000
-0.639648 -0.973145 -0.840332 263.466114 -160.373330 -56.060514 155049027389.000000
-0.635254 -0.995117 -0.822021 264.686147 -163.789422 -59.537608 155049030306.000000
-0.631104 -0.997314 -0.824463 266.333191 -166.717501 -61.794668 155049033229.000000
-0.633057 -1.000732 -0.829346 267.126212 -168.974562 -64.783749 155049036144.000000
-0.635986 -1.005127 -0.838623 267.858232 -171.353627 -67.162813 155049039061.000000
-0.632568 -0.990479 -0.852051 268.102239 -173.976697 -69.846886 155049041978.000000
-0.634521 -0.995117 -0.855469 268.041237 -176.050753 -72.103947 155049044895.000000
-0.641113 -0.995361 -0.859131 268.163240 -178.063808 -74.056000 155049047811.000000
-0.643555 -1.001221 -0.859375 268.041237 -179.893857 -76.374062 155049050760.000000
-0.651367 -1.000977 -0.855957 267.675227 -181.479900 -78.814128 155049053685.000000
-0.658203 -1.007813 -0.857178 267.797231 -182.760935 -80.644177 155049056602.000000
-0.671143 -1.013916 -0.860840 267.309217 -183.797963 -82.840237 155049059518.000000
-0.678711 -1.016602 -0.855469 267.004209 -184.590984 -84.731288 155049062446.000000
-0.680420 -1.007324 -0.842529 267.004209 -184.651986 -86.378332 155049065361.000000
-0.687256 -1.001221 -0.840088 266.577198 -185.078997 -88.208382 155049068276.000000
-0.690430 -0.990723 -0.835449 264.625145 -184.224974 -93.271518 155049076014.000000
-0.688232 -0.986572 -0.843018 263.100104 -183.614958 -95.467578 155049079206.000000
-0.690430 -0.985107 -0.838867 261.636064 -182.516928 -97.297627 155049082157.000000
-0.708008 -0.968750 -0.843750 259.440005 -181.113890 -98.273653 155049085091.000000
-0.706787 -0.956299 -0.843262 256.816934 -179.283841 -99.432685 155049088099.000000
-0.692871 -0.947021 -0.856689 253.827853 -177.209785 -100.652718 155049091173.000000
-0.687500 -0.928467 -0.867920 250.167755 -175.318734 -101.323736 155049094124.000000
-0.678711 -0.914551 -0.866211 247.239675 -172.878668 -102.543769 155049097052.000000
-0.670654 -0.905762 -0.857422 243.884585 -171.048618 -103.641798 155049099967.000000
-0.678467 -0.895020 -0.873535 240.468493 -169.218569 -104.434820 155049102885.000000
-0.655518 -0.886475 -0.879883 236.930397 -167.083511 -105.837858 155049105794.000000
-0.659424 -0.879883 -0.878662 232.904288 -165.131459 -106.081864 155049108704.000000
-0.658691 -0.872314 -0.885986 228.878180 -162.569389 -106.752882 155049111635.000000
-0.642822 -0.860840 -0.895020 224.791069 -160.312328 -107.179894 155049114552.000000
-0.673584 -0.836914 -0.894287 220.032941 -157.384249 -106.935887 155049117481.000000
-0.654297 -0.831299 -0.912598 215.091807 -155.188190 -106.569877 155049120396.000000
-0.644775 -0.813721 -0.911621 210.272677 -154.151162 -106.386872 155049123310.000000
-0.624756 -0.817871 -0.911621 204.904532 -153.114134 -106.386872 155049126229.000000
-0.632324 -0.808838 -0.907715 199.353383 -153.907155 -106.447874 155049129138.000000
-0.642090 -0.815430 -0.903076 193.985238 -154.273165 -105.898859 155049132048.000000
-0.655029 -0.813965 -0.915039 188.495089 -155.371195 -105.288843 155049134967.000000
-0.650146 -0.811768 -0.913086 183.065943 -155.859208 -104.983835 155049137881.000000
-0.695068 -0.804932 -0.919434 178.185811 -156.042213 -103.397792 155049140794.000000
-0.711426 -0.805176 -0.902832 173.183676 -156.591228 -101.994754 155049143720.000000
-0.705811 -0.793701 -0.892090 168.364546 -157.933264 -100.347709 155049146631.000000
-0.698975 -0.796631 -0.876221 163.911426 -159.336302 -99.249680 155049149633.000000
-0.717529 -0.798096 -0.857666 158.848289 -161.959373 -98.029647 155049152588.000000
-0.739502 -0.808594 -0.850830 153.480144 -165.314463 -96.260599 155049155502.000000
-0.743896 -0.821045 -0.843018 147.745989 -169.889587 -95.833588 155049158414.000000
-0.755615 -0.820557 -0.845459 141.462819 -174.098701 -94.613555 155049161336.000000
-0.764893 -0.833984 -0.848389 134.813640 -178.002806 -93.698530 155049164265.000000
-0.777832 -0.830322 -0.860840 128.652474 -180.320869 -92.356494 155049167185.000000
-0.780029 -0.822998 -0.858398 122.125297 -181.601903 -91.624474 155049170108.000000
-0.762939 -0.826172 -0.859131 115.842128 -181.662905 -91.258464 155049173029.000000
-0.757324 -0.801025 -0.854980 109.314952 -181.235893 -91.807479 155049175961.000000
-0.743164 -0.797852 -0.843750 102.116757 -180.869883 -92.112487 155049178878.000000
-0.708984 -0.779541 -0.835938 94.796560 -179.954859 -92.783505 155049181800.000000
-0.709717 -0.758057 -0.829102 87.659367 -179.344842 -92.722504 155049184727.000000
-0.692383 -0.731934 -0.808838 79.180138 -178.795827 -92.051485 155049187657.000000
-0.683105 -0.710449 -0.791992 71.676935 -177.453791 -91.502471 155049190580.000000
-0.673096 -0.683594 -0.799561 63.746721 -175.806747 -90.282438 155049193505.000000
-0.659180 -0.659180 -0.812012 55.877509 -173.183676 -89.123406 155049196434.000000
-0.651855 -0.624268 -0.839844 48.374306 -169.767584 -87.659367 155049199354.000000
-0.615967 -0.611328 -0.841797 40.688099 -166.290490 -86.988349 155049202274.000000
-0.600098 -0.599365 -0.826416 34.709937 -164.521442 -86.256329 155049205194.000000
-0.573242 -0.599121 -0.772461 29.707802 -164.826450 -86.012322 155049208120.000000
-0.566406 -0.612061 -0.711914 26.535716 -168.059538 -86.439334 155049211040.000000
-0.586426 -0.617676 -0.669678 24.278656 -171.963643 -86.378332 155049213977.000000
-0.598877 -0.623047 -0.650879 21.899591 -176.477765 -86.500336 155049216903.000000
-0.610107 -0.613281 -0.635742 20.435552 -180.625877 -86.012322 155049219825.000000
-0.628174 -0.597412 -0.614746 18.544501 -184.651986 -84.792289 155049222752.000000
-0.626221 -0.589844 -0.599121 15.677423 -189.410114 -84.792289 155049225668.000000
-0.604004 -0.594727 -0.540283 12.810346 -193.985238 -85.097298 155049228587.000000
-0.585449 -0.601563 -0.484131 9.150247 -199.231379 -86.195327 155049231515.000000
-0.567627 -0.603027 -0.435547 4.819130 -203.745501 -87.171354 155049234457.000000
-0.547119 -0.620117 -0.404297 -0.427012 -207.222595 -89.550418 155049237376.000000
-0.521729 -0.640137 -0.368652 -5.734155 -208.564631 -90.099433 155049240300.000000
-0.519775 -0.624268 -0.364258 -11.224303 -207.771610 -89.794424 155049243231.000000
-0.506592 -0.637207 -0.355713 -16.714451 -205.270542 -88.818398 155049246159.000000
-0.490479 -0.652100 -0.350342 -22.265601 -200.817422 -86.012322 155049249210.000000
-0.477051 -0.679932 -0.353760 -28.365766 -193.741231 -83.206247 155049252336.000000
-0.463135 -0.704590 -0.363525 -33.550906 -184.773989 -79.668151 155049255374.000000
-0.455322 -0.737793 -0.382080 -38.919051 -173.854694 -74.788019 155049258348.000000
-0.436279 -0.784180 -0.378174 -44.226194 -162.752394 -70.395901 155049261272.000000
-0.439453 -0.824707 -0.386230 -48.496309 -152.199109 -65.759776 155049264194.000000
-0.452637 -0.881348 -0.371094 -53.193436 -141.767828 -60.330629 155049267123.000000
-0.476563 -0.937988 -0.360107 -57.280547 -132.556579 -54.230464 155049270056.000000
-0.500732 -0.995361 -0.327637 -60.757640 -125.053376 -48.374306 155049272973.000000
-0.487305 -1.024902 -0.332031 -64.051729 -117.611176 -42.579150 155049275891.000000
-0.518311 -1.073242 -0.314453 -67.162813 -111.511011 -37.333008 155049278808.000000
-0.519287 -1.114502 -0.331543 -69.785884 -106.264869 -33.184896 155049281726.000000
-0.515869 -1.143555 -0.340088 -73.140975 -101.506741 -29.524797 155049284653.000000
-0.502930 -1.164063 -0.346436 -75.764046 -98.517660 -27.816751 155049287570.000000
-0.487061 -1.176025 -0.328613 -78.326115 -97.907644 -26.779723 155049290504.000000
-0.452393 -1.197266 -0.324951 -80.522174 -99.249680 -26.962728 155049293429.000000
-0.442383 -1.190186 -0.264404 -81.925212 -103.214787 -27.511743 155049296346.000000
-0.427979 -1.194580 -0.215332 -82.718233 -110.168975 -29.036784 155049299263.000000
-0.404297 -1.195557 -0.158691 -83.572256 -119.197218 -31.415848 155049302185.000000
-0.372559 -1.192383 -0.126709 -84.121271 -128.652474 -34.709937 155049305112.000000
-0.352539 -1.169189 -0.097656 -84.609284 -139.266760 -38.614043 155049308033.000000
-0.322998 -1.140137 -0.062744 -85.036296 -150.125053 -42.335143 155049310952.000000
-0.300049 -1.124756 -0.056152 -85.402306 -160.556335 -46.117245 155049313868.000000
-0.271240 -1.099854 -0.037598 -86.073324 -171.109620 -50.082352 155049316789.000000
-0.236084 -1.076660 -0.018311 -86.561337 -181.967913 -53.437443 155049319749.000000
-0.200195 -1.069336 0.015625 -86.561337 -192.704203 -56.487525 155049322666.000000
-0.155762 -1.070313 0.052490 -85.951321 -203.562496 -59.964619 155049325583.000000
-0.135498 -1.075439 0.085449 -84.731288 -213.078753 -62.282682 155049328499.000000
-0.127930 -1.074463 0.113770 -83.267248 -221.923992 -63.014701 155049331421.000000
-0.110107 -1.071289 0.104736 -82.169219 -227.719148 -63.746721 155049334338.000000
-0.125732 -1.065186 0.101318 -81.437199 -230.525224 -62.892698 155049337253.000000
-0.045410 -1.094727 0.042236 -82.352224 -230.952236 -63.380711 155049340171.000000
0.008301 -1.125244 0.087158 -82.779235 -231.562252 -64.173733 155049343088.000000
0.073242 -1.165527 0.100098 -83.389252 -230.037211 -65.271762 155049346004.000000
0.094238 -1.180664 0.102539 -84.365278 -226.743122 -66.369792 155049348920.000000
0.127197 -1.198730 0.111816 -84.914293 -221.252974 -67.040810 155049351851.000000
0.141602 -1.210938 0.145996 -84.487281 -215.518819 -66.003782 155049354768.000000
0.147705 -1.211426 0.175781 -83.389252 -207.893613 -64.295736 155049357686.000000
0.157471 -1.220215 0.197510 -81.986214 -199.231379 -61.733667 155049360609.000000
0.157715 -1.224121 0.226563 -79.912158 -190.020131 -58.805588 155049363529.000000
0.166016 -1.221924 0.235596 -77.960105 -178.673824 -56.121515 155049366452.000000
0.170654 -1.223389 0.243652 -75.337034 -166.473495 -53.254438 155049369368.000000
0.181885 -1.210205 0.261475 -72.469957 -152.870127 -50.448362 155049372295.000000
0.195313 -1.209229 0.274902 -69.236869 -139.449765 -48.618313 155049375211.000000
0.199951 -1.197266 0.297119 -65.576771 -125.663393 -47.276276 155049378128.000000
0.196289 -1.189453 0.336914 -61.550662 -111.450009 -46.239248 155049381052.000000
0.193848 -1.183838 0.378662 -57.219545 -98.944672 -45.629232 155049383984.000000
0.191406 -1.192627 0.398193 -52.034405 -85.646312 -45.690234 155049386905.000000
0.178955 -1.197510 0.421631 -47.154273 -72.957970 -45.812237 155049389826.000000
0.175049 -1.205078 0.439453 -43.128164 -61.123650 -46.178247 155049392741.000000
0.180420 -1.212402 0.442383 -39.224059 -50.082352 -47.154273 155049395657.000000
0.202637 -1.212646 0.432129 -36.173977 -38.675044 -49.045324 155049398582.000000
0.214111 -1.209229 0.435547 -33.794912 -28.731776 -50.265357 155049401501.000000
0.206055 -1.194336 0.428955 -31.537852 -18.666504 -52.156408 155049404418.000000
0.188721 -1.184082 0.446533 -29.219789 -9.028244 -53.010431 155049407334.000000
0.155762 -1.170898 0.467041 -26.474715 0.183005 -53.376441 155049410259.000000
0.111084 -1.155762 0.475586 -23.668639 9.089245 -52.888428 155049413182.000000
0.063965 -1.137207 0.479492 -20.984567 18.788507 -51.851400 155049416099.000000
0.001953 -1.084229 0.481445 -18.300494 27.572744 -48.618313 155049419014.000000
-0.013672 -1.094727 0.483398 -16.104435 37.089001 -46.788263 155049421948.000000
-0.062988 -1.096680 0.480713 -14.274385 46.422253 -44.409199 155049424864.000000
-0.123779 -1.073730 0.474609 -11.407308 55.450497 -40.810102 155049427781.000000
-0.184570 -1.040039 0.469971 -8.662234 63.319710 -36.600988 155049430706.000000
-0.245117 -1.013428 0.452148 -6.588178 70.761911 -32.940889 155049433623.000000
-0.272705 -1.000244 0.433105 -5.002135 76.862075 -29.707802 155049436541.000000
-0.300537 -0.996338 0.417236 -3.782102 83.328250 -26.962728 155049439457.000000
-0.338379 -0.989014 0.401367 -1.952053 87.171354 -24.278656 155049442374.000000
-0.371094 -0.984619 0.380127 -1.037028 90.465443 -21.960593 155049445290.000000
-0.392578 -0.984131 0.345459 0.000000 92.600500 -20.252547 155049448216.000000
-0.402100 -0.997070 0.314697 0.183005 93.515525 -18.727506 155049451143.000000
-0.413086 -1.008057 0.290039 0.488013 93.515525 -17.629476 155049454073.000000
-0.429932 -1.016602 0.272949 1.037028 92.600500 -16.592448 155049456990.000000
-0.427002 -1.026611 0.265381 2.013054 89.977429 -16.287440 155049459914.000000
-0.439697 -1.038086 0.237305 3.111084 87.110352 -15.006405 155049462834.000000
-0.439209 -1.049072 0.209473 4.331117 83.267248 -14.945404 155049465749.000000
-0.442139 -1.053955 0.191650 5.795156 78.753126 -14.457390 155049468668.000000
-0.435547 -1.052246 0.177246 6.954188 73.384981 -13.908376 155049471588.000000
-0.434082 -1.046387 0.149902 8.540231 67.528823 -13.542366 155049474503.000000
-0.433105 -1.034424 0.124268 9.272250 60.635637 -12.932349 155049477421.000000
-0.420898 -1.021484 0.099609 9.821265 53.376441 -12.810346 155049480356.000000
-0.413574 -1.009521 0.085449 10.858293 45.751235 -11.834320 155049483283.000000
-0.403809 -1.001953 0.063721 11.407308 37.760020 -11.773318 155049486201.000000
-0.382324 -0.999023 0.038086 11.407308 29.524797 -11.224303 155049489117.000000
-0.368408 -0.991455 0.000977 11.102300 21.472580 -11.285305 155049492045.000000
-0.359375 -0.987305 -0.022217 10.126273 14.091380 -11.529311 155049494961.000000
-0.339600 -0.977539 -0.056396 8.784237 6.405173 -11.712316 155049497878.000000
-0.320801 -0.977539 -0.092041 7.015189 -0.732020 -12.200329 155049500807.000000
-0.313477 -0.962891 -0.132324 4.880132 -7.808211 -11.956323 155049503724.000000
