0.049072 -0.956543 -0.234863 -0.671018 0.183005 0.976026 200056129298.000000
0.049805 -0.954346 -0.232910 -0.671018 -0.305008 0.915025 200056132215.000000
0.049316 -0.949463 -0.231689 -0.854023 0.122003 0.732020 200056135131.000000
0.050537 -0.951660 -0.238037 -0.671018 -0.061002 0.854023 200056138053.000000
0.050049 -0.951172 -0.232910 -0.732020 -0.244007 0.915025 200056140967.000000
0.046143 -0.951660 -0.229736 -0.610016 0.244007 0.732020 200056143875.000000
0.047607 -0.953125 -0.229004 -0.549015 -0.122003 0.915025 200056146783.000000
0.051025 -0.954346 -0.233154 -0.610016 -0.061002 0.793021 200056149703.000000
0.051758 -0.955811 -0.236084 -0.549015 0.183005 0.549015 200056152619.000000
0.051514 -0.954590 -0.230713 -0.366010 0.427012 0.793021 200056155534.000000
0.043457 -0.955566 -0.236572 -0.732020 0.305008 0.610016 200056158458.000000
0.044189 -0.956055 -0.236572 -0.427012 0.854023 0.793021 200056161376.000000
0.046387 -0.954590 -0.226318 -0.549015 0.183005 0.915025 200056164291.000000
0.041016 -0.951660 -0.230957 -0.549015 0.549015 0.854023 200056167205.000000
0.040771 -0.950684 -0.228271 -0.610016 0.122003 0.610016 200056170120.000000
0.042969 -0.950928 -0.231934 -0.305008 0.122003 1.037028 200056173044.000000
0.040771 -0.957520 -0.232422 -0.610016 0.244007 0.915025 200056175959.000000
0.045410 -0.954346 -0.224365 -0.427012 0.000000 0.793021 200056178885.000000
0.043457 -0.953857 -0.218994 -0.122003 0.000000 0.915025 200056181802.000000
0.043945 -0.955566 -0.224854 -0.427012 -0.122003 0.732020 200056184716.000000
0.045654 -0.954834 -0.230469 -0.549015 -0.122003 0.732020 200056187653.000000
0.041992 -0.957275 -0.223145 -0.488013 0.061002 0.610016 200056190572.000000
0.045410 -0.956543 -0.232178 -0.671018 -0.427012 0.549015 200056193486.000000
0.046631 -0.954346 -0.224609 -0.671018 -0.183005 0.732020 200056196402.000000
0.045898 -0.955811 -0.235596 -0.366010 -0.122003 0.549015 200056199328.000000
0.045898 -0.958008 -0.228027 -0.488013 -0.183005 0.732020 200056202254.000000
0.046631 -0.956543 -0.228027 -0.793021 -0.305008 0.732020 200056205188.000000
0.043701 -0.956299 -0.228027 -0.366010 -0.244007 0.732020 200056208111.000000
0.043701 -0.955322 -0.229736 -0.366010 -0.183005 0.549015 200056211037.000000
0.051270 -0.957764 -0.227051 -0.488013 -0.427012 0.549015 200056213959.000000
0.046631 -0.956787 -0.222412 -0.305008 -0.061002 0.488013 200056216882.000000
0.049805 -0.956543 -0.220215 -0.732020 -0.183005 0.610016 200056219805.000000
0.049805 -0.956543 -0.224609 -0.610016 -0.122003 0.610016 200056222719.000000
0.048584 -0.955811 -0.228271 -0.488013 -0.549015 0.366010 200056225627.000000
0.048584 -0.953857 -0.227783 -0.793021 -0.305008 0.610016 200056228543.000000
0.051758 -0.953369 -0.224609 -0.854023 -0.183005 0.244007 200056231461.000000
0.048340 -0.953613 -0.228760 -0.976026 -0.183005 0.488013 200056234386.000000
0.050293 -0.952637 -0.235596 -1.037028 -0.061002 0.549015 200056237302.000000
0.047607 -0.953613 -0.234863 -0.976026 0.122003 0.488013 200056240248.000000
0.050049 -0.954346 -0.232422 -1.342036 0.488013 0.427012 200056243158.000000
0.055664 -0.956055 -0.240479 -0.976026 0.183005 0.366010 200056246066.000000
0.052002 -0.952393 -0.228027 -1.098030 0.610016 0.488013 200056248981.000000
0.049316 -0.956787 -0.237061 -0.976026 0.732020 0.366010 200056251900.000000
0.049561 -0.953613 -0.237305 -1.037028 0.671018 0.427012 200056254815.000000
0.049805 -0.950928 -0.231445 -1.098030 0.671018 0.427012 200056257739.000000
0.051270 -0.951660 -0.238525 -1.342036 1.037028 0.549015 200056260658.000000
0.051025 -0.951904 -0.237549 -1.037028 0.732020 0.488013 200056263575.000000
0.052490 -0.950928 -0.237549 -1.220033 1.281035 0.549015 200056266492.000000
0.053467 -0.953369 -0.232422 -1.159031 0.976026 0.488013 200056269418.000000
0.052002 -0.956055 -0.241699 -1.098030 0.915025 0.488013 200056272333.000000
0.054932 -0.955322 -0.238525 -1.037028 1.037028 0.366010 200056275248.000000
0.053467 -0.950439 -0.239746 -1.098030 1.281035 0.244007 200056278171.000000
0.052979 -0.954590 -0.235596 -1.098030 1.220033 0.305008 200056281088.000000
0.055908 -0.952393 -0.237793 -1.159031 1.159031 0.305008 200056284006.000000
0.055908 -0.951660 -0.235840 -1.098030 1.464040 0.244007 200056286922.000000
0.053223 -0.951660 -0.236084 -0.915025 1.342036 0.427012 200056289847.000000
0.051270 -0.953125 -0.236328 -0.976026 1.403038 0.366010 200056292763.000000
0.053955 -0.952637 -0.234619 -0.915025 1.098030 0.366010 200056295677.000000
0.050537 -0.948242 -0.230469 -0.793021 1.159031 0.427012 200056298594.000000
0.052979 -0.952148 -0.232666 -0.549015 1.586043 0.549015 200056301509.000000
0.053223 -0.951660 -0.239258 -0.793021 1.220033 0.549015 200056304423.000000
0.052246 -0.952393 -0.234619 -0.549015 1.342036 0.671018 200056307351.000000
0.052002 -0.954834 -0.232910 -0.366010 1.464040 0.854023 200056310298.000000
0.045654 -0.949707 -0.235596 -0.732020 1.586043 0.549015 200056313221.000000
0.050537 -0.950928 -0.238281 -0.549015 1.586043 0.854023 200056316149.000000
0.055420 -0.954102 -0.232178 -0.549015 1.708046 0.549015 200056319071.000000
0.051514 -0.950195 -0.229736 -0.732020 1.952053 0.854023 200056321977.000000
0.054443 -0.950928 -0.234131 -0.488013 1.952053 0.610016 200056324884.000000
0.051514 -0.955322 -0.229248 -0.366010 2.013054 0.793021 200056327797.000000
0.052979 -0.953125 -0.233643 -0.549015 2.074056 0.854023 200056330716.000000
0.048584 -0.953613 -0.228027 -0.305008 2.074056 1.037028 200056333632.000000
0.050537 -0.958496 -0.223389 -0.488013 2.318063 0.976026 200056336546.000000
0.053467 -0.958008 -0.225342 -0.488013 2.318063 1.037028 200056339461.000000
0.048340 -0.956543 -0.234375 -0.549015 2.318063 1.220033 200056342370.000000
0.046875 -0.957764 -0.233643 -0.244007 2.562069 1.098030 200056345277.000000
0.047363 -0.960449 -0.227783 -0.488013 2.440066 1.037028 200056348192.000000
0.049805 -0.956299 -0.232666 -0.183005 2.623071 1.281035 200056351109.000000
0.048584 -0.955566 -0.228516 -0.244007 3.050082 0.793021 200056354025.000000
0.052490 -0.956055 -0.232178 -0.244007 2.684072 1.098030 200056356940.000000
0.047607 -0.954834 -0.229004 -0.244007 2.745074 1.220033 200056359866.000000
0.049072 -0.951172 -0.234131 -0.244007 2.806076 1.281035 200056362781.000000
0.052490 -0.949951 -0.227539 -0.366010 2.684072 1.525041 200056365696.000000
0.052002 -0.954102 -0.233643 -0.305008 3.111084 1.281035 200056368617.000000
0.054199 -0.949707 -0.231689 -0.366010 2.928079 1.159031 200056371536.000000
0.049316 -0.950684 -0.226563 -0.427012 2.867077 1.159031 200056374451.000000
0.050537 -0.950195 -0.225342 -0.366010 3.294089 1.098030 200056377374.000000
0.048096 -0.953613 -0.227783 -0.427012 3.111084 1.281035 200056380293.000000
0.047363 -0.948975 -0.233154 -0.305008 3.050082 1.464040 200056383215.000000
0.047852 -0.952881 -0.232910 -0.488013 3.172086 1.098030 200056386133.000000
0.046143 -0.956787 -0.229492 -0.366010 3.233087 1.342036 200056389074.000000
0.044922 -0.951660 -0.229736 -0.427012 3.233087 1.037028 200056391990.000000
0.050781 -0.958740 -0.220703 -0.305008 2.989081 1.464040 200056394906.000000
0.045898 -0.956299 -0.225830 -0.488013 3.172086 1.159031 200056397830.000000
0.044922 -0.956299 -0.230713 -0.427012 3.233087 1.098030 200056400748.000000
0.045898 -0.956787 -0.235596 -0.305008 3.111084 1.220033 200056403674.000000
0.050781 -0.960693 -0.223877 -0.732020 2.806076 1.159031 200056406590.000000
0.053223 -0.959961 -0.232422 -0.671018 3.111084 0.915025 200056409510.000000
0.061279 -0.964111 -0.237549 -0.366010 2.684072 0.549015 200056412437.000000
0.060791 -0.961670 -0.227051 -1.037028 2.684072 0.854023 200056415359.000000
0.067139 -0.954102 -0.257324 -1.525041 3.355091 0.549015 200056418285.000000
0.074707 -0.956543 -0.230469 -1.098030 2.440066 0.305008 200056421207.000000
0.062744 -0.956543 -0.212402 -0.488013 2.257061 0.732020 200056424123.000000
0.054932 -0.960938 -0.207275 0.122003 2.196059 0.793021 200056427031.000000
0.047852 -0.964111 -0.217529 -0.244007 2.562069 1.159031 200056429947.000000
0.046875 -0.962891 -0.220215 -0.122003 2.501068 1.281035 200056432864.000000
0.065674 -0.967773 -0.225098 -0.061002 2.806076 1.159031 200056435791.000000
0.070068 -0.964844 -0.216553 -0.305008 2.806076 0.732020 200056438709.000000
0.071289 -0.962646 -0.227783 -0.427012 3.355091 0.549015 200056441615.000000
0.070801 -0.956543 -0.231201 -0.732020 3.599097 0.488013 200056444524.000000
0.071777 -0.950684 -0.241211 -1.098030 3.599097 0.610016 200056447436.000000
0.069824 -0.952881 -0.230469 -0.732020 3.233087 0.488013 200056450355.000000
0.062256 -0.947754 -0.207275 -0.549015 2.806076 0.854023 200056453283.000000
0.053955 -0.947510 -0.217773 -0.549015 2.623071 1.159031 200056456198.000000
0.043945 -0.951904 -0.230957 -0.793021 2.623071 1.830049 200056459123.000000
0.050781 -0.948975 -0.226563 -0.549015 3.050082 1.708046 200056462039.000000
0.059326 -0.948242 -0.239014 -1.098030 2.867077 1.586043 200056464957.000000
0.062744 -0.946289 -0.236816 -1.098030 2.867077 1.586043 200056467882.000000
0.059082 -0.940186 -0.236816 -1.159031 3.233087 1.037028 200056470801.000000
0.059082 -0.939941 -0.242188 -1.464040 2.501068 0.976026 200056473716.000000
0.056641 -0.939941 -0.225830 -1.281035 2.623071 1.098030 200056476632.000000
0.050293 -0.942627 -0.227783 -1.342036 2.562069 1.281035 200056479558.000000
0.051025 -0.946045 -0.233643 -1.464040 2.318063 1.708046 200056482475.000000
0.045166 -0.948486 -0.230225 -1.281035 2.074056 1.952053 200056485391.000000
0.048828 -0.949219 -0.227051 -1.464040 2.135058 1.830049 200056488308.000000
0.057861 -0.952637 -0.235840 -1.220033 2.379064 1.830049 200056491225.000000
0.057617 -0.955078 -0.234863 -1.464040 1.891051 1.586043 200056494140.000000
0.057373 -0.956787 -0.223877 -1.159031 1.830049 1.464040 200056497052.000000
0.060791 -0.957764 -0.232666 -1.159031 1.952053 1.708046 200056499970.000000
0.057861 -0.957275 -0.232178 -1.342036 1.830049 1.586043 200056502887.000000
0.056396 -0.957520 -0.236084 -1.159031 1.525041 1.647044 200056505802.000000
0.062256 -0.962646 -0.229248 -1.098030 1.464040 1.647044 200056508793.000000
0.065430 -0.963623 -0.229980 -1.098030 1.464040 1.525041 200056511716.000000
0.060059 -0.961914 -0.227051 -1.098030 1.342036 1.769048 200056514640.000000
0.063232 -0.963135 -0.214844 -0.671018 1.159031 1.403038 200056517556.000000
0.062500 -0.964600 -0.211914 -0.854023 0.793021 1.891051 200056520471.000000
0.063477 -0.964111 -0.224121 -0.976026 0.915025 1.220033 200056523387.000000
0.057617 -0.959717 -0.228516 -0.915025 0.732020 1.830049 200056526302.000000
0.065674 -0.956299 -0.217773 -0.854023 0.854023 1.525041 200056529215.000000
0.063232 -0.956787 -0.229004 -1.098030 0.976026 1.342036 200056532123.000000
0.066162 -0.953125 -0.223633 -1.220033 0.671018 1.159031 200056535030.000000
0.065430 -0.952637 -0.222656 -1.525041 0.305008 0.976026 200056537943.000000
0.058594 -0.956055 -0.218506 -1.281035 0.427012 0.793021 200056540860.000000
0.054443 -0.952637 -0.213135 -1.403038 0.061002 0.915025 200056543778.000000
0.048340 -0.950928 -0.217285 -1.708046 -0.244007 0.732020 200056546694.000000
0.050781 -0.960938 -0.215088 -1.647044 -0.732020 0.854023 200056549609.000000
0.042236 -0.955078 -0.213135 -1.647044 -1.037028 0.915025 200056552516.000000
0.046631 -0.956787 -0.215576 -1.647044 -1.525041 0.854023 200056555423.000000
0.040039 -0.955322 -0.220947 -1.708046 -1.769048 0.732020 200056558337.000000
0.041504 -0.948975 -0.212158 -1.830049 -2.501068 0.793021 200056561261.000000
0.043213 -0.954834 -0.217285 -1.952053 -2.806076 0.732020 200056564178.000000
0.037842 -0.952637 -0.214111 -2.013054 -3.721100 0.732020 200056567093.000000
0.041504 -0.955566 -0.208740 -1.769048 -4.392119 0.732020 200056570018.000000
0.041748 -0.958252 -0.215576 -1.891051 -5.246142 0.732020 200056572933.000000
0.042725 -0.966797 -0.209229 -1.891051 -5.490148 0.793021 200056575849.000000
0.051514 -0.966797 -0.189697 -1.708046 -6.771183 0.244007 200056578775.000000
0.056152 -0.974365 -0.197998 -1.586043 -7.137193 0.488013 200056581695.000000
0.044922 -0.970215 -0.229004 -2.013054 -6.466175 0.366010 200056584609.000000
0.042725 -0.962402 -0.235840 -1.769048 -6.344171 0.976026 200056587532.000000
0.043213 -0.952148 -0.227295 -1.830049 -6.405173 1.769048 200056590451.000000
0.045410 -0.943848 -0.229980 -2.135058 -6.832184 1.830049 200056593366.000000
0.052734 -0.937744 -0.226074 -2.318063 -6.771183 1.952053 200056596282.000000
0.059326 -0.937500 -0.220947 -2.379064 -7.259196 1.769048 200056599209.000000
0.053223 -0.940186 -0.231934 -2.257061 -7.442201 1.647044 200056602129.000000
0.047852 -0.944824 -0.231201 -2.501068 -7.442201 1.281035 200056605051.000000
0.052246 -0.947754 -0.241943 -2.623071 -7.076191 1.342036 200056607969.000000
0.052246 -0.957520 -0.240234 -3.111084 -7.381199 0.610016 200056610887.000000
0.059082 -0.961426 -0.235596 -3.294089 -7.747209 0.671018 200056613802.000000
0.064209 -0.970215 -0.241943 -3.355091 -8.052217 0.183005 200056616718.000000
0.071289 -0.978027 -0.220703 -3.050082 -8.723236 -0.061002 200056619632.000000
0.074951 -0.979004 -0.246338 -3.233087 -8.357226 -0.427012 200056622553.000000
0.066162 -0.978760 -0.260498 -3.660099 -8.784237 0.000000 200056625470.000000
0.060059 -0.974854 -0.258301 -3.599097 -8.784237 0.488013 200056628396.000000
0.052979 -0.965576 -0.257080 -3.843104 -8.662234 0.793021 200056631304.000000
0.061523 -0.962646 -0.262451 -3.965107 -9.272250 0.854023 200056634212.000000
0.062012 -0.956543 -0.255859 -3.965107 -9.272250 1.159031 200056637134.000000
0.056152 -0.949219 -0.248291 -3.721100 -9.394254 1.159031 200056640052.000000
0.059326 -0.952148 -0.245361 -3.782102 -9.821265 1.037028 200056642970.000000
0.052246 -0.947510 -0.246826 -3.477094 -9.577259 0.976026 200056645887.000000
0.054932 -0.941895 -0.259033 -3.782102 -9.577259 0.549015 200056648802.000000
0.057373 -0.942627 -0.254883 -3.599097 -9.821265 0.915025 200056651710.000000
0.052979 -0.941650 -0.241211 -3.721100 -9.821265 0.732020 200056654617.000000
0.052734 -0.944336 -0.229248 -3.416092 -10.004270 0.488013 200056657529.000000
0.043213 -0.942871 -0.244141 -2.989081 -10.431282 0.549015 200056660449.000000
0.044922 -0.944580 -0.242188 -3.538096 -9.882267 0.671018 200056663366.000000
0.049072 -0.939941 -0.242432 -3.050082 -10.126273 0.244007 200056666280.000000
0.043457 -0.942627 -0.223877 -3.050082 -10.370280 0.610016 200056669218.000000
0.038330 -0.944092 -0.228271 -2.684072 -10.309278 0.549015 200056672135.000000
0.030762 -0.945313 -0.229248 -2.684072 -10.553285 0.976026 200056675050.000000
0.033691 -0.950928 -0.241211 -2.867077 -10.065272 0.671018 200056677974.000000
0.026123 -0.947021 -0.239990 -2.867077 -10.187275 1.098030 200056680892.000000
0.033447 -0.943848 -0.239258 -3.294089 -10.004270 1.098030 200056683808.000000
0.030762 -0.947021 -0.237305 -2.989081 -10.065272 0.854023 200056686723.000000
0.032227 -0.945068 -0.225586 -2.989081 -10.492283 0.976026 200056689648.000000
0.025391 -0.951416 -0.231689 -2.745074 -9.699262 1.037028 200056692566.000000
0.023926 -0.949219 -0.230713 -2.745074 -9.760264 1.464040 200056695480.000000
0.025879 -0.949463 -0.237061 -2.806076 -9.821265 1.403038 200056698417.000000
0.024658 -0.947510 -0.235352 -2.684072 -9.333252 1.464040 200056701331.000000
0.023193 -0.948242 -0.235840 -2.806076 -9.150247 1.708046 200056704247.000000
0.021484 -0.947754 -0.240479 -2.806076 -8.662234 1.586043 200056707161.000000
0.022949 -0.948730 -0.236084 -2.867077 -8.113219 1.586043 200056710080.000000
0.025879 -0.948975 -0.245605 -3.050082 -7.442201 1.464040 200056712997.000000
0.020752 -0.954834 -0.242920 -2.928079 -7.015189 1.586043 200056715915.000000
0.018311 -0.954834 -0.244629 -2.867077 -6.832184 1.586043 200056718829.000000
0.020020 -0.956299 -0.238770 -2.867077 -6.100165 1.891051 200056721745.000000
0.022217 -0.955566 -0.245361 -3.111084 -5.673153 1.586043 200056724661.000000
0.029297 -0.958008 -0.251953 -2.623071 -5.124138 1.525041 200056727578.000000
0.038086 -0.958252 -0.236084 -2.745074 -4.697127 1.159031 200056730485.000000
0.043213 -0.957764 -0.244873 -2.562069 -4.331117 1.037028 200056733392.000000
0.041992 -0.958008 -0.239014 -2.379064 -4.392119 1.159031 200056736299.000000
0.041992 -0.959229 -0.245117 -2.135058 -3.599097 0.854023 200056739216.000000
0.044678 -0.959717 -0.241699 -2.196059 -3.172086 1.037028 200056742142.000000
0.040771 -0.957031 -0.231689 -1.891051 -2.623071 1.098030 200056745058.000000
0.040039 -0.961914 -0.238525 -2.196059 -1.769048 1.037028 200056747983.000000
0.041016 -0.964111 -0.247559 -1.952053 -1.464040 1.098030 200056750897.000000
0.041016 -0.957031 -0.243896 -2.013054 -0.427012 0.976026 200056753804.000000
0.037354 -0.961670 -0.233154 -1.830049 -0.305008 1.464040 200056756712.000000
0.040283 -0.957275 -0.237061 -1.952053 -0.122003 1.159031 200056759630.000000
0.040771 -0.955322 -0.240723 -1.708046 0.122003 1.159031 200056762551.000000
0.036621 -0.948975 -0.227295 -1.769048 0.488013 1.342036 200056765467.000000
0.034912 -0.949951 -0.232178 -1.830049 0.549015 1.220033 200056768390.000000
0.035400 -0.943359 -0.234131 -1.586043 0.671018 1.159031 200056771310.000000
0.033691 -0.946045 -0.227783 -1.647044 0.915025 1.464040 200056774225.000000
0.031738 -0.946289 -0.228516 -1.647044 1.342036 1.159031 200056777140.000000
0.034668 -0.953613 -0.229004 -1.891051 1.342036 1.281035 200056780058.000000
0.026367 -0.955322 -0.239014 -2.013054 1.403038 1.281035 200056782975.000000
0.020508 -0.955811 -0.239990 -2.135058 1.647044 0.976026 200056785893.000000
0.019775 -0.958496 -0.239502 -2.562069 1.708046 1.159031 200056788819.000000
0.021729 -0.959473 -0.219971 -2.318063 1.159031 1.159031 200056791734.000000
0.028320 -0.964844 -0.212158 -2.013054 0.976026 1.159031 200056794649.000000
0.026367 -0.961426 -0.237305 -2.440066 0.793021 0.427012 200056797571.000000
0.013184 -0.953613 -0.250000 -2.684072 0.976026 0.732020 200056800489.000000
0.004639 -0.956055 -0.239990 -2.501068 1.342036 1.037028 200056803404.000000
0.000732 -0.952148 -0.244385 -3.050082 0.976026 1.281035 200056806326.000000
0.001953 -0.953857 -0.244141 -3.050082 0.732020 1.647044 200056809252.000000
-0.003906 -0.949951 -0.248047 -3.355091 0.732020 1.525041 200056812171.000000
-0.005371 -0.949219 -0.243164 -3.477094 0.976026 1.586043 200056815087.000000
-0.001221 -0.951416 -0.239014 -3.355091 0.610016 1.464040 200056818004.000000
-0.003174 -0.954102 -0.246826 -3.111084 0.000000 1.342036 200056820921.000000
0.000488 -0.955322 -0.238770 -3.233087 -0.122003 1.342036 200056823836.000000
0.003906 -0.958496 -0.216309 -2.074056 -1.159031 0.427012 200056826752.000000
0.010010 -0.958496 -0.223877 -2.196059 -1.464040 0.061002 200056829667.000000
0.012207 -0.955322 -0.250732 -2.196059 -1.952053 -0.244007 200056832575.000000
-0.004395 -0.946045 -0.255859 -2.196059 -1.769048 0.061002 200056835483.000000
-0.012207 -0.946533 -0.252686 -2.074056 -1.708046 -0.061002 200056838396.000000
-0.015869 -0.948730 -0.254150 -2.501068 -1.098030 0.244007 200056841313.000000
-0.008789 -0.943115 -0.251709 -2.440066 -1.464040 0.183005 200056844229.000000
-0.009277 -0.946533 -0.252930 -2.440066 -1.403038 -0.061002 200056847144.000000
-0.003662 -0.953369 -0.238525 -2.440066 -1.647044 -0.244007 200056850057.000000
-0.002441 -0.954346 -0.239990 -2.074056 -2.013054 -0.915025 200056852965.000000
0.004395 -0.958984 -0.246338 -2.013054 -2.196059 -1.586043 200056855873.000000
-0.000488 -0.958984 -0.243164 -1.952053 -2.440066 -1.830049 200056858819.000000
-0.006348 -0.953369 -0.249268 -2.013054 -2.928079 -1.891051 200056861735.000000
-0.008789 -0.952393 -0.236084 -2.257061 -2.867077 -1.708046 200056864649.000000
-0.008057 -0.946777 -0.249756 -1.952053 -2.989081 -2.318063 200056867571.000000
-0.002930 -0.947510 -0.241699 -2.074056 -3.477094 -2.135058 200056870488.000000
-0.005371 -0.942383 -0.242676 -2.440066 -3.477094 -2.379064 200056873401.000000
0.000977 -0.944580 -0.247803 -2.440066 -3.355091 -2.684072 200056876324.000000
-0.001709 -0.943848 -0.243408 -2.562069 -3.965107 -3.050082 200056879250.000000
0.001953 -0.951172 -0.243652 -2.379064 -4.209114 -3.233087 200056882164.000000
-0.000732 -0.948730 -0.250488 -2.501068 -4.514122 -3.721100 200056885094.000000
0.000488 -0.952148 -0.248535 -2.379064 -4.392119 -3.782102 200056888016.000000
0.005127 -0.953125 -0.243652 -2.379064 -4.941133 -3.843104 200056890936.000000
0.003418 -0.951660 -0.240967 -2.501068 -5.185140 -4.026109 200056893851.000000
0.005615 -0.951416 -0.237061 -2.379064 -5.246142 -4.148112 200056896771.000000
0.003906 -0.950439 -0.243896 -2.257061 -5.551150 -4.270115 200056899698.000000
0.004395 -0.950928 -0.238037 -2.196059 -6.039163 -4.453120 200056902614.000000
0.004883 -0.948975 -0.238037 -2.257061 -5.856158 -4.514122 200056905528.000000
0.013916 -0.954102 -0.233643 -2.013054 -6.100165 -4.758128 200056908479.000000
0.012451 -0.950684 -0.233643 -2.196059 -6.222168 -4.636125 200056911402.000000
0.012695 -0.952637 -0.239014 -1.952053 -6.100165 -5.002135 200056914319.000000
0.010742 -0.952637 -0.235596 -2.074056 -6.039163 -4.758128 200056917248.000000
0.010010 -0.954590 -0.237793 -2.196059 -6.222168 -4.819130 200056920231.000000
0.010498 -0.951660 -0.239990 -2.074056 -5.673153 -4.697127 200056923148.000000
0.006592 -0.943359 -0.242920 -2.257061 -6.039163 -4.575124 200056926065.000000
0.013672 -0.942383 -0.244141 -2.318063 -6.100165 -4.575124 200056928978.000000
0.010254 -0.942627 -0.242676 -2.196059 -5.795156 -4.636125 200056931888.000000
0.012207 -0.934814 -0.244385 -2.257061 -6.039163 -4.819130 200056934797.000000
0.007813 -0.935303 -0.242920 -1.830049 -6.100165 -4.575124 200056937710.000000
0.012451 -0.936523 -0.238770 -2.135058 -6.222168 -4.819130 200056940625.000000
0.014893 -0.938721 -0.242920 -1.830049 -5.795156 -4.880132 200056943542.000000
0.008057 -0.938477 -0.243164 -1.891051 -5.917160 -5.002135 200056946456.000000
0.019043 -0.940430 -0.255127 -1.891051 -5.673153 -4.819130 200056949368.000000
0.017334 -0.939209 -0.250244 -1.952053 -5.307143 -4.941133 200056952275.000000
0.014893 -0.945801 -0.254639 -1.708046 -5.551150 -4.880132 200056955181.000000
0.017090 -0.941650 -0.245605 -1.525041 -4.941133 -4.697127 200056958095.000000
0.025146 -0.949463 -0.248291 -1.220033 -4.697127 -5.002135 200056961012.000000
0.029785 -0.952393 -0.250488 -1.037028 -4.819130 -4.941133 200056963928.000000
0.028809 -0.956543 -0.259521 -0.854023 -4.026109 -5.368145 200056966845.000000
0.031738 -0.952393 -0.256592 -0.793021 -4.026109 -4.941133 200056969772.000000
0.037598 -0.958740 -0.257080 -0.793021 -3.538096 -4.941133 200056972688.000000
0.040771 -0.961182 -0.250244 -0.305008 -3.050082 -5.124138 200056975605.000000
0.045898 -0.961670 -0.253906 -0.366010 -3.050082 -5.124138 200056978523.000000
0.041016 -0.964111 -0.256592 -0.122003 -2.379064 -5.002135 200056981438.000000
0.044922 -0.956299 -0.263916 0.061002 -1.342036 -4.880132 200056984352.000000
0.051025 -0.960449 -0.265381 -0.122003 -0.732020 -4.819130 200056987268.000000
0.049072 -0.958984 -0.268066 -0.427012 0.000000 -4.941133 200056990217.000000
0.049072 -0.954102 -0.288330 -0.671018 0.976026 -4.697127 200056993132.000000
0.044922 -0.950684 -0.280029 -0.488013 1.525041 -4.392119 200056996048.000000
0.050049 -0.958008 -0.265625 -0.305008 1.891051 -4.209114 200056998974.000000
0.060547 -0.958984 -0.269043 0.061002 2.257061 -4.514122 200057001889.000000
0.069580 -0.959961 -0.272705 0.305008 2.806076 -4.819130 200057004808.000000
0.068359 -0.958008 -0.266846 0.427012 2.745074 -5.185140 200057007732.000000
0.071533 -0.949951 -0.262939 0.427012 3.050082 -5.124138 200057010652.000000
0.070313 -0.953125 -0.258789 0.976026 2.745074 -5.185140 200057013570.000000
0.064453 -0.949463 -0.270752 0.549015 3.233087 -5.002135 200057016484.000000
0.066162 -0.939941 -0.282471 0.610016 3.721100 -4.697127 200057019399.000000
0.067383 -0.939453 -0.282959 0.549015 3.233087 -4.819130 200057022314.000000
0.070313 -0.939209 -0.283203 0.793021 3.477094 -4.392119 200057025229.000000
0.065186 -0.939697 -0.273926 0.976026 3.660099 -4.392119 200057028146.000000
0.061768 -0.937744 -0.271973 0.549015 3.782102 -3.904105 200057031054.000000
0.061279 -0.937500 -0.285645 0.732020 4.209114 -3.904105 200057033962.000000
0.060303 -0.937256 -0.271484 0.793021 4.026109 -3.782102 200057036870.000000
0.062256 -0.939453 -0.271484 1.037028 4.331117 -3.538096 200057039788.000000
0.061279 -0.937256 -0.281250 0.610016 4.514122 -3.477094 200057042707.000000
0.068359 -0.936523 -0.276611 0.488013 5.002135 -3.477094 200057045622.000000
0.072021 -0.935547 -0.283203 0.732020 4.941133 -3.416092 200057048541.000000
0.079590 -0.932617 -0.269531 0.427012 4.880132 -3.355091 200057051458.000000
0.074463 -0.937988 -0.258301 1.159031 4.453120 -3.355091 200057054369.000000
0.076416 -0.937744 -0.264160 1.159031 4.514122 -3.050082 200057057277.000000
0.072021 -0.939941 -0.263428 1.281035 4.575124 -2.989081 200057060261.000000
0.074951 -0.938477 -0.257080 1.403038 4.819130 -2.684072 200057063179.000000
0.074951 -0.943359 -0.265137 0.854023 4.819130 -2.684072 200057066093.000000
0.076904 -0.944336 -0.266357 1.037028 5.002135 -2.684072 200057069019.000000
0.084473 -0.946533 -0.260498 0.915025 5.246142 -2.684072 200057071935.000000
0.085205 -0.945557 -0.252686 1.403038 4.880132 -2.745074 200057074852.000000
0.082031 -0.950928 -0.253906 1.220033 4.636125 -2.440066 200057077777.000000
0.081055 -0.950928 -0.253418 1.342036 4.392119 -2.745074 200057080694.000000
0.080566 -0.949219 -0.259766 1.464040 4.514122 -2.684072 200057083608.000000
0.082520 -0.949951 -0.251953 1.586043 4.453120 -2.501068 200057086522.000000
0.080078 -0.956055 -0.256104 1.403038 4.026109 -2.684072 200057089447.000000
0.082031 -0.953125 -0.258545 1.525041 4.209114 -2.806076 200057092364.000000
0.080078 -0.955566 -0.253418 1.708046 3.782102 -2.745074 200057095279.000000
0.082520 -0.957031 -0.260742 1.525041 3.477094 -3.050082 200057098203.000000
0.080566 -0.958252 -0.254883 1.464040 2.989081 -3.172086 200057101136.000000
0.080566 -0.955322 -0.252686 1.220033 2.440066 -3.660099 200057104051.000000
0.073730 -0.959961 -0.252197 1.769048 2.135058 -3.477094 200057106966.000000
0.071533 -0.960205 -0.242188 1.464040 1.464040 -3.538096 200057109892.000000
0.068848 -0.953125 -0.252930 1.586043 1.220033 -3.416092 200057113866.000000
0.065918 -0.952393 -0.244141 1.586043 0.793021 -3.477094 200057116813.000000
0.071045 -0.948975 -0.249512 1.586043 0.244007 -3.477094 200057119734.000000
0.070801 -0.949707 -0.253174 1.342036 -0.061002 -3.660099 200057122664.000000
0.066162 -0.947266 -0.247314 1.281035 -0.427012 -3.721100 200057125582.000000
0.067383 -0.945557 -0.245605 1.220033 -0.671018 -3.843104 200057128501.000000
0.071045 -0.943359 -0.249023 1.464040 -1.525041 -4.209114 200057131408.000000
0.066406 -0.943604 -0.246094 1.281035 -1.769048 -4.209114 200057134319.000000
0.065430 -0.942627 -0.245361 1.098030 -1.891051 -4.148112 200057137225.000000
0.063477 -0.951172 -0.243652 1.220033 -2.318063 -4.331117 200057140212.000000
0.065430 -0.950195 -0.238525 0.915025 -2.501068 -4.148112 200057143130.000000
0.056396 -0.947266 -0.253174 0.610016 -2.013054 -4.087110 200057146045.000000
0.049805 -0.953369 -0.251465 0.244007 -2.013054 -3.721100 200057148961.000000
0.052002 -0.954590 -0.232422 0.183005 -2.257061 -3.904105 200057151872.000000
0.064209 -0.964355 -0.236572 0.488013 -2.257061 -3.660099 200057154779.000000
0.069336 -0.971191 -0.227783 0.244007 -3.172086 -3.904105 200057157692.000000
0.072510 -0.971924 -0.229492 0.488013 -2.989081 -4.270115 200057160608.000000
0.074219 -0.975098 -0.220215 0.732020 -2.989081 -4.331117 200057163523.000000
0.072998 -0.973145 -0.216797 0.671018 -3.233087 -4.331117 200057166437.000000
0.078125 -0.973633 -0.225098 0.976026 -3.111084 -4.514122 200057169361.000000
0.088623 -0.976318 -0.219727 0.854023 -2.806076 -4.087110 200057172281.000000
0.083740 -0.970215 -0.218994 1.098030 -2.928079 -4.026109 200057175195.000000
0.081055 -0.968750 -0.209961 1.281035 -2.623071 -3.782102 200057178117.000000
0.083252 -0.974121 -0.213867 1.464040 -2.013054 -3.538096 200057181037.000000
0.083496 -0.972168 -0.214844 1.403038 -1.647044 -3.294089 200057183951.000000
0.080566 -0.967285 -0.217773 1.525041 -0.976026 -3.050082 200057186866.000000
0.084473 -0.965332 -0.220459 1.220033 -0.244007 -2.684072 200057189792.000000
0.079102 -0.960693 -0.220703 1.464040 0.000000 -2.745074 200057192708.000000
0.083008 -0.957275 -0.220947 1.464040 0.549015 -2.379064 200057195624.000000
0.085205 -0.952393 -0.221436 1.281035 1.281035 -2.440066 200057198548.000000
0.081543 -0.946777 -0.223633 1.464040 1.952053 -2.135058 200057201466.000000
0.079102 -0.941162 -0.242920 0.549015 2.867077 -2.013054 200057204381.000000
0.072266 -0.932373 -0.248047 0.183005 3.233087 -1.952053 200057207296.000000
0.071289 -0.928467 -0.229004 0.366010 4.087110 -1.403038 200057210262.000000
0.070557 -0.932373 -0.220703 0.732020 4.209114 -1.586043 200057213179.000000
0.083496 -0.934814 -0.229492 0.793021 4.270115 -1.708046 200057216096.000000
0.090820 -0.937500 -0.226318 0.854023 4.453120 -2.257061 200057219024.000000
0.092529 -0.936523 -0.220947 0.732020 4.209114 -2.806076 200057221940.000000
0.089111 -0.937988 -0.219238 0.854023 3.782102 -2.684072 200057224857.000000
0.086182 -0.942383 -0.226563 0.915025 3.965107 -2.867077 200057227786.000000
0.087646 -0.949707 -0.232422 0.976026 3.721100 -3.050082 200057230692.000000
0.093262 -0.948975 -0.240234 0.610016 3.843104 -2.989081 200057233598.000000
0.097656 -0.948975 -0.235107 0.793021 4.087110 -3.050082 200057236505.000000
0.094727 -0.951660 -0.252686 0.427012 4.575124 -2.928079 200057239421.000000
0.089355 -0.951416 -0.256836 0.488013 4.331117 -2.440066 200057242338.000000
0.082031 -0.955566 -0.246826 0.793021 5.063137 -2.135058 200057245267.000000
0.081543 -0.960205 -0.236084 1.037028 4.941133 -1.464040 200057248183.000000
0.085449 -0.963867 -0.239258 1.159031 4.758128 -1.647044 200057251092.000000
0.093994 -0.965088 -0.248047 1.037028 5.124138 -1.647044 200057254000.000000
0.103271 -0.962402 -0.239746 1.098030 4.819130 -1.586043 200057256906.000000
0.101074 -0.965088 -0.233154 1.891051 4.636125 -1.464040 200057259823.000000
0.094727 -0.965332 -0.230469 2.318063 4.087110 -1.220033 200057262741.000000
0.094727 -0.961914 -0.235840 2.379064 4.270115 -0.732020 200057265654.000000
0.091797 -0.960938 -0.236328 2.257061 4.880132 -0.610016 200057268577.000000
0.090820 -0.966309 -0.244385 2.318063 4.697127 -0.305008 200057271496.000000
0.093018 -0.969238 -0.239014 2.562069 4.880132 -0.488013 200057274414.000000
0.096191 -0.968750 -0.225830 2.867077 5.063137 -0.366010 200057277357.000000
0.097412 -0.967773 -0.234863 2.989081 5.246142 -0.305008 200057280273.000000
0.096436 -0.960449 -0.245605 2.745074 5.612152 -0.061002 200057283190.000000
0.079102 -0.964111 -0.243164 2.440066 5.917160 0.610016 200057286105.000000
0.069824 -0.957031 -0.228516 3.111084 6.710181 0.915025 200057289030.000000
0.076416 -0.961914 -0.214844 3.233087 6.222168 1.525041 200057291946.000000
0.079590 -0.957275 -0.219482 3.599097 6.222168 1.220033 200057294862.000000
0.090820 -0.958252 -0.219482 3.538096 5.612152 1.098030 200057297790.000000
0.094971 -0.958252 -0.219727 3.904105 5.551150 0.915025 200057300708.000000
0.097168 -0.950439 -0.215332 3.721100 5.124138 0.915025 200057303623.000000
0.094482 -0.948242 -0.224121 3.843104 5.063137 0.671018 200057306538.000000
0.094971 -0.947510 -0.216309 3.843104 5.124138 0.732020 200057309494.000000
0.097168 -0.940186 -0.210693 3.660099 5.185140 0.671018 200057312411.000000
0.102051 -0.946045 -0.217041 3.721100 5.246142 1.037028 200057315327.000000
0.095947 -0.950195 -0.224609 3.294089 4.575124 1.220033 200057318249.000000
0.103027 -0.946777 -0.219238 2.989081 4.758128 1.098030 200057321165.000000
0.102783 -0.949707 -0.216309 2.867077 4.880132 1.037028 200057324084.000000
0.106445 -0.953125 -0.211914 2.928079 5.063137 1.281035 200057327000.000000
0.106689 -0.949219 -0.214844 2.745074 5.124138 1.037028 200057329918.000000
0.107178 -0.956055 -0.219238 2.623071 4.819130 0.854023 200057332825.000000
0.114258 -0.959717 -0.221436 2.440066 5.246142 1.098030 200057335733.000000
0.118164 -0.959717 -0.226807 2.318063 5.246142 0.915025 200057338646.000000
0.120361 -0.953369 -0.219971 2.257061 5.734155 1.403038 200057341567.000000
0.109131 -0.956299 -0.237305 1.891051 5.917160 1.708046 200057344482.000000
0.113770 -0.952637 -0.231689 1.464040 6.710181 1.708046 200057347399.000000
0.105713 -0.949463 -0.239990 1.464040 6.710181 2.318063 200057350307.000000
0.108154 -0.951416 -0.230713 1.647044 7.320198 2.318063 200057353215.000000
0.109863 -0.950439 -0.242188 1.586043 7.625206 2.745074 200057356123.000000
0.108887 -0.947021 -0.243896 1.342036 8.235222 2.806076 200057359038.000000
0.104980 -0.944824 -0.238525 1.830049 7.808211 3.050082 200057361956.000000
0.107910 -0.946533 -0.250000 1.525041 8.601232 3.416092 200057364872.000000
0.103760 -0.946045 -0.238037 1.708046 8.540231 3.294089 200057367790.000000
0.104980 -0.946533 -0.244385 1.952053 8.601232 3.538096 200057370699.000000
0.101563 -0.943359 -0.238281 1.891051 8.540231 3.538096 200057373607.000000
0.105469 -0.947754 -0.242432 2.196059 8.906240 3.660099 200057376523.000000
0.106201 -0.945557 -0.241455 2.196059 9.211249 3.782102 200057379438.000000
0.105957 -0.947266 -0.242432 2.440066 9.028244 3.782102 200057382355.000000
0.104492 -0.944580 -0.245361 2.257061 9.272250 3.843104 200057385270.000000
0.099609 -0.945313 -0.241699 2.623071 9.150247 3.843104 200057388194.000000
0.101807 -0.941895 -0.239746 2.562069 8.784237 4.148112 200057391113.000000
0.093994 -0.946777 -0.236084 2.440066 8.906240 3.782102 200057394027.000000
0.088867 -0.949219 -0.242432 2.379064 8.174221 4.209114 200057396943.000000
0.094971 -0.946045 -0.244629 2.257061 8.235222 4.026109 200057399870.000000
0.101074 -0.948975 -0.238525 2.440066 8.113219 3.477094 200057402784.000000
0.100830 -0.951660 -0.235352 2.379064 7.564204 3.416092 200057405699.000000
0.096680 -0.955811 -0.237305 2.135058 6.832184 3.477094 200057408621.000000
0.099121 -0.957764 -0.234131 2.562069 6.222168 3.477094 200057411539.000000
0.094482 -0.958008 -0.232178 2.440066 6.039163 3.233087 200057414454.000000
0.092529 -0.964844 -0.219971 2.318063 5.612152 3.233087 200057417392.000000
0.094482 -0.966309 -0.235352 1.952053 5.246142 3.294089 200057420308.000000
0.092529 -0.968262 -0.227783 2.440066 5.185140 3.538096 200057423224.000000
0.093262 -0.971436 -0.224365 2.257061 5.063137 3.477094 200057426138.000000
0.095215 -0.968262 -0.229004 2.379064 4.697127 3.355091 200057429052.000000
0.097168 -0.970703 -0.233887 2.074056 4.758128 3.660099 200057431959.000000
0.094238 -0.962891 -0.229004 2.318063 4.453120 3.538096 200057434866.000000
0.094727 -0.966309 -0.231201 2.501068 4.697127 4.026109 200057437777.000000
0.093994 -0.963379 -0.226318 2.257061 4.575124 4.148112 200057440696.000000
0.095215 -0.957275 -0.234131 2.501068 5.063137 4.575124 200057448341.000000
0.097900 -0.961426 -0.233887 2.379064 5.063137 4.575124 200057451499.000000
0.105713 -0.953125 -0.227051 2.318063 5.551150 4.819130 200057454480.000000
0.101563 -0.949219 -0.229736 2.257061 5.307143 4.880132 200057457464.000000
0.110596 -0.946289 -0.222900 2.745074 4.941133 5.002135 200057460485.000000
0.111572 -0.944824 -0.226318 2.562069 5.734155 5.002135 200057463503.000000
0.110840 -0.941162 -0.230713 2.745074 5.795156 5.063137 200057466422.000000
0.111572 -0.941162 -0.226563 2.989081 6.527176 5.368145 200057469343.000000
0.111328 -0.939209 -0.230469 3.050082 7.015189 5.246142 200057472264.000000
0.110107 -0.942871 -0.234131 3.050082 7.625206 5.368145 200057475176.000000
0.110352 -0.941895 -0.232666 3.111084 8.235222 5.734155 200057478090.000000
0.111816 -0.944824 -0.228271 2.806076 8.906240 5.734155 200057481003.000000
0.109619 -0.947021 -0.238037 3.172086 9.699262 5.795156 200057483937.000000
0.104980 -0.948975 -0.232910 2.806076 9.760264 5.856158 200057486858.000000
0.105713 -0.952637 -0.229980 2.928079 10.736290 5.978161 200057489775.000000
0.101563 -0.954834 -0.241455 3.111084 10.858293 6.039163 200057492692.000000
0.102539 -0.957764 -0.239990 2.745074 11.285305 6.161166 200057495605.000000
0.105469 -0.964111 -0.242920 2.867077 11.529311 6.466175 200057498519.000000
0.104980 -0.962158 -0.238281 2.684072 11.834320 6.405173 200057501439.000000
0.113525 -0.964355 -0.240967 2.623071 11.651315 6.710181 200057504355.000000
0.112305 -0.967041 -0.236816 2.928079 12.017324 6.588178 200057507265.000000
0.122803 -0.965088 -0.238770 2.867077 12.444336 7.076191 200057510265.000000
0.120605 -0.962158 -0.241211 2.501068 12.200329 7.137193 200057512764.000000
0.126709 -0.963379 -0.244385 2.501068 12.566339 7.503203 200057514571.000000
0.120850 -0.954834 -0.235107 2.501068 12.810346 7.808211 200057516372.000000
0.119873 -0.954102 -0.231689 2.745074 12.993351 7.991216 200057518183.000000
0.118164 -0.951660 -0.237549 2.562069 13.237357 8.052217 200057519984.000000
0.116455 -0.944336 -0.238525 2.257061 13.725371 8.662234 200057521783.000000
0.117920 -0.943115 -0.241943 2.257061 13.786372 8.784237 200057523583.000000
0.112793 -0.938721 -0.233643 2.440066 14.030379 9.028244 200057525384.000000
0.109131 -0.940918 -0.233154 2.379064 14.640395 9.211249 200057527183.000000
0.106445 -0.939697 -0.229248 2.196059 15.006405 9.272250 200057528982.000000
0.102539 -0.936279 -0.233887 1.891051 15.250412 9.333252 200057530786.000000
0.100586 -0.929688 -0.238770 1.830049 15.189410 9.882267 200057532586.000000
0.091797 -0.925293 -0.234863 1.647044 15.555420 9.882267 200057534383.000000
0.091553 -0.924561 -0.241943 1.647044 15.738425 9.760264 200057536182.000000
0.092285 -0.922607 -0.239990 1.159031 15.677423 9.638260 200057537984.000000
0.088623 -0.924316 -0.246826 1.159031 15.921430 9.821265 200057539787.000000
0.082520 -0.927979 -0.240479 0.671018 15.982432 9.638260 200057541594.000000
0.081543 -0.926514 -0.250488 0.671018 15.860428 9.638260 200057543395.000000
0.073730 -0.932861 -0.246826 0.488013 15.494418 9.516257 200057545194.000000
0.068848 -0.932861 -0.239990 -0.061002 15.555420 9.455255 200057546993.000000
0.067139 -0.934326 -0.245850 0.061002 15.494418 9.516257 200057548796.000000
0.064453 -0.940674 -0.240234 -0.366010 15.433417 9.455255 200057550601.000000
0.057617 -0.937500 -0.245117 -0.732020 15.128408 9.211249 200057552400.000000
0.058105 -0.945068 -0.240723 -0.915025 14.518392 9.150247 200057554197.000000
0.058350 -0.946777 -0.234619 -0.915025 14.396389 9.211249 200057556009.000000
0.053711 -0.950439 -0.236816 -1.098030 13.908376 8.723236 200057557817.000000
0.052002 -0.954590 -0.238525 -1.403038 13.908376 8.845239 200057559628.000000
0.053223 -0.956787 -0.234863 -1.159031 13.298359 8.784237 200057561436.000000
0.051514 -0.956543 -0.237793 -1.281035 12.810346 8.906240 200057563242.000000
0.054688 -0.958740 -0.241699 -1.159031 12.688343 8.662234 200057565079.000000
0.054688 -0.959229 -0.241211 -1.403038 12.139328 8.601232 200057567042.000000
0.058105 -0.963623 -0.234863 -1.403038 11.956323 8.662234 200057568978.000000
0.058105 -0.966797 -0.234619 -1.037028 11.590313 8.601232 200057570886.000000
0.059326 -0.966797 -0.226318 -0.732020 11.285305 8.601232 200057572702.000000
0.062744 -0.968262 -0.227539 -0.549015 10.553285 8.723236 200057574514.000000
0.055664 -0.969727 -0.229492 -0.610016 10.248277 8.601232 200057576312.000000
0.055420 -0.965332 -0.226807 -0.488013 10.492283 8.723236 200057578113.000000
0.058105 -0.965820 -0.234863 -0.610016 10.431282 8.906240 200057579917.000000
0.065430 -0.962158 -0.239990 -0.488013 10.553285 8.906240 200057581719.000000
0.068848 -0.962646 -0.240723 -0.061002 10.004270 9.028244 200057583522.000000
0.075195 -0.953369 -0.232422 -0.061002 9.882267 9.272250 200057585324.000000
0.076416 -0.950928 -0.228516 0.366010 9.333252 8.662234 200057587140.000000
0.078125 -0.947754 -0.221680 0.549015 9.089245 8.723236 200057588942.000000
0.083252 -0.949707 -0.216064 0.915025 9.150247 8.784237 200057590745.000000
0.085938 -0.944092 -0.218506 1.220033 8.845239 8.357226 200057592542.000000
0.083496 -0.946533 -0.225342 1.403038 8.723236 8.723236 200057594341.000000
0.081299 -0.941650 -0.221680 1.586043 8.601232 8.662234 200057596146.000000
0.079346 -0.941895 -0.216064 1.952053 8.906240 8.784237 200057597947.000000
0.084961 -0.940430 -0.208008 2.501068 8.601232 8.479229 200057599750.000000
0.083740 -0.940186 -0.199951 2.928079 8.357226 8.479229 200057601552.000000
0.090576 -0.942627 -0.207764 3.111084 8.174221 7.869212 200057603354.000000
0.093018 -0.945557 -0.216797 2.623071 8.418227 7.564204 200057605156.000000
0.097168 -0.939209 -0.227539 2.501068 8.174221 7.442201 200057606958.000000
0.094482 -0.934082 -0.225342 2.074056 8.479229 7.198194 200057608759.000000
0.078857 -0.929688 -0.230225 2.135058 8.662234 7.137193 200057610558.000000
0.070313 -0.932129 -0.220215 2.074056 8.723236 7.198194 200057612358.000000
0.066650 -0.931396 -0.222656 1.830049 9.089245 7.381199 200057614156.000000
0.055908 -0.930908 -0.218994 1.891051 9.150247 7.625206 200057615954.000000
0.052490 -0.937744 -0.223633 1.769048 9.455255 7.625206 200057617761.000000
0.049316 -0.932617 -0.219238 1.342036 9.333252 7.442201 200057619564.000000
0.043213 -0.935791 -0.217773 1.281035 9.760264 7.564204 200057621370.000000
0.042480 -0.937744 -0.223877 0.976026 9.333252 8.052217 200057623172.000000
0.044922 -0.939453 -0.225342 0.976026 9.760264 7.869212 200057624973.000000
0.038574 -0.937988 -0.228760 0.549015 9.516257 7.808211 200057626777.000000
0.033203 -0.941162 -0.237305 0.305008 9.455255 7.869212 200057628578.000000
0.033936 -0.940918 -0.227051 0.061002 9.211249 7.869212 200057630376.000000
0.032715 -0.941406 -0.225098 -0.305008 8.479229 7.747209 200057632174.000000
0.022949 -0.947754 -0.224365 -0.671018 8.235222 7.808211 200057633971.000000
0.020508 -0.944092 -0.227295 -0.610016 7.747209 7.991216 200057635769.000000
0.011475 -0.948242 -0.226807 -0.549015 7.259196 7.991216 200057637570.000000
0.006348 -0.951416 -0.212646 -0.305008 6.405173 7.991216 200057639372.000000
0.005859 -0.955078 -0.209961 -0.610016 5.673153 8.174221 200057641174.000000
0.005371 -0.955566 -0.214844 -0.976026 5.124138 8.296224 200057642976.000000
0.004150 -0.957031 -0.221680 -0.732020 4.087110 8.296224 200057644777.000000
-0.000732 -0.961182 -0.221191 -0.793021 3.355091 8.113219 200057646586.000000
-0.001221 -0.959229 -0.222168 -1.037028 2.684072 8.113219 200057648388.000000
-0.000244 -0.964844 -0.219727 -0.976026 1.891051 8.052217 200057650185.000000
-0.001709 -0.967529 -0.217773 -0.854023 0.671018 7.930214 200057651983.000000
-0.004395 -0.973633 -0.212402 -0.732020 -0.122003 8.052217 200057653782.000000
-0.005859 -0.976563 -0.213135 -0.671018 -0.671018 7.625206 200057655583.000000
-0.008789 -0.981689 -0.217041 -0.854023 -1.525041 7.808211 200057657386.000000
-0.008301 -0.985840 -0.216553 -0.610016 -2.013054 7.747209 200057659189.000000
-0.009766 -0.986816 -0.213135 -0.671018 -2.867077 7.564204 200057660991.000000
-0.011963 -0.990723 -0.207275 -0.732020 -3.660099 7.381199 200057662793.000000
-0.009033 -0.994629 -0.208740 -0.488013 -4.087110 7.259196 200057664594.000000
-0.009766 -1.001953 -0.203857 -0.671018 -4.758128 7.137193 200057666400.000000
-0.012207 -1.001953 -0.199707 -0.610016 -5.673153 6.954188 200057668222.000000
-0.013428 -1.004883 -0.200684 -0.305008 -6.588178 6.710181 200057670021.000000
-0.013428 -1.006592 -0.191895 -0.183005 -7.198194 6.771183 200057671821.000000
-0.004150 -1.006836 -0.197754 -0.488013 -7.869212 6.710181 200057673618.000000
-0.006348 -1.008057 -0.192871 -0.183005 -8.662234 6.344171 200057675420.000000
-0.004150 -1.007813 -0.195557 0.061002 -9.150247 6.344171 200057677217.000000
-0.010254 -1.006104 -0.193115 0.122003 -9.760264 6.161166 200057679019.000000
-0.005859 -1.006348 -0.189697 -0.061002 -10.370280 5.612152 200057680824.000000
0.003418 -1.007080 -0.186523 0.122003 -11.102300 5.673153 200057682627.000000
0.004639 -1.000488 -0.187988 0.244007 -11.407308 5.612152 200057684429.000000
0.001709 -1.001709 -0.186768 0.244007 -11.834320 5.490148 200057686231.000000
0.012207 -1.000488 -0.191406 0.427012 -12.139328 5.307143 200057688036.000000
0.009521 -1.001465 -0.184570 0.366010 -12.688343 5.246142 200057689840.000000
0.014648 -0.991943 -0.179199 0.305008 -12.932349 5.185140 200057691642.000000
0.026367 -0.988525 -0.162842 0.549015 -12.993351 5.002135 200057693443.000000
0.033203 -0.987549 -0.156006 0.732020 -13.847374 4.392119 200057695248.000000
0.044189 -0.988525 -0.163086 0.915025 -14.274385 4.026109 200057697050.000000
0.054932 -0.980469 -0.155029 1.098030 -14.457390 3.660099 200057698858.000000
0.062988 -0.976563 -0.155273 1.403038 -14.640395 3.111084 200057700660.000000
0.074219 -0.969971 -0.152344 1.403038 -15.311413 2.806076 200057702461.000000
0.074463 -0.966064 -0.154785 1.464040 -15.128408 2.501068 200057704265.000000
0.071289 -0.953613 -0.158936 1.403038 -15.067407 2.257061 200057706071.000000
0.066650 -0.948975 -0.153320 1.281035 -14.579394 2.196059 200057707877.000000
0.071045 -0.943359 -0.156738 1.159031 -13.664369 1.952053 200057709682.000000
0.060059 -0.936279 -0.160156 1.037028 -12.993351 2.013054 200057711484.000000
0.053467 -0.932617 -0.163330 0.549015 -12.261331 2.135058 200057713290.000000
0.050293 -0.934814 -0.167725 0.366010 -11.895321 1.952053 200057715091.000000
0.043701 -0.932373 -0.172852 -0.183005 -10.675288 2.257061 200057716899.000000
0.042236 -0.931152 -0.175293 -0.366010 -9.638260 2.196059 200057718701.000000
0.033936 -0.929688 -0.177002 -0.671018 -8.967242 1.830049 200057720503.000000
0.026611 -0.927734 -0.179688 -1.525041 -7.930214 1.708046 200057722305.000000
0.024170 -0.930420 -0.182861 -1.769048 -7.137193 1.830049 200057724108.000000
0.017090 -0.931885 -0.188477 -2.074056 -6.832184 1.708046 200057725910.000000
0.006836 -0.934082 -0.193848 -2.501068 -6.039163 1.647044 200057727714.000000
0.005615 -0.935059 -0.189697 -2.684072 -5.551150 1.647044 200057729511.000000
0.003418 -0.936523 -0.190674 -2.989081 -5.307143 1.769048 200057731309.000000
0.000732 -0.937500 -0.191895 -3.660099 -5.368145 1.464040 200057733106.000000
-0.000488 -0.944092 -0.193359 -3.843104 -5.124138 1.403038 200057734903.000000
-0.003418 -0.946777 -0.195801 -3.721100 -4.941133 1.647044 200057736701.000000
-0.003418 -0.950439 -0.198486 -4.087110 -4.819130 1.464040 200057738505.000000
-0.002930 -0.950439 -0.203613 -4.453120 -4.819130 1.586043 200057740309.000000
-0.003662 -0.954834 -0.194336 -4.087110 -5.673153 1.586043 200057742113.000000
0.005615 -0.960693 -0.179688 -3.416092 -5.978161 1.098030 200057743914.000000
0.017578 -0.968750 -0.171143 -3.294089 -6.222168 1.098030 200057745716.000000
0.030762 -0.969727 -0.197021 -3.294089 -6.588178 0.671018 200057747519.000000
0.032227 -0.966797 -0.208252 -3.233087 -6.649180 0.732020 200057749321.000000
0.023193 -0.963623 -0.214111 -3.416092 -6.588178 0.610016 200057751118.000000
0.005371 -0.959961 -0.206787 -3.416092 -6.344171 1.281035 200057752916.000000
-0.010010 -0.952881 -0.206055 -3.294089 -5.612152 1.830049 200057754714.000000
-0.015137 -0.960938 -0.219482 -3.172086 -4.636125 2.318063 200057756512.000000
-0.013672 -0.966064 -0.218262 -3.355091 -4.331117 2.623071 200057758314.000000
-0.006592 -0.965820 -0.219727 -3.355091 -3.843104 2.806076 200057760119.000000
-0.008545 -0.958008 -0.220215 -3.355091 -3.172086 3.111084 200057761922.000000
-0.003906 -0.961670 -0.229248 -3.355091 -2.318063 3.172086 200057763724.000000
-0.000977 -0.959473 -0.222656 -3.599097 -1.952053 3.416092 200057765527.000000
-0.001709 -0.958252 -0.221924 -3.294089 -1.159031 3.477094 200057767332.000000
-0.000488 -0.957764 -0.212158 -3.172086 -0.915025 3.538096 200057769134.000000
-0.000488 -0.959473 -0.218994 -2.989081 -0.549015 3.660099 200057770938.000000
-0.001953 -0.958496 -0.213135 -2.806076 -0.244007 3.782102 200057772739.000000
-0.000244 -0.956787 -0.229980 -2.501068 0.122003 3.843104 200057774540.000000
0.003906 -0.958252 -0.222168 -2.440066 0.549015 3.843104 200057776342.000000
0.003662 -0.962158 -0.220215 -2.379064 0.732020 3.843104 200057778147.000000
0.011963 -0.959717 -0.217529 -2.318063 0.610016 3.538096 200057779951.000000
0.024170 -0.960693 -0.214111 -2.135058 1.037028 3.538096 200057781757.000000
0.031494 -0.958252 -0.217773 -2.074056 0.976026 3.355091 200057783559.000000
0.033936 -0.955078 -0.221924 -1.952053 1.220033 2.806076 200057785360.000000
0.034424 -0.955566 -0.222168 -2.074056 1.281035 2.562069 200057787162.000000
0.040283 -0.955811 -0.222900 -1.769048 1.464040 2.684072 200057788970.000000
0.046387 -0.949219 -0.223389 -2.013054 1.525041 2.318063 200057790772.000000
0.050781 -0.950684 -0.220703 -1.769048 1.525041 2.013054 200057792574.000000
0.047119 -0.947510 -0.218994 -1.525041 1.708046 1.891051 200057794381.000000
0.049805 -0.948486 -0.222168 -1.403038 1.769048 1.769048 200057796183.000000
0.047607 -0.944824 -0.214111 -1.342036 1.708046 2.013054 200057797989.000000
0.038330 -0.943359 -0.219971 -1.220033 2.013054 1.952053 200057799792.000000
0.034424 -0.943359 -0.228271 -1.220033 2.623071 2.013054 200057801593.000000
0.029785 -0.941162 -0.230957 -1.220033 2.745074 2.196059 200057803402.000000
0.031982 -0.943848 -0.233398 -1.525041 3.416092 2.257061 200057805205.000000
0.029053 -0.940918 -0.232422 -1.464040 4.087110 2.501068 200057807007.000000
0.026367 -0.944580 -0.229980 -1.586043 4.026109 2.135058 200057808815.000000
0.029541 -0.946045 -0.226074 -1.586043 4.087110 1.952053 200057810618.000000
0.026611 -0.946777 -0.232422 -1.769048 4.270115 1.891051 200057812421.000000
0.020996 -0.944092 -0.228516 -1.952053 4.392119 1.769048 200057814224.000000
0.016357 -0.944824 -0.235352 -1.952053 4.331117 1.586043 200057816025.000000
0.010254 -0.948730 -0.233643 -1.952053 4.636125 1.830049 200057817826.000000
0.004883 -0.947754 -0.233887 -2.440066 4.453120 1.525041 200057819629.000000
0.005859 -0.951660 -0.239258 -2.562069 4.209114 1.403038 200057821431.000000
0.006104 -0.954346 -0.242920 -2.806076 4.331117 1.464040 200057823237.000000
0.003662 -0.956055 -0.229980 -2.806076 4.026109 1.342036 200057825042.000000
0.004395 -0.955322 -0.233643 -2.928079 3.660099 1.220033 200057826844.000000
0.003906 -0.958008 -0.230957 -2.928079 3.416092 1.281035 200057828646.000000
0.000488 -0.956787 -0.230957 -2.867077 3.172086 1.464040 200057830443.000000
-0.004883 -0.959473 -0.230225 -2.928079 2.806076 1.159031 200057832241.000000
-0.004639 -0.958740 -0.234131 -3.050082 2.257061 0.976026 200057834039.000000
-0.005127 -0.959961 -0.226318 -2.989081 2.379064 0.976026 200057835841.000000
-0.005371 -0.959229 -0.228027 -3.355091 1.708046 0.976026 200057837643.000000
-0.006836 -0.959229 -0.225586 -3.233087 1.403038 1.037028 200057839446.000000
-0.002686 -0.956543 -0.223633 -3.050082 0.976026 0.732020 200057841248.000000
-0.001221 -0.958740 -0.224854 -3.050082 0.976026 0.732020 200057843049.000000
0.002441 -0.958984 -0.224854 -3.233087 0.610016 0.549015 200057844851.000000
0.001465 -0.956055 -0.225342 -2.989081 0.183005 0.366010 200057846653.000000
0.002441 -0.955566 -0.223633 -2.867077 -0.061002 0.305008 200057848453.000000
0.006348 -0.958252 -0.221436 -2.989081 -0.427012 0.183005 200057850259.000000
0.002930 -0.954834 -0.218994 -2.745074 -0.854023 0.122003 200057852057.000000
0.007813 -0.953125 -0.221436 -2.562069 -0.671018 0.000000 200057853855.000000
0.010498 -0.955811 -0.212891 -2.623071 -0.976026 0.000000 200057855651.000000
0.014160 -0.955078 -0.215576 -2.440066 -0.915025 -0.549015 200057857452.000000
0.015137 -0.956787 -0.222656 -2.196059 -1.464040 -0.671018 200057859261.000000
0.012451 -0.958496 -0.210693 -2.257061 -1.891051 -0.793021 200057861063.000000
0.011475 -0.957764 -0.209229 -2.013054 -1.769048 -0.915025 200057862867.000000
0.008301 -0.959473 -0.213135 -1.952053 -1.952053 -0.915025 200057864672.000000
0.009033 -0.962402 -0.217529 -2.074056 -2.318063 -1.159031 200057866475.000000
0.012939 -0.960938 -0.216797 -1.586043 -2.623071 -1.159031 200057868283.000000
0.010254 -0.964111 -0.206299 -1.586043 -2.562069 -1.220033 200057870085.000000
0.012451 -0.968506 -0.209961 -1.464040 -3.111084 -1.342036 200057871887.000000
0.009521 -0.966797 -0.206787 -1.525041 -3.477094 -1.403038 200057873688.000000
0.009521 -0.968018 -0.212646 -1.281035 -3.294089 -1.342036 200057875490.000000
0.009277 -0.971191 -0.208252 -1.281035 -3.538096 -1.281035 200057877292.000000
0.013184 -0.971191 -0.210938 -1.342036 -3.904105 -1.464040 200057879115.000000
0.010254 -0.976563 -0.205078 -0.976026 -3.965107 -1.403038 200057880917.000000
0.010254 -0.973877 -0.211914 -0.915025 -4.270115 -1.464040 200057882719.000000
0.012207 -0.974854 -0.214355 -1.037028 -4.636125 -1.769048 200057884521.000000
0.018311 -0.973145 -0.214844 -1.037028 -4.514122 -1.403038 200057886323.000000
0.018555 -0.970947 -0.205078 -0.854023 -4.880132 -1.281035 200057888128.000000
0.019531 -0.965576 -0.217041 -1.037028 -4.941133 -1.464040 200057889932.000000
0.020508 -0.970947 -0.209229 -0.976026 -4.697127 -1.586043 200057891739.000000
0.020264 -0.969971 -0.217773 -1.159031 -4.941133 -1.464040 200057893541.000000
0.020752 -0.972412 -0.210205 -1.037028 -4.941133 -1.525041 200057895342.000000
0.020508 -0.966797 -0.201904 -0.915025 -5.124138 -1.464040 200057897143.000000
0.021729 -0.963623 -0.212646 -1.159031 -4.819130 -1.342036 200057898950.000000
0.024170 -0.962158 -0.202148 -0.976026 -4.575124 -1.281035 200057900752.000000
0.024170 -0.960938 -0.205078 -1.037028 -4.697127 -1.098030 200057902553.000000
0.025635 -0.960205 -0.213135 -0.976026 -4.392119 -1.098030 200057904354.000000
0.021729 -0.957520 -0.206543 -1.098030 -4.087110 -1.098030 200057906157.000000
0.029541 -0.953125 -0.222412 -1.586043 -4.087110 -1.159031 200057907963.000000
0.027832 -0.950439 -0.224121 -1.525041 -4.087110 -0.915025 200057909768.000000
0.029053 -0.950439 -0.223145 -1.586043 -3.721100 -1.098030 200057911569.000000
0.034424 -0.947510 -0.229980 -1.708046 -3.538096 -1.220033 200057913372.000000
0.032959 -0.951416 -0.241455 -1.952053 -3.233087 -1.220033 200057915174.000000
0.032715 -0.947998 -0.236572 -2.074056 -3.172086 -1.159031 200057916976.000000
0.030518 -0.948975 -0.229248 -2.135058 -2.745074 -1.464040 200057918778.000000
0.032959 -0.946045 -0.229248 -2.257061 -3.050082 -1.342036 200057920580.000000
0.034180 -0.947998 -0.237305 -2.379064 -2.440066 -1.220033 200057922387.000000
0.030518 -0.945557 -0.234375 -2.318063 -2.196059 -1.464040 200057924193.000000
0.031494 -0.945557 -0.232178 -2.562069 -2.196059 -1.159031 200057925995.000000
0.038574 -0.946777 -0.244629 -2.501068 -2.074056 -1.342036 200057927798.000000
0.034668 -0.948486 -0.239502 -2.379064 -1.647044 -1.098030 200057929595.000000
0.038330 -0.946533 -0.235107 -2.257061 -1.281035 -1.098030 200057931393.000000
0.038818 -0.945068 -0.241699 -2.623071 -1.647044 -1.037028 200057933191.000000
0.037842 -0.944580 -0.242188 -2.501068 -1.769048 -1.220033 200057934988.000000
0.038818 -0.937500 -0.236084 -2.379064 -1.159031 -1.281035 200057936785.000000
0.042725 -0.935791 -0.243408 -2.196059 -0.610016 -1.159031 200057938587.000000
0.048584 -0.936035 -0.244629 -2.318063 -0.793021 -1.159031 200057940391.000000
0.051270 -0.936768 -0.238281 -2.379064 -0.671018 -1.403038 200057942193.000000
0.058594 -0.936523 -0.234131 -1.891051 -0.732020 -1.464040 200057943995.000000
0.054443 -0.934326 -0.238770 -1.769048 -0.061002 -1.403038 200057945797.000000
0.055176 -0.930664 -0.234375 -1.464040 -0.061002 -1.464040 200057947601.000000
0.060791 -0.929443 -0.240967 -1.342036 0.122003 -1.525041 200057949399.000000
0.051758 -0.928467 -0.243408 -1.220033 0.244007 -1.159031 200057951196.000000
0.050781 -0.930908 -0.232178 -1.037028 0.183005 -1.159031 200057952993.000000
0.057617 -0.933105 -0.226074 -1.037028 0.427012 -1.464040 200057954791.000000
0.056641 -0.932861 -0.223633 -0.915025 0.610016 -1.464040 200057956589.000000
0.057129 -0.941162 -0.226074 -0.671018 0.488013 -1.220033 200057958391.000000
0.055664 -0.939209 -0.228516 -0.549015 0.488013 -1.647044 200057960194.000000
0.058105 -0.947998 -0.234863 -0.671018 0.793021 -2.013054 200057961997.000000
0.057861 -0.945557 -0.245117 -0.610016 0.793021 -1.830049 200057963799.000000
0.061523 -0.947998 -0.244629 -0.732020 1.037028 -2.074056 200057965601.000000
0.055664 -0.950684 -0.248535 -0.549015 1.464040 -2.318063 200057967407.000000
0.058838 -0.951416 -0.241211 -0.732020 1.159031 -2.257061 200057969211.000000
0.057373 -0.952393 -0.249268 -0.793021 1.220033 -2.318063 200057971014.000000
0.061035 -0.950195 -0.254883 -0.671018 1.342036 -2.318063 200057972816.000000
0.059570 -0.949951 -0.254395 -0.732020 1.647044 -2.318063 200057974621.000000
0.058350 -0.951904 -0.260498 -0.793021 1.464040 -2.257061 200057976423.000000
0.053467 -0.949463 -0.252197 -0.671018 1.281035 -2.196059 200057978231.000000
0.053955 -0.951904 -0.247559 -0.610016 1.098030 -2.318063 200057980041.000000
0.051025 -0.952148 -0.240723 -0.915025 0.854023 -2.074056 200057981843.000000
0.052734 -0.955566 -0.241455 -0.793021 0.793021 -2.013054 200057983644.000000
0.052002 -0.952637 -0.250000 -0.915025 1.037028 -1.769048 200057985448.000000
0.055420 -0.950928 -0.247314 -0.610016 0.732020 -1.708046 200057987257.000000
0.050537 -0.951416 -0.245361 -0.793021 0.488013 -1.830049 200057989060.000000
0.056152 -0.948486 -0.240967 -1.159031 0.427012 -1.769048 200057990862.000000
0.055908 -0.948486 -0.240234 -1.159031 0.122003 -1.647044 200057992664.000000
0.053467 -0.949707 -0.235840 -1.342036 0.244007 -1.647044 200057994466.000000
0.052979 -0.950684 -0.240479 -1.464040 0.183005 -1.647044 200057996267.000000
0.052490 -0.949463 -0.246826 -1.464040 0.244007 -1.769048 200057998073.000000
0.048828 -0.950928 -0.250244 -1.525041 -0.122003 -1.769048 200057999876.000000
0.051758 -0.947266 -0.247803 -1.647044 -0.183005 -1.830049 200058001681.000000
0.058105 -0.949951 -0.248779 -1.952053 -0.122003 -1.769048 200058003492.000000
0.059082 -0.949707 -0.252686 -2.135058 -0.549015 -1.769048 200058005296.000000
0.059082 -0.948242 -0.246338 -2.257061 -0.671018 -1.769048 200058007099.000000
0.058350 -0.948730 -0.239502 -1.952053 -0.793021 -1.525041 200058008907.000000
0.060303 -0.955322 -0.243652 -2.196059 -0.854023 -1.891051 200058010709.000000
0.063721 -0.957520 -0.247314 -2.257061 -0.915025 -1.525041 200058012512.000000
0.065186 -0.960205 -0.236328 -2.257061 -0.915025 -1.708046 200058014315.000000
0.069580 -0.960693 -0.239014 -2.318063 -1.037028 -1.769048 200058016120.000000
0.069580 -0.963623 -0.240967 -2.379064 -1.342036 -1.525041 200058017923.000000
0.071289 -0.962891 -0.238037 -2.196059 -1.037028 -1.708046 200058019726.000000
0.071533 -0.964355 -0.240479 -2.440066 -1.525041 -1.769048 200058021528.000000
0.071533 -0.966309 -0.240967 -2.440066 -1.647044 -1.891051 200058023330.000000
0.077881 -0.965820 -0.233398 -2.318063 -2.013054 -1.952053 200058025132.000000
0.082275 -0.968018 -0.243164 -2.135058 -1.708046 -1.952053 200058026934.000000
0.079834 -0.969238 -0.238037 -2.257061 -2.074056 -2.257061 200058028735.000000
0.078613 -0.969727 -0.236572 -2.379064 -2.196059 -2.074056 200058030533.000000
0.075928 -0.972656 -0.239502 -2.196059 -2.013054 -2.074056 200058032332.000000
0.076416 -0.971680 -0.244873 -2.379064 -2.257061 -2.257061 200058034129.000000
0.072510 -0.970703 -0.237305 -2.379064 -2.257061 -2.013054 200058035927.000000
0.072754 -0.968506 -0.232666 -2.135058 -2.135058 -1.891051 200058037728.000000
0.068115 -0.974854 -0.237793 -2.318063 -2.257061 -1.891051 200058039531.000000
0.074707 -0.972900 -0.244629 -2.379064 -2.135058 -1.891051 200058041332.000000
0.069580 -0.975586 -0.240723 -2.501068 -1.952053 -1.586043 200058043141.000000
0.069092 -0.963867 -0.247314 -2.623071 -2.257061 -1.342036 200058044946.000000
0.072021 -0.965576 -0.249023 -2.501068 -2.318063 -1.342036 200058046749.000000
0.075439 -0.971924 -0.242920 -2.562069 -1.891051 -1.342036 200058048549.000000
0.072754 -0.966797 -0.242432 -2.318063 -1.952053 -1.220033 200058050347.000000
0.069580 -0.968750 -0.238525 -2.257061 -1.952053 -1.281035 200058052153.000000
0.065430 -0.960693 -0.235352 -2.379064 -1.647044 -1.220033 200058053950.000000
0.068604 -0.958008 -0.238281 -2.379064 -1.647044 -1.159031 200058055748.000000
0.070557 -0.956299 -0.237061 -2.501068 -1.769048 -1.281035 200058057549.000000
0.066650 -0.957520 -0.240967 -2.501068 -1.342036 -1.220033 200058059353.000000
0.067871 -0.953125 -0.231934 -2.623071 -1.769048 -0.915025 200058061157.000000
0.069824 -0.949463 -0.247803 -2.440066 -1.769048 -1.037028 200058062959.000000
0.072021 -0.946289 -0.241943 -2.684072 -1.525041 -1.342036 200058064763.000000
0.067627 -0.946289 -0.237793 -2.684072 -1.830049 -0.976026 200058066565.000000
0.068604 -0.944092 -0.240967 -2.684072 -1.525041 -0.976026 200058068374.000000
0.070801 -0.942139 -0.242188 -2.623071 -1.708046 -1.098030 200058070176.000000
0.068359 -0.942383 -0.234619 -2.867077 -1.708046 -0.976026 200058071982.000000
0.068359 -0.941650 -0.236328 -3.050082 -1.525041 -1.281035 200058073784.000000
0.065186 -0.939697 -0.237793 -2.867077 -1.647044 -1.342036 200058075587.000000
0.066895 -0.941406 -0.236572 -2.989081 -1.891051 -1.342036 200058077393.000000
0.066895 -0.941406 -0.235840 -3.050082 -2.013054 -1.342036 200058079196.000000
0.065918 -0.944824 -0.231445 -3.233087 -1.769048 -1.281035 200058080997.000000
0.068359 -0.944580 -0.232666 -3.294089 -2.135058 -1.708046 200058082799.000000
0.067139 -0.946777 -0.232178 -3.050082 -2.379064 -1.708046 200058084602.000000
0.069092 -0.949463 -0.231201 -3.355091 -2.135058 -1.708046 200058086404.000000
0.066162 -0.950928 -0.232178 -3.599097 -2.196059 -1.830049 200058088209.000000
0.070557 -0.951172 -0.228271 -3.294089 -1.891051 -1.586043 200058090011.000000
0.071289 -0.951416 -0.221680 -3.477094 -2.013054 -1.647044 200058091812.000000
0.067871 -0.951660 -0.229980 -3.599097 -1.952053 -1.525041 200058093613.000000
0.066162 -0.954590 -0.227295 -3.660099 -1.891051 -0.976026 200058095414.000000
0.065430 -0.952393 -0.227783 -3.660099 -1.830049 -1.403038 200058097215.000000
0.068115 -0.957031 -0.228027 -3.904105 -1.708046 -1.098030 200058099024.000000
0.068848 -0.958496 -0.229004 -3.904105 -1.708046 -1.342036 200058100826.000000
0.069580 -0.959473 -0.228271 -3.782102 -1.464040 -1.220033 200058102628.000000
0.066406 -0.959717 -0.228516 -3.538096 -1.342036 -1.159031 200058104429.000000
0.067383 -0.960449 -0.225342 -3.477094 -1.586043 -1.159031 200058106234.000000
0.064697 -0.961182 -0.226807 -3.599097 -1.647044 -0.976026 200058108049.000000
0.063232 -0.960449 -0.223389 -3.538096 -1.769048 -0.976026 200058109853.000000
0.068848 -0.960938 -0.226807 -3.355091 -1.586043 -0.976026 200058111654.000000
0.067871 -0.965332 -0.221924 -3.050082 -1.708046 -1.037028 200058113457.000000
0.066650 -0.961670 -0.226563 -3.111084 -1.525041 -0.976026 200058115265.000000
0.061768 -0.966064 -0.228271 -3.111084 -1.403038 -1.037028 200058117068.000000
0.068115 -0.967773 -0.228271 -3.233087 -1.464040 -1.037028 200058118870.000000
0.062500 -0.967773 -0.227539 -2.928079 -1.708046 -0.976026 200058120671.000000
0.066895 -0.968750 -0.222900 -2.928079 -1.708046 -0.793021 200058122473.000000
0.068604 -0.965576 -0.225586 -2.562069 -1.586043 -0.976026 200058124279.000000
0.066895 -0.967041 -0.222168 -2.623071 -1.403038 -0.976026 200058126081.000000
0.065186 -0.967773 -0.221436 -2.257061 -1.403038 -0.366010 200058127886.000000
0.066162 -0.965820 -0.221191 -2.257061 -1.220033 -0.854023 200058129684.000000
0.066162 -0.967041 -0.218994 -2.135058 -0.976026 -0.732020 200058131483.000000
0.071045 -0.966797 -0.226318 -1.891051 -0.915025 -0.854023 200058133282.000000
0.071777 -0.963623 -0.226563 -1.708046 -1.159031 -0.610016 200058135079.000000
0.069336 -0.961914 -0.217041 -1.525041 -1.464040 -0.610016 200058136876.000000
0.065674 -0.962402 -0.216553 -1.586043 -0.976026 -0.915025 200058138677.000000
0.066406 -0.956787 -0.215820 -1.342036 -0.854023 -0.305008 200058140480.000000
0.061035 -0.956543 -0.216797 -1.220033 -1.098030 -0.305008 200058142282.000000
0.055420 -0.955322 -0.217529 -0.732020 -0.976026 -0.366010 200058144084.000000
0.055664 -0.952393 -0.223633 -1.098030 -0.732020 -0.305008 200058145885.000000
0.051025 -0.953369 -0.220215 -0.915025 -0.976026 -0.061002 200058147688.000000
0.052734 -0.952881 -0.210449 -0.732020 -1.220033 0.000000 200058149486.000000
0.048096 -0.950195 -0.205566 -0.488013 -1.342036 0.122003 200058151283.000000
0.044434 -0.955078 -0.219238 -0.427012 -1.220033 0.244007 200058153080.000000
0.042480 -0.953857 -0.217529 -0.427012 -0.854023 0.366010 200058154878.000000
0.040527 -0.951416 -0.231934 -0.915025 -0.610016 0.305008 200058156675.000000
0.040527 -0.948975 -0.235352 -1.159031 -0.610016 0.183005 200058158478.000000
0.047363 -0.948730 -0.235107 -1.220033 -0.427012 0.000000 200058160280.000000
0.053955 -0.947266 -0.232422 -1.342036 -0.610016 -0.427012 200058162082.000000
0.057129 -0.948730 -0.226807 -1.159031 -0.488013 -0.488013 200058163884.000000
0.056885 -0.946533 -0.217773 -1.098030 -1.159031 -0.427012 200058165687.000000
0.052979 -0.947754 -0.221924 -1.220033 -1.464040 -0.549015 200058167498.000000
0.054932 -0.943848 -0.227295 -1.281035 -1.769048 -0.671018 200058169304.000000
0.051270 -0.939453 -0.223389 -1.342036 -1.769048 -0.671018 200058171699.000000
0.044922 -0.945557 -0.217285 -1.464040 -1.891051 -0.671018 200058173529.000000
0.042725 -0.943359 -0.220703 -1.464040 -2.074056 -0.488013 200058175335.000000
0.041504 -0.947510 -0.217285 -1.525041 -1.586043 -0.061002 200058177137.000000
0.040039 -0.946289 -0.222900 -1.586043 -1.586043 -0.061002 200058178946.000000
0.038086 -0.943604 -0.233887 -1.281035 -1.342036 -0.244007 200058180749.000000
0.046875 -0.948486 -0.229004 -1.525041 -1.159031 -0.122003 200058182551.000000
0.050049 -0.947021 -0.229004 -1.525041 -1.037028 0.000000 200058184352.000000
0.055664 -0.945557 -0.225830 -1.464040 -1.281035 -0.061002 200058186153.000000
0.057617 -0.947021 -0.228027 -1.281035 -1.464040 -0.183005 200058187961.000000
0.047119 -0.944092 -0.227051 -1.342036 -1.159031 -0.183005 200058189765.000000
0.045410 -0.945801 -0.222412 -1.525041 -1.281035 -0.183005 200058191573.000000
0.047119 -0.946777 -0.234131 -1.891051 -1.220033 -0.122003 200058193374.000000
0.045166 -0.943115 -0.254150 -2.257061 -1.098030 -0.366010 200058195176.000000
0.050537 -0.943848 -0.259277 -2.684072 -0.427012 -0.305008 200058196979.000000
0.057129 -0.946533 -0.254883 -2.867077 -0.549015 -0.488013 200058198786.000000
0.059570 -0.944336 -0.244141 -2.928079 -0.061002 -0.854023 200058200589.000000
0.063477 -0.952148 -0.238525 -2.623071 -1.037028 -1.098030 200058202395.000000
0.065430 -0.955322 -0.242676 -2.501068 -1.159031 -1.159031 200058204197.000000
0.066650 -0.951904 -0.238525 -2.501068 -1.220033 -1.464040 200058205999.000000
0.060303 -0.954834 -0.236816 -2.379064 -1.403038 -1.220033 200058207804.000000
0.056152 -0.958008 -0.231445 -2.257061 -1.403038 -1.098030 200058209607.000000
0.054199 -0.963379 -0.226318 -1.952053 -1.586043 -0.976026 200058211410.000000
0.049805 -0.968506 -0.226563 -1.891051 -1.708046 -0.854023 200058213213.000000
0.050537 -0.966797 -0.232910 -1.769048 -2.074056 -0.671018 200058215016.000000
0.049072 -0.969238 -0.236084 -1.525041 -1.830049 -0.610016 200058216974.000000
0.052002 -0.964355 -0.246582 -2.074056 -1.586043 -0.366010 200058219894.000000
0.059082 -0.964355 -0.251465 -1.830049 -1.464040 -0.427012 200058222813.000000
0.069336 -0.958984 -0.236816 -1.525041 -1.647044 -0.793021 200058225728.000000
0.063232 -0.964600 -0.230225 -1.281035 -2.074056 -0.976026 200058228647.000000
0.059326 -0.955322 -0.232666 -1.037028 -2.440066 -0.915025 200058231556.000000
0.053223 -0.957764 -0.231934 -0.854023 -2.562069 -0.671018 200058234472.000000
0.048828 -0.955078 -0.229248 -0.427012 -2.806076 -0.366010 200058237403.000000
0.041748 -0.954102 -0.231445 -0.549015 -3.111084 -0.305008 200058240322.000000
0.043945 -0.953125 -0.226318 -0.244007 -3.782102 -0.427012 200058243237.000000
0.042236 -0.957764 -0.218262 0.183005 -3.416092 -0.366010 200058246153.000000
0.042480 -0.959229 -0.227051 0.305008 -3.599097 -0.671018 200058249067.000000
0.033691 -0.949951 -0.241943 0.305008 -3.111084 -0.366010 200058251975.000000
0.034180 -0.946533 -0.235352 0.610016 -3.355091 -0.183005 200058254883.000000
0.031250 -0.943848 -0.237061 0.793021 -3.538096 -0.305008 200058257799.000000
0.038086 -0.945801 -0.228516 0.793021 -4.270115 -0.305008 200058260718.000000
0.035889 -0.945557 -0.226563 0.854023 -4.209114 -0.488013 200058263633.000000
0.034912 -0.947998 -0.222900 0.671018 -4.514122 -0.366010 200058266558.000000
0.037354 -0.947510 -0.226807 0.610016 -4.270115 -0.488013 200058269485.000000
0.031982 -0.951416 -0.232178 0.976026 -4.026109 -0.488013 200058272401.000000
0.036377 -0.951172 -0.229248 0.671018 -4.026109 -0.671018 200058275323.000000
0.040527 -0.954102 -0.231445 0.732020 -3.965107 -0.915025 200058278247.000000
0.039551 -0.953613 -0.229248 0.793021 -3.904105 -0.732020 200058281168.000000
0.037354 -0.955566 -0.229248 0.305008 -3.477094 -0.732020 200058284085.000000
0.036377 -0.950439 -0.228760 0.549015 -2.867077 -0.793021 200058286999.000000
0.041504 -0.951660 -0.238525 0.122003 -2.928079 -0.793021 200058289924.000000
0.042725 -0.955322 -0.245361 -0.061002 -2.318063 -1.098030 200058292840.000000
0.039307 -0.957764 -0.235352 -0.122003 -1.830049 -0.976026 200058295758.000000
0.044678 -0.959717 -0.234863 0.122003 -2.074056 -1.098030 200058298677.000000
0.049072 -0.968018 -0.238770 -0.183005 -1.830049 -1.220033 200058301592.000000
0.048828 -0.968506 -0.234863 -0.183005 -1.708046 -1.281035 200058304509.000000
0.052490 -0.965332 -0.238770 0.000000 -1.586043 -1.403038 200058307431.000000
0.058105 -0.965576 -0.234619 -0.183005 -1.281035 -1.220033 200058310350.000000
0.056396 -0.959229 -0.240234 -0.305008 -0.854023 -1.098030 200058313272.000000
0.058105 -0.952637 -0.241455 -0.122003 -0.854023 -1.159031 200058316218.000000
0.061279 -0.955811 -0.239014 -0.122003 -0.366010 -0.976026 200058319134.000000
0.064697 -0.945557 -0.240234 -0.183005 0.000000 -1.037028 200058322051.000000
0.062988 -0.943604 -0.242432 -0.061002 0.000000 -0.976026 200058324968.000000
0.066650 -0.942383 -0.225586 0.000000 0.305008 -1.037028 200058327889.000000
0.066650 -0.936523 -0.226074 -0.244007 0.549015 -0.915025 200058330797.000000
0.064209 -0.940186 -0.233398 -0.061002 0.183005 -0.976026 200058333705.000000
0.062256 -0.936768 -0.229248 -0.122003 0.549015 -0.976026 200058336613.000000
0.057373 -0.938965 -0.228271 -0.061002 0.549015 -1.281035 200058339530.000000
0.056641 -0.945557 -0.229004 0.000000 0.610016 -1.220033 200058342446.000000
0.054932 -0.948486 -0.232666 0.183005 0.244007 -1.647044 200058345361.000000
0.057861 -0.954102 -0.230225 -0.122003 0.549015 -1.220033 200058348280.000000
0.051025 -0.958740 -0.224609 0.122003 0.366010 -1.647044 200058351189.000000
0.048828 -0.966553 -0.233643 0.305008 0.549015 -1.342036 200058354096.000000
0.051270 -0.961426 -0.229492 0.183005 0.000000 -1.403038 200058357004.000000
0.049805 -0.969727 -0.229248 0.427012 0.122003 -1.403038 200058359920.000000
0.043213 -0.967773 -0.227783 0.793021 -0.305008 -1.281035 200058362838.000000
0.045654 -0.972900 -0.232666 0.488013 -0.122003 -0.915025 200058365754.000000
0.043701 -0.967041 -0.223633 1.098030 -0.061002 -0.610016 200058368677.000000
0.045898 -0.965088 -0.227051 0.671018 -0.122003 -0.732020 200058371598.000000
0.047607 -0.961182 -0.223145 0.915025 -0.183005 -0.305008 200058374516.000000
0.044189 -0.962402 -0.222412 1.220033 -0.061002 -0.610016 200058377439.000000
0.046875 -0.963135 -0.223145 1.037028 -0.427012 -0.305008 200058380358.000000
0.042969 -0.955078 -0.218750 1.159031 -0.549015 0.000000 200058383274.000000
0.048584 -0.955322 -0.227539 1.403038 -0.305008 0.244007 200058386189.000000
0.048584 -0.955566 -0.227051 1.159031 -0.305008 0.061002 200058389130.000000
0.048828 -0.951904 -0.225098 1.098030 0.000000 0.061002 200058392045.000000
0.051758 -0.948975 -0.224854 0.976026 -0.488013 0.000000 200058394962.000000
0.056885 -0.942383 -0.224854 0.854023 -0.061002 -0.122003 200058397885.000000
0.054443 -0.948242 -0.234619 0.793021 0.122003 -0.183005 200058400803.000000
0.062988 -0.947998 -0.229980 0.854023 0.061002 -0.549015 200058403719.000000
0.060791 -0.945068 -0.235107 0.488013 0.061002 -0.732020 200058406634.000000
0.063232 -0.945313 -0.226807 0.732020 0.122003 -0.976026 200058409559.000000
0.063477 -0.949951 -0.233887 0.427012 0.305008 -0.976026 200058412475.000000
0.062500 -0.951172 -0.239502 0.244007 0.488013 -1.098030 200058415393.000000
0.062012 -0.950928 -0.233154 -0.122003 0.671018 -0.915025 200058418337.000000
0.064941 -0.951172 -0.233643 0.122003 0.610016 -1.342036 200058421270.000000
0.066406 -0.952148 -0.241455 -0.305008 0.976026 -1.037028 200058424186.000000
0.062012 -0.952881 -0.245605 -0.305008 1.098030 -1.159031 200058427117.000000
0.067383 -0.959961 -0.238037 -0.488013 0.915025 -1.220033 200058430032.000000
0.066895 -0.963867 -0.230957 -0.549015 1.037028 -1.159031 200058432939.000000
0.069824 -0.968506 -0.234375 -0.610016 1.159031 -1.098030 200058435846.000000
0.071533 -0.962158 -0.236328 -0.488013 0.732020 -1.098030 200058438807.000000
0.066650 -0.962891 -0.234863 -0.610016 0.793021 -1.098030 200058441726.000000
0.071777 -0.961182 -0.228760 -0.610016 1.098030 -0.854023 200058444641.000000
0.072266 -0.958984 -0.233643 -0.549015 0.915025 -0.488013 200058447560.000000
0.070557 -0.957764 -0.227051 -0.549015 0.854023 -0.366010 200058450469.000000
0.069336 -0.954102 -0.226563 -0.488013 0.915025 -0.305008 200058453380.000000
0.069580 -0.951660 -0.224365 -0.610016 1.281035 0.000000 200058456286.000000
0.068604 -0.952148 -0.226074 -0.244007 0.610016 0.061002 200058459203.000000
0.068604 -0.946289 -0.224121 -0.183005 0.793021 0.061002 200058462122.000000
0.067383 -0.944824 -0.218994 -0.366010 0.610016 0.183005 200058465038.000000
0.065430 -0.945313 -0.218994 -0.305008 0.549015 0.305008 200058467962.000000
0.069336 -0.945557 -0.218262 0.061002 0.549015 0.061002 200058470881.000000
0.063965 -0.951172 -0.215820 0.305008 0.427012 0.122003 200058478495.000000
0.054199 -0.951660 -0.216064 0.305008 0.366010 0.061002 200058481638.000000
0.061768 -0.953369 -0.223633 0.366010 -0.183005 0.000000 200058484567.000000
0.063477 -0.958008 -0.216064 0.061002 0.122003 -0.183005 200058487485.000000
0.065186 -0.959229 -0.219238 0.061002 -0.366010 -0.183005 200058490518.000000
0.070068 -0.963867 -0.230713 0.122003 -0.549015 -0.549015 200058493520.000000
0.067871 -0.968506 -0.226807 -0.183005 -0.488013 -0.366010 200058496458.000000
0.068604 -0.965820 -0.225342 0.122003 -0.610016 -0.427012 200058499372.000000
0.070313 -0.966309 -0.232910 0.122003 -1.098030 -0.427012 200058502295.000000
0.071045 -0.969971 -0.225342 -0.366010 -0.976026 -0.305008 200058505207.000000
0.069824 -0.968750 -0.228271 -0.183005 -0.671018 -0.061002 200058508124.000000
0.071289 -0.966797 -0.235107 -0.122003 -1.098030 -0.244007 200058511045.000000
0.074463 -0.964844 -0.234131 -0.305008 -0.549015 0.366010 200058513981.000000
0.072021 -0.963623 -0.232910 -0.183005 -1.037028 0.183005 200058516949.000000
0.069336 -0.959473 -0.223633 -0.366010 -1.159031 0.244007 200058519867.000000
0.073486 -0.956543 -0.233643 -0.488013 -0.976026 0.610016 200058522785.000000
0.071777 -0.950439 -0.230713 -0.427012 -1.037028 0.427012 200058525702.000000
0.076416 -0.950928 -0.231934 -0.610016 -0.915025 0.427012 200058528620.000000
0.077881 -0.950195 -0.233154 -0.793021 -0.732020 0.427012 200058531544.000000
0.075928 -0.951660 -0.228760 -0.671018 -0.427012 0.183005 200058534460.000000
0.070313 -0.947754 -0.238281 -0.854023 -0.244007 0.427012 200058537444.000000
0.075928 -0.947266 -0.236328 -0.671018 -0.488013 0.671018 200058540364.000000
0.071533 -0.950928 -0.234375 -0.854023 -0.061002 0.610016 200058543279.000000
0.070068 -0.949463 -0.237061 -0.976026 0.000000 0.549015 200058546189.000000
0.068359 -0.952637 -0.235107 -0.915025 0.366010 0.732020 200058549128.000000
0.062500 -0.955322 -0.240723 -0.732020 0.427012 0.793021 200058552048.000000
0.064453 -0.952148 -0.233398 -0.793021 0.427012 0.915025 200058554960.000000
0.063477 -0.949707 -0.235596 -0.976026 0.854023 0.915025 200058557879.000000
0.060303 -0.950195 -0.232422 -0.549015 0.732020 1.098030 200058560805.000000
0.063477 -0.946533 -0.239014 -0.793021 0.793021 1.220033 200058563733.000000
0.060791 -0.945801 -0.232178 -0.610016 0.915025 1.525041 200058566661.000000
0.055908 -0.946289 -0.232910 -0.610016 0.976026 1.708046 200058569583.000000
0.057861 -0.945801 -0.227051 -0.610016 1.037028 1.708046 200058572505.000000
0.057129 -0.948975 -0.239990 -0.732020 0.976026 2.013054 200058575430.000000
0.057129 -0.941650 -0.231934 -0.549015 1.220033 1.586043 200058578351.000000
0.062012 -0.945801 -0.222656 -0.793021 1.281035 1.891051 200058581290.000000
0.059082 -0.947021 -0.225586 -0.427012 1.281035 2.135058 200058584211.000000
0.061279 -0.948975 -0.225098 -0.305008 1.647044 2.074056 200058587131.000000
0.059814 -0.952393 -0.227539 -0.183005 1.647044 2.196059 200058590058.000000
0.058594 -0.957764 -0.223877 -0.305008 1.769048 2.074056 200058592980.000000
0.061279 -0.951660 -0.222900 -0.061002 1.647044 2.135058 200058595901.000000
0.065186 -0.953857 -0.221191 0.000000 1.952053 2.074056 200058598823.000000
0.058594 -0.957275 -0.221924 0.305008 1.952053 2.196059 200058601743.000000
0.058105 -0.955078 -0.231201 0.061002 2.379064 1.891051 200058604664.000000
0.058105 -0.950684 -0.219971 0.183005 2.318063 2.196059 200058607588.000000
0.056152 -0.958496 -0.233154 0.366010 2.196059 2.013054 200058610524.000000
0.057617 -0.956055 -0.226074 0.122003 2.684072 2.013054 200058613448.000000
0.056152 -0.953369 -0.223633 0.122003 2.318063 1.830049 200058616383.000000
0.056885 -0.951904 -0.220947 0.061002 2.440066 2.074056 200058619231.000000
0.054932 -0.955566 -0.223145 0.000000 2.013054 1.830049 200058621045.000000
0.055420 -0.957031 -0.219238 0.122003 2.379064 1.708046 200058622853.000000
0.053467 -0.958008 -0.231201 -0.122003 2.318063 1.708046 200058624658.000000
0.053955 -0.955078 -0.232178 -0.244007 1.891051 1.769048 200058626466.000000
0.051514 -0.955078 -0.233154 -0.244007 2.013054 1.891051 200058628270.000000
0.052246 -0.953857 -0.227295 -0.366010 1.891051 1.586043 200058630075.000000
0.050293 -0.952637 -0.230469 -0.427012 1.769048 1.342036 200058631874.000000
0.053711 -0.952881 -0.231689 -0.488013 1.952053 1.769048 200058633709.000000
0.053711 -0.953125 -0.236328 -0.488013 1.525041 1.525041 200058635657.000000
0.053467 -0.958008 -0.224609 -0.793021 1.403038 1.098030 200058637601.000000
0.052002 -0.957275 -0.225586 -0.976026 1.098030 1.220033 200058639506.000000
0.051514 -0.950439 -0.230713 -1.037028 0.915025 1.464040 200058641338.000000
0.052979 -0.957031 -0.235352 -1.159031 0.427012 1.159031 200058643165.000000
0.053711 -0.956543 -0.234619 -1.098030 0.244007 0.976026 200058644967.000000
0.054688 -0.955078 -0.229736 -1.281035 0.427012 1.037028 200058646769.000000
0.056396 -0.956543 -0.229736 -1.098030 -0.061002 1.037028 200058648571.000000
0.057129 -0.960449 -0.231201 -1.281035 0.061002 0.671018 200058650384.000000
0.056641 -0.958984 -0.236084 -1.159031 -0.122003 0.854023 200058652191.000000
0.056152 -0.958496 -0.236572 -1.159031 -0.366010 0.854023 200058653990.000000
0.053467 -0.962158 -0.221191 -1.159031 -0.305008 0.671018 200058655788.000000
0.050781 -0.959961 -0.235352 -1.220033 -0.305008 0.610016 200058657589.000000
0.053223 -0.964844 -0.239258 -1.220033 -0.732020 0.488013 200058659392.000000
0.054688 -0.958008 -0.228516 -1.342036 -0.793021 0.854023 200058661199.000000
0.052246 -0.960449 -0.224854 -1.098030 -0.976026 0.671018 200058663004.000000
0.052490 -0.963867 -0.229004 -0.915025 -1.220033 0.549015 200058664805.000000
0.054932 -0.965088 -0.225098 -1.098030 -1.342036 0.610016 200058666608.000000
0.055420 -0.963623 -0.228516 -0.976026 -1.342036 0.549015 200058668410.000000
0.055420 -0.967041 -0.224854 -0.915025 -1.525041 0.671018 200058670212.000000
0.054688 -0.967773 -0.216309 -0.915025 -1.464040 0.732020 200058672011.000000
0.055420 -0.962158 -0.218262 -0.915025 -1.830049 0.488013 200058673808.000000
0.053467 -0.963867 -0.224121 -0.793021 -1.647044 0.488013 200058675606.000000
0.053467 -0.961914 -0.221680 -0.671018 -2.013054 0.549015 200058677407.000000
0.053223 -0.959717 -0.219727 -0.732020 -2.135058 0.610016 200058679211.000000
0.052734 -0.958984 -0.218018 -0.549015 -2.074056 0.549015 200058681013.000000
0.055908 -0.956055 -0.222412 -0.366010 -2.013054 0.732020 200058682816.000000
0.055664 -0.956055 -0.224121 -0.305008 -2.318063 0.671018 200058684617.000000
0.053955 -0.957764 -0.221680 -0.305008 -2.562069 0.732020 200058686419.000000
0.052979 -0.958252 -0.219482 -0.488013 -2.745074 0.488013 200058688221.000000
0.055908 -0.952637 -0.222168 -0.549015 -2.684072 0.549015 200058690018.000000
0.054932 -0.955078 -0.216797 -0.488013 -2.928079 0.732020 200058691817.000000
0.059814 -0.953125 -0.208008 -0.488013 -2.562069 0.488013 200058693616.000000
0.059082 -0.954590 -0.216064 -0.732020 -3.050082 0.610016 200058695414.000000
0.059326 -0.949707 -0.213867 -0.610016 -3.172086 0.793021 200058697212.000000
0.059326 -0.951660 -0.214600 -0.488013 -3.233087 0.427012 200058699015.000000
0.059082 -0.951904 -0.213379 -0.305008 -3.294089 0.427012 200058700821.000000
0.060791 -0.946045 -0.215576 -0.610016 -2.989081 0.732020 200058702623.000000
0.060059 -0.945801 -0.218018 -0.305008 -3.050082 0.488013 200058704424.000000
0.058105 -0.949707 -0.215088 -0.793021 -2.867077 0.488013 200058706226.000000
0.064453 -0.948486 -0.212402 -0.976026 -2.867077 0.793021 200058708040.000000
0.058838 -0.945313 -0.216309 -0.732020 -2.928079 0.732020 200058709840.000000
0.064453 -0.950684 -0.219482 -0.671018 -2.806076 0.671018 200058711638.000000
0.065674 -0.950684 -0.225830 -0.915025 -2.867077 0.671018 200058713436.000000
0.063477 -0.947266 -0.223145 -1.098030 -2.928079 0.671018 200058715234.000000
0.060059 -0.947998 -0.221680 -0.732020 -2.745074 0.915025 200058717032.000000
0.057373 -0.949463 -0.218750 -0.915025 -2.501068 0.488013 200058718839.000000
0.062744 -0.947754 -0.222168 -1.098030 -2.745074 0.610016 200058720642.000000
0.060791 -0.948242 -0.223389 -0.793021 -2.989081 0.610016 200058722448.000000
0.059814 -0.950195 -0.215576 -0.915025 -3.111084 0.854023 200058724251.000000
0.053711 -0.950684 -0.223877 -0.854023 -3.111084 0.427012 200058726056.000000
0.059570 -0.951660 -0.227539 -0.854023 -2.989081 0.610016 200058727858.000000
0.056396 -0.956299 -0.221436 -1.037028 -2.867077 0.915025 200058729660.000000
0.054199 -0.954102 -0.226563 -1.281035 -2.867077 0.671018 200058731462.000000
0.059814 -0.956055 -0.238770 -1.220033 -2.806076 0.366010 200058733267.000000
0.061523 -0.958252 -0.234863 -1.342036 -2.867077 0.427012 200058735069.000000
0.063965 -0.955811 -0.229736 -1.525041 -3.172086 0.671018 200058736877.000000
0.068115 -0.955322 -0.238281 -0.976026 -2.684072 0.610016 200058738678.000000
0.066650 -0.957764 -0.231201 -0.854023 -3.233087 0.427012 200058740476.000000
0.056885 -0.958740 -0.220459 -0.732020 -3.782102 0.732020 200058742274.000000
0.053223 -0.960693 -0.223877 -0.915025 -3.782102 0.915025 200058744071.000000
0.048340 -0.960449 -0.231201 -0.549015 -3.782102 1.037028 200058745868.000000
0.045166 -0.961426 -0.250488 -0.793021 -3.294089 1.220033 200058747668.000000
0.050537 -0.959229 -0.256348 -0.976026 -2.867077 1.220033 200058749473.000000
0.054688 -0.957275 -0.258057 -1.342036 -2.562069 1.342036 200058751275.000000
0.063721 -0.958008 -0.240967 -1.403038 -3.111084 1.098030 200058753076.000000
0.069824 -0.960938 -0.237061 -1.342036 -3.355091 1.037028 200058754878.000000
0.069336 -0.956055 -0.231201 -1.220033 -3.538096 1.220033 200058756680.000000
0.064941 -0.954834 -0.234619 -1.159031 -3.721100 0.915025 200058758480.000000
0.062256 -0.958008 -0.244629 -0.793021 -4.026109 1.037028 200058760277.000000
0.054688 -0.957764 -0.245850 -0.793021 -4.148112 1.159031 200058762074.000000
0.054199 -0.953857 -0.237305 -0.915025 -4.087110 1.586043 200058763873.000000
0.054688 -0.958496 -0.236328 -1.037028 -3.538096 1.464040 200058765670.000000
0.057373 -0.961914 -0.232422 -0.854023 -3.782102 1.464040 200058767470.000000
0.056885 -0.961670 -0.228516 -0.854023 -3.599097 1.647044 200058769272.000000
0.061279 -0.963379 -0.232178 -0.976026 -3.721100 1.769048 200058771074.000000
0.058105 -0.961182 -0.225342 -0.793021 -3.660099 1.525041 200058772876.000000
0.059814 -0.962646 -0.224609 -0.976026 -3.355091 1.647044 200058774678.000000
0.063721 -0.962158 -0.230957 -0.976026 -3.233087 1.769048 200058776480.000000
0.064941 -0.958252 -0.228760 -0.976026 -3.172086 1.403038 200058778293.000000
0.063232 -0.957520 -0.224121 -0.976026 -2.989081 1.342036 200058780096.000000
0.064697 -0.957764 -0.229736 -1.159031 -2.745074 1.220033 200058781899.000000
0.062256 -0.961182 -0.228271 -1.159031 -2.928079 1.281035 200058783704.000000
0.061279 -0.952148 -0.220947 -1.220033 -2.318063 1.159031 200058785508.000000
0.060791 -0.956543 -0.221924 -1.464040 -2.684072 1.342036 200058787311.000000
0.054932 -0.949463 -0.217773 -1.281035 -2.623071 1.037028 200058789134.000000
0.055664 -0.951172 -0.226318 -1.525041 -2.257061 1.159031 200058790935.000000
0.053955 -0.952881 -0.228027 -1.098030 -1.952053 1.403038 200058792737.000000
0.055176 -0.953613 -0.224121 -1.464040 -2.135058 1.342036 200058794538.000000
0.051758 -0.949951 -0.223389 -1.525041 -1.708046 1.037028 200058796343.000000
0.054443 -0.947754 -0.224854 -1.403038 -1.830049 0.976026 200058798149.000000
0.050781 -0.950439 -0.215576 -1.220033 -1.891051 1.098030 200058799953.000000
0.045654 -0.950928 -0.221436 -1.525041 -1.708046 1.098030 200058801755.000000
0.045410 -0.948242 -0.220947 -1.525041 -1.464040 1.098030 200058803557.000000
0.044434 -0.948975 -0.228516 -1.708046 -1.464040 0.976026 200058805360.000000
0.047607 -0.947998 -0.229492 -1.525041 -1.159031 0.915025 200058807161.000000
0.047607 -0.946533 -0.225342 -1.830049 -0.854023 0.854023 200058808969.000000
0.049561 -0.947021 -0.226074 -1.403038 -0.793021 0.732020 200058810771.000000
0.049316 -0.947021 -0.224365 -1.403038 -1.037028 0.366010 200058812573.000000
0.043701 -0.946777 -0.221680 -1.403038 -1.159031 0.305008 200058814375.000000
0.047607 -0.948730 -0.215576 -1.098030 -1.159031 0.427012 200058816177.000000
0.040771 -0.949463 -0.221680 -1.098030 -1.159031 0.305008 200058817978.000000
0.037598 -0.949951 -0.222900 -0.915025 -1.220033 0.305008 200058819782.000000
0.041016 -0.950195 -0.221191 -0.732020 -1.037028 0.122003 200058821585.000000
0.037598 -0.952881 -0.218506 -0.732020 -0.976026 0.427012 200058823386.000000
0.039307 -0.955811 -0.220215 -0.488013 -1.098030 0.549015 200058825187.000000
0.034912 -0.957275 -0.220459 -0.549015 -0.854023 0.366010 200058826989.000000
0.033936 -0.956787 -0.219238 -0.488013 -0.915025 0.244007 200058828790.000000
0.039063 -0.958008 -0.219727 -0.366010 -1.098030 0.549015 200058830588.000000
0.040527 -0.958984 -0.218750 -0.244007 -0.793021 0.366010 200058832385.000000
0.039307 -0.958008 -0.219971 -0.183005 -0.976026 0.610016 200058834183.000000
0.037598 -0.957764 -0.218018 -0.122003 -0.854023 0.549015 200058835981.000000
0.042725 -0.958008 -0.225098 -0.183005 -0.732020 0.732020 200058837781.000000
0.045654 -0.959229 -0.224854 -0.305008 -0.915025 0.671018 200058839584.000000
0.043701 -0.963135 -0.224609 -0.244007 -0.671018 0.854023 200058841385.000000
0.042969 -0.955811 -0.216553 -0.610016 -0.732020 0.732020 200058843190.000000
0.046387 -0.960205 -0.222412 -0.305008 -0.610016 0.793021 200058844994.000000
0.049561 -0.958252 -0.223145 -0.244007 -0.427012 0.793021 200058846798.000000
0.047852 -0.954590 -0.221436 -0.610016 -0.671018 0.854023 200058848600.000000
0.050781 -0.955566 -0.221191 -0.488013 -0.244007 0.549015 200058850407.000000
0.049316 -0.957520 -0.223389 -0.549015 -0.122003 0.671018 200058852205.000000
0.050781 -0.957275 -0.226074 -0.732020 -0.122003 0.793021 200058854005.000000
0.053711 -0.957520 -0.222656 -0.976026 -0.366010 0.549015 200058855803.000000
0.053223 -0.959229 -0.215820 -0.976026 -0.061002 0.427012 200058857606.000000
0.053223 -0.955566 -0.220459 -1.098030 -0.061002 0.427012 200058859409.000000
0.056396 -0.956299 -0.225830 -1.220033 0.183005 0.671018 200058861212.000000
0.056396 -0.959473 -0.220459 -1.403038 -0.366010 0.488013 200058863013.000000
0.059570 -0.954590 -0.227295 -1.464040 -0.244007 0.427012 200058864815.000000
0.058838 -0.953125 -0.226807 -1.586043 -0.122003 0.427012 200058866616.000000
0.055420 -0.958984 -0.222900 -1.769048 -0.122003 0.305008 200058868425.000000
0.061035 -0.954590 -0.221436 -2.013054 -0.549015 0.183005 200058870227.000000
0.065186 -0.953613 -0.222168 -2.074056 -0.549015 0.122003 200058872028.000000
0.061035 -0.955078 -0.227295 -2.196059 -0.732020 0.000000 200058873829.000000
0.060791 -0.953369 -0.229492 -2.074056 -0.549015 -0.061002 200058875632.000000
0.061279 -0.952637 -0.227783 -2.257061 -0.671018 -0.183005 200058877438.000000
0.062500 -0.954834 -0.233398 -2.379064 -0.915025 -0.366010 200058879241.000000
0.059082 -0.956787 -0.233643 -2.318063 -1.159031 -0.427012 200058881042.000000
0.062744 -0.954590 -0.223877 -2.501068 -1.342036 -0.488013 200058882845.000000
