-0.364990 -0.916748 -0.104492 3.233087 31.903861 23.241628 173558478909.000000
-0.371826 -0.918213 -0.103760 3.843104 33.977917 24.888672 173558480707.000000
-0.369873 -0.930664 -0.090332 4.270115 36.295980 26.657720 173558482504.000000
-0.371582 -0.936523 -0.084961 4.575124 37.882023 28.243763 173558484302.000000
-0.366699 -0.945557 -0.084229 5.307143 40.017080 29.097786 173558486099.000000
-0.372070 -0.951416 -0.085938 5.917160 42.152138 30.134814 173558487901.000000
-0.377686 -0.950195 -0.088623 6.283170 43.799183 31.415848 173558489705.000000
-0.383545 -0.952393 -0.093262 6.893186 45.873239 32.513878 173558491508.000000
-0.391846 -0.951172 -0.093994 7.381199 47.520283 33.611908 173558493309.000000
-0.401611 -0.952393 -0.088379 7.747209 49.106326 34.892942 173558495107.000000
-0.415283 -0.958496 -0.084473 8.052217 50.448362 36.112975 173558496907.000000
-0.421387 -0.954834 -0.085938 8.662234 51.912402 37.272006 173558498708.000000
-0.422607 -0.955566 -0.093506 9.211249 53.193436 38.553041 173558500506.000000
-0.439209 -0.957764 -0.097900 9.272250 54.230464 39.834076 173558502304.000000
-0.450195 -0.957520 -0.096191 9.516257 55.145489 41.054108 173558504100.000000
-0.454590 -0.955566 -0.099854 9.821265 55.755505 42.274141 173558505898.000000
-0.455078 -0.955566 -0.103516 9.821265 56.365522 43.494174 173558507701.000000
-0.461914 -0.961670 -0.113525 9.821265 56.853535 44.287196 173558509500.000000
-0.468506 -0.955322 -0.110107 9.699262 57.158543 45.263222 173558511298.000000
-0.478760 -0.957275 -0.109131 9.699262 57.463552 46.422253 173558513095.000000
-0.495117 -0.960693 -0.106934 10.187275 57.768560 47.215275 173558514893.000000
-0.502930 -0.960938 -0.111328 9.943268 57.097542 48.313304 173558516716.000000
-0.512451 -0.963623 -0.110596 10.065272 56.670530 49.350332 173558518514.000000
-0.526611 -0.963135 -0.104492 10.370280 56.365522 50.143354 173558520312.000000
-0.535645 -0.965088 -0.102051 10.492283 55.999512 51.302385 173558522110.000000
-0.545654 -0.963135 -0.108887 10.614287 55.389496 52.217410 173558523907.000000
-0.553955 -0.961182 -0.111328 10.553285 55.145489 53.315440 173558525705.000000
-0.561279 -0.964355 -0.104980 10.492283 54.474471 54.779479 173558527509.000000
-0.573730 -0.960205 -0.105225 10.614287 53.742451 55.877509 173558529313.000000
-0.577148 -0.962402 -0.115234 10.675288 53.193436 56.853535 173558531111.000000
-0.576904 -0.960693 -0.111084 10.797292 52.522418 57.951565 173558532909.000000
-0.575439 -0.961182 -0.110840 10.797292 52.339413 58.988593 173558534706.000000
-0.581787 -0.960938 -0.115479 10.919295 52.034405 60.025621 173558536506.000000
-0.588379 -0.957764 -0.111328 10.858293 51.607393 61.062649 173558538315.000000
-0.595703 -0.963623 -0.106934 11.285305 51.180382 62.099677 173558540119.000000
-0.602051 -0.962158 -0.110840 11.529311 50.875374 63.502715 173558541923.000000
-0.604248 -0.960449 -0.107178 11.651315 50.875374 65.088757 173558543724.000000
-0.607910 -0.963623 -0.108887 11.895321 50.326359 66.125785 173558545526.000000
-0.613525 -0.965088 -0.102783 12.444336 50.448362 67.345818 173558547333.000000
-0.621582 -0.962891 -0.113525 12.322333 50.448362 69.114866 173558549131.000000
-0.623291 -0.970459 -0.116211 12.444336 50.570365 70.273897 173558550932.000000
-0.624023 -0.970459 -0.118896 12.444336 50.814372 71.310925 173558552734.000000
-0.624512 -0.966797 -0.130371 12.261331 51.119380 72.774965 173558554537.000000
-0.627930 -0.965332 -0.135986 12.200329 51.363387 74.117001 173558556337.000000
-0.633545 -0.966064 -0.142578 12.200329 51.363387 75.642042 173558558151.000000
-0.637695 -0.959961 -0.151611 12.200329 51.973403 77.289087 173558559952.000000
-0.652344 -0.959717 -0.149170 11.712316 52.217410 79.119136 173558561754.000000
-0.659668 -0.958008 -0.148682 12.017324 52.644421 81.193192 173558563555.000000
-0.664551 -0.959229 -0.148438 12.078326 53.071433 83.206247 173558565355.000000
-0.669922 -0.958740 -0.152588 11.956323 53.193436 85.219301 173558567161.000000
-0.668457 -0.963867 -0.154053 11.895321 53.315440 86.866345 173558568960.000000
-0.669189 -0.967285 -0.165039 11.773318 53.254438 88.330385 173558570762.000000
-0.674316 -0.968750 -0.166504 11.468310 53.071433 89.855426 173558572563.000000
-0.687012 -0.962891 -0.159668 11.041298 52.827426 91.563472 173558574364.000000
-0.697998 -0.956055 -0.170410 10.858293 52.583420 93.027512 173558576165.000000
-0.718994 -0.956543 -0.176514 10.675288 51.790398 94.735558 173558577970.000000
-0.734131 -0.951660 -0.175293 10.309278 50.570365 96.504606 173558579775.000000
-0.741211 -0.951172 -0.176025 10.126273 50.021351 97.846642 173558581577.000000
-0.756592 -0.946533 -0.178711 9.272250 48.801318 99.981700 173558583382.000000
-0.771729 -0.940430 -0.189209 8.723236 47.276276 101.628744 173558585184.000000
-0.784668 -0.941162 -0.192627 8.052217 45.873239 103.397792 173558586989.000000
-0.798828 -0.943604 -0.203857 7.137193 44.104191 105.654853 173558588787.000000
-0.803955 -0.942871 -0.197266 6.771183 42.396145 107.362899 173558590684.000000
-0.812744 -0.944336 -0.199707 5.795156 40.627097 109.070945 173558592483.000000
-0.815430 -0.949707 -0.201172 4.331117 38.553041 111.389008 173558594282.000000
-0.819824 -0.952637 -0.201904 3.721100 36.661990 112.792045 173558596080.000000
-0.827881 -0.953613 -0.208740 2.623071 34.770939 114.744098 173558597881.000000
-0.836426 -0.951660 -0.209961 2.379064 33.489904 116.757152 173558599680.000000
-0.855713 -0.952637 -0.202148 1.586043 31.903861 118.770207 173558601481.000000
-0.866455 -0.959473 -0.208984 0.671018 30.439822 121.027268 173558603279.000000
-0.864014 -0.960205 -0.201172 0.122003 28.914781 122.979320 173558605079.000000
-0.866211 -0.967041 -0.196777 -0.244007 27.816751 124.748368 173558606877.000000
-0.868652 -0.968262 -0.197754 -0.305008 27.267736 127.066431 173558608676.000000
-0.867188 -0.968262 -0.208252 -1.037028 26.230708 128.957482 173558610475.000000
-0.861572 -0.966309 -0.215088 -1.891051 25.559690 130.848533 173558612273.000000
-0.864258 -0.964844 -0.211426 -2.196059 25.071677 132.861587 173558614070.000000
-0.865234 -0.975586 -0.203613 -2.257061 24.766669 134.874642 173558615867.000000
-0.866455 -0.974365 -0.203613 -2.379064 24.400659 136.643689 173558617665.000000
-0.874512 -0.972900 -0.198486 -2.562069 23.973647 138.473739 173558619463.000000
-0.871094 -0.969238 -0.208008 -3.111084 23.668639 139.998780 173558621260.000000
-0.877197 -0.972900 -0.206299 -3.050082 23.363631 142.133838 173558623059.000000
-0.883789 -0.972656 -0.204102 -2.928079 23.302629 143.902885 173558624857.000000
-0.885254 -0.969727 -0.198486 -3.050082 22.997621 145.671933 173558626654.000000
-0.892334 -0.969238 -0.202637 -3.355091 22.814616 147.318978 173558628475.000000
-0.897461 -0.968262 -0.202393 -3.599097 22.936619 149.271030 173558630273.000000
-0.906982 -0.966064 -0.213135 -3.782102 22.692613 151.223083 173558632070.000000
-0.922607 -0.966309 -0.205322 -3.843104 22.204600 152.931129 173558633871.000000
-0.925537 -0.966064 -0.207764 -3.843104 22.143598 154.761179 173558635670.000000
-0.931641 -0.971436 -0.202148 -3.965107 22.021595 156.408223 173558637471.000000
-0.938477 -0.965820 -0.205322 -4.026109 21.472580 158.055267 173558639272.000000
-0.946045 -0.967041 -0.198730 -3.965107 21.045568 159.946319 173558641074.000000
-0.959229 -0.967041 -0.198975 -3.843104 20.801562 161.410358 173558642876.000000
-0.960205 -0.965088 -0.198730 -3.660099 20.496553 163.423412 173558644677.000000
-0.967773 -0.965332 -0.201904 -3.660099 20.008540 164.887452 173558646478.000000
-0.976074 -0.963135 -0.203857 -3.660099 19.581529 166.717501 173558648281.000000
-0.977539 -0.963135 -0.198486 -3.477094 19.337522 168.303544 173558650083.000000
-0.983398 -0.962402 -0.204102 -2.928079 19.032514 169.950589 173558651885.000000
-0.987793 -0.961426 -0.208740 -3.477094 18.605502 171.902641 173558653686.000000
-0.993896 -0.963379 -0.209229 -2.867077 18.239492 173.427683 173558655490.000000
-0.994385 -0.956055 -0.219727 -2.867077 18.422497 175.135729 173558657304.000000
-0.994873 -0.953125 -0.229980 -3.660099 18.422497 177.209785 173558659104.000000
-0.996826 -0.946045 -0.236572 -3.904105 18.239492 179.100836 173558660905.000000
-1.000244 -0.943848 -0.236572 -4.331117 18.178491 180.991887 173558662706.000000
-0.996582 -0.942383 -0.232666 -4.514122 17.995486 182.821936 173558664506.000000
-0.999268 -0.939453 -0.247314 -4.758128 18.117489 184.590984 173558666316.000000
-1.005859 -0.935303 -0.252930 -5.490148 18.117489 186.421033 173558668119.000000
-1.009277 -0.934814 -0.259766 -5.734155 17.873483 188.373086 173558669920.000000
-1.011230 -0.930664 -0.267334 -5.734155 17.995486 190.325139 173558671721.000000
-1.018799 -0.928223 -0.273682 -6.100165 17.751479 192.033185 173558673523.000000
-1.025879 -0.921631 -0.280273 -6.283170 17.507473 193.863234 173558675323.000000
-1.031982 -0.916992 -0.290771 -6.649180 17.263466 195.876289 173558677132.000000
-1.040527 -0.913330 -0.302246 -7.015189 16.836455 197.279327 173558678931.000000
-1.041992 -0.910400 -0.301025 -7.503203 16.775453 199.109376 173558680733.000000
-1.052979 -0.912109 -0.312256 -7.991216 15.860428 200.878424 173558682534.000000
-1.063477 -0.905518 -0.317383 -8.662234 14.945404 202.403465 173558684334.000000
-1.076660 -0.898682 -0.326172 -8.967242 13.908376 203.989508 173558686135.000000
-1.089111 -0.901367 -0.338135 -9.577259 12.261331 205.514549 173558687942.000000
-1.096436 -0.900635 -0.339111 -10.492283 9.089245 206.917587 173558689744.000000
-1.089355 -0.892822 -0.339111 -11.895321 6.100165 208.564631 173558691546.000000
-1.024414 -0.908447 -0.363281 -12.810346 6.222168 209.906667 173558693349.000000
-1.159668 -0.890625 -0.350342 -11.163301 5.307143 212.102727 173558695147.000000
-1.186279 -0.888672 -0.335938 -9.577259 4.453120 214.237784 173558696945.000000
-1.183105 -0.878906 -0.362305 -10.919295 2.806076 215.640822 173558698745.000000
-1.181641 -0.880371 -0.388672 -14.091380 -0.549015 216.006832 173558700543.000000
-1.178955 -0.881104 -0.383057 -16.470445 -3.294089 216.372842 173558702340.000000
-1.192139 -0.880615 -0.380615 -16.714451 -6.405173 217.043860 173558704138.000000
-1.213379 -0.883545 -0.375000 -17.019460 -9.333252 217.836882 173558705937.000000
-1.225830 -0.882813 -0.374023 -17.324468 -12.627341 218.873910 173558707736.000000
-1.236328 -0.875000 -0.386230 -18.971512 -16.409443 219.910938 173558709534.000000
-1.252441 -0.871826 -0.404541 -20.740560 -19.947539 220.886964 173558711331.000000
-1.268066 -0.868164 -0.401611 -21.045568 -23.607637 222.290002 173558713132.000000
-1.281738 -0.866943 -0.397217 -21.045568 -27.328738 223.388031 173558714929.000000
-1.283691 -0.866211 -0.395508 -21.472580 -30.561825 224.547063 173558716727.000000
-1.286621 -0.865479 -0.405029 -22.509608 -34.282926 225.462087 173558718530.000000
-1.286865 -0.864502 -0.417236 -23.424632 -37.760020 226.255109 173558720327.000000
-1.294922 -0.869629 -0.405762 -24.339657 -41.542122 227.292137 173558722125.000000
-1.301514 -0.865234 -0.398438 -24.522662 -44.897212 227.963155 173558723923.000000
-1.302979 -0.865723 -0.399658 -24.949674 -47.947295 228.939181 173558725720.000000
-1.308105 -0.865234 -0.405518 -26.047703 -51.363387 229.671201 173558727522.000000
-1.305664 -0.863525 -0.404297 -26.962728 -54.291466 230.403221 173558729321.000000
-1.303223 -0.863525 -0.409180 -27.755749 -57.463552 231.318246 173558731119.000000
-1.304443 -0.863037 -0.402344 -28.243763 -59.720612 232.599280 173558732917.000000
-1.303223 -0.864746 -0.400146 -28.792777 -62.099677 233.270298 173558734718.000000
-1.299072 -0.861084 -0.404785 -29.341792 -64.539743 234.124321 173558736520.000000
-1.288818 -0.853760 -0.413574 -30.561825 -66.613799 235.039346 173558738329.000000
-1.285889 -0.857666 -0.421143 -31.415848 -68.321845 236.259379 173558740132.000000
-1.291016 -0.860596 -0.410400 -31.354847 -70.090892 237.479412 173558741933.000000
-1.292236 -0.863525 -0.408691 -31.415848 -71.493930 238.455438 173558743734.000000
-1.289551 -0.860596 -0.408936 -31.903861 -72.957970 239.797475 173558745536.000000
-1.290771 -0.863037 -0.410400 -31.964863 -74.178003 240.773501 173558747341.000000
-1.283691 -0.863037 -0.414063 -32.269871 -75.154029 242.054535 173558749146.000000
-1.278809 -0.862549 -0.404053 -32.086866 -75.764046 243.152565 173558750947.000000
-1.270264 -0.861816 -0.412109 -32.391875 -76.740072 244.799610 173558752748.000000
-1.266113 -0.863037 -0.416016 -32.452876 -77.289087 245.592631 173558754549.000000
-1.262207 -0.866699 -0.416504 -32.757884 -77.594095 246.690661 173558756351.000000
-1.261719 -0.858154 -0.418945 -33.062893 -78.509120 248.276703 173558758159.000000
-1.265381 -0.859375 -0.412354 -33.367901 -78.936131 249.374733 173558759960.000000
-1.265137 -0.851563 -0.410156 -33.489904 -79.302141 250.777771 173558761762.000000
-1.268799 -0.849365 -0.404541 -33.855914 -79.607149 251.997804 173558763564.000000
-1.269043 -0.849854 -0.403809 -34.099921 -79.973159 253.583847 173558765364.000000
-1.269287 -0.845947 -0.409912 -34.221924 -80.339169 255.047886 173558767168.000000
-1.266602 -0.837891 -0.411377 -34.587934 -80.461172 256.145916 173558768966.000000
-1.273193 -0.827881 -0.406494 -35.014945 -80.156164 257.670957 173558770767.000000
-1.271729 -0.823730 -0.405029 -35.441957 -79.912158 259.257000 173558772568.000000
-1.270508 -0.818848 -0.418457 -36.051973 -80.217166 260.416031 173558774370.000000
-1.269287 -0.811523 -0.424072 -36.539987 -79.912158 261.941072 173558776171.000000
-1.273682 -0.811035 -0.419922 -37.150003 -79.790154 263.283109 173558777976.000000
-1.278564 -0.801514 -0.423584 -37.455011 -79.912158 264.747148 173558779780.000000
-1.282471 -0.802490 -0.427246 -37.943024 -79.851156 265.784176 173558781582.000000
-1.278320 -0.798828 -0.413086 -38.614043 -80.034161 267.187214 173558783383.000000
-1.281494 -0.794189 -0.416504 -38.492039 -80.278168 268.590252 173558785184.000000
-1.287598 -0.786621 -0.413818 -39.102056 -80.156164 269.993290 173558786993.000000
-1.289795 -0.784912 -0.412109 -39.163057 -80.339169 270.847313 173558788791.000000
-1.290771 -0.779053 -0.414795 -39.773074 -80.339169 272.311352 173558790591.000000
-1.290039 -0.777344 -0.407959 -39.895077 -80.400171 273.348380 173558792394.000000
-1.293701 -0.769775 -0.410645 -40.383090 -80.766181 274.446410 173558794200.000000
-1.293701 -0.758545 -0.418701 -40.932105 -80.522174 275.361435 173558795998.000000
-1.295898 -0.752441 -0.416016 -41.359117 -80.217166 276.459464 173558797796.000000
-1.298584 -0.747803 -0.417725 -42.396145 -80.583176 277.740499 173558799595.000000
-1.309570 -0.742676 -0.423584 -42.884158 -80.644177 278.899530 173558801395.000000
-1.323730 -0.731445 -0.429443 -43.738181 -80.705179 280.119563 173558803192.000000
-1.325195 -0.725098 -0.431641 -44.470201 -80.888184 281.095590 173558804990.000000
-1.338623 -0.723877 -0.436279 -45.263222 -81.193192 282.132618 173558806787.000000
-1.343018 -0.724121 -0.436035 -46.056244 -81.742207 283.718660 173558808585.000000
-1.347412 -0.718750 -0.441162 -46.727262 -82.596230 284.328677 173558810388.000000
-1.357666 -0.717041 -0.441406 -47.642286 -83.389252 285.426707 173558812186.000000
-1.361328 -0.717529 -0.438232 -48.496309 -84.731288 286.524736 173558813983.000000
-1.369873 -0.714844 -0.436279 -48.984323 -85.707314 286.890746 173558815780.000000
-1.372314 -0.710449 -0.434570 -49.472336 -87.171354 287.866772 173558817596.000000
-1.376709 -0.706787 -0.437744 -50.387360 -88.635393 288.720795 173558819395.000000
-1.385010 -0.701416 -0.437500 -50.875374 -90.282438 289.513817 173558821193.000000
-1.388916 -0.689453 -0.443359 -51.485390 -91.319466 290.184835 173558822990.000000
-1.397949 -0.687744 -0.443848 -52.095407 -92.905508 290.672848 173558824788.000000
-1.402588 -0.683838 -0.443115 -52.949430 -94.796560 291.099860 173558826586.000000
-1.408203 -0.671387 -0.439941 -53.742451 -96.687611 291.953883 173558828385.000000
-1.415283 -0.664307 -0.446533 -54.779479 -98.517660 292.563899 173558830183.000000
-1.424316 -0.654541 -0.446289 -55.877509 -100.835723 293.356921 173558831981.000000
-1.433350 -0.652832 -0.444336 -56.609528 -102.970780 293.661929 173558833780.000000
-1.437500 -0.646240 -0.439209 -57.341548 -105.654853 294.210944 173558835577.000000
-1.440674 -0.646729 -0.441162 -57.829561 -108.460928 294.820960 173558837378.000000
-1.447021 -0.638428 -0.446045 -59.232599 -111.145001 295.308973 173558839183.000000
-1.438232 -0.630615 -0.448486 -60.269627 -114.317087 295.857988 173558840984.000000
-1.425049 -0.635010 -0.435303 -60.696639 -116.757152 296.346001 173558842786.000000
-1.441895 -0.628418 -0.427979 -60.879644 -118.892210 296.895016 173558844589.000000
-1.463135 -0.618408 -0.433350 -61.062649 -121.027268 296.956018 173558846391.000000
-1.463135 -0.605713 -0.441162 -62.404685 -123.772342 297.139023 173558848194.000000
-1.454590 -0.598877 -0.438965 -64.112731 -126.578418 297.444031 173558849995.000000
-1.443848 -0.593506 -0.430176 -65.088757 -129.201488 297.261026 173558851796.000000
-1.445068 -0.588623 -0.428467 -65.759776 -131.763558 297.322028 173558853598.000000
-1.441650 -0.580566 -0.415771 -65.759776 -134.935643 297.871043 173558855398.000000
-1.433594 -0.571777 -0.407227 -66.552797 -137.558714 297.627036 173558857204.000000
-1.434326 -0.562744 -0.407959 -67.833832 -140.669798 297.566034 173558859003.000000
-1.428711 -0.549805 -0.401367 -68.626853 -143.719880 297.688038 173558860805.000000
-1.427734 -0.545898 -0.392578 -69.480876 -146.159946 297.810041 173558862606.000000
-1.430420 -0.536377 -0.378174 -69.602879 -148.966022 297.871043 173558864407.000000
-1.428223 -0.521729 -0.371094 -70.212896 -151.711096 297.871043 173558866216.000000
-1.426758 -0.505127 -0.368408 -71.249924 -154.395169 297.627036 173558868019.000000
-1.431641 -0.492920 -0.359863 -72.164948 -156.530226 297.505033 173558869820.000000
-1.435791 -0.483643 -0.354004 -73.079973 -159.153297 297.566034 173558871621.000000
-1.437988 -0.471924 -0.346436 -73.750991 -161.410358 297.505033 173558873428.000000
-1.441650 -0.461182 -0.342773 -74.239004 -163.606417 297.505033 173558875230.000000
-1.436035 -0.451416 -0.335938 -75.581041 -166.229488 297.566034 173558877035.000000
-1.438965 -0.436768 -0.335449 -76.679070 -168.913561 297.505033 173558878834.000000
-1.432129 -0.433838 -0.327881 -77.350088 -171.475630 297.200024 173558880636.000000
-1.425781 -0.427246 -0.313965 -78.143110 -173.976697 297.444031 173558882437.000000
-1.414795 -0.425537 -0.300293 -78.936131 -176.782773 297.139023 173558884237.000000
-1.396973 -0.423340 -0.289063 -79.729153 -179.588849 296.773013 173558886041.000000
-1.385742 -0.420410 -0.269775 -79.912158 -182.394925 296.285000 173558887847.000000
-1.382568 -0.417725 -0.261230 -79.790154 -185.078997 296.162996 173558889650.000000
-1.377441 -0.416016 -0.246582 -79.668151 -187.580065 295.857988 173558891451.000000
-1.363037 -0.406494 -0.230713 -80.095163 -190.203135 295.064967 173558893249.000000
-1.344482 -0.398926 -0.225098 -79.912158 -192.338193 294.942963 173558895047.000000
-1.329834 -0.388672 -0.212158 -80.095163 -194.290246 294.698957 173558896845.000000
-1.326172 -0.381836 -0.203613 -79.790154 -196.181297 294.210944 173558898654.000000
-1.312988 -0.367432 -0.191162 -79.607149 -197.462331 294.271945 173558900455.000000
-1.303711 -0.353516 -0.191650 -79.546148 -199.414384 294.027939 173558902254.000000
-1.294922 -0.342041 -0.186279 -80.034161 -200.573415 294.088940 173558904053.000000
-1.281006 -0.331299 -0.177246 -80.217166 -201.549442 294.210944 173558905851.000000
-1.274658 -0.327393 -0.174072 -80.278168 -202.952480 294.332947 173558907654.000000
-1.256592 -0.313721 -0.166748 -80.400171 -204.050509 294.332947 173558909453.000000
-1.247070 -0.312256 -0.159180 -80.827182 -205.087537 294.210944 173558911250.000000
-1.233154 -0.306152 -0.146484 -80.766181 -205.880559 294.088940 173558913048.000000
-1.216064 -0.296875 -0.143799 -80.522174 -206.673580 294.149942 173558914846.000000
-1.212646 -0.292725 -0.142822 -80.156164 -207.222595 294.149942 173558916643.000000
-1.208496 -0.286133 -0.129395 -80.156164 -207.466602 294.027939 173558918478.000000
-1.212158 -0.272217 -0.121338 -79.485146 -207.588605 294.210944 173558920276.000000
-1.211670 -0.260986 -0.128662 -79.180138 -207.344598 294.454950 173558922074.000000
-1.212158 -0.244629 -0.135986 -79.180138 -206.734582 294.515952 173558923871.000000
-1.212402 -0.239014 -0.140381 -78.997133 -206.673580 294.881962 173558925670.000000
-1.210205 -0.228516 -0.135498 -79.058135 -206.124565 295.369975 173558927468.000000
-1.206055 -0.214355 -0.142578 -78.753126 -205.636552 295.552980 173558929267.000000
-1.198975 -0.208984 -0.143555 -79.363143 -205.819557 295.979991 173558931065.000000
-1.189453 -0.202881 -0.144287 -79.424144 -205.941560 296.040993 173558932863.000000
-1.185059 -0.202393 -0.143311 -79.180138 -206.124565 296.040993 173558934660.000000
-1.167725 -0.204102 -0.135498 -78.631123 -206.673580 296.223998 173558936457.000000
-1.158203 -0.200928 -0.128174 -78.387116 -207.222595 295.918990 173558938259.000000
-1.150146 -0.197510 -0.128906 -78.021107 -207.283597 295.918990 173558940061.000000
-1.142090 -0.199219 -0.121826 -77.289087 -207.954615 295.674983 173558941863.000000
-1.138428 -0.195313 -0.119629 -76.923077 -208.564631 295.430977 173558943663.000000
-1.133057 -0.179932 -0.120850 -76.496065 -208.686635 295.125968 173558945466.000000
-1.133301 -0.165771 -0.116455 -75.703044 -208.808638 294.881962 173558947271.000000
-1.133789 -0.150635 -0.118896 -75.825047 -209.052644 294.820960 173558949075.000000
-1.137451 -0.137451 -0.110840 -75.276032 -208.930641 295.003965 173558950876.000000
-1.137207 -0.128662 -0.116455 -75.154029 -209.174648 295.125968 173558952678.000000
-1.135986 -0.111572 -0.116211 -74.666016 -209.418654 295.369975 173558954479.000000
-1.136230 -0.100098 -0.108643 -74.544013 -209.601659 295.796987 173558956280.000000
-1.131836 -0.086670 -0.098877 -74.483011 -209.479656 295.979991 173558958088.000000
-1.128174 -0.075439 -0.108398 -74.300006 -209.784664 296.346001 173558959890.000000
-1.122314 -0.070557 -0.104736 -74.117001 -210.089672 296.712011 173558961692.000000
-1.110596 -0.066162 -0.092285 -73.628988 -210.577686 296.773013 173558963494.000000
-1.095947 -0.051270 -0.080811 -73.628988 -211.309705 296.712011 173558965296.000000
-1.077881 -0.044434 -0.067871 -73.201976 -211.919722 296.407003 173558967101.000000
-1.055420 -0.039307 -0.058838 -72.835967 -212.346733 295.979991 173558968908.000000
-1.045654 -0.034668 -0.054443 -72.774965 -212.895748 295.674983 173558970711.000000
-1.017334 -0.020020 -0.037598 -71.859940 -214.115781 294.942963 173558972512.000000
-0.997559 -0.012207 -0.025391 -71.676935 -214.786799 294.393949 173558974313.000000
-0.973389 0.004639 -0.012939 -71.432929 -215.701824 293.417922 173558976114.000000
-0.946289 0.016113 -0.002686 -71.127920 -216.311840 292.685903 173558977917.000000
-0.932617 0.024658 0.011230 -71.005917 -216.677850 291.953883 173558979718.000000
-0.902100 0.039795 0.019775 -70.822912 -217.348868 290.916855 173558981519.000000
-0.874023 0.055664 0.034424 -70.883914 -217.592875 290.245837 173558983320.000000
-0.839355 0.066650 0.048340 -70.700909 -217.531873 289.513817 173558985121.000000
-0.810059 0.081787 0.059814 -70.456902 -217.714878 288.537791 173558986928.000000
-0.792236 0.092285 0.065674 -70.334899 -217.470872 287.805771 173558988726.000000
-0.765625 0.101074 0.080078 -70.212896 -216.677850 287.256756 173558990526.000000
-0.735107 0.121338 0.092529 -70.151894 -215.640822 286.585738 173558992328.000000
-0.713867 0.142334 0.101807 -69.724883 -214.481791 285.670713 173558994127.000000
-0.692383 0.158691 0.109375 -69.907888 -212.712743 285.304703 173558995928.000000
-0.668457 0.169189 0.119141 -69.846886 -210.638687 284.938693 173558997726.000000
-0.659668 0.175537 0.121338 -69.785884 -208.625633 284.755688 173558999525.000000
-0.645508 0.197266 0.128174 -69.907888 -206.490575 284.084670 173559001324.000000
-0.632324 0.210693 0.139160 -69.541878 -204.111511 284.084670 173559003124.000000
-0.616943 0.224365 0.149414 -69.663881 -201.854450 283.718660 173559004921.000000
-0.604492 0.230469 0.157715 -69.358873 -199.841396 283.291649 173559006720.000000
-0.590332 0.234131 0.171143 -69.297871 -197.523333 283.047642 173559008519.000000
-0.573975 0.246094 0.177490 -69.114866 -195.449277 282.498627 173559010324.000000
-0.554688 0.250732 0.195801 -68.687855 -193.619228 281.888611 173559012122.000000
-0.541016 0.258057 0.208008 -68.382846 -191.728177 281.522601 173559013919.000000
-0.532715 0.261230 0.213867 -68.199841 -189.837126 280.424571 173559015718.000000
-0.520752 0.267334 0.225830 -67.955835 -188.007076 279.509547 173559017517.000000
-0.502930 0.275391 0.251221 -67.467822 -186.543037 278.533520 173559019315.000000
-0.496338 0.284180 0.258057 -66.613799 -184.956994 277.679497 173559021112.000000
-0.487061 0.294189 0.271240 -66.430794 -183.248948 276.398463 173559022909.000000
-0.482910 0.299561 0.272949 -66.064784 -181.784908 275.117428 173559025288.000000
-0.472656 0.315186 0.280518 -65.454767 -179.161837 273.653389 173559027114.000000
-0.463623 0.327393 0.281006 -65.271762 -177.636796 272.860367 173559028917.000000
-0.454590 0.340576 0.289063 -65.149759 -176.050753 271.884341 173559030723.000000
-0.452148 0.347412 0.288574 -64.417739 -174.281706 270.725310 173559032521.000000
-0.438232 0.354004 0.288818 -64.478741 -172.878668 269.444275 173559034330.000000
-0.427490 0.351074 0.287842 -64.539743 -171.780638 268.224242 173559036128.000000
-0.423584 0.362793 0.302002 -64.051729 -170.377600 267.309217 173559037930.000000
-0.419189 0.366211 0.303711 -64.112731 -168.913561 265.723175 173559039737.000000
-0.416260 0.368896 0.308350 -63.807723 -168.059538 264.503142 173559041539.000000
-0.414063 0.374512 0.307861 -63.380711 -167.083511 263.283109 173559043341.000000
-0.410156 0.382568 0.302734 -63.197706 -165.497468 262.063076 173559045143.000000
-0.416504 0.386475 0.298584 -62.831696 -164.460440 260.721039 173559046949.000000
-0.416748 0.391357 0.307861 -62.221680 -162.996401 259.623010 173559048753.000000
-0.416016 0.393799 0.307861 -62.038675 -161.959373 258.768987 173559050555.000000
-0.419434 0.399414 0.308105 -61.733667 -161.288355 257.426951 173559052357.000000
-0.412842 0.401855 0.307617 -61.184652 -160.739340 256.267919 173559054157.000000
-0.408447 0.403320 0.311279 -61.306655 -160.495333 255.291893 173559055958.000000
-0.403564 0.409912 0.314209 -60.879644 -160.312328 253.827853 173559057762.000000
-0.404297 0.408447 0.322266 -60.208626 -160.312328 252.424815 173559059564.000000
-0.402588 0.412842 0.328857 -60.147624 -160.434332 251.387787 173559061365.000000
-0.398193 0.414307 0.325439 -59.476606 -160.617337 249.740743 173559063166.000000
-0.398438 0.423828 0.330566 -58.988593 -160.922345 248.459708 173559064967.000000
-0.387451 0.431152 0.333008 -58.805588 -161.044348 246.995669 173559066772.000000
-0.385742 0.436279 0.329590 -58.317575 -161.471360 245.043616 173559068570.000000
-0.381836 0.443115 0.324951 -58.012566 -162.142378 243.640578 173559070371.000000
-0.370850 0.453125 0.333740 -57.585555 -162.386384 241.932532 173559072172.000000
-0.368652 0.460205 0.337402 -57.280547 -162.935399 240.468493 173559073973.000000
-0.364990 0.468018 0.342285 -56.914537 -163.423412 238.943451 173559075774.000000
-0.361572 0.470703 0.347656 -56.243519 -163.850424 237.662417 173559077577.000000
-0.356934 0.480225 0.348389 -55.816507 -164.582444 236.137376 173559079378.000000
-0.344727 0.487793 0.354004 -55.511499 -164.948454 234.673336 173559081180.000000
-0.338623 0.495361 0.355957 -55.023486 -165.497468 233.087293 173559082981.000000
-0.326172 0.495117 0.363525 -54.291466 -165.741475 231.806259 173559084782.000000
-0.322998 0.500000 0.363525 -54.047459 -165.985482 230.159214 173559086584.000000
-0.315674 0.502686 0.370850 -53.681449 -166.107485 228.817178 173559088391.000000
-0.299561 0.505615 0.374023 -52.949430 -166.046483 227.231135 173559090201.000000
-0.288086 0.511719 0.375244 -52.400415 -166.412493 225.767096 173559092008.000000
-0.270264 0.517578 0.380615 -51.973403 -166.229488 224.181053 173559093806.000000
-0.264648 0.522217 0.382324 -51.607393 -166.534496 222.595010 173559095604.000000
-0.248291 0.524658 0.385498 -50.936375 -166.595498 221.130971 173559097403.000000
-0.238525 0.533203 0.387695 -50.692369 -166.107485 219.910938 173559099203.000000
-0.227539 0.539307 0.394531 -50.631367 -166.046483 218.202891 173559101051.000000
-0.221191 0.545166 0.396484 -50.021351 -165.680473 216.860855 173559103513.000000
-0.208252 0.557373 0.399902 -49.106326 -164.948454 214.786799 173559106422.000000
-0.196045 0.569336 0.406494 -48.862319 -163.911426 213.017751 173559109333.000000
-0.180908 0.580566 0.417480 -48.374306 -162.996401 211.370707 173559112242.000000
-0.159180 0.591309 0.426270 -48.191301 -161.715366 209.174648 173559115153.000000
-0.140869 0.601318 0.426270 -47.947295 -160.251327 207.649607 173559118062.000000
-0.134033 0.612061 0.434814 -47.459281 -158.421277 206.063564 173559120972.000000
-0.125244 0.621338 0.433105 -47.154273 -156.530226 204.233514 173559123878.000000
-0.114502 0.628906 0.446045 -47.154273 -154.578174 202.708473 173559126787.000000
-0.104004 0.638184 0.449707 -47.032270 -153.236137 200.817422 173559129696.000000
-0.093262 0.638184 0.459473 -46.788263 -151.467090 199.292381 173559132603.000000
-0.080322 0.641357 0.461182 -47.215275 -150.125053 197.401330 173559135509.000000
-0.070068 0.642090 0.461914 -46.605258 -148.417007 195.449277 173559138424.000000
-0.055908 0.646484 0.469727 -46.910267 -146.708961 193.924236 173559141340.000000
-0.038086 0.655518 0.477051 -46.971268 -145.427927 191.728177 173559144255.000000
-0.019775 0.651611 0.478516 -46.666260 -143.780882 190.081132 173559147173.000000
-0.007813 0.645996 0.489258 -46.666260 -142.072836 188.434088 173559150089.000000
0.002686 0.648682 0.495117 -46.239248 -140.669798 186.482035 173559153004.000000
0.006836 0.644531 0.502197 -46.178247 -138.778747 184.834991 173559155921.000000
0.020264 0.645752 0.499023 -46.117245 -136.643689 183.614958 173559158846.000000
0.029785 0.643311 0.503418 -45.995242 -134.081620 181.723907 173559161760.000000
0.039307 0.642822 0.511230 -45.690234 -131.763558 180.198865 173559164674.000000
0.044189 0.644287 0.502197 -45.385225 -129.323492 178.673824 173559167597.000000
0.054199 0.639648 0.508057 -45.202220 -126.944427 177.697798 173559170516.000000
0.066162 0.641357 0.506836 -44.897212 -124.199353 175.867748 173559173430.000000
0.069824 0.632324 0.506836 -44.653206 -122.369304 174.769719 173559176351.000000
0.074951 0.627686 0.509766 -43.921186 -120.173245 173.122674 173559179290.000000
0.076172 0.620605 0.515625 -43.555176 -118.648204 171.231623 173559182211.000000
0.073975 0.612305 0.520264 -42.823156 -117.184164 169.462575 173559185125.000000
0.075439 0.603760 0.520996 -41.725127 -116.208138 167.693528 173559188046.000000
0.075684 0.601563 0.520752 -41.420118 -115.903129 165.802477 173559190966.000000
0.077393 0.595947 0.520752 -40.505094 -115.415116 163.728421 173559193882.000000
0.083252 0.589355 0.511719 -39.773074 -115.049106 162.264381 173559196796.000000
0.087158 0.589355 0.517334 -39.163057 -115.293113 159.824315 173559199707.000000
0.090088 0.588623 0.512207 -38.187031 -115.964131 157.933264 173559202643.000000
0.097900 0.583740 0.512939 -37.882023 -116.025133 156.347221 173559205552.000000
0.106201 0.585938 0.511719 -37.272006 -116.086134 154.090160 173559208462.000000
0.109863 0.582520 0.495117 -36.783993 -116.025133 152.687123 173559211386.000000
0.116699 0.586426 0.493408 -36.844995 -116.147136 150.674068 173559214293.000000
0.124023 0.588135 0.487305 -36.661990 -115.720124 149.454035 173559217204.000000
0.131592 0.585938 0.485840 -36.234978 -115.842128 147.867992 173559220113.000000
0.142090 0.575928 0.484131 -35.868968 -115.354115 146.098945 173559223020.000000
0.158447 0.569092 0.479492 -35.258952 -114.927103 144.878912 173559225928.000000
0.166992 0.566650 0.475342 -34.221924 -114.500092 143.170866 173559228838.000000
0.170898 0.556885 0.484619 -33.489904 -113.463064 141.584823 173559231747.000000
0.185059 0.550049 0.484863 -32.879888 -112.182029 140.120783 173559234658.000000
0.193115 0.536377 0.483643 -31.964863 -111.572012 138.900750 173559237571.000000
0.206787 0.530762 0.485107 -31.232843 -110.229976 137.253706 173559240486.000000
0.217529 0.515869 0.477295 -30.500824 -108.948942 135.545660 173559243415.000000
0.225830 0.508057 0.472168 -29.585799 -107.606905 134.691637 173559246330.000000
0.235352 0.507568 0.469727 -28.792777 -106.142866 133.593607 173559249257.000000
0.247803 0.502197 0.472656 -27.877753 -104.312816 132.800586 173559252172.000000
0.266846 0.501709 0.467041 -27.694748 -102.360764 132.190569 173559255088.000000
0.276123 0.501953 0.474365 -27.084731 -100.774721 131.519551 173559258012.000000
0.291504 0.500488 0.479736 -26.535716 -99.066675 130.482523 173559260929.000000
0.303711 0.496826 0.482666 -26.352712 -96.992619 129.506497 173559263843.000000
0.307373 0.495361 0.480713 -25.681693 -95.223571 128.286464 173559266760.000000
0.319092 0.495117 0.490723 -24.949674 -93.637528 127.066431 173559269673.000000
0.338623 0.485107 0.492920 -24.522662 -91.807479 125.907399 173559272587.000000
0.349854 0.479980 0.504395 -23.546636 -89.611420 124.504362 173559275501.000000
0.370117 0.463867 0.498291 -22.631611 -87.598365 123.101324 173559278426.000000
0.386475 0.455078 0.512451 -21.289575 -85.158299 122.186299 173559281343.000000
0.398682 0.442871 0.505371 -20.130544 -83.023242 120.539255 173559284259.000000
0.410400 0.436523 0.503418 -18.849509 -80.583176 119.441225 173559287178.000000
0.420654 0.426270 0.500732 -18.117489 -78.143110 118.404197 173559290095.000000
0.426758 0.424316 0.492188 -17.263466 -75.032026 117.245166 173559293008.000000
0.438721 0.418945 0.481445 -16.043433 -72.103947 116.269139 173559295919.000000
0.449219 0.416260 0.479492 -15.372415 -69.419874 115.354115 173559298828.000000
0.455566 0.413086 0.483154 -14.579394 -66.613799 114.622095 173559301769.000000
0.468262 0.413330 0.482666 -13.908376 -64.112731 113.463064 173559304679.000000
0.481201 0.418213 0.485107 -11.529311 -58.012566 110.290978 173559312180.000000
0.490479 0.415527 0.488037 -10.858293 -55.816507 108.765937 173559315357.000000
0.495361 0.417480 0.490723 -9.760264 -53.742451 107.606905 173559318283.000000
0.500977 0.415039 0.485107 -8.967242 -52.217410 105.471848 173559321209.000000
0.503418 0.409424 0.488770 -8.662234 -50.570365 104.007808 173559324205.000000
0.508545 0.400635 0.478760 -7.808211 -49.289331 102.421765 173559327200.000000
0.513184 0.389893 0.478027 -6.710181 -47.825291 101.445739 173559330127.000000
0.514648 0.384766 0.468506 -6.161166 -46.605258 99.920698 173559333040.000000
0.521729 0.377441 0.464111 -5.307143 -45.202220 98.639663 173559335949.000000
0.520508 0.367920 0.458740 -4.758128 -43.982188 97.358629 173559338860.000000
0.527832 0.361328 0.449951 -4.087110 -42.518148 96.382602 173559341776.000000
0.528564 0.354004 0.440918 -3.477094 -41.359117 95.162569 173559344691.000000
0.535889 0.345215 0.437256 -2.928079 -39.712072 93.637528 173559347611.000000
0.541016 0.332031 0.426025 -2.318063 -38.431038 92.356494 173559350524.000000
0.545410 0.322998 0.419189 -1.281035 -37.211005 90.831452 173559353434.000000
0.544922 0.308838 0.412354 -0.854023 -36.112975 89.611420 173559356354.000000
0.549072 0.298584 0.409668 -0.610016 -35.014945 88.391387 173559359271.000000
0.555176 0.289063 0.401855 -0.183005 -33.977917 86.866345 173559362185.000000
0.548828 0.284668 0.405518 0.122003 -32.879888 85.585311 173559365094.000000
0.550049 0.279541 0.405029 0.610016 -32.269871 84.731288 173559368003.000000
0.542236 0.272949 0.404297 0.854023 -31.293845 83.877265 173559370913.000000
0.541504 0.270508 0.396240 0.976026 -30.988837 82.962240 173559373831.000000
0.540283 0.266357 0.405029 1.586043 -29.768804 82.169219 173559376747.000000
0.536865 0.260254 0.393799 1.952053 -29.097786 81.010187 173559379666.000000
0.536621 0.258301 0.398438 2.318063 -28.304764 80.095163 173559382575.000000
0.537598 0.245361 0.397949 2.989081 -27.755749 79.058135 173559385483.000000
0.537354 0.241699 0.396973 3.355091 -27.389740 77.716098 173559388391.000000
0.537354 0.239258 0.394043 3.965107 -26.718721 76.679070 173559391309.000000
0.537842 0.230225 0.393311 4.636125 -26.047703 75.459037 173559394231.000000
0.543457 0.228027 0.386719 4.941133 -25.437687 74.422009 173559397151.000000
0.541992 0.223877 0.382080 4.819130 -24.644665 73.384981 173559400063.000000
0.547363 0.224609 0.380615 5.368145 -23.912646 72.591960 173559403059.000000
0.552246 0.218506 0.382324 4.941133 -22.875618 71.310925 173559405488.000000
0.556396 0.217285 0.374023 5.490148 -22.448606 71.188922 173559407289.000000
0.563965 0.212646 0.380127 5.368145 -21.838590 70.517904 173559409089.000000
0.567627 0.208984 0.374023 5.368145 -20.984567 70.029891 173559410893.000000
0.566162 0.208496 0.375244 5.612152 -20.435552 69.785884 173559412690.000000
0.566895 0.201416 0.369629 5.612152 -19.337522 69.297871 173559414489.000000
0.567383 0.202148 0.375000 5.673153 -18.544501 68.992863 173559416291.000000
0.572998 0.195801 0.367432 5.917160 -17.507473 68.992863 173559418090.000000
0.576172 0.192627 0.372070 6.100165 -16.531446 68.565851 173559419892.000000
0.577637 0.189209 0.375244 6.344171 -15.372415 68.016836 173559421694.000000
0.579834 0.185303 0.365723 6.405173 -14.579394 67.589825 173559423492.000000
0.586426 0.181152 0.373047 6.405173 -13.786372 67.040810 173559425300.000000
0.589600 0.176514 0.371582 6.466175 -12.810346 66.552797 173559427100.000000
0.587402 0.174316 0.368408 6.649180 -12.017324 66.491795 173559428901.000000
0.586426 0.173340 0.365723 6.710181 -11.346306 65.881779 173559430703.000000
0.590576 0.161621 0.366211 6.588178 -10.553285 65.820777 173559432502.000000
0.600342 0.162598 0.364990 6.710181 -9.943268 65.271762 173559434309.000000
0.602783 0.158936 0.369873 6.710181 -9.455255 64.905752 173559436107.000000
0.609375 0.156250 0.367432 7.076191 -9.089245 64.905752 173559437906.000000
0.615234 0.156982 0.374268 7.076191 -8.906240 64.417739 173559439705.000000
0.616455 0.151123 0.372070 7.137193 -8.540231 64.173733 173559441505.000000
0.615479 0.150146 0.364258 7.503203 -8.235222 64.051729 173559443340.000000
0.628174 0.149414 0.369873 7.564204 -7.808211 63.807723 173559445290.000000
0.632568 0.145752 0.360840 7.503203 -7.564204 63.685720 173559447232.000000
0.643555 0.141602 0.373535 8.174221 -7.015189 63.258708 173559449143.000000
0.648193 0.137207 0.366943 8.113219 -6.893186 63.075703 173559450973.000000
0.650635 0.129639 0.365723 8.479229 -6.283170 62.526688 173559452776.000000
0.649414 0.130127 0.366455 8.479229 -5.917160 62.221680 173559454580.000000
0.660645 0.123047 0.371582 8.662234 -5.307143 61.916672 173559456385.000000
0.660645 0.124512 0.361816 9.089245 -4.880132 61.489660 173559458196.000000
0.665283 0.118164 0.361572 9.028244 -4.331117 61.306655 173559459994.000000
0.670166 0.111572 0.354736 9.150247 -4.026109 60.940645 173559461802.000000
0.671875 0.113770 0.353760 9.516257 -3.355091 60.757640 173559463600.000000
0.676514 0.107666 0.356934 9.699262 -2.928079 60.696639 173559465398.000000
0.679199 0.104492 0.352783 9.943268 -2.257061 60.330629 173559467199.000000
0.682861 0.101807 0.355713 10.492283 -1.708046 60.391631 173559469002.000000
0.683594 0.100586 0.354004 10.858293 -1.464040 60.086622 173559470804.000000
0.688477 0.099121 0.351807 11.041298 -0.610016 59.903617 173559472607.000000
0.698730 0.094971 0.352051 11.346306 -0.305008 59.598609 173559474409.000000
0.707520 0.098389 0.343750 11.590313 0.549015 59.415604 173559476211.000000
0.711182 0.099854 0.344727 11.956323 1.220033 58.927591 173559478012.000000
0.719727 0.102051 0.342529 12.688343 1.830049 58.500580 173559479810.000000
0.722412 0.100098 0.343506 12.566339 2.562069 58.134570 173559481608.000000
0.734131 0.107178 0.337158 12.932349 3.172086 57.707558 173559483406.000000
0.734863 0.102539 0.334717 13.603367 3.843104 57.280547 173559485205.000000
0.736084 0.110596 0.337891 13.908376 4.575124 56.609528 173559487006.000000
0.736328 0.114990 0.331055 14.396389 4.941133 56.304520 173559488808.000000
0.740479 0.118164 0.327148 14.579394 5.734155 55.999512 173559490613.000000
0.747314 0.115234 0.330811 14.396389 6.222168 55.572500 173559492418.000000
0.747314 0.118896 0.331055 15.189410 6.710181 55.023486 173559494220.000000
0.749756 0.119385 0.334229 15.128408 6.893186 54.596474 173559496022.000000
0.751709 0.122314 0.330811 15.128408 7.259196 53.803453 173559497824.000000
0.755371 0.121582 0.331299 15.189410 7.503203 53.132435 173559499622.000000
0.758057 0.119873 0.336426 15.311413 7.259196 52.400415 173559501419.000000
0.764404 0.112549 0.336182 15.250412 7.381199 51.729397 173559503216.000000
0.767822 0.115234 0.330566 15.372415 7.686208 50.692369 173559505014.000000
0.776367 0.103760 0.330566 15.555420 7.381199 49.777344 173559506815.000000
0.778076 0.101807 0.329102 15.921430 7.320198 48.740316 173559508618.000000
0.780029 0.092773 0.330811 16.409443 7.137193 47.947295 173559510419.000000
0.786865 0.080811 0.342773 16.958458 6.832184 46.788263 173559512221.000000
0.791260 0.076904 0.339355 17.568474 7.015189 45.690234 173559514023.000000
0.789795 0.064941 0.342285 18.178491 6.405173 44.470201 173559515824.000000
0.794678 0.060547 0.345215 19.093516 6.039163 43.006161 173559517625.000000
0.792969 0.050537 0.348389 19.764534 5.734155 42.030135 173559519423.000000
0.802002 0.047363 0.340088 20.679558 5.368145 40.688099 173559521221.000000
0.799561 0.046143 0.344727 21.228573 4.819130 39.529067 173559523019.000000
0.806885 0.049316 0.349609 21.777588 4.514122 38.187031 173559524817.000000
0.808350 0.045410 0.343750 22.204600 4.026109 36.600988 173559526615.000000
0.811768 0.050537 0.326416 22.448606 3.843104 35.807967 173559528416.000000
0.819580 0.054443 0.326660 22.509608 3.660099 34.709937 173559530226.000000
0.823975 0.053467 0.336182 22.753614 3.111084 33.611908 173559532028.000000
0.834717 0.058350 0.336182 22.875618 2.745074 32.330873 173559533830.000000
0.835693 0.056152 0.332764 22.814616 2.684072 31.293845 173559535631.000000
0.848877 0.058838 0.323975 23.058623 2.684072 30.012810 173559537439.000000
0.852783 0.062988 0.323730 23.485634 2.745074 28.731776 173559539236.000000
0.864014 0.064209 0.318848 23.729641 2.806076 27.755749 173559541034.000000
0.869385 0.064697 0.322510 24.217654 2.562069 26.352712 173559542831.000000
0.876709 0.063965 0.322754 24.583664 2.562069 25.193680 173559544628.000000
0.888672 0.065918 0.321777 25.071677 2.379064 24.278656 173559546426.000000
0.898682 0.059326 0.327393 25.681693 2.257061 22.631611 173559548228.000000
0.915771 0.057373 0.330811 25.986702 2.135058 21.106570 173559550031.000000
0.933105 0.058350 0.331543 26.474715 2.501068 19.154517 173559551836.000000
0.940674 0.054199 0.327393 27.206735 2.440066 17.690478 173559553639.000000
0.956055 0.053223 0.326904 28.243763 2.989081 16.226438 173559555441.000000
0.974609 0.045410 0.325439 29.036784 3.843104 14.579394 173559557246.000000
0.986328 0.045898 0.324219 30.134814 4.453120 12.688343 173559559045.000000
1.001709 0.039307 0.320313 31.659855 5.490148 10.980296 173559560850.000000
1.006836 0.037598 0.320313 32.391875 6.222168 9.150247 173559562652.000000
1.024414 0.036621 0.322021 33.611908 7.625206 6.893186 173559564454.000000
1.044189 0.033203 0.316650 34.587934 9.150247 5.063137 173559566256.000000
1.055908 0.029785 0.320313 36.051973 10.431282 3.172086 173559568064.000000
1.069336 0.029541 0.308838 36.905996 11.895321 1.220033 173559569866.000000
1.074463 0.024902 0.313232 38.248033 13.847374 -0.854023 173559571671.000000
1.087646 0.022705 0.315674 39.346062 15.982432 -3.172086 173559573472.000000
1.096191 0.025146 0.313232 40.322089 17.873483 -5.063137 173559575272.000000
1.108154 0.020508 0.306885 41.481120 20.130544 -7.320198 173559577089.000000
1.123535 0.015381 0.310303 42.335143 22.509608 -9.455255 173559578892.000000
1.126709 0.015625 0.311279 43.372171 25.254682 -11.590313 173559580697.000000
1.142334 0.013184 0.308838 44.714207 27.999756 -13.603367 173559582503.000000
1.159424 0.009766 0.305176 45.446227 30.134814 -15.616422 173559584307.000000
1.168701 0.003906 0.306152 46.544257 33.001891 -17.934484 173559586114.000000
1.185547 0.005371 0.319824 47.825291 35.868968 -20.008540 173559587923.000000
1.192871 0.000977 0.320801 49.106326 38.614043 -22.448606 173559589725.000000
1.197266 0.000000 0.320801 50.204356 41.481120 -24.522662 173559591531.000000
1.203857 0.000732 0.326172 51.302385 44.592204 -26.779723 173559593333.000000
1.213379 -0.005371 0.332031 52.705423 47.398280 -29.158787 173559595135.000000
1.217529 -0.009277 0.336670 53.803453 50.326359 -31.354847 173559596939.000000
1.229736 -0.009521 0.345459 54.413469 53.437443 -33.733911 173559598740.000000
1.232666 -0.012207 0.344238 55.694504 56.548527 -36.051973 173559600543.000000
1.237061 -0.010498 0.341309 57.158543 60.086622 -38.553041 173559602351.000000
1.236328 -0.017578 0.345947 58.134570 62.953700 -40.932105 173559604153.000000
1.239014 -0.019531 0.349609 60.025621 66.308790 -43.860184 173559605955.000000
1.244873 -0.021729 0.363770 61.123650 69.175868 -45.873239 173559607760.000000
1.246826 -0.026855 0.361328 62.465687 71.859940 -48.679314 173559609563.000000
1.246826 -0.027344 0.372314 64.051729 74.849021 -51.485390 173559611365.000000
1.254395 -0.034912 0.363525 65.210761 77.899103 -54.657476 173559613172.000000
1.260254 -0.038574 0.358398 66.552797 81.071189 -57.829561 173559614973.000000
1.265137 -0.034180 0.364258 68.016836 83.938266 -60.574636 173559616777.000000
1.269775 -0.032959 0.363525 69.724883 86.683340 -64.234734 173559618579.000000
1.269043 -0.039795 0.360596 70.639907 89.367413 -67.101812 173559620381.000000
1.276123 -0.036865 0.358643 72.042945 91.990484 -70.578906 173559622183.000000
1.273438 -0.040039 0.357666 73.445983 94.674556 -74.300006 173559623985.000000
1.265625 -0.040527 0.360107 74.605014 97.236625 -77.533093 173559625787.000000
1.262451 -0.041504 0.356934 76.313060 99.737693 -81.254194 173559627589.000000
1.255615 -0.041504 0.360107 77.655097 101.750747 -84.426280 173559629391.000000
1.252197 -0.041748 0.356689 78.692125 103.885805 -88.086378 173559631192.000000
1.249512 -0.043701 0.356445 80.217166 106.081864 -91.868480 173559632995.000000
1.246094 -0.051025 0.353271 81.681205 107.728909 -95.345574 173559634797.000000
1.245605 -0.052734 0.353516 82.901238 109.436955 -99.066675 173559636598.000000
1.244873 -0.057617 0.364746 84.548283 110.778991 -102.665772 173559638401.000000
1.242676 -0.057373 0.359619 86.134326 112.365034 -106.569877 173559640203.000000
1.238770 -0.054688 0.351074 87.354359 113.829073 -109.985970 173559642005.000000
1.239014 -0.057373 0.358887 88.513390 114.927103 -113.585067 173559643807.000000
1.235596 -0.056885 0.360107 90.587446 116.635149 -117.489172 173559645609.000000
1.229980 -0.059570 0.356934 92.173489 117.977185 -121.088269 173559647411.000000
1.223145 -0.054443 0.366211 93.759532 119.319222 -125.053376 173559649214.000000
1.218994 -0.054199 0.371338 95.467578 121.088269 -128.713475 173559651015.000000
1.216309 -0.054199 0.375000 96.565607 122.430306 -132.251571 173559652817.000000
1.213623 -0.050049 0.372559 98.578662 123.711340 -136.155676 173559654618.000000
1.214111 -0.052490 0.374268 99.859696 125.297383 -139.876777 173559656427.000000
1.211182 -0.052490 0.377930 101.567742 127.249436 -144.329897 173559658235.000000
1.210938 -0.055420 0.382080 103.275788 128.591472 -148.173001 173559660037.000000
1.217285 -0.056885 0.382813 104.861831 130.299518 -152.138108 173559661838.000000
1.216797 -0.062012 0.376465 106.691881 132.373574 -155.920210 173559663639.000000
1.221680 -0.062744 0.380127 108.033917 134.203623 -159.641310 173559665440.000000
1.226318 -0.069580 0.377930 109.924968 136.521686 -163.606417 173559667247.000000
1.233887 -0.075684 0.377930 112.304032 139.022754 -167.510523 173559669055.000000
1.240967 -0.075439 0.356934 114.134082 141.889831 -171.353627 173559670857.000000
1.243164 -0.080811 0.347412 115.659123 144.451900 -175.074727 173559672660.000000
1.241699 -0.085205 0.343018 117.428171 148.050997 -178.856829 173559674465.000000
1.239502 -0.092041 0.336914 119.380223 151.345086 -182.333923 173559676267.000000
1.237549 -0.088379 0.328125 120.966266 154.639175 -185.933020 173559678074.000000
1.242188 -0.097412 0.319336 122.979320 157.994266 -189.532117 173559679876.000000
1.243652 -0.101807 0.313721 123.955347 161.044348 -192.948210 173559681678.000000
1.244873 -0.110840 0.312744 125.724395 164.521442 -196.913317 173559683480.000000
1.247559 -0.118896 0.311279 127.737449 167.449521 -200.451412 173559685282.000000
1.239746 -0.128418 0.297363 129.628500 170.011590 -204.599524 173559687088.000000
1.232422 -0.145020 0.298096 131.702556 172.817666 -208.442628 173559688888.000000
1.229492 -0.147217 0.292725 133.227597 175.562740 -212.407735 173559690690.000000
1.217773 -0.162109 0.297607 135.301653 177.941804 -216.799854 173559692492.000000
1.198242 -0.174805 0.292725 137.558714 180.503874 -220.886964 173559694294.000000
1.181885 -0.185303 0.296875 139.449765 182.943939 -225.401086 173559696096.000000
1.159424 -0.193848 0.293701 141.706826 185.017995 -229.732203 173559697899.000000
1.135986 -0.197998 0.276855 143.414872 187.031050 -233.880315 173559699701.000000
1.124023 -0.197754 0.275146 145.549930 188.556091 -237.357409 173559701502.000000
1.096924 -0.199219 0.289795 147.623986 190.020131 -241.566522 173559703304.000000
1.079590 -0.207275 0.283691 149.576039 191.484170 -245.348624 173559705105.000000
1.059326 -0.205322 0.281982 151.955103 192.399195 -249.252730 173559706907.000000
1.042969 -0.203125 0.287354 153.419142 193.192216 -253.217837 173559708708.000000
1.038574 -0.203613 0.287842 155.310193 193.802233 -257.121942 173559710510.000000
1.027588 -0.211914 0.293945 157.384249 194.412249 -261.148051 173559712311.000000
1.014648 -0.209229 0.290527 159.336302 195.022266 -265.540170 173559714113.000000
0.997314 -0.207031 0.297607 161.715366 195.388275 -269.444275 173559715915.000000
0.976074 -0.205811 0.311035 163.545416 195.754285 -274.019399 173559717718.000000
0.964844 -0.204590 0.304443 165.741475 196.303300 -278.228512 173559719519.000000
0.937744 -0.202148 0.310059 167.815531 196.486305 -282.803636 173559721321.000000
0.911621 -0.194580 0.314453 170.255597 196.608308 -286.951748 173559723127.000000
0.889648 -0.187744 0.310791 171.963643 196.852315 -291.160861 173559724929.000000
0.870850 -0.185059 0.307617 174.159702 196.852315 -295.430977 173559726731.000000
0.864014 -0.182861 0.303711 175.501739 197.035320 -299.762094 173559728536.000000
0.850098 -0.181396 0.301270 177.026780 196.974318 -304.398219 173559730345.000000
0.838135 -0.172852 0.297363 178.551821 196.669310 -308.729336 173559732147.000000
0.828125 -0.171143 0.303955 180.381870 196.120295 -313.548466 173559733951.000000
0.814941 -0.166992 0.297852 181.845910 196.120295 -318.428598 173559735753.000000
0.808350 -0.163574 0.296631 183.004941 195.876289 -323.125724 173559737576.000000
0.792725 -0.153320 0.284424 184.102971 195.449277 -327.578845 173559739378.000000
0.781982 -0.144531 0.275391 185.323004 195.937290 -332.519978 173559741180.000000
0.770752 -0.140869 0.259766 186.177027 195.998292 -337.461111 173559742981.000000
0.766113 -0.125244 0.240479 186.604038 196.425303 -342.097237 173559744782.000000
0.762695 -0.120117 0.224854 187.336058 197.218325 -347.099372 173559746583.000000
0.764893 -0.112061 0.202148 187.458061 197.340328 -351.735497 173559748390.000000
0.764404 -0.105957 0.193848 188.007076 197.218325 -356.310620 173559750193.000000
0.761475 -0.100098 0.181885 188.556091 197.157323 -361.678765 173559751993.000000
0.757813 -0.104004 0.172363 188.739096 197.035320 -366.497895 173559753794.000000
0.758301 -0.107910 0.165283 189.349112 196.608308 -371.683035 173559755595.000000
0.738037 -0.099365 0.145020 189.776124 196.303300 -376.868175 173559757399.000000
0.730469 -0.109619 0.126465 190.447142 195.632282 -382.480327 173559759201.000000
0.715088 -0.118408 0.112061 191.667175 194.717257 -387.665467 173559761003.000000
0.687256 -0.122803 0.093018 192.704203 193.619228 -392.789605 173559762804.000000
0.670410 -0.125977 0.085693 194.046239 192.521198 -398.584762 173559764610.000000
0.627441 -0.140381 0.098633 195.327274 191.606173 -403.830903 173559766412.000000
0.570068 -0.145020 0.075439 196.059294 190.142134 -409.931068 173559768219.000000
0.531006 -0.161133 0.052490 196.852315 188.495089 -416.336241 173559770022.000000
0.486816 -0.180664 0.071533 198.194351 186.482035 -423.412432 173559771823.000000
0.459961 -0.179199 0.057373 198.377356 183.980967 -429.573598 173559773625.000000
0.447510 -0.191406 0.059570 198.438358 180.503874 -436.771793 173559775426.000000
0.418457 -0.198975 0.045898 198.133350 177.270786 -445.495028 173559777231.000000
0.397461 -0.204590 0.038330 197.584335 174.037699 -453.303239 173559779032.000000
0.369141 -0.214844 0.035400 197.584335 169.523577 -461.172452 173559780833.000000
0.338867 -0.223633 0.050537 197.706338 165.497468 -468.065638 173559782634.000000
0.322266 -0.239990 0.056641 197.950345 161.532361 -476.056854 173559784439.000000
0.289551 -0.252441 0.030762 197.828341 158.238272 -484.231074 173559786243.000000
0.253662 -0.255615 0.022461 198.194351 155.127188 -491.673275 173559788051.000000
0.222900 -0.267090 0.021484 198.682364 152.504118 -500.030501 173559789855.000000
0.202881 -0.269775 0.015869 198.133350 150.918075 -507.289697 173559791656.000000
0.156006 -0.268555 -0.000977 197.706338 149.210029 -514.792899 173559793459.000000
0.119873 -0.284668 0.007813 196.852315 148.234002 -522.174099 173559795264.000000
0.078125 -0.302002 -0.000732 195.998292 147.196974 -528.823278 173559797067.000000
0.035156 -0.315186 -0.000732 195.266272 146.769963 -535.045446 173559798869.000000
0.014893 -0.329346 -0.000488 194.412249 146.525956 -540.840603 173559800670.000000
-0.019775 -0.365723 -0.010498 192.704203 146.708961 -547.428781 173559802473.000000
-0.065674 -0.381592 -0.047363 191.362167 148.600012 -553.223937 173559804274.000000
-0.080811 -0.436768 -0.087402 189.227109 150.674068 -559.629110 173559806076.000000
-0.128418 -0.486816 -0.062988 188.434088 153.114134 -564.021229 173559807879.000000
-0.135010 -0.512695 -0.073730 188.556091 155.737205 -568.108339 173559809682.000000
-0.153076 -0.563477 -0.139160 186.482035 158.970292 -572.317453 173559811484.000000
-0.177979 -0.636475 -0.178467 185.506009 162.325383 -575.489538 173559813285.000000
-0.218262 -0.706543 -0.202637 185.262002 166.717501 -578.295614 173559815087.000000
-0.254639 -0.786133 -0.262695 184.285976 170.621607 -580.735680 173559816889.000000
-0.269287 -0.833008 -0.291016 184.224974 175.318734 -583.480754 173559818691.000000
-0.314453 -0.921631 -0.316162 184.468981 179.039834 -586.164826 173559820493.000000
-0.368652 -1.002197 -0.362549 184.407979 182.577930 -588.665894 173559822294.000000
-0.429199 -1.082520 -0.409180 183.980967 185.567010 -591.593973 173559824096.000000
-0.479004 -1.182617 -0.442871 183.309949 187.641066 -594.827060 173559825897.000000
-0.562012 -1.262939 -0.480469 182.821936 189.288111 -597.389130 173559827701.000000
-0.589111 -1.312256 -0.497070 183.248948 190.386140 -600.073202 173559829503.000000
-0.686523 -1.395752 -0.540771 183.248948 190.752150 -601.842250 173559831304.000000
-0.793701 -1.483643 -0.571045 183.553956 190.508144 -603.489294 173559833106.000000
-0.873779 -1.571777 -0.620850 184.102971 189.227109 -605.990362 173559834908.000000
-0.912109 -1.680664 -0.676270 184.651986 188.007076 -608.918441 173559836710.000000
-0.938721 -1.729004 -0.696289 185.139999 187.031050 -612.334533 173559838512.000000
-1.033447 -1.811279 -0.756592 186.238028 186.055023 -614.408589 173559840313.000000
-1.143066 -1.875244 -0.774902 187.397060 183.614958 -615.567620 173559842115.000000
-1.225830 -1.963135 -0.803467 188.007076 180.381870 -616.543647 173559843917.000000
-1.289063 -2.062500 -0.814697 190.264137 176.721771 -617.824681 173559845718.000000
-1.269531 -2.124268 -0.822998 192.521198 174.037699 -620.447752 173559847523.000000
-1.362793 -2.177979 -0.878174 194.168243 172.024645 -621.240774 173559849332.000000
-1.461426 -2.247559 -0.873291 196.303300 170.499603 -621.240774 173559851139.000000
-1.536865 -2.304932 -0.897461 197.889343 169.401574 -621.240774 173559852941.000000
-1.624268 -2.338135 -0.943848 198.377356 168.730556 -619.654731 173559854742.000000
-1.648682 -2.363770 -0.931641 200.268407 169.828585 -617.580675 173559856553.000000
-1.721924 -2.404541 -0.920898 203.013481 171.292625 -614.652596 173559858357.000000
-1.766357 -2.427246 -0.934082 204.294516 172.939669 -611.358507 173559860159.000000
-1.781494 -2.453857 -0.931152 205.697554 175.135729 -608.125419 173559861960.000000
-1.811035 -2.461670 -0.947266 206.429574 176.782773 -604.831330 173559863761.000000
-1.828369 -2.454346 -0.943115 207.710608 178.124809 -600.866223 173559865563.000000
-1.891846 -2.441162 -0.924072 208.991643 179.710852 -595.925090 173559867368.000000
-1.971436 -2.414063 -0.914063 208.991643 179.954859 -590.861953 173559869172.000000
-2.062256 -2.366699 -0.920410 208.320625 178.917831 -585.005795 173559870974.000000
-2.153076 -2.319336 -0.896484 206.673580 176.599768 -579.088635 173559872776.000000
-2.205811 -2.302490 -0.885742 206.063564 172.756664 -572.927469 173559874581.000000
-2.326904 -2.216309 -0.841309 205.819557 168.120539 -565.790276 173559876383.000000
-2.440430 -2.112793 -0.872314 202.647471 162.142378 -558.043067 173559878191.000000
-2.527344 -2.012695 -0.935059 197.828341 155.554200 -550.478863 173559879992.000000
-2.597412 -1.894775 -0.993652 192.887208 147.989996 -542.792655 173559881794.000000
-2.614258 -1.843994 -1.003174 187.763070 139.266760 -534.008418 173559883596.000000
-2.669189 -1.748291 -0.989502 183.309949 130.116513 -525.712194 173559885397.000000
-2.735840 -1.668701 -0.962402 179.222839 119.441225 -516.683950 173559887202.000000
-2.816406 -1.562500 -0.974121 173.671689 107.484902 -504.849631 173559889934.000000
-2.872314 -1.398926 -1.035156 166.168487 91.075459 -487.403160 173559892850.000000
-2.879639 -1.247803 -1.000488 158.787287 75.032026 -469.956689 173559895767.000000
-2.925293 -1.133301 -0.938477 149.881047 57.463552 -451.046178 173559898687.000000
-3.046631 -0.958496 -0.891846 139.266760 39.956079 -428.841579 173559901603.000000
-3.143555 -0.793701 -0.823242 130.116513 24.705667 -406.148966 173559904519.000000
-3.195801 -0.624512 -0.759033 120.051241 10.919295 -382.663332 173559907451.000000
-3.191895 -0.442139 -0.717285 107.057891 -3.355091 -357.530653 173559910367.000000
-3.174072 -0.261963 -0.685303 93.637528 -14.518392 -332.458976 173559913282.000000
-3.161377 -0.094482 -0.626709 80.156164 -24.461660 -306.838285 173559916199.000000
-3.119385 0.055664 -0.584961 65.088757 -32.818886 -279.936558 173559919117.000000
-3.072998 0.184814 -0.542236 50.143354 -37.699018 -254.010858 173559922034.000000
-3.042480 0.303467 -0.486572 36.844995 -39.712072 -227.048130 173559924955.000000
-2.962646 0.358398 -0.471436 23.119624 -38.736046 -200.634417 173559927872.000000
-2.896484 0.394043 -0.433838 10.675288 -34.648936 -176.050753 173559930788.000000
-2.853516 0.384521 -0.426025 -0.976026 -28.792777 -152.443116 173559933714.000000
-2.817383 0.377441 -0.400391 -10.675288 -22.692613 -131.031538 173559936631.000000
-2.756836 0.322998 -0.395508 -19.947539 -16.226438 -111.145001 173559939593.000000
-2.725830 0.270508 -0.383301 -27.999756 -10.248277 -93.271518 173559942508.000000
-2.723389 0.200684 -0.368652 -35.807967 -5.978161 -76.252059 173559945424.000000
-2.729492 0.128906 -0.374756 -43.067163 -2.623071 -60.330629 173559948349.000000
-2.737305 0.052490 -0.353760 -49.106326 -1.708046 -46.666260 173559951265.000000
-2.738281 -0.020264 -0.339355 -54.657476 -2.745074 -35.563960 173559954180.000000
-2.738770 -0.083740 -0.315430 -58.012566 -5.856158 -25.193680 173559957097.000000
-2.722656 -0.126221 -0.307373 -60.635637 -10.126273 -17.690478 173559960012.000000
-2.692871 -0.160889 -0.293213 -62.770695 -15.860428 -11.163301 173559962926.000000
-2.658447 -0.182373 -0.281006 -63.807723 -22.753614 -5.551150 173559965840.000000
-2.612793 -0.199219 -0.266602 -64.234734 -29.646800 -0.610016 173559968766.000000
-2.572021 -0.202393 -0.263672 -64.173733 -36.417983 2.867077 173559971682.000000
-2.507080 -0.206787 -0.234375 -63.868724 -42.701153 6.588178 173559974597.000000
-2.419678 -0.207764 -0.212402 -62.953700 -47.703288 8.906240 173559977521.000000
-2.328613 -0.203369 -0.176270 -62.282682 -51.119380 11.163301 173559980440.000000
-2.231445 -0.198975 -0.149170 -61.672665 -52.705423 12.871348 173559983356.000000
-2.144287 -0.184570 -0.126709 -60.818642 -51.729397 14.823400 173559986288.000000
-2.051758 -0.162842 -0.096680 -60.574636 -48.984323 16.592448 173559989216.000000
-1.975830 -0.143555 -0.076904 -59.903617 -44.775209 18.239492 173559992131.000000
-1.898193 -0.135986 -0.043945 -59.476606 -39.651071 19.337522 173559995048.000000
-1.835693 -0.125244 -0.011963 -58.927591 -34.526932 20.191545 173559997966.000000
-1.802246 -0.117920 0.020508 -57.158543 -28.731776 21.167572 173600000882.000000
-1.776611 -0.105225 0.045410 -55.633502 -23.668639 21.411578 173600003799.000000
-1.760254 -0.101807 0.059570 -53.254438 -17.446471 21.960593 173600006718.000000
-1.746094 -0.091797 0.071289 -51.058379 -12.383334 22.387604 173600009634.000000
-1.744629 -0.079346 0.077637 -48.374306 -7.747209 22.570609 173600012552.000000
-1.750977 -0.075195 0.092285 -46.483255 -4.514122 22.509608 173600015466.000000
-1.755859 -0.072021 0.104248 -43.372171 -2.623071 22.326603 173600018384.000000
-1.765625 -0.066650 0.114502 -40.810102 -2.257061 20.984567 173600021301.000000
-1.773193 -0.061035 0.119629 -37.760020 -2.928079 19.886537 173600024221.000000
-1.780518 -0.048096 0.121094 -35.136949 -4.758128 18.910511 173600027140.000000
-1.786621 -0.030273 0.117920 -33.001891 -7.381199 17.995486 173600030056.000000
-1.787354 -0.010986 0.116699 -30.927835 -10.492283 17.446471 173600032976.000000
-1.780762 0.006104 0.114502 -29.585799 -13.908376 16.775453 173600035892.000000
-1.758789 0.021240 0.115234 -28.731776 -17.263466 16.714451 173600038809.000000
-1.742188 0.028564 0.114502 -27.084731 -20.740560 16.775453 173600041725.000000
-1.710449 0.042480 0.119629 -26.108705 -23.119624 17.141463 173600044643.000000
-1.678955 0.055908 0.123779 -25.681693 -24.766669 18.239492 173600047566.000000
-1.637695 0.064941 0.117920 -25.010675 -25.681693 19.886537 173600050487.000000
-1.599365 0.068604 0.111328 -25.132679 -25.071677 22.082596 173600053403.000000
-1.568848 0.069336 0.115479 -25.254682 -24.339657 23.912646 173600056318.000000
-1.534180 0.072266 0.110596 -25.315684 -22.631611 26.535716 173600059258.000000
-1.510010 0.070801 0.104492 -25.803697 -20.862563 28.914781 173600062174.000000
-1.490967 0.069092 0.098145 -26.291710 -18.666504 31.659855 173600065091.000000
-1.494873 0.067139 0.095703 -26.474715 -16.531446 34.282926 173600068014.000000
-1.494385 0.067627 0.092529 -26.962728 -15.677423 37.028000 173600070933.000000
-1.501465 0.070801 0.083984 -27.389740 -15.494418 39.041054 173600073860.000000
-1.505859 0.073730 0.083252 -27.999756 -16.531446 41.481120 173600076778.000000
-1.504395 0.069092 0.082031 -28.609772 -18.361496 43.250168 173600079692.000000
-1.494385 0.063721 0.081543 -29.402794 -20.801562 45.324224 173600082609.000000
-1.488281 0.059326 0.073486 -29.890807 -23.302629 47.215275 173600085526.000000
-1.474121 0.055908 0.072266 -30.378820 -26.169707 49.716342 173600088459.000000
-1.442871 0.045166 0.059814 -30.622827 -27.999756 52.217410 173600091390.000000
-1.415039 0.043213 0.050781 -30.927835 -29.646800 54.779479 173600094305.000000
-1.378906 0.038086 0.036133 -31.537852 -30.866833 56.914537 173600097223.000000
-1.334717 0.030762 0.019775 -32.330873 -31.232843 59.232599 173600100139.000000
-1.304443 0.029541 0.020996 -32.696883 -31.415848 61.672665 173600103053.000000
-1.260254 0.024902 0.012207 -33.611908 -30.805832 64.844751 173600105979.000000
-1.229736 0.017822 0.009277 -34.099921 -30.622827 67.467822 173600108984.000000
-1.188232 0.010010 0.000244 -34.770939 -29.097786 70.090892 173600111901.000000
-1.153564 0.010010 0.000977 -35.380955 -27.572744 72.408955 173600114819.000000
-1.128906 0.007324 -0.001953 -36.051973 -25.498688 75.215031 173600117738.000000
-1.111816 0.012939 -0.016846 -36.783993 -23.302629 77.777100 173600120656.000000
-1.084717 0.000000 -0.018311 -37.333008 -20.862563 80.461172 173600123579.000000
-1.063965 0.001465 -0.021240 -37.943024 -18.422497 82.840237 173600126498.000000
-1.047852 -0.001221 -0.029785 -38.126029 -16.409443 84.426280 173600129417.000000
-1.035156 -0.001465 -0.038086 -38.797048 -14.396389 86.500336 173600132339.000000
-1.018555 -0.000488 -0.043213 -39.224059 -13.298359 87.781370 173600135255.000000
-1.007813 -0.002441 -0.043457 -39.712072 -11.956323 89.489416 173600138177.000000
-0.999268 -0.004639 -0.048584 -40.383090 -10.919295 90.770451 173600141099.000000
-0.991943 -0.000244 -0.052246 -41.298115 -10.126273 92.295492 173600145125.000000
-0.984863 -0.007324 -0.049316 -42.091136 -9.211249 93.759532 173600148071.000000
-0.970215 -0.007080 -0.060547 -42.579150 -8.418227 94.857561 173600150993.000000
-0.961426 -0.008301 -0.053223 -43.433173 -7.869212 95.772586 173600153911.000000
-0.943115 -0.011719 -0.051025 -43.738181 -7.259196 96.504606 173600156830.000000
-0.928223 -0.011719 -0.047119 -44.226194 -7.015189 96.809614 173600159750.000000
-0.918701 -0.015137 -0.052979 -45.019216 -6.588178 97.236625 173600162666.000000
-0.904297 -0.009033 -0.037842 -45.324224 -6.283170 97.297627 173600165584.000000
-0.890869 -0.008301 -0.034424 -45.812237 -6.100165 97.358629 173600168511.000000
-0.877441 -0.002441 -0.019775 -46.361252 -6.222168 97.114622 173600171440.000000
-0.871094 -0.002686 -0.021484 -47.032270 -6.344171 96.687611 173600174354.000000
-0.853760 0.004150 -0.009277 -47.703288 -6.710181 96.199597 173600177277.000000
-0.848145 0.015625 -0.002930 -48.557311 -7.259196 95.345574 173600180207.000000
-0.845947 0.027344 0.007568 -49.045324 -7.869212 94.552553 173600183122.000000
-0.843262 0.032715 0.004883 -49.777344 -8.418227 93.576527 173600186037.000000
-0.844238 0.038086 0.016846 -49.777344 -9.638260 92.783505 173600188968.000000
-0.848389 0.047607 0.019775 -50.814372 -10.553285 91.258464 173600191884.000000
-0.845703 0.051025 0.034424 -51.058379 -12.200329 90.282438 173600194801.000000
-0.851807 0.057617 0.034180 -51.485390 -14.213384 89.184408 173600197723.000000
-0.846680 0.069092 0.037109 -52.278412 -15.921430 88.025377 173600200641.000000
-0.841309 0.073242 0.032715 -52.766425 -17.751479 86.744342 173600203557.000000
-0.842285 0.077881 0.047363 -53.010431 -19.581529 85.890319 173600206472.000000
-0.839355 0.081787 0.044189 -53.376441 -21.533581 84.487281 173600209431.000000
-0.839111 0.088379 0.050293 -53.742451 -22.936619 83.694260 173600212351.000000
-0.828125 0.087646 0.059082 -53.681449 -25.010675 82.840237 173600215268.000000
-0.828369 0.084961 0.060791 -53.254438 -26.352712 81.986214 173600218187.000000
-0.841064 0.083252 0.084717 -52.644421 -27.694748 81.742207 173600221103.000000
-0.857666 0.084717 0.088379 -51.424388 -28.121759 81.620204 173600224018.000000
-0.855469 0.080322 0.097412 -51.058379 -28.304764 81.681205 173600226937.000000
-0.829834 0.075684 0.097900 -49.533337 -28.548771 81.498200 173600229860.000000
-0.817627 0.079834 0.096680 -49.411334 -28.731776 81.559202 173600232778.000000
-0.811523 0.084229 0.089355 -49.350332 -28.121759 80.766181 173600235694.000000
-0.804199 0.083496 0.091064 -48.313304 -27.511743 80.888184 173600238616.000000
-0.794678 0.081055 0.099854 -47.825291 -26.779723 80.339169 173600241533.000000
-0.784668 0.083496 0.098389 -47.154273 -26.047703 80.095163 173600244448.000000
-0.781250 0.081055 0.093750 -45.446227 -24.461660 80.217166 173600247370.000000
-0.767578 0.085938 0.104004 -44.714207 -23.241628 80.339169 173600250290.000000
-0.760498 0.087158 0.098633 -43.555176 -21.228573 80.583176 173600253206.000000
-0.747803 0.092529 0.093994 -42.335143 -19.276520 80.827182 173600256121.000000
-0.746338 0.094238 0.096191 -41.298115 -17.080461 81.315196 173600259047.000000
-0.739258 0.096191 0.090820 -40.627097 -14.579394 81.010187 173600261963.000000
-0.738037 0.100586 0.101074 -39.590069 -12.444336 81.620204 173600264879.000000
-0.733398 0.105713 0.093750 -38.614043 -9.760264 81.559202 173600267802.000000
-0.730225 0.102295 0.097900 -37.760020 -7.564204 81.925212 173600270722.000000
-0.745361 0.115723 0.099609 -36.905996 -5.368145 82.291222 173600273638.000000
-0.744629 0.126221 0.114258 -36.295980 -3.660099 81.803209 173600276556.000000
-0.741211 0.134033 0.105957 -36.112975 -1.891051 81.681205 173600279484.000000
-0.740967 0.136475 0.104492 -36.051973 -0.549015 81.132191 173600282401.000000
-0.751221 0.149170 0.105469 -35.746965 0.549015 80.522174 173600285316.000000
-0.759766 0.163818 0.104492 -35.624962 1.403038 79.973159 173600288233.000000
-0.771973 0.171875 0.108887 -35.624962 1.769048 79.485146 173600291150.000000
-0.774658 0.179443 0.118164 -35.441957 1.403038 78.753126 173600294066.000000
-0.780029 0.187500 0.126465 -35.380955 0.732020 78.082108 173600296986.000000
-0.780029 0.191162 0.131592 -35.380955 -0.488013 77.045080 173600299902.000000
-0.793701 0.199219 0.136963 -34.892942 -1.891051 76.130056 173600302819.000000
-0.796875 0.196289 0.146729 -34.953944 -4.087110 74.849021 173600305735.000000
-0.794434 0.194336 0.145020 -34.587934 -6.161166 73.445983 173600308652.000000
-0.800781 0.196289 0.151367 -34.404929 -8.906240 72.103947 173600311596.000000
-0.805176 0.197021 0.146484 -33.916916 -11.346306 71.188922 173600314517.000000
-0.804443 0.195801 0.154297 -33.977917 -13.847374 69.785884 173600317436.000000
-0.802490 0.188232 0.148438 -33.794912 -16.470445 68.626853 173600320350.000000
-0.800781 0.183350 0.147949 -33.733911 -18.605502 68.016836 173600323280.000000
-0.799316 0.180420 0.144775 -33.428903 -21.167572 67.162813 173600326197.000000
-0.793213 0.173340 0.140869 -33.062893 -23.241628 65.942780 173600329115.000000
-0.790283 0.164795 0.137451 -33.306899 -25.132679 65.515769 173600332030.000000
-0.777344 0.156982 0.128906 -33.062893 -26.474715 64.966754 173600334956.000000
-0.770508 0.149170 0.122070 -32.879888 -27.511743 64.661746 173600337875.000000
-0.767822 0.140381 0.118896 -32.635881 -28.304764 64.905752 173600340791.000000
-0.767578 0.136963 0.106934 -32.513878 -28.853779 65.149759 173600343707.000000
-0.756592 0.132080 0.100830 -32.086866 -28.426768 65.576771 173600346624.000000
-0.754639 0.121338 0.102051 -31.964863 -28.365766 65.698774 173600349627.000000
-0.746582 0.119873 0.092041 -31.781858 -27.511743 66.247789 173600352557.000000
-0.740723 0.121338 0.086670 -31.720856 -26.901726 66.918807 173600355482.000000
-0.734863 0.119629 0.093994 -31.537852 -26.169707 67.406820 173600358408.000000
-0.725098 0.127930 0.092773 -31.354847 -25.681693 67.284817 173600361324.000000
-0.723633 0.135742 0.099854 -31.415848 -25.010675 67.589825 173600364241.000000
-0.720947 0.145508 0.100830 -31.354847 -24.705667 67.833832 173600367163.000000
-0.710449 0.160400 0.097412 -31.659855 -24.217654 67.650827 173600370084.000000
-0.708496 0.171631 0.101807 -32.147868 -24.278656 67.284817 173600373001.000000
-0.708252 0.177246 0.106201 -32.269871 -24.339657 67.040810 173600375916.000000
-0.706055 0.191406 0.116455 -32.391875 -25.071677 66.369792 173600378844.000000
-0.708740 0.198242 0.127930 -32.330873 -25.925700 65.149759 173600381760.000000
-0.711182 0.203613 0.128418 -32.635881 -26.962728 64.417739 173600384675.000000
-0.709473 0.210205 0.132568 -33.123894 -28.121759 63.197706 173600387596.000000
-0.710693 0.216797 0.136719 -32.818886 -29.463796 62.465687 173600390514.000000
-0.720215 0.215088 0.132568 -33.062893 -30.866833 61.733667 173600393433.000000
-0.732910 0.216064 0.134277 -33.245898 -32.574880 60.879644 173600396348.000000
-0.738037 0.210693 0.131348 -33.611908 -33.794912 60.269627 173600399265.000000
-0.735596 0.205811 0.129150 -33.794912 -35.868968 59.598609 173600402180.000000
-0.735840 0.197510 0.133301 -34.465931 -37.943024 58.622583 173600405093.000000
-0.728516 0.187988 0.125000 -34.648936 -39.834076 57.890563 173600408017.000000
-0.729736 0.171631 0.132324 -34.526932 -42.030135 57.036540 173600410960.000000
-0.726563 0.157715 0.137939 -34.526932 -44.348197 55.938510 173600413877.000000
-0.722656 0.145752 0.142822 -34.221924 -46.422253 55.267492 173600416797.000000
-0.727051 0.138184 0.135986 -33.855914 -48.740316 53.925456 173600419713.000000
-0.718018 0.119629 0.140137 -33.062893 -51.119380 53.010431 173600422628.000000
-0.708740 0.114258 0.143799 -32.635881 -52.705423 52.339413 173600425544.000000
-0.695313 0.099854 0.144043 -31.842860 -54.779479 51.119380 173600428462.000000
-0.677490 0.100098 0.148682 -31.293845 -56.304520 50.265357 173600431378.000000
-0.663818 0.101318 0.152832 -30.500824 -57.341548 49.045324 173600434297.000000
-0.651855 0.109375 0.166260 -29.829805 -58.561581 48.191301 173600437216.000000
-0.640869 0.119141 0.160400 -29.219789 -59.110596 46.971268 173600440131.000000
-0.625000 0.132568 0.174805 -28.487769 -59.171598 46.178247 173600443047.000000
-0.610596 0.148193 0.180664 -28.060758 -59.171598 45.080217 173600445962.000000
-0.595703 0.169678 0.185547 -27.572744 -58.439578 43.860184 173600448889.000000
-0.584717 0.187012 0.184326 -27.206735 -57.341548 42.884158 173600451805.000000
-0.575684 0.197510 0.192139 -26.840725 -56.060514 41.420118 173600454720.000000
-0.563721 0.214844 0.194824 -26.535716 -54.779479 40.322089 173600457644.000000
-0.552979 0.229492 0.202148 -26.047703 -53.193436 38.675044 173600460563.000000
-0.544189 0.246826 0.200928 -25.681693 -51.363387 36.905996 173600463477.000000
-0.538818 0.265381 0.201660 -25.254682 -49.594339 35.075947 173600466393.000000
-0.536865 0.283203 0.204346 -24.644665 -47.276276 33.550906 173600469319.000000
-0.534912 0.295166 0.198486 -23.729641 -45.202220 31.903861 173600472235.000000
-0.537842 0.313477 0.189941 -22.387604 -39.468066 27.755749 173600479972.000000
-0.545166 0.313721 0.190918 -21.533581 -37.455011 25.864698 173600483117.000000
-0.545898 0.306641 0.182861 -20.984567 -35.807967 23.851644 173600486060.000000
-0.549072 0.301758 0.178467 -20.984567 -34.221924 21.960593 173600488982.000000
-0.553955 0.290283 0.180664 -20.435552 -33.489904 19.947539 173600491986.000000
-0.556152 0.282471 0.175781 -19.947539 -32.513878 17.934484 173600494993.000000
-0.555176 0.270508 0.176025 -19.459525 -32.269871 15.860428 173600497924.000000
-0.559570 0.260986 0.166260 -19.215519 -32.208870 13.481364 173600500845.000000
-0.563721 0.249512 0.173584 -18.605502 -32.086866 10.919295 173600503761.000000
-0.561035 0.242676 0.166260 -18.300494 -32.635881 8.906240 173600506671.000000
-0.560303 0.233398 0.166992 -17.568474 -32.940889 6.283170 173600509662.000000
-0.555908 0.221680 0.172363 -16.714451 -33.977917 3.965107 173600512646.000000
-0.553467 0.208984 0.169678 -16.165436 -34.282926 1.342036 173600515564.000000
-0.554932 0.202881 0.168457 -15.128408 -35.197950 -1.464040 173600518487.000000
-0.554199 0.189697 0.163086 -14.213384 -35.624962 -3.660099 173600521405.000000
-0.554688 0.184326 0.161865 -13.237357 -36.234978 -6.344171 173600524328.000000
-0.549805 0.177734 0.173584 -12.078326 -36.783993 -8.601232 173600527239.000000
-0.549805 0.172119 0.164795 -11.041298 -37.150003 -11.102300 173600530155.000000
-0.551758 0.175049 0.170410 -9.760264 -37.211005 -13.176356 173600533066.000000
-0.552490 0.175293 0.169678 -9.089245 -37.089001 -15.311413 173600535980.000000
-0.550781 0.181885 0.164063 -8.357226 -36.722992 -17.019460 173600538891.000000
-0.543457 0.189209 0.159912 -7.747209 -36.051973 -18.910511 173600541810.000000
-0.531982 0.202148 0.167969 -6.588178 -34.221924 -20.862563 173600544718.000000
-0.520508 0.208984 0.160889 -6.222168 -32.208870 -22.265601 173600547635.000000
-0.503662 0.226807 0.157471 -5.673153 -29.646800 -24.278656 173600550571.000000
-0.478516 0.252197 0.165771 -4.758128 -26.230708 -25.986702 173600553489.000000
-0.468750 0.272949 0.167236 -4.209114 -21.899591 -27.633746 173600556414.000000
-0.460205 0.300781 0.156494 -3.538096 -16.897456 -28.914781 173600559333.000000
-0.455811 0.328125 0.162842 -2.074056 -11.041298 -30.805832 173600562252.000000
-0.452637 0.345459 0.169922 -1.159031 -5.734155 -32.086866 173600565175.000000
-0.448486 0.360840 0.171387 -0.183005 -0.427012 -33.855914 173600568126.000000
-0.451172 0.370605 0.173584 0.549015 4.575124 -35.868968 173600571050.000000
-0.458252 0.384521 0.171143 1.281035 9.211249 -37.943024 173600573967.000000
-0.471680 0.390625 0.163818 2.013054 12.871348 -40.444092 173600576889.000000
-0.473877 0.390625 0.156982 2.562069 15.494418 -43.189166 173600579811.000000
-0.487549 0.382568 0.158203 2.867077 16.714451 -46.666260 173600582729.000000
-0.494873 0.374268 0.158203 3.172086 16.531446 -50.021351 173600585644.000000
-0.504639 0.354736 0.162354 3.721100 14.640395 -54.962484 173600588569.000000
-0.535889 0.339600 0.165039 4.453120 12.017324 -59.476606 173600591498.000000
-0.565430 0.321289 0.164795 4.758128 8.052217 -64.173733 173600594424.000000
-0.594238 0.302490 0.167480 5.551150 3.111084 -68.992863 173600597348.000000
-0.621094 0.290039 0.169678 6.039163 -2.745074 -73.445983 173600600277.000000
-0.651367 0.279297 0.172363 6.222168 -9.211249 -78.265113 173600603196.000000
-0.676758 0.272705 0.183838 6.161166 -15.738425 -82.718233 173600606112.000000
-0.700195 0.261230 0.193359 6.344171 -22.448606 -86.927347 173600609032.000000
-0.724609 0.259277 0.212402 6.100165 -29.158787 -90.465443 173600612042.000000
-0.733398 0.253174 0.235596 6.100165 -35.807967 -93.637528 173600614960.000000
-0.738037 0.240234 0.259033 5.917160 -41.237113 -96.565607 173600617882.000000
-0.730469 0.239990 0.276855 6.344171 -46.300250 -99.432685 173600620801.000000
-0.719482 0.241455 0.292236 5.978161 -50.326359 -101.994754 173600623745.000000
-0.710205 0.243896 0.302979 6.344171 -52.888428 -104.556823 173600626663.000000
-0.691895 0.242920 0.312988 6.161166 -54.291466 -106.996889 173600629621.000000
-0.664795 0.247803 0.317871 6.893186 -54.230464 -109.436955 173600632537.000000
-0.649902 0.253174 0.330322 6.649180 -53.254438 -111.511011 173600635467.000000
-0.631348 0.259521 0.336426 6.771183 -51.058379 -113.463064 173600638386.000000
-0.609619 0.264893 0.342773 6.893186 -48.191301 -114.744098 173600641304.000000
-0.596436 0.271484 0.343018 7.015189 -44.531202 -116.025133 173600644220.000000
-0.580078 0.273926 0.346680 7.320198 -40.139084 -117.123162 173600647145.000000
-0.563965 0.283447 0.345947 7.198194 -34.648936 -118.404197 173600650111.000000
-0.559326 0.291260 0.348145 7.198194 -27.755749 -119.685232 173600653227.000000
-0.554932 0.290283 0.337402 7.076191 -20.618557 -120.661258 173600656328.000000
-0.554443 0.289795 0.346436 7.259196 -13.908376 -121.698286 173600659403.000000
-0.560059 0.287109 0.336914 7.198194 -6.710181 -122.552309 173600662375.000000
-0.565430 0.282715 0.339111 7.076191 -0.244007 -123.772342 173600665302.000000
-0.574463 0.275146 0.333008 7.442201 6.283170 -125.175380 173600668221.000000
-0.586182 0.269775 0.329834 7.076191 11.956323 -126.151406 173600671143.000000
-0.594238 0.255859 0.319580 6.954188 17.812481 -127.493442 173600674059.000000
-0.608398 0.245117 0.316162 6.710181 22.753614 -128.896480 173600676977.000000
-0.620850 0.233643 0.315674 6.649180 26.962728 -130.726530 173600679892.000000
-0.631836 0.219727 0.322754 5.795156 30.683828 -132.678582 173600682809.000000
-0.639404 0.209961 0.303223 5.246142 33.733911 -134.630635 173600685724.000000
-0.647461 0.201416 0.307861 4.270115 36.478985 -136.521686 173600688642.000000
-0.649658 0.193115 0.290283 3.416092 38.980052 -138.717745 173600691560.000000
-0.656738 0.185547 0.294678 2.440066 41.359117 -140.669798 173600694477.000000
-0.664063 0.178223 0.296143 1.525041 43.555176 -142.865857 173600697395.000000
-0.671143 0.164307 0.291748 1.098030 46.178247 -145.549930 173600700311.000000
-0.672607 0.162598 0.282227 0.305008 48.557311 -147.867992 173600703226.000000
-0.679443 0.150635 0.280273 0.000000 50.936375 -150.552065 173600706141.000000
-0.684082 0.146729 0.278809 -0.305008 53.925456 -153.419142 173600709068.000000
-0.687744 0.135010 0.275146 -0.671018 56.609528 -156.591228 173600711983.000000
-0.697754 0.136475 0.276855 -0.915025 59.476606 -159.519307 173600714900.000000
-0.706055 0.129883 0.270508 -0.610016 62.465687 -162.630391 173600717819.000000
-0.725098 0.117920 0.276611 -0.854023 65.149759 -165.375465 173600720740.000000
-0.735352 0.112061 0.273682 -0.305008 67.955835 -168.181541 173600723656.000000
-0.756348 0.107910 0.276367 0.061002 70.456902 -171.231623 173600726581.000000
-0.777588 0.093994 0.272217 0.549015 72.896968 -174.159702 173600729548.000000
-0.799316 0.085205 0.271973 1.281035 75.154029 -176.843775 173600732465.000000
-0.820068 0.073975 0.268555 1.708046 76.923077 -179.405844 173600735381.000000
-0.845215 0.056152 0.268555 2.135058 78.448118 -181.601903 173600738301.000000
-0.866211 0.035400 0.269531 2.806076 79.241140 -184.041969 173600741224.000000
-0.890381 0.023193 0.273193 3.721100 79.729153 -186.604038 173600744139.000000
-0.913086 0.000244 0.270508 3.965107 79.912158 -188.739096 173600747062.000000
-0.935303 -0.017090 0.272949 4.209114 79.729153 -191.301165 173600749988.000000
-0.949219 -0.028564 0.262207 4.697127 79.790154 -193.192216 173600752913.000000
-0.961182 -0.043701 0.250488 4.758128 79.668151 -195.266272 173600755836.000000
-0.966553 -0.055176 0.237793 5.124138 79.241140 -197.401330 173600758769.000000
-0.965332 -0.066406 0.226807 5.124138 78.936131 -199.414384 173600761689.000000
-0.963623 -0.078369 0.207764 5.307143 78.204112 -201.305435 173600764607.000000
-0.959717 -0.085449 0.203125 4.819130 78.082108 -203.440493 173600767529.000000
-0.954346 -0.085449 0.182373 4.514122 78.204112 -205.514549 173600770449.000000
-0.958740 -0.089355 0.167969 4.209114 78.509120 -207.344598 173600773373.000000
-0.959961 -0.095703 0.151855 3.660099 79.119136 -208.808638 173600776289.000000
-0.964111 -0.100098 0.147705 3.355091 79.851156 -210.516684 173600779216.000000
-0.969971 -0.099854 0.125732 2.867077 81.071189 -211.858720 173600782132.000000
-0.974121 -0.098633 0.108398 2.196059 82.962240 -212.895748 173600785049.000000
-0.980225 -0.095703 0.090332 1.647044 85.097298 -214.176783 173600787972.000000
-0.989990 -0.099609 0.087891 0.793021 87.964375 -215.152809 173600790891.000000
-0.999268 -0.099609 0.068848 0.183005 90.770451 -215.884829 173600793807.000000
-1.017090 -0.105225 0.061768 -1.281035 93.698530 -216.860855 173600796725.000000
-1.026855 -0.112549 0.052979 -2.013054 96.809614 -217.226865 173600799640.000000
-1.043457 -0.121338 0.051025 -2.806076 100.286708 -217.226865 173600802555.000000
-1.056396 -0.128174 0.042236 -3.904105 103.702800 -217.714878 173600805482.000000
-1.066650 -0.138184 0.038330 -4.758128 107.606905 -217.531873 173600808401.000000
-1.080811 -0.148193 0.035645 -5.185140 111.999024 -217.104862 173600811330.000000
-1.087891 -0.161865 0.041748 -5.917160 116.147136 -216.921857 173600814246.000000
-1.096680 -0.176758 0.046387 -6.832184 120.600256 -216.189837 173600817165.000000
-1.106445 -0.190674 0.053955 -7.137193 125.663393 -215.213811 173600820086.000000
-1.118896 -0.208740 0.061279 -7.442201 130.543525 -213.566766 173600823003.000000
-1.132568 -0.228271 0.066162 -7.869212 135.911670 -212.163728 173600825925.000000
-1.148682 -0.255615 0.068115 -7.198194 140.669798 -210.394681 173600828845.000000
-1.159668 -0.280518 0.074951 -6.649180 145.671933 -208.930641 173600831761.000000
-1.169189 -0.299561 0.079102 -5.795156 150.857073 -207.039590 173600834677.000000
-1.170654 -0.326416 0.067627 -5.368145 155.188190 -205.453547 173600837596.000000
-1.172363 -0.354248 0.066162 -4.148112 159.519307 -203.684499 173600840510.000000
-1.171631 -0.376221 0.068604 -2.623071 163.545416 -201.732447 173600843438.000000
-1.162598 -0.396240 0.062012 -1.891051 167.510523 -199.902397 173600846354.000000
-1.152100 -0.408447 0.047852 -1.403038 170.560605 -198.377356 173600849286.000000
-1.135986 -0.431152 0.050049 -0.244007 172.817666 -197.096322 173600852212.000000
-1.137939 -0.451416 0.044434 0.183005 174.647715 -195.815287 173600855138.000000
-1.141846 -0.467041 0.036621 0.671018 175.379735 -194.351247 173600858061.000000
-1.154785 -0.479248 0.020508 1.586043 175.623742 -193.558226 173600860980.000000
-1.175293 -0.494385 0.003906 2.440066 174.769719 -192.399195 173600863896.000000
-1.202637 -0.501221 -0.021729 3.599097 173.000671 -191.789178 173600866816.000000
-1.236328 -0.498047 -0.050049 3.965107 170.133594 -191.423168 173600869730.000000
-1.265381 -0.501709 -0.071533 4.880132 165.985482 -190.508144 173600872649.000000
-1.302246 -0.489258 -0.104980 4.758128 160.434332 -190.203135 173600875566.000000
-1.339355 -0.482910 -0.115967 4.758128 153.419142 -190.081132 173600878493.000000
-1.377930 -0.478027 -0.133789 5.673153 145.610931 -190.264137 173600881411.000000
-1.418457 -0.466309 -0.150879 6.161166 137.131703 -190.935155 173600884326.000000
-1.453125 -0.450439 -0.192871 4.697127 127.737449 -192.155188 173600887249.000000
-1.486328 -0.437988 -0.208008 3.843104 117.855182 -192.704203 173600890175.000000
-1.498047 -0.433838 -0.209229 3.904105 107.179894 -193.863234 173600893096.000000
-1.502441 -0.433105 -0.231934 2.501068 96.077594 -195.449277 173600896013.000000
-1.503906 -0.427490 -0.237549 1.891051 84.670286 -196.974318 173600898932.000000
-1.493652 -0.426514 -0.230957 1.342036 74.117001 -199.170378 173600901848.000000
-1.473633 -0.436768 -0.230469 0.915025 63.624718 -200.939425 173600904765.000000
-1.450928 -0.436279 -0.225098 0.305008 53.620448 -202.586470 173600907684.000000
-1.408447 -0.436523 -0.217529 0.061002 45.507229 -204.233514 173600910600.000000
-1.357422 -0.442139 -0.198486 -0.244007 38.858049 -205.453547 173600913515.000000
-1.305420 -0.447510 -0.190674 -0.610016 33.855914 -206.124565 173600916432.000000
-1.249268 -0.459229 -0.167969 -0.671018 30.622827 -206.673580 173600919356.000000
-1.187988 -0.472412 -0.147217 -0.305008 28.792777 -206.612579 173600922273.000000
-1.123291 -0.483154 -0.133301 -0.122003 28.853779 -206.673580 173600925193.000000
-1.066650 -0.498291 -0.120117 0.610016 30.439822 -206.368572 173600928111.000000
-1.015137 -0.510742 -0.109863 1.098030 33.672909 -205.819557 173600931028.000000
-0.970703 -0.524902 -0.095215 1.647044 37.760020 -204.782529 173600933943.000000
-0.927490 -0.544678 -0.084473 2.440066 42.274141 -203.989508 173600936861.000000
-0.893799 -0.564941 -0.077148 3.782102 47.947295 -202.708473 173600939776.000000
-0.873291 -0.572021 -0.075684 4.880132 54.047459 -200.878424 173600942694.000000
-0.849854 -0.595947 -0.078369 6.222168 60.452632 -199.536387 173600945610.000000
-0.838867 -0.620361 -0.080322 7.625206 67.406820 -197.157323 173600948536.000000
-0.821777 -0.635010 -0.088867 9.150247 74.605014 -194.900262 173600951452.000000
-0.821289 -0.657227 -0.095459 10.980296 81.376197 -192.033185 173600954368.000000
-0.836182 -0.678955 -0.103027 12.627341 87.659367 -189.105106 173600957290.000000
-0.849854 -0.700439 -0.118408 13.908376 93.759532 -185.628012 173600960209.000000
-0.885010 -0.726074 -0.123535 15.433417 99.127676 -182.760935 173600963125.000000
-0.910156 -0.744141 -0.140137 16.714451 103.580797 -179.405844 173600966042.000000
-0.947998 -0.763428 -0.142334 18.422497 107.301897 -176.172757 173600968970.000000
-0.986816 -0.778809 -0.156982 19.703532 110.168975 -173.244678 173600971885.000000
-1.006592 -0.784180 -0.175537 21.045568 112.121027 -170.499603 173600974800.000000
-1.028564 -0.790283 -0.186035 22.265601 113.219057 -167.876533 173600977729.000000
-1.040771 -0.791504 -0.200928 24.034649 113.951077 -165.680473 173600980649.000000
-1.050293 -0.791260 -0.200928 24.949674 113.341060 -163.423412 173600983564.000000
-1.058105 -0.787109 -0.218506 26.169707 113.707070 -161.593363 173600986481.000000
-1.055664 -0.783203 -0.224854 27.267736 113.158055 -159.275300 173600989408.000000
-1.043213 -0.784180 -0.231934 28.060758 112.548039 -158.238272 173600992330.000000
-1.030273 -0.786865 -0.230469 29.341792 111.816019 -156.774233 173600995261.000000
-1.012695 -0.787842 -0.229004 30.500824 110.717989 -155.798207 173600998180.000000
-1.002930 -0.788086 -0.235107 31.659855 109.863966 -155.493198 173601001096.000000
-0.981445 -0.791748 -0.244629 32.452876 109.314952 -154.944183 173601004012.000000
-0.963623 -0.785645 -0.253418 33.367901 108.704935 -154.395169 173601006928.000000
-0.949707 -0.796631 -0.242920 34.404929 108.216922 -154.212164 173601009855.000000
-0.937988 -0.799072 -0.247559 35.014945 107.545904 -153.602147 173601012777.000000
-0.931641 -0.800537 -0.244629 35.685964 107.118892 -152.992131 173601015697.000000
-0.920654 -0.810059 -0.234863 36.661990 106.447874 -152.382114 173601018616.000000
-0.903076 -0.820313 -0.228516 37.516013 105.837858 -151.833099 173601021532.000000
-0.889160 -0.831787 -0.236572 38.126029 105.166840 -151.284085 173601024456.000000
-0.868896 -0.843750 -0.236084 38.980052 104.922833 -150.979076 173601027388.000000
-0.859863 -0.858398 -0.236328 40.078082 104.373818 -150.125053 173601030304.000000
-0.854980 -0.865967 -0.243164 40.566095 103.397792 -149.759043 173601033219.000000
-0.843506 -0.875488 -0.234619 41.603123 102.848777 -148.905020 173601036142.000000
-0.850586 -0.879395 -0.251465 42.274141 102.787775 -147.623986 173601039060.000000
-0.849121 -0.886719 -0.247803 42.701153 102.604770 -146.098945 173601041984.000000
-0.831055 -0.900879 -0.252197 42.884158 102.360764 -144.512902 173601044900.000000
-0.825928 -0.908691 -0.255127 43.494174 102.543769 -142.926859 173601047830.000000
-0.813477 -0.915283 -0.261719 43.982188 102.787775 -141.462819 173601050749.000000
-0.810303 -0.921875 -0.256592 44.653206 103.092784 -140.181785 173601053664.000000
-0.803711 -0.923828 -0.260742 45.873239 103.519795 -138.595742 173601056581.000000
-0.792969 -0.927002 -0.265625 46.483255 103.702800 -137.436711 173601059542.000000
-0.794434 -0.926025 -0.271973 47.093272 103.946807 -135.911670 173601062459.000000
-0.793457 -0.919434 -0.275635 47.947295 104.190813 -134.386628 173601065376.000000
-0.785156 -0.912354 -0.281982 47.886293 104.373818 -132.556579 173601068304.000000
-0.780518 -0.915527 -0.288574 47.886293 104.251815 -131.519551 173601071226.000000
-0.775146 -0.911865 -0.289795 48.008296 104.007808 -130.238516 173601074142.000000
-0.776611 -0.917725 -0.297607 47.886293 103.458793 -129.079485 173601077068.000000
-0.770020 -0.917236 -0.288086 47.642286 102.848777 -127.798451 173601079987.000000
-0.768555 -0.914795 -0.287842 47.703288 102.665772 -126.456414 173601082904.000000
-0.762939 -0.919678 -0.285889 48.069298 102.360764 -124.931373 173601085820.000000
-0.758057 -0.922852 -0.290771 47.825291 101.994754 -123.650339 173601088746.000000
-0.758057 -0.927246 -0.289551 47.886293 101.689746 -122.308302 173601091664.000000
-0.750244 -0.936279 -0.288818 47.520283 101.140731 -120.905264 173601094579.000000
-0.745361 -0.943359 -0.295898 47.215275 101.018728 -119.685232 173601097498.000000
-0.742432 -0.953857 -0.285156 47.337278 100.225706 -118.282194 173601100414.000000
-0.742432 -0.955566 -0.286133 47.154273 99.493686 -117.123162 173601103329.000000
-0.739014 -0.968506 -0.288574 47.154273 99.066675 -115.720124 173601106250.000000
-0.736572 -0.978027 -0.284912 47.154273 97.968645 -114.134082 173601109168.000000
-0.735596 -0.983398 -0.288330 47.215275 97.236625 -112.487037 173601112083.000000
-0.725586 -0.988525 -0.283691 46.971268 96.443604 -111.145001 173601115004.000000
-0.716309 -0.993408 -0.277588 46.727262 95.589581 -109.009943 173601117922.000000
-0.701660 -0.997559 -0.290771 46.788263 95.223571 -107.850912 173601120838.000000
-0.690186 -1.001465 -0.280762 46.300250 94.735558 -106.386872 173601123755.000000
-0.684570 -1.000488 -0.280029 46.300250 94.491551 -104.739828 173601126671.000000
-0.679932 -0.997314 -0.272705 46.117245 94.491551 -102.909779 173601129623.000000
-0.670898 -0.993408 -0.281494 45.751235 94.979564 -101.262734 173601132540.000000
-0.662109 -0.992920 -0.271484 45.690234 95.162569 -99.310681 173601135456.000000
-0.652832 -0.991699 -0.268555 44.653206 95.711584 -97.114622 173601138381.000000
-0.641846 -0.987305 -0.265137 44.531202 96.565607 -94.857561 173601141296.000000
-0.632813 -0.986084 -0.262451 43.921186 97.297627 -93.332520 173601144211.000000
-0.624268 -0.985107 -0.261475 43.433173 97.968645 -91.685476 173601147138.000000
-0.627197 -0.987793 -0.265137 43.067163 98.456658 -89.672421 173601150054.000000
-0.622314 -0.987305 -0.261475 42.762155 99.188678 -87.781370 173601152969.000000
-0.622803 -0.984619 -0.260986 42.579150 99.310681 -85.707314 173601155885.000000
-0.619385 -0.987549 -0.257324 42.091136 99.371683 -83.999268 173601158812.000000
-0.618408 -0.982666 -0.254150 41.237113 99.371683 -82.169219 173601161727.000000
-0.619873 -0.979736 -0.261475 40.688099 99.127676 -80.339169 173601164643.000000
-0.624756 -0.980469 -0.259033 39.834076 97.907644 -78.326115 173601167567.000000
-0.628906 -0.971191 -0.265625 39.529067 97.419630 -76.191057 173601170488.000000
-0.626709 -0.968506 -0.265137 38.370036 96.321601 -74.422009 173601173403.000000
-0.626221 -0.964111 -0.266113 37.272006 94.674556 -72.347953 173601176316.000000
-0.625977 -0.955322 -0.276855 36.356982 93.332520 -70.334899 173601179247.000000
-0.623779 -0.950684 -0.279541 34.770939 91.258464 -68.809858 173601182163.000000
-0.620361 -0.944580 -0.280273 34.160922 89.489416 -66.796804 173601185079.000000
-0.619629 -0.945068 -0.283691 33.184896 87.049350 -65.332764 173601188002.000000
-0.625732 -0.933594 -0.291992 31.903861 84.792289 -63.685720 173601190923.000000
-0.626953 -0.932617 -0.292236 30.866833 82.230220 -62.343683 173601193851.000000
-0.625000 -0.928955 -0.289063 29.707802 79.607149 -60.818642 173601196768.000000
-0.620850 -0.926270 -0.287842 28.731776 76.252059 -59.171598 173601199682.000000
-0.621094 -0.924316 -0.289795 27.633746 73.018972 -58.012566 173601202597.000000
-0.619629 -0.922852 -0.283447 26.596718 70.151894 -56.609528 173601205513.000000
-0.617676 -0.921387 -0.284180 25.132679 66.491795 -55.694504 173601208443.000000
-0.613770 -0.920898 -0.283936 23.912646 63.014701 -54.169463 173601211371.000000
-0.609863 -0.915039 -0.285400 22.570609 59.110596 -53.193436 173601214294.000000
-0.605225 -0.907471 -0.286133 21.167572 55.755505 -51.729397 173601217213.000000
-0.599609 -0.911133 -0.278809 20.008540 52.156408 -50.326359 173601220129.000000
-0.598145 -0.909668 -0.268799 18.666504 48.557311 -48.984323 173601223044.000000
-0.585205 -0.906494 -0.267822 17.019460 45.141219 -47.886293 173601225974.000000
-0.577393 -0.902344 -0.263428 16.165436 42.091136 -46.178247 173601228891.000000
-0.564697 -0.899658 -0.255127 15.128408 39.102056 -45.141219 173601231812.000000
-0.548340 -0.896240 -0.252930 13.847374 36.295980 -43.372171 173601234729.000000
-0.546143 -0.894287 -0.248291 12.932349 33.855914 -42.335143 173601237648.000000
-0.536865 -0.887695 -0.240723 11.773318 31.659855 -40.627097 173601240573.000000
-0.522217 -0.888184 -0.238525 10.858293 29.402794 -39.712072 173601243489.000000
