0.148193 -0.975586 0.407471 -0.854023 6.893186 1.220033 142910442371.000000
0.149902 -0.972412 0.409424 -0.976026 6.832184 1.098030 142910445280.000000
0.151123 -0.974854 0.406738 -1.220033 6.710181 1.220033 142910448187.000000
0.150879 -0.972656 0.406494 -1.342036 6.954188 1.098030 142910451102.000000
0.148193 -0.966309 0.409424 -1.098030 6.954188 1.220033 142910454018.000000
0.144775 -0.974609 0.399902 -1.281035 7.198194 1.281035 142910456935.000000
0.151123 -0.970947 0.406738 -1.281035 7.320198 1.281035 142910459857.000000
0.152832 -0.971436 0.403809 -1.281035 7.320198 1.037028 142910462776.000000
0.151611 -0.972412 0.407715 -1.342036 7.625206 0.915025 142910465691.000000
0.152100 -0.971191 0.396729 -1.342036 7.808211 1.281035 142910468604.000000
0.154297 -0.968994 0.406494 -1.281035 8.235222 0.915025 142910471530.000000
0.161621 -0.964600 0.409424 -1.281035 8.174221 1.037028 142910474444.000000
0.154541 -0.969971 0.407471 -1.037028 8.479229 1.037028 142910477358.000000
0.153320 -0.972168 0.417969 -1.220033 8.479229 0.915025 142910480307.000000
0.156006 -0.969482 0.411865 -1.037028 8.967242 0.854023 142910483224.000000
0.155029 -0.967041 0.412598 -1.037028 8.662234 0.671018 142910486138.000000
0.158203 -0.968994 0.407959 -1.159031 9.272250 0.915025 142910489061.000000
0.146484 -0.968994 0.403320 -1.159031 9.394254 0.671018 142910491980.000000
0.153564 -0.974365 0.405762 -1.098030 9.699262 0.549015 142910494895.000000
0.156982 -0.975342 0.412598 -0.793021 9.516257 0.366010 142910497823.000000
0.158447 -0.976318 0.412354 -0.854023 9.394254 0.183005 142910500747.000000
0.150635 -0.977539 0.411621 -0.610016 9.394254 0.427012 142910503662.000000
0.148438 -0.979980 0.405029 -0.549015 9.882267 0.183005 142910506575.000000
0.151611 -0.977539 0.405029 -0.854023 9.699262 0.244007 142910509490.000000
0.149658 -0.977051 0.407959 -0.793021 9.821265 0.122003 142910512434.000000
0.147461 -0.975586 0.401855 -0.915025 10.309278 -0.183005 142910515345.000000
0.145996 -0.980469 0.405762 -0.610016 10.370280 -0.183005 142910522961.000000
0.144775 -0.984863 0.413330 -0.427012 10.004270 -0.427012 142910526090.000000
0.146973 -0.988525 0.410889 -0.122003 10.187275 -0.427012 142910529029.000000
0.144287 -0.985840 0.407471 -0.183005 10.187275 -0.671018 142910531953.000000
0.152832 -0.984375 0.401855 -0.427012 10.980296 -0.610016 142910534983.000000
0.145020 -0.980957 0.400391 -0.366010 10.797292 -0.488013 142910537998.000000
0.149414 -0.979736 0.401367 -0.915025 11.651315 -0.793021 142910540919.000000
0.151367 -0.978516 0.397949 -0.671018 11.590313 -0.610016 142910543834.000000
0.144531 -0.980713 0.395996 -0.671018 11.590313 -0.671018 142910546747.000000
0.141602 -0.984863 0.402344 -0.732020 11.773318 -0.732020 142910549666.000000
0.140869 -0.981934 0.407959 -0.244007 11.834320 -0.732020 142910552585.000000
0.138428 -0.980469 0.398193 -0.244007 12.444336 -0.671018 142910555496.000000
0.139404 -0.986084 0.399902 -0.305008 12.322333 -0.915025 142910558425.000000
0.137207 -0.983643 0.403564 -0.732020 12.505338 -0.610016 142910561340.000000
0.137939 -0.981201 0.398438 -0.915025 12.505338 -0.671018 142910564260.000000
0.136963 -0.981445 0.405518 -0.793021 13.054352 -0.732020 142910567173.000000
0.130859 -0.980713 0.407959 -0.793021 12.322333 -0.610016 142910570088.000000
0.131104 -0.985840 0.400391 -0.488013 12.383334 -0.976026 142910573004.000000
0.131348 -0.986328 0.403564 -0.488013 12.505338 -0.732020 142910575916.000000
0.133301 -0.984131 0.404297 -0.366010 12.078326 -0.549015 142910578828.000000
0.128906 -0.979736 0.396973 -0.305008 11.895321 -0.671018 142910581784.000000
0.126953 -0.976807 0.398926 -0.427012 11.895321 -0.671018 142910584705.000000
0.127686 -0.975830 0.403564 -0.305008 11.712316 -0.549015 142910587630.000000
0.128906 -0.975830 0.401611 -0.305008 11.712316 -0.549015 142910590540.000000
0.125732 -0.973145 0.400635 -0.305008 11.712316 -0.915025 142910593453.000000
0.131104 -0.974365 0.403076 -0.061002 11.773318 -0.854023 142910596364.000000
0.131348 -0.970215 0.400635 -0.122003 11.712316 -0.976026 142910599275.000000
0.133057 -0.973633 0.403320 -0.305008 11.346306 -1.037028 142910602201.000000
0.130859 -0.971191 0.398682 -0.183005 11.468310 -1.098030 142910605114.000000
0.129639 -0.969482 0.403320 -0.366010 11.285305 -1.159031 142910608033.000000
0.127686 -0.969727 0.396729 0.000000 11.529311 -1.403038 142910610964.000000
0.127441 -0.968994 0.401367 0.061002 11.468310 -1.281035 142910613965.000000
0.125732 -0.970947 0.406982 0.061002 11.102300 -1.403038 142910615861.000000
0.126953 -0.968750 0.395508 -0.244007 10.797292 -1.220033 142910617664.000000
0.126953 -0.970947 0.400391 0.122003 11.041298 -1.525041 142910619464.000000
0.128906 -0.975098 0.404053 0.122003 10.797292 -1.464040 142910621265.000000
0.127197 -0.973145 0.395996 0.000000 10.614287 -1.464040 142910623076.000000
0.130371 -0.970703 0.397705 0.000000 11.102300 -1.403038 142910624880.000000
0.128174 -0.973633 0.399170 -0.183005 10.919295 -1.342036 142910626685.000000
0.129150 -0.975098 0.400635 -0.061002 10.675288 -1.342036 142910628485.000000
0.125732 -0.974121 0.401367 -0.244007 10.675288 -1.525041 142910630285.000000
0.120117 -0.974121 0.403320 -0.305008 10.797292 -1.098030 142910632086.000000
0.123047 -0.973389 0.402588 -0.122003 10.492283 -1.403038 142910633886.000000
0.128174 -0.976807 0.403564 -0.061002 10.675288 -1.464040 142910635686.000000
0.128662 -0.975586 0.397217 -0.244007 10.858293 -1.403038 142910637488.000000
0.127441 -0.968994 0.395508 -0.305008 10.980296 -1.403038 142910639290.000000
0.125732 -0.976807 0.397217 -0.244007 10.858293 -1.281035 142910641098.000000
0.126953 -0.974854 0.393799 -0.427012 10.675288 -1.220033 142910642899.000000
0.125732 -0.977051 0.390625 -0.427012 10.553285 -1.098030 142910644698.000000
0.124512 -0.975342 0.390625 -0.122003 10.614287 -1.464040 142910646497.000000
0.126953 -0.973877 0.399658 -0.244007 10.797292 -1.647044 142910648296.000000
0.126221 -0.976563 0.395996 -0.305008 10.858293 -1.464040 142910650108.000000
0.126709 -0.977539 0.397949 -0.305008 10.797292 -1.342036 142910651958.000000
0.131592 -0.976807 0.396240 -0.305008 10.492283 -1.342036 142910654537.000000
0.125732 -0.979004 0.387207 -0.183005 10.492283 -1.586043 142910656557.000000
0.126709 -0.979492 0.395264 -0.244007 10.370280 -1.525041 142910658439.000000
0.125732 -0.973877 0.401855 -0.244007 10.614287 -1.769048 142910660242.000000
0.123047 -0.978760 0.399170 -0.122003 10.553285 -1.647044 142910662043.000000
0.126465 -0.978516 0.395996 -0.122003 10.553285 -1.586043 142910663843.000000
0.128418 -0.977295 0.390137 -0.366010 10.370280 -1.403038 142910665647.000000
0.126465 -0.980225 0.397949 -0.122003 10.370280 -1.464040 142910667445.000000
0.126465 -0.975830 0.396484 0.000000 10.614287 -1.525041 142910669244.000000
0.125244 -0.980957 0.392578 -0.366010 10.492283 -1.525041 142910671043.000000
0.126709 -0.976318 0.393555 -0.366010 10.675288 -1.464040 142910672848.000000
0.124756 -0.976563 0.392090 -0.244007 10.614287 -1.586043 142910674650.000000
0.125977 -0.976318 0.395020 -0.244007 10.736290 -1.586043 142910676447.000000
0.125732 -0.978027 0.397217 -0.366010 10.736290 -1.403038 142910678249.000000
0.129150 -0.975830 0.396484 -0.732020 10.797292 -1.281035 142910680048.000000
0.127930 -0.975342 0.396484 -0.366010 10.553285 -1.464040 142910681847.000000
0.123779 -0.977783 0.397217 -0.366010 10.675288 -1.342036 142910683645.000000
0.127441 -0.982910 0.394531 -0.244007 10.492283 -1.647044 142910685442.000000
0.128174 -0.980225 0.403076 -0.427012 10.980296 -1.525041 142910687241.000000
0.127686 -0.980713 0.400879 -0.244007 10.553285 -1.342036 142910689040.000000
0.130615 -0.979004 0.395020 -0.366010 10.980296 -1.403038 142910690839.000000
0.128906 -0.983643 0.398926 -0.427012 11.041298 -1.464040 142910692637.000000
0.130371 -0.983887 0.395996 -0.549015 10.858293 -1.403038 142910694436.000000
0.129395 -0.985352 0.400146 -0.488013 11.041298 -1.525041 142910696234.000000
0.128662 -0.990723 0.404053 -0.610016 10.736290 -1.647044 142910698033.000000
0.129883 -0.992188 0.405518 -0.366010 10.797292 -1.281035 142910699835.000000
0.128662 -0.992432 0.409668 -0.183005 10.736290 -1.525041 142910701636.000000
0.126709 -0.992920 0.402100 -0.427012 10.431282 -1.220033 142910703442.000000
0.123779 -0.996338 0.403320 -0.305008 10.797292 -1.464040 142910705243.000000
0.125488 -0.993896 0.403076 -0.244007 10.614287 -1.403038 142910707045.000000
0.127686 -0.997803 0.404053 -0.183005 10.370280 -1.281035 142910708846.000000
0.125488 -0.996826 0.407715 -0.122003 11.041298 -1.281035 142910710686.000000
0.125244 -0.995850 0.397949 0.061002 10.675288 -1.037028 142910712486.000000
0.120850 -0.996826 0.405273 0.061002 10.187275 -1.342036 142910714284.000000
0.125732 -0.992188 0.406738 0.122003 10.492283 -1.220033 142910716082.000000
0.124023 -0.993164 0.405273 -0.061002 10.370280 -1.098030 142910717880.000000
0.122803 -0.994385 0.404053 0.122003 10.187275 -1.586043 142910719679.000000
0.125732 -0.992920 0.403320 0.061002 10.431282 -1.098030 142910721479.000000
0.127930 -0.991699 0.400879 0.244007 10.370280 -1.220033 142910723277.000000
0.125977 -0.991943 0.406738 0.122003 10.309278 -1.159031 142910725075.000000
0.125977 -0.992676 0.396729 0.305008 10.248277 -1.220033 142910726872.000000
0.125732 -0.989258 0.404053 0.427012 10.248277 -1.037028 142910728669.000000
0.127197 -0.987549 0.405029 0.305008 10.004270 -1.342036 142910730469.000000
0.126709 -0.986328 0.405273 0.732020 10.187275 -1.525041 142910732268.000000
0.126221 -0.981934 0.397949 0.793021 10.309278 -1.586043 142910734066.000000
0.129395 -0.981445 0.393066 1.098030 10.370280 -1.586043 142910735864.000000
0.131104 -0.978760 0.405762 0.976026 10.126273 -1.586043 142910737663.000000
0.125732 -0.979248 0.398682 0.915025 10.553285 -1.464040 142910739462.000000
0.129639 -0.979736 0.392090 1.159031 10.309278 -1.586043 142910741259.000000
0.129395 -0.970703 0.396973 1.098030 10.492283 -1.708046 142910743063.000000
0.129395 -0.973633 0.394775 1.098030 10.187275 -1.525041 142910744862.000000
0.131104 -0.972656 0.389893 1.159031 10.736290 -1.769048 142910746661.000000
0.131104 -0.971191 0.395752 0.915025 10.797292 -1.952053 142910748458.000000
0.130127 -0.964600 0.390381 0.793021 10.980296 -1.891051 142910750261.000000
0.129395 -0.967773 0.391846 1.037028 10.614287 -2.013054 142910752064.000000
0.131592 -0.967285 0.392578 0.976026 10.919295 -1.891051 142910753865.000000
0.130859 -0.966064 0.393311 1.098030 11.102300 -1.647044 142910755669.000000
0.128174 -0.965332 0.394287 0.671018 11.224303 -1.952053 142910757471.000000
0.128418 -0.967041 0.392578 0.915025 10.980296 -2.074056 142910759274.000000
0.131104 -0.966064 0.391357 1.037028 11.224303 -2.074056 142910761076.000000
0.127930 -0.968506 0.394043 1.037028 11.224303 -2.196059 142910762883.000000
0.130127 -0.965576 0.386475 1.037028 11.468310 -2.013054 142910764684.000000
0.126709 -0.967529 0.394043 0.915025 10.980296 -2.318063 142910766485.000000
0.122314 -0.968018 0.394287 0.915025 11.224303 -2.074056 142910768287.000000
0.126953 -0.967041 0.395020 0.854023 11.346306 -2.013054 142910770095.000000
0.127197 -0.969971 0.393066 0.671018 11.041298 -2.013054 142910771896.000000
0.125244 -0.973877 0.391113 0.671018 10.797292 -1.952053 142910773699.000000
0.122803 -0.967285 0.395996 0.671018 10.980296 -2.074056 142910775504.000000
0.125244 -0.974365 0.396729 0.854023 10.858293 -2.013054 142910777307.000000
0.123291 -0.976807 0.396729 0.732020 10.736290 -1.891051 142910779112.000000
0.120361 -0.974365 0.401367 0.854023 10.736290 -2.074056 142910780912.000000
0.119385 -0.974854 0.392822 0.671018 10.492283 -1.830049 142910782713.000000
0.122559 -0.982178 0.403076 0.732020 10.370280 -1.952053 142910784515.000000
0.118408 -0.977051 0.399170 1.037028 10.187275 -2.013054 142910786316.000000
0.124512 -0.979004 0.393799 0.793021 10.187275 -1.830049 142910788127.000000
0.125244 -0.980957 0.391113 0.610016 9.760264 -2.135058 142910789940.000000
0.124756 -0.985107 0.396729 1.159031 9.821265 -2.257061 142910791746.000000
0.122314 -0.979248 0.398682 1.098030 9.394254 -1.830049 142910793553.000000
0.122559 -0.981934 0.399658 0.854023 9.150247 -2.074056 142910795360.000000
0.123779 -0.983643 0.390869 0.793021 9.028244 -2.196059 142910797165.000000
0.122070 -0.982666 0.390137 0.610016 9.150247 -1.952053 142910798968.000000
0.127930 -0.983887 0.391113 0.976026 8.845239 -2.074056 142910800770.000000
0.124023 -0.983643 0.399658 1.037028 9.028244 -1.830049 142910802572.000000
0.125244 -0.982422 0.397705 0.976026 8.601232 -2.257061 142910804372.000000
0.125488 -0.986572 0.397461 0.793021 8.540231 -2.196059 142910806174.000000
0.124268 -0.987793 0.394287 0.793021 8.479229 -1.952053 142910808035.000000
0.127197 -0.983643 0.391846 0.793021 8.113219 -2.196059 142910809838.000000
0.130371 -0.985840 0.386719 1.098030 8.357226 -2.318063 142910811638.000000
0.129639 -0.983643 0.394043 1.037028 8.418227 -2.318063 142910813437.000000
0.130371 -0.981201 0.395996 0.976026 8.113219 -2.318063 142910815234.000000
0.128662 -0.984863 0.389160 0.976026 8.296224 -2.196059 142910817037.000000
0.129395 -0.985352 0.386963 0.976026 8.479229 -2.196059 142910818835.000000
0.131836 -0.983154 0.388672 1.281035 7.930214 -2.135058 142910820654.000000
0.130615 -0.982178 0.388672 1.220033 8.113219 -2.257061 142910822453.000000
0.131836 -0.985596 0.394775 1.220033 8.418227 -2.318063 142910824254.000000
0.134766 -0.985840 0.391357 1.342036 8.296224 -2.501068 142910826052.000000
0.132813 -0.984131 0.393311 1.464040 8.540231 -2.257061 142910827850.000000
0.126709 -0.981445 0.393555 1.403038 8.479229 -2.440066 142910829649.000000
0.132080 -0.983154 0.392090 1.647044 8.296224 -2.501068 142910831447.000000
0.128906 -0.984619 0.391602 1.952053 8.418227 -2.379064 142910833248.000000
0.130127 -0.984619 0.396729 2.013054 8.296224 -2.501068 142910835046.000000
0.127686 -0.985107 0.398193 2.135058 7.991216 -2.562069 142910836843.000000
0.128418 -0.984863 0.398926 2.379064 8.113219 -2.379064 142910838641.000000
0.129395 -0.984131 0.394043 2.440066 7.808211 -2.806076 142910840440.000000
0.129150 -0.987549 0.408936 2.379064 7.747209 -2.806076 142910842239.000000
0.127930 -0.985107 0.400391 2.379064 7.381199 -2.867077 142910844037.000000
0.130859 -0.983398 0.396240 2.562069 7.259196 -3.050082 142910845835.000000
0.125977 -0.988525 0.399902 2.684072 6.954188 -3.233087 142910847633.000000
0.126221 -0.985352 0.399170 2.867077 6.832184 -3.172086 142910849434.000000
0.125488 -0.985840 0.398438 2.928079 6.893186 -3.111084 142910851236.000000
0.129883 -0.986084 0.400146 3.111084 6.527176 -3.477094 142910853038.000000
0.126953 -0.985352 0.395752 3.294089 6.161166 -3.599097 142910854839.000000
0.124512 -0.986816 0.399170 3.477094 6.100165 -3.660099 142910856641.000000
0.121094 -0.982910 0.403564 3.477094 5.551150 -3.965107 142910858444.000000
0.125488 -0.983643 0.399170 3.538096 5.246142 -3.904105 142910860253.000000
0.120361 -0.983154 0.399902 3.721100 5.063137 -4.087110 142910862055.000000
0.119629 -0.984619 0.396973 3.965107 4.819130 -4.392119 142910863856.000000
0.117920 -0.978271 0.398438 4.209114 4.209114 -4.331117 142910865657.000000
0.119873 -0.976318 0.406250 4.148112 3.904105 -4.270115 142910867458.000000
0.116455 -0.971436 0.405029 4.087110 3.477094 -4.819130 142910869262.000000
0.119873 -0.977051 0.401123 4.392119 3.172086 -5.124138 142910871067.000000
0.119141 -0.974365 0.401611 4.514122 2.440066 -5.185140 142910872868.000000
0.116943 -0.970703 0.399170 4.575124 2.074056 -5.429147 142910874669.000000
0.115479 -0.973145 0.403564 4.575124 1.220033 -5.551150 142910876471.000000
0.116211 -0.973145 0.395508 4.819130 0.915025 -5.551150 142910878272.000000
0.113770 -0.975342 0.406494 4.819130 0.549015 -5.917160 142910880076.000000
0.113770 -0.973389 0.399170 5.063137 -0.305008 -6.039163 142910881878.000000
0.112549 -0.970703 0.402100 5.063137 -0.732020 -6.283170 142910883680.000000
0.109375 -0.973633 0.398926 5.124138 -1.586043 -6.466175 142910885486.000000
0.112305 -0.976318 0.398193 5.429147 -2.379064 -6.588178 142910887288.000000
0.108887 -0.979492 0.397461 5.612152 -2.623071 -6.954188 142910889094.000000
0.106445 -0.980713 0.393799 5.368145 -3.538096 -7.015189 142910890898.000000
0.108643 -0.976807 0.394775 5.734155 -3.904105 -7.076191 142910892699.000000
0.109375 -0.982910 0.395508 5.612152 -4.453120 -7.198194 142910894500.000000
0.107178 -0.980713 0.393799 5.856158 -5.063137 -7.259196 142910896302.000000
0.106934 -0.982422 0.394531 5.978161 -5.612152 -7.686208 142910898104.000000
0.102539 -0.981201 0.395752 5.978161 -6.344171 -7.686208 142910899911.000000
0.105469 -0.988281 0.393311 6.344171 -6.832184 -7.869212 142910901711.000000
0.105225 -0.987549 0.392822 6.222168 -7.503203 -7.747209 142910903513.000000
0.107178 -0.984619 0.394043 6.466175 -8.113219 -7.808211 142910905313.000000
0.106201 -0.986084 0.391357 6.222168 -8.601232 -7.808211 142910907114.000000
0.102539 -0.989746 0.392578 6.283170 -8.967242 -8.113219 142910908915.000000
0.108887 -0.986084 0.391602 6.466175 -9.699262 -8.113219 142910910720.000000
0.108887 -0.981689 0.391113 6.588178 -10.248277 -8.357226 142910912519.000000
0.104004 -0.983887 0.395020 6.649180 -10.553285 -8.113219 142910914317.000000
0.105225 -0.979980 0.395264 6.832184 -11.102300 -8.113219 142910916115.000000
0.106934 -0.982178 0.394775 7.015189 -11.651315 -8.174221 142910917914.000000
0.104736 -0.979248 0.388184 6.649180 -12.261331 -8.357226 142910919713.000000
0.115479 -0.979004 0.393311 6.954188 -12.444336 -8.479229 142910921512.000000
0.108398 -0.979004 0.387695 7.076191 -13.115354 -8.296224 142910923310.000000
0.111572 -0.974121 0.391357 7.015189 -13.725371 -8.479229 142910925108.000000
0.113037 -0.975098 0.400146 6.893186 -13.908376 -8.845239 142910926909.000000
0.113525 -0.978760 0.397217 6.893186 -14.091380 -8.479229 142910928715.000000
0.114990 -0.971924 0.393555 7.320198 -14.579394 -8.601232 142910930514.000000
0.112061 -0.972412 0.397705 7.137193 -14.884402 -8.662234 142910932313.000000
0.113037 -0.965088 0.389404 7.381199 -15.250412 -8.479229 142910934110.000000
0.112305 -0.969238 0.392822 7.320198 -15.372415 -8.540231 142910935910.000000
0.117432 -0.965088 0.396729 7.564204 -16.043433 -8.418227 142910937708.000000
0.116699 -0.966553 0.401611 7.442201 -16.226438 -8.235222 142910939506.000000
0.123779 -0.965088 0.400391 7.625206 -16.653450 -8.174221 142910941303.000000
0.120850 -0.965820 0.393555 7.625206 -17.263466 -8.418227 142910943102.000000
0.121338 -0.965576 0.395752 7.808211 -17.385469 -8.235222 142910944904.000000
0.122314 -0.961182 0.398438 7.930214 -17.812481 -8.418227 142910946703.000000
0.121094 -0.962891 0.403809 8.052217 -18.117489 -8.479229 142910948500.000000
0.117432 -0.959473 0.399170 8.113219 -18.483499 -7.991216 142910950301.000000
0.121094 -0.961670 0.397705 8.113219 -18.483499 -7.930214 142910952104.000000
0.121094 -0.960205 0.397217 8.418227 -18.910511 -7.930214 142910953905.000000
0.122803 -0.963867 0.395752 8.662234 -19.032514 -7.930214 142910955707.000000
0.118408 -0.961670 0.400879 8.906240 -19.581529 -7.747209 142910957508.000000
0.122070 -0.960938 0.400391 8.784237 -19.947539 -7.686208 142910959312.000000
0.122070 -0.962646 0.399414 8.967242 -20.130544 -7.930214 142910961113.000000
0.119141 -0.961914 0.400146 9.028244 -20.679558 -7.808211 142910962916.000000
0.116699 -0.962646 0.405273 9.028244 -20.862563 -7.686208 142910964717.000000
0.117676 -0.964600 0.395752 9.516257 -21.167572 -7.381199 142910966517.000000
0.122314 -0.967529 0.404541 9.394254 -21.777588 -7.503203 142910968323.000000
0.121582 -0.970215 0.399170 9.577259 -22.143598 -7.564204 142910970131.000000
0.121338 -0.968994 0.392578 9.577259 -22.326603 -7.198194 142910971933.000000
0.121582 -0.969238 0.392334 9.638260 -22.509608 -7.076191 142910973735.000000
0.120850 -0.967285 0.394043 9.577259 -22.692613 -7.076191 142910975540.000000
0.123535 -0.967529 0.392578 9.699262 -23.363631 -7.137193 142910977342.000000
0.119629 -0.968262 0.394287 9.760264 -23.424632 -6.771183 142910979147.000000
0.121826 -0.971680 0.393311 10.065272 -23.912646 -6.527176 142910980946.000000
0.121826 -0.970703 0.392090 10.126273 -24.400659 -6.893186 142910982748.000000
0.118408 -0.974121 0.393066 10.065272 -24.522662 -6.405173 142910984550.000000
0.115479 -0.977539 0.391846 10.187275 -24.949674 -6.588178 142910986352.000000
0.122070 -0.978516 0.390137 10.309278 -25.254682 -6.344171 142910988155.000000
0.121826 -0.979004 0.379639 10.309278 -25.681693 -6.161166 142910989963.000000
0.121582 -0.979248 0.383057 10.370280 -25.925700 -5.917160 142910991764.000000
0.125000 -0.978271 0.385010 10.309278 -25.620692 -5.734155 142910993566.000000
0.125977 -0.979492 0.383301 10.675288 -26.108705 -5.673153 142910995367.000000
0.128174 -0.982910 0.381104 10.431282 -26.596718 -5.490148 142910997168.000000
0.120605 -0.986084 0.384766 10.553285 -26.840725 -5.734155 142910998971.000000
0.124268 -0.986328 0.381104 10.553285 -27.023730 -5.673153 142911000772.000000
0.122314 -0.988281 0.381104 10.736290 -27.572744 -5.429147 142911002574.000000
0.125977 -0.984863 0.374023 10.797292 -27.694748 -5.246142 142911004374.000000
0.120117 -0.987793 0.376709 10.431282 -27.633746 -5.429147 142911006178.000000
0.123535 -0.989258 0.379395 10.370280 -28.121759 -5.002135 142911007978.000000
0.122070 -0.987061 0.378906 10.492283 -28.426768 -5.185140 142911009780.000000
0.122314 -0.988525 0.375488 10.309278 -28.670774 -5.124138 142911011586.000000
0.129883 -0.986572 0.370850 10.553285 -28.975782 -4.758128 142911013385.000000
0.124023 -0.988770 0.379150 10.309278 -29.036784 -4.880132 142911015186.000000
0.127441 -0.989014 0.369385 10.309278 -29.402794 -4.636125 142911016985.000000
0.126709 -0.988770 0.366699 10.492283 -29.585799 -4.392119 142911018783.000000
0.127686 -0.986328 0.378174 10.065272 -29.829805 -4.331117 142911020581.000000
0.126221 -0.987793 0.375488 10.004270 -29.890807 -4.270115 142911022380.000000
0.132813 -0.986084 0.371582 9.943268 -30.073812 -4.392119 142911024178.000000
0.129150 -0.982666 0.372803 10.004270 -30.256817 -3.965107 142911025977.000000
0.127686 -0.983643 0.380371 10.004270 -30.500824 -4.087110 142911027775.000000
0.130371 -0.981201 0.379150 9.821265 -30.439822 -3.965107 142911029574.000000
0.134033 -0.979248 0.390869 9.882267 -30.683828 -3.355091 142911031374.000000
0.139160 -0.973389 0.380615 9.638260 -30.927835 -3.477094 142911033172.000000
0.136963 -0.975586 0.385498 9.821265 -31.171842 -3.355091 142911034970.000000
0.135986 -0.975830 0.388184 9.699262 -31.049838 -3.355091 142911036774.000000
0.145264 -0.969727 0.382813 9.577259 -30.988837 -3.294089 142911038572.000000
0.146729 -0.970459 0.391113 9.760264 -31.598853 -3.050082 142911040371.000000
0.142822 -0.967529 0.389404 9.577259 -30.988837 -3.172086 142911042170.000000
0.139648 -0.971191 0.391846 9.516257 -31.293845 -2.806076 142911043969.000000
0.140381 -0.969727 0.393555 9.333252 -31.293845 -2.745074 142911045767.000000
0.144531 -0.968018 0.391357 9.638260 -31.415848 -2.379064 142911047565.000000
0.145508 -0.968262 0.395996 9.760264 -31.293845 -2.440066 142911049367.000000
0.146484 -0.967041 0.395264 9.638260 -31.415848 -2.074056 142911051168.000000
0.142578 -0.968994 0.399658 9.577259 -31.415848 -2.074056 142911052969.000000
0.140625 -0.968262 0.398682 9.882267 -31.476850 -2.074056 142911054771.000000
0.146729 -0.973389 0.396973 9.699262 -31.659855 -1.952053 142911056573.000000
0.144287 -0.970459 0.400146 9.943268 -31.659855 -1.891051 142911058375.000000
0.150391 -0.979004 0.400391 10.065272 -31.659855 -1.525041 142911060178.000000
0.148438 -0.982178 0.401123 9.943268 -31.842860 -1.586043 142911061980.000000
0.149170 -0.983643 0.402344 9.821265 -32.086866 -1.464040 142911063783.000000
0.147705 -0.981201 0.402344 10.187275 -31.781858 -1.525041 142911065586.000000
0.150635 -0.987305 0.398926 10.431282 -31.964863 -1.403038 142911067392.000000
0.149414 -0.984375 0.395752 10.187275 -31.903861 -1.220033 142911069198.000000
0.149170 -0.988770 0.392334 10.248277 -32.086866 -0.976026 142911071003.000000
0.147217 -0.984863 0.397217 10.370280 -32.086866 -1.098030 142911072812.000000
0.145508 -0.983398 0.385010 10.553285 -32.330873 -1.159031 142911074614.000000
0.141113 -0.985107 0.393799 10.736290 -32.269871 -1.037028 142911076416.000000
0.150391 -0.988770 0.390381 10.614287 -32.147868 -0.854023 142911078221.000000
0.148682 -0.982666 0.387695 10.614287 -32.208870 -0.793021 142911080024.000000
0.149170 -0.986572 0.388916 10.553285 -32.330873 -0.854023 142911081826.000000
0.149902 -0.979980 0.392334 10.675288 -32.147868 -1.037028 142911083627.000000
0.155273 -0.981445 0.384033 10.858293 -32.147868 -0.915025 142911085429.000000
0.153320 -0.978516 0.385254 10.797292 -32.086866 -1.037028 142911087231.000000
0.149414 -0.982178 0.382324 10.919295 -32.086866 -0.549015 142911089036.000000
0.148682 -0.980957 0.378418 10.736290 -32.391875 -0.732020 142911090842.000000
0.149414 -0.979980 0.383789 10.614287 -31.964863 -0.976026 142911092643.000000
0.148682 -0.982910 0.374512 10.614287 -32.086866 -0.915025 142911094444.000000
0.149414 -0.982178 0.375977 10.431282 -32.391875 -0.976026 142911096246.000000
0.152344 -0.979004 0.376709 10.431282 -32.330873 -0.976026 142911098051.000000
0.153564 -0.981201 0.375000 10.431282 -32.269871 -1.037028 142911099859.000000
0.151367 -0.978516 0.376221 9.821265 -32.513878 -1.037028 142911101660.000000
0.153076 -0.976807 0.384277 10.309278 -32.452876 -0.976026 142911103462.000000
0.151855 -0.978271 0.381348 10.004270 -32.391875 -1.342036 142911105263.000000
0.153809 -0.978760 0.386719 10.126273 -32.330873 -1.220033 142911107063.000000
0.155518 -0.977783 0.383057 9.943268 -32.330873 -0.976026 142911108892.000000
0.155518 -0.975098 0.377197 9.638260 -32.269871 -1.159031 142911110696.000000
0.157715 -0.973145 0.380859 9.638260 -32.330873 -1.220033 142911112496.000000
0.159180 -0.973877 0.379639 9.821265 -32.513878 -1.281035 142911114296.000000
0.162354 -0.966553 0.382813 9.577259 -32.330873 -1.220033 142911116094.000000
0.156494 -0.966553 0.387451 9.211249 -32.330873 -1.098030 142911117893.000000
0.159912 -0.963623 0.386963 9.272250 -32.574880 -1.342036 142911119696.000000
0.158447 -0.958740 0.384033 9.028244 -32.208870 -1.098030 142911121495.000000
0.157959 -0.959717 0.387207 8.967242 -32.574880 -0.671018 142911123292.000000
0.164063 -0.957764 0.392334 8.906240 -32.635881 -0.671018 142911125090.000000
0.163818 -0.955322 0.393311 8.906240 -32.574880 -1.220033 142911126890.000000
0.161377 -0.957275 0.396973 8.601232 -32.635881 -0.793021 142911128696.000000
0.166504 -0.954834 0.393311 8.418227 -32.513878 -0.488013 142911130494.000000
0.170166 -0.958008 0.399170 8.113219 -32.574880 -0.610016 142911132292.000000
0.166260 -0.954102 0.390869 8.052217 -32.879888 -0.671018 142911134090.000000
0.167725 -0.955566 0.406006 8.052217 -32.818886 -0.366010 142911135888.000000
0.164551 -0.956299 0.406006 7.869212 -33.062893 -0.183005 142911137685.000000
0.171631 -0.958740 0.402588 7.747209 -33.001891 -0.244007 142911139483.000000
0.170410 -0.964600 0.401855 7.564204 -32.879888 0.000000 142911141282.000000
0.172607 -0.963623 0.402832 7.320198 -33.062893 0.305008 142911143079.000000
0.178955 -0.964844 0.408691 7.564204 -33.245898 0.122003 142911144878.000000
0.183350 -0.965332 0.409912 7.503203 -33.001891 0.183005 142911146676.000000
0.171631 -0.961182 0.409668 7.076191 -32.818886 0.366010 142911148473.000000
0.177002 -0.966064 0.414795 7.259196 -33.062893 0.427012 142911150275.000000
0.181641 -0.956299 0.411621 7.381199 -33.062893 0.671018 142911152078.000000
0.181152 -0.961182 0.401123 7.198194 -32.635881 0.671018 142911153879.000000
0.183594 -0.961426 0.408691 7.137193 -32.940889 0.732020 142911155682.000000
0.182617 -0.955322 0.413818 7.137193 -33.062893 0.915025 142911157486.000000
0.184814 -0.958740 0.412842 7.076191 -32.879888 1.098030 142911159289.000000
0.185059 -0.962158 0.416992 7.076191 -33.123894 1.159031 142911161091.000000
0.188232 -0.957275 0.416260 7.015189 -33.062893 1.098030 142911162892.000000
0.186279 -0.954590 0.418701 7.137193 -32.635881 1.281035 142911164693.000000
0.189697 -0.954834 0.417969 6.832184 -32.513878 1.220033 142911166494.000000
0.189697 -0.954590 0.416748 7.076191 -32.757884 1.159031 142911168297.000000
0.192139 -0.950684 0.421875 7.198194 -32.391875 1.647044 142911170105.000000
0.195068 -0.950684 0.423584 7.076191 -32.330873 1.281035 142911171907.000000
0.195068 -0.949707 0.419189 7.137193 -32.147868 1.342036 142911173708.000000
0.197754 -0.955078 0.429932 7.015189 -32.025865 1.159031 142911175509.000000
0.198242 -0.950684 0.421387 7.320198 -31.842860 1.342036 142911177311.000000
0.195313 -0.945313 0.420898 7.198194 -31.659855 1.342036 142911179116.000000
0.199707 -0.937988 0.415527 7.198194 -31.293845 1.342036 142911180915.000000
0.200195 -0.940186 0.414795 6.893186 -31.049838 1.159031 142911182715.000000
0.198975 -0.941162 0.422607 7.137193 -30.805832 1.098030 142911184517.000000
0.201416 -0.935303 0.416504 7.137193 -30.134814 1.403038 142911186318.000000
0.200439 -0.937988 0.423096 6.954188 -29.829805 1.220033 142911188122.000000
0.205811 -0.932861 0.420898 7.015189 -29.463796 0.854023 142911189930.000000
0.202881 -0.931885 0.423096 7.015189 -29.402794 1.037028 142911191731.000000
0.206299 -0.932373 0.419922 6.954188 -29.158787 0.915025 142911193533.000000
0.203125 -0.930664 0.417725 7.137193 -29.158787 0.793021 142911195335.000000
0.201904 -0.929199 0.424072 7.137193 -28.975782 0.671018 142911197137.000000
0.204834 -0.929199 0.423340 6.832184 -28.365766 0.610016 142911198948.000000
0.204590 -0.929688 0.425537 7.076191 -28.365766 0.427012 142911200747.000000
0.202637 -0.931152 0.420410 6.832184 -28.182761 0.122003 142911202548.000000
0.201904 -0.932129 0.419189 6.710181 -27.816751 0.549015 142911204348.000000
0.202881 -0.929199 0.422119 6.771183 -27.877753 0.305008 142911206149.000000
0.199219 -0.930664 0.407227 6.710181 -27.877753 0.000000 142911207950.000000
0.199707 -0.929688 0.411621 6.649180 -27.694748 0.122003 142911209777.000000
0.196289 -0.932129 0.422363 6.405173 -27.572744 -0.061002 142911211583.000000
0.199463 -0.934082 0.414551 6.344171 -27.999756 -0.244007 142911213381.000000
0.203369 -0.932861 0.420166 6.283170 -27.755749 -0.122003 142911215179.000000
0.207275 -0.936279 0.414307 6.222168 -27.328738 -0.061002 142911216977.000000
0.203369 -0.936768 0.416260 5.917160 -27.694748 -0.488013 142911218775.000000
0.197266 -0.940430 0.419189 5.612152 -27.450741 -0.427012 142911220575.000000
0.200195 -0.936523 0.417725 5.795156 -27.633746 -0.610016 142911222375.000000
0.200684 -0.938232 0.425049 5.795156 -27.755749 -0.549015 142911224173.000000
0.203613 -0.936279 0.418701 5.612152 -27.511743 -1.037028 142911225971.000000
0.203369 -0.935303 0.421387 5.307143 -27.694748 -1.037028 142911227768.000000
0.202637 -0.934082 0.422607 5.246142 -27.816751 -1.037028 142911229570.000000
0.196777 -0.933350 0.424805 4.880132 -27.755749 -1.098030 142911231369.000000
0.198975 -0.932861 0.434326 4.941133 -27.938754 -1.159031 142911233166.000000
0.206543 -0.928223 0.422607 5.063137 -27.938754 -1.342036 142911234963.000000
0.206299 -0.926758 0.428711 4.697127 -27.572744 -1.281035 142911236760.000000
0.201904 -0.927246 0.427490 4.575124 -27.816751 -1.586043 142911238558.000000
0.203125 -0.926514 0.427002 4.331117 -28.121759 -1.647044 142911240358.000000
0.206543 -0.925049 0.430664 4.209114 -27.572744 -1.830049 142911242159.000000
0.206543 -0.921631 0.415039 3.965107 -27.084731 -2.013054 142911243957.000000
0.200439 -0.922607 0.411133 3.843104 -26.474715 -2.196059 142911245754.000000
0.196289 -0.919189 0.432861 3.721100 -26.169707 -2.318063 142911247553.000000
0.216553 -0.931641 0.432861 4.270115 -26.535716 -2.440066 142911249355.000000
0.217529 -0.919189 0.429443 4.026109 -25.986702 -2.013054 142911251158.000000
0.204590 -0.912842 0.435303 4.209114 -25.498688 -1.891051 142911252960.000000
0.201172 -0.908936 0.435791 3.965107 -25.559690 -1.769048 142911254762.000000
0.217773 -0.909180 0.426270 3.599097 -25.254682 -1.525041 142911257146.000000
0.226807 -0.913574 0.436523 3.782102 -25.193680 -1.830049 142911258978.000000
0.227051 -0.912842 0.442383 3.843104 -25.193680 -1.952053 142911260786.000000
0.218994 -0.913574 0.439941 4.270115 -24.644665 -2.257061 142911262588.000000
0.215088 -0.909668 0.429443 4.209114 -24.522662 -2.013054 142911264390.000000
0.214355 -0.912598 0.438232 3.721100 -24.095651 -2.318063 142911266190.000000
0.212158 -0.911865 0.436768 3.782102 -24.217654 -2.806076 142911267993.000000
0.213135 -0.916016 0.438721 4.026109 -23.912646 -2.745074 142911269800.000000
0.214355 -0.913574 0.439697 3.965107 -23.851644 -3.111084 142911271602.000000
0.213135 -0.915039 0.436279 3.538096 -23.668639 -3.355091 142911273410.000000
0.212158 -0.923096 0.431641 3.782102 -23.424632 -3.538096 142911275211.000000
0.208740 -0.921875 0.432861 3.538096 -23.485634 -3.660099 142911277012.000000
0.213623 -0.928467 0.431641 3.782102 -23.302629 -3.904105 142911278812.000000
0.220215 -0.931396 0.438721 3.721100 -23.180626 -3.782102 142911280644.000000
0.214600 -0.930176 0.432617 3.721100 -22.753614 -3.843104 142911282446.000000
0.209717 -0.931885 0.431152 3.904105 -22.936619 -3.843104 142911284248.000000
0.217041 -0.933350 0.429932 3.843104 -22.875618 -3.965107 142911286050.000000
0.218994 -0.933350 0.430664 3.965107 -22.753614 -3.965107 142911287852.000000
0.218506 -0.937988 0.433105 4.087110 -22.692613 -4.148112 142911289658.000000
0.216064 -0.931885 0.429932 3.965107 -22.448606 -4.270115 142911291457.000000
0.213135 -0.932373 0.431641 4.209114 -22.448606 -4.270115 142911293258.000000
0.207275 -0.934326 0.424316 3.904105 -22.387604 -4.453120 142911295066.000000
0.212891 -0.932617 0.425293 4.026109 -22.021595 -4.575124 142911296868.000000
0.211426 -0.928711 0.431152 4.026109 -22.143598 -4.819130 142911298671.000000
0.207520 -0.931396 0.431885 4.087110 -21.655585 -5.002135 142911300474.000000
0.208252 -0.926758 0.419189 4.026109 -21.594583 -5.368145 142911302275.000000
0.207764 -0.924072 0.422852 3.782102 -21.167572 -5.307143 142911304076.000000
0.203857 -0.923096 0.420166 3.538096 -20.984567 -5.612152 142911305877.000000
0.200439 -0.922607 0.421143 3.721100 -21.228573 -5.917160 142911307678.000000
0.206543 -0.921631 0.427734 3.904105 -21.289575 -6.100165 142911309482.000000
0.212402 -0.925781 0.426025 4.026109 -21.167572 -6.161166 142911311285.000000
0.205322 -0.920654 0.428711 3.843104 -20.923565 -6.283170 142911313085.000000
0.201904 -0.916748 0.427979 3.904105 -21.167572 -6.466175 142911314882.000000
0.200928 -0.915527 0.421387 3.904105 -21.106570 -6.344171 142911316679.000000
0.205322 -0.922363 0.420654 3.965107 -21.533581 -6.832184 142911318528.000000
0.207764 -0.920654 0.428223 4.148112 -21.350576 -6.893186 142911320993.000000
0.202881 -0.919922 0.420166 3.660099 -21.655585 -7.198194 142911323903.000000
0.196533 -0.918457 0.424561 3.904105 -21.533581 -7.442201 142911326813.000000
0.198486 -0.925293 0.416992 3.721100 -21.533581 -7.930214 142911329723.000000
0.192383 -0.931396 0.415283 3.538096 -21.899591 -8.052217 142911332630.000000
0.188477 -0.930908 0.413818 3.721100 -21.777588 -8.357226 142911335548.000000
0.191406 -0.937744 0.417969 3.111084 -22.204600 -8.662234 142911338455.000000
0.199463 -0.938232 0.415527 3.233087 -22.387604 -8.662234 142911341362.000000
0.190186 -0.935303 0.408691 3.233087 -22.509608 -8.601232 142911344272.000000
0.194336 -0.937012 0.406494 2.501068 -22.753614 -8.784237 142911347179.000000
0.195313 -0.933594 0.401855 2.135058 -22.509608 -8.601232 142911350089.000000
0.193359 -0.936279 0.394775 1.830049 -22.692613 -8.662234 142911352999.000000
0.192383 -0.929443 0.394287 1.220033 -22.631611 -8.845239 142911355914.000000
0.196777 -0.929932 0.395752 0.793021 -22.631611 -9.211249 142911358821.000000
0.191650 -0.930908 0.395264 0.488013 -22.509608 -9.089245 142911361824.000000
0.187500 -0.931396 0.398193 -0.244007 -22.021595 -9.455255 142911364740.000000
0.191650 -0.931396 0.395996 -0.671018 -22.265601 -9.333252 142911367655.000000
0.192627 -0.937012 0.401123 -1.037028 -22.204600 -9.577259 142911370583.000000
0.186035 -0.934570 0.403076 -1.525041 -22.082596 -9.333252 142911373500.000000
0.196289 -0.946045 0.400146 -1.952053 -22.570609 -9.516257 142911376414.000000
0.195068 -0.949707 0.413574 -2.745074 -22.326603 -9.333252 142911379336.000000
0.182617 -0.954834 0.411865 -2.989081 -22.265601 -9.394254 142911382255.000000
0.179443 -0.962158 0.421143 -3.355091 -22.448606 -9.333252 142911385171.000000
0.179443 -0.970459 0.421387 -3.477094 -22.570609 -9.150247 142911388086.000000
0.178711 -0.972168 0.430176 -3.416092 -22.387604 -9.211249 142911391010.000000
0.172852 -0.967529 0.433350 -3.721100 -23.058623 -8.723236 142911393937.000000
0.177490 -0.970215 0.431152 -4.148112 -22.936619 -8.662234 142911396852.000000
0.178711 -0.971924 0.428467 -4.392119 -22.875618 -8.601232 142911399768.000000
0.172852 -0.972656 0.431396 -4.758128 -23.058623 -8.967242 142911402681.000000
0.175049 -0.968262 0.444824 -4.697127 -23.058623 -8.906240 142911405596.000000
0.170166 -0.969727 0.441406 -4.880132 -23.058623 -9.150247 142911408518.000000
0.173828 -0.977295 0.454346 -4.880132 -23.546636 -8.967242 142911411430.000000
0.174072 -0.976563 0.458740 -5.063137 -23.790642 -8.906240 142911414345.000000
0.169189 -0.981445 0.457275 -5.368145 -23.912646 -9.150247 142911417256.000000
0.172119 -0.981445 0.458252 -5.185140 -23.546636 -9.333252 142911420204.000000
0.166992 -0.992188 0.458008 -5.246142 -24.156652 -9.577259 142911423115.000000
0.170654 -0.995605 0.463379 -5.307143 -24.400659 -9.638260 142911426023.000000
0.168945 -0.994141 0.463867 -5.246142 -24.339657 -9.943268 142911428933.000000
0.171631 -0.993408 0.465088 -5.124138 -24.400659 -10.065272 142911431843.000000
0.174805 -0.995361 0.461914 -5.368145 -24.217654 -10.187275 142911434751.000000
0.172119 -0.996338 0.468994 -5.307143 -24.034649 -10.370280 142911437658.000000
0.170654 -0.997314 0.469238 -4.819130 -23.912646 -11.041298 142911440569.000000
0.175781 -0.997314 0.466553 -4.819130 -23.668639 -11.285305 142911443478.000000
0.177490 -0.993408 0.468506 -5.124138 -23.241628 -11.590313 142911446385.000000
0.177246 -0.990967 0.470215 -4.575124 -22.753614 -11.712316 142911449296.000000
0.173096 -0.982910 0.460938 -4.636125 -22.326603 -12.139328 142911452204.000000
0.177246 -0.984863 0.464111 -4.392119 -21.472580 -12.383334 142911455116.000000
0.169678 -0.976563 0.470215 -4.270115 -20.923565 -12.688343 142911458023.000000
0.173828 -0.977783 0.463867 -4.270115 -20.069542 -12.871348 142911460938.000000
0.168213 -0.974609 0.473633 -4.148112 -19.459525 -13.542366 142911463855.000000
0.169189 -0.979492 0.476563 -3.782102 -18.666504 -13.481364 142911466770.000000
0.164307 -0.979492 0.467529 -3.599097 -18.117489 -13.725371 142911469691.000000
0.161621 -0.977295 0.464111 -3.538096 -17.446471 -13.969377 142911472610.000000
0.159424 -0.980713 0.470215 -3.111084 -16.836455 -14.030379 142911475525.000000
0.159912 -0.979492 0.466553 -3.355091 -16.287440 -14.152382 142911478439.000000
0.154053 -0.982666 0.469482 -3.233087 -15.799427 -13.969377 142911481364.000000
0.150391 -0.988525 0.465332 -2.989081 -15.433417 -13.908376 142911484280.000000
0.145996 -0.989502 0.458740 -3.111084 -14.823400 -13.786372 142911487205.000000
0.145508 -0.990723 0.459229 -3.172086 -14.762399 -13.603367 142911490128.000000
0.147705 -0.992188 0.455322 -2.928079 -14.274385 -13.298359 142911493046.000000
0.152344 -0.993164 0.459961 -3.111084 -14.030379 -12.993351 142911495961.000000
0.156494 -0.993652 0.452393 -2.928079 -12.871348 -12.810346 142911498883.000000
0.162109 -0.995117 0.461670 -3.172086 -12.627341 -12.017324 142911501799.000000
0.162109 -0.996338 0.455078 -3.294089 -11.651315 -11.651315 142911504715.000000
0.159424 -0.994141 0.458984 -3.111084 -11.041298 -10.797292 142911507632.000000
0.163574 -0.995117 0.454346 -3.050082 -10.126273 -10.126273 142911510559.000000
0.164063 -0.997559 0.458496 -2.867077 -9.516257 -9.577259 142911513474.000000
0.163330 -0.996338 0.457031 -3.172086 -8.418227 -8.906240 142911516383.000000
0.166260 -0.994141 0.458008 -2.684072 -7.747209 -8.113219 142911519294.000000
0.169678 -0.998779 0.455566 -2.745074 -6.710181 -7.015189 142911522208.000000
0.163330 -0.994141 0.458008 -2.562069 -6.161166 -6.100165 142911525116.000000
0.169922 -0.988037 0.460205 -2.562069 -5.307143 -5.429147 142911528024.000000
0.170166 -0.983643 0.464600 -2.074056 -4.270115 -4.697127 142911530937.000000
0.165771 -0.977539 0.453369 -2.257061 -4.026109 -3.904105 142911533846.000000
0.171143 -0.979004 0.450684 -2.013054 -3.538096 -3.233087 142911536754.000000
0.165039 -0.967773 0.457520 -1.830049 -3.172086 -2.196059 142911539663.000000
0.168457 -0.962646 0.450928 -1.586043 -2.928079 -1.586043 142911542573.000000
0.166260 -0.957764 0.446289 -1.891051 -2.806076 -1.037028 142911545482.000000
0.166992 -0.938965 0.443359 -1.830049 -3.355091 0.915025 142911553263.000000
0.165527 -0.938232 0.440918 -1.647044 -4.270115 1.464040 142911556401.000000
0.171143 -0.936523 0.445313 -1.708046 -4.697127 1.830049 142911559341.000000
0.170654 -0.938232 0.444092 -2.074056 -5.368145 2.318063 142911562290.000000
0.170654 -0.939941 0.438232 -2.074056 -6.100165 2.684072 142911565295.000000
0.177734 -0.938232 0.440674 -2.013054 -6.832184 3.172086 142911568302.000000
0.174072 -0.945313 0.433350 -2.135058 -7.503203 3.477094 142911571224.000000
0.177246 -0.952637 0.429932 -2.135058 -8.357226 3.660099 142911574138.000000
0.185303 -0.953613 0.436279 -2.257061 -9.333252 4.270115 142911577056.000000
0.182617 -0.959961 0.429199 -1.830049 -9.638260 4.331117 142911579973.000000
0.190430 -0.961182 0.438965 -2.013054 -10.675288 4.819130 142911582917.000000
0.193359 -0.967285 0.435059 -1.769048 -11.102300 5.124138 142911585863.000000
0.201172 -0.971191 0.432861 -1.525041 -11.651315 5.368145 142911588773.000000
0.200439 -0.972656 0.432617 -1.464040 -12.261331 5.490148 142911591741.000000
0.208496 -0.979736 0.437744 -1.342036 -12.749344 5.734155 142911594663.000000
0.220703 -0.984131 0.430420 -1.220033 -13.115354 5.978161 142911597600.000000
0.217285 -0.985840 0.430908 -1.281035 -12.932349 6.161166 142911600513.000000
0.221191 -0.989258 0.422607 -0.976026 -12.993351 6.466175 142911603435.000000
0.222412 -0.990723 0.421875 -1.159031 -12.749344 6.832184 142911606343.000000
0.228027 -0.992676 0.414795 -1.159031 -12.810346 7.076191 142911609263.000000
0.226563 -0.990967 0.416748 -0.793021 -12.505338 7.015189 142911612191.000000
0.225830 -0.997314 0.419434 -0.732020 -12.871348 7.259196 142911615127.000000
0.225098 -0.997559 0.415527 -0.427012 -13.054352 7.259196 142911618041.000000
0.232178 -1.003174 0.414551 0.000000 -13.115354 7.198194 142911620843.000000
0.232666 -0.994629 0.417480 0.183005 -13.359361 7.259196 142911622694.000000
0.233398 -0.993164 0.412354 0.366010 -13.237357 6.954188 142911624495.000000
0.230469 -0.993896 0.407715 0.366010 -13.237357 7.381199 142911626307.000000
0.236572 -0.990234 0.403809 0.549015 -13.054352 7.381199 142911628106.000000
0.235596 -0.990967 0.407959 0.732020 -12.688343 7.137193 142911629906.000000
0.234619 -0.986816 0.405273 0.549015 -12.871348 7.320198 142911631707.000000
0.232422 -0.983887 0.397217 0.366010 -12.627341 7.015189 142911633507.000000
0.229492 -0.983398 0.399170 0.610016 -12.444336 6.893186 142911635309.000000
0.232422 -0.980957 0.403320 0.732020 -12.078326 6.710181 142911637109.000000
0.231934 -0.983154 0.399658 0.549015 -12.078326 6.832184 142911638913.000000
0.228760 -0.979492 0.387451 0.793021 -12.139328 6.710181 142911640731.000000
0.227051 -0.980957 0.384277 0.915025 -11.956323 6.466175 142911642535.000000
0.223877 -0.979736 0.385254 0.610016 -12.078326 6.588178 142911644338.000000
0.224854 -0.982178 0.387939 0.915025 -12.078326 6.527176 142911646136.000000
0.223877 -0.987549 0.380127 0.732020 -11.651315 6.405173 142911647947.000000
0.225830 -0.987061 0.374268 0.854023 -11.773318 6.283170 142911649773.000000
0.221436 -0.987793 0.377930 0.671018 -11.956323 6.161166 142911651576.000000
0.219971 -0.983887 0.366211 0.976026 -12.444336 5.917160 142911653375.000000
0.219482 -0.987549 0.376465 0.610016 -12.322333 5.978161 142911655174.000000
0.214844 -0.989258 0.372070 0.488013 -12.627341 5.673153 142911656981.000000
0.217041 -0.991211 0.371338 0.549015 -12.688343 5.246142 142911658780.000000
0.214600 -0.992676 0.370361 0.244007 -12.810346 5.551150 142911660579.000000
0.216309 -0.991699 0.371338 0.610016 -12.871348 5.246142 142911662382.000000
0.213135 -0.987305 0.364014 0.061002 -12.871348 5.490148 142911664193.000000
0.215576 -0.989014 0.367920 0.366010 -13.054352 5.551150 142911665995.000000
0.220459 -0.986328 0.365967 0.000000 -13.054352 5.063137 142911667797.000000
0.220703 -0.984375 0.362305 -0.244007 -12.932349 4.941133 142911669597.000000
0.219482 -0.983643 0.361328 -0.549015 -13.115354 5.002135 142911671473.000000
0.217041 -0.987549 0.359619 -0.854023 -12.810346 5.063137 142911673453.000000
0.223389 -0.990479 0.364746 -1.037028 -12.810346 4.941133 142911675376.000000
0.223877 -0.988770 0.359375 -1.098030 -12.627341 4.331117 142911677233.000000
0.223389 -0.986084 0.360840 -1.403038 -12.383334 4.697127 142911679044.000000
0.225098 -0.986084 0.359375 -1.464040 -12.200329 4.697127 142911680865.000000
0.227783 -0.984131 0.362305 -1.891051 -11.651315 4.514122 142911682664.000000
0.230957 -0.982666 0.362793 -1.830049 -11.285305 4.636125 142911684465.000000
0.229004 -0.982422 0.362305 -2.013054 -11.468310 4.514122 142911686263.000000
0.225342 -0.986572 0.369385 -2.013054 -11.102300 4.453120 142911688064.000000
0.228271 -0.981689 0.369629 -2.318063 -10.553285 4.392119 142911689863.000000
0.230957 -0.981689 0.371338 -2.257061 -10.187275 4.331117 142911691661.000000
0.233398 -0.981201 0.374023 -2.257061 -9.882267 4.026109 142911693459.000000
0.238525 -0.984375 0.372803 -2.257061 -9.333252 3.904105 142911695258.000000
0.236084 -0.984131 0.374268 -2.379064 -9.150247 3.843104 142911697064.000000
0.235596 -0.979736 0.372314 -2.501068 -8.357226 3.721100 142911698891.000000
0.236328 -0.979492 0.372803 -2.562069 -7.625206 3.599097 142911700690.000000
0.238525 -0.979492 0.375000 -2.745074 -7.015189 3.599097 142911702489.000000
0.238281 -0.976318 0.382080 -2.745074 -6.466175 3.477094 142911704287.000000
0.237061 -0.974365 0.376709 -2.867077 -5.978161 3.355091 142911706086.000000
0.237305 -0.973877 0.386475 -2.989081 -4.880132 3.355091 142911707884.000000
0.238770 -0.974609 0.382568 -2.989081 -4.453120 3.233087 142911709688.000000
0.237061 -0.975098 0.385986 -3.111084 -4.453120 3.294089 142911711493.000000
0.236328 -0.977783 0.382080 -3.233087 -3.538096 3.355091 142911713292.000000
0.232666 -0.980225 0.387451 -2.989081 -3.172086 3.111084 142911715090.000000
0.231201 -0.981201 0.392090 -2.989081 -2.562069 2.867077 142911716887.000000
0.233887 -0.981201 0.388916 -3.111084 -2.257061 2.867077 142911718685.000000
0.236572 -0.980225 0.393311 -3.050082 -2.196059 2.989081 142911720484.000000
0.233643 -0.983154 0.402100 -2.806076 -1.769048 3.050082 142911722284.000000
0.233887 -0.983154 0.393066 -2.623071 -1.281035 2.623071 142911724085.000000
0.236328 -0.985107 0.400146 -2.501068 -0.976026 2.623071 142911725883.000000
0.234863 -0.980469 0.394043 -2.501068 -0.915025 2.928079 142911727685.000000
0.234375 -0.981934 0.393555 -2.501068 -0.732020 2.440066 142911729484.000000
0.239990 -0.979004 0.403076 -2.440066 -0.183005 2.623071 142911731283.000000
0.239258 -0.978271 0.400635 -2.501068 0.244007 2.501068 142911733080.000000
0.236816 -0.980469 0.405029 -2.379064 -0.183005 2.257061 142911734884.000000
0.240479 -0.975586 0.405518 -2.196059 0.183005 2.074056 142911736691.000000
0.242920 -0.974854 0.401123 -2.379064 0.122003 2.257061 142911738488.000000
0.239502 -0.973389 0.399902 -2.257061 0.000000 1.830049 142911740285.000000
0.237549 -0.972168 0.407959 -1.952053 0.183005 1.647044 142911742084.000000
0.241699 -0.968750 0.399170 -1.891051 0.183005 1.525041 142911743886.000000
0.239990 -0.971436 0.402344 -1.830049 0.061002 1.403038 142911745684.000000
0.236084 -0.968506 0.405273 -1.647044 0.122003 1.098030 142911747481.000000
0.237549 -0.970215 0.408691 -1.830049 -0.183005 0.854023 142911749280.000000
0.237549 -0.973877 0.409668 -1.342036 -0.427012 0.488013 142911751079.000000
0.241943 -0.970703 0.413818 -1.281035 -0.122003 0.488013 142911752878.000000
0.240723 -0.974854 0.412354 -1.220033 -0.244007 0.488013 142911754679.000000
0.242188 -0.974609 0.413086 -1.220033 -0.488013 0.488013 142911756477.000000
0.241699 -0.973633 0.407227 -1.342036 -0.366010 0.122003 142911758277.000000
0.242188 -0.978271 0.409912 -1.159031 -0.061002 0.061002 142911760083.000000
0.240479 -0.977051 0.413818 -1.525041 -0.366010 0.061002 142911761887.000000
0.243164 -0.975586 0.415527 -1.159031 -0.610016 -0.305008 142911763695.000000
0.243652 -0.975342 0.411621 -1.098030 -0.427012 -0.183005 142911765496.000000
0.241455 -0.976807 0.416748 -1.281035 -0.793021 -0.183005 142911767298.000000
0.233398 -0.974365 0.417236 -1.342036 -0.488013 -0.488013 142911769104.000000
0.235352 -0.972656 0.410156 -1.647044 -0.976026 -0.427012 142911770908.000000
0.230225 -0.970703 0.415771 -1.281035 -0.732020 -0.610016 142911772709.000000
0.233398 -0.973145 0.412598 -1.281035 -0.793021 -0.854023 142911774511.000000
0.234863 -0.971191 0.415771 -1.464040 -1.037028 -0.854023 142911776313.000000
0.233643 -0.969971 0.412842 -1.464040 -1.098030 -1.159031 142911778115.000000
0.235840 -0.970459 0.416992 -1.403038 -1.281035 -1.342036 142911779923.000000
0.231689 -0.965332 0.410645 -1.464040 -1.220033 -1.281035 142911781725.000000
0.232666 -0.961426 0.411865 -1.647044 -1.281035 -1.281035 142911783532.000000
0.232178 -0.960449 0.412598 -1.525041 -1.525041 -1.525041 142911785334.000000
0.231201 -0.963623 0.412598 -1.464040 -1.708046 -1.464040 142911787136.000000
0.234131 -0.963867 0.416016 -1.525041 -2.013054 -1.525041 142911788947.000000
0.231934 -0.964111 0.412354 -1.708046 -2.318063 -1.708046 142911790751.000000
0.229004 -0.963867 0.420654 -1.769048 -2.196059 -1.525041 142911792554.000000
0.221680 -0.962402 0.415283 -1.708046 -2.501068 -1.647044 142911794356.000000
0.226318 -0.967773 0.417725 -1.708046 -2.440066 -1.891051 142911796157.000000
0.230225 -0.974121 0.420654 -1.586043 -2.745074 -1.769048 142911797959.000000
0.227295 -0.975098 0.429443 -1.464040 -2.562069 -1.525041 142911799767.000000
0.224121 -0.976563 0.430176 -1.586043 -2.379064 -1.769048 142911801569.000000
0.226563 -0.974854 0.422119 -1.647044 -2.379064 -1.952053 142911803371.000000
0.226807 -0.977295 0.428223 -1.586043 -2.440066 -1.403038 142911805173.000000
0.227539 -0.978516 0.423096 -1.708046 -2.440066 -1.403038 142911806974.000000
0.228027 -0.974609 0.419434 -1.586043 -2.074056 -1.281035 142911808776.000000
0.227783 -0.974609 0.427246 -1.708046 -1.647044 -1.159031 142911810658.000000
0.226318 -0.974365 0.432373 -1.647044 -1.708046 -0.854023 142911812463.000000
0.228760 -0.969482 0.423584 -1.342036 -1.647044 -0.671018 142911814267.000000
0.234619 -0.971191 0.431396 -1.525041 -1.403038 -0.549015 142911816068.000000
0.237549 -0.969482 0.425537 -1.769048 -0.854023 -0.671018 142911817869.000000
0.229736 -0.969971 0.428711 -1.525041 -1.159031 -0.427012 142911819672.000000
0.233643 -0.968506 0.429199 -1.647044 -0.488013 -0.183005 142911821471.000000
0.235352 -0.968262 0.431152 -1.403038 0.000000 -0.549015 142911823268.000000
0.234131 -0.970215 0.434082 -1.403038 -0.122003 -0.366010 142911825067.000000
0.237305 -0.967041 0.432373 -1.342036 0.549015 -0.427012 142911826865.000000
0.232178 -0.965820 0.430664 -1.342036 0.976026 -0.122003 142911828662.000000
0.230225 -0.969727 0.429688 -1.037028 0.976026 -0.061002 142911830463.000000
0.231445 -0.966064 0.428223 -0.976026 1.403038 0.000000 142911832262.000000
0.231201 -0.966553 0.434326 -0.854023 1.586043 -0.122003 142911834060.000000
0.231445 -0.970459 0.439453 -0.976026 2.074056 0.183005 142911835862.000000
0.229248 -0.967773 0.433594 -0.793021 1.952053 0.427012 142911837660.000000
0.227051 -0.966797 0.432129 -0.793021 2.379064 0.305008 142911839459.000000
0.225098 -0.966309 0.426514 -0.488013 3.050082 0.610016 142911841258.000000
0.228760 -0.964844 0.435791 -0.488013 3.111084 0.793021 142911843055.000000
0.230225 -0.965088 0.436035 -0.488013 3.294089 0.915025 142911844853.000000
0.226807 -0.964600 0.427734 -0.427012 3.782102 0.915025 142911846650.000000
0.226807 -0.962158 0.432129 -0.427012 3.660099 0.915025 142911848449.000000
0.223389 -0.965820 0.434570 0.000000 3.843104 1.098030 142911850248.000000
0.221680 -0.961670 0.433594 0.000000 4.026109 1.342036 142911852047.000000
0.219727 -0.956543 0.440186 -0.244007 4.331117 1.281035 142911853844.000000
0.221680 -0.960449 0.440918 -0.183005 4.148112 1.037028 142911855642.000000
0.221436 -0.956299 0.440674 0.122003 3.965107 1.464040 142911857444.000000
0.220947 -0.952881 0.432129 0.122003 4.209114 1.586043 142911859243.000000
0.213379 -0.953857 0.433594 0.183005 4.331117 1.159031 142911861045.000000
0.214844 -0.948975 0.430420 0.183005 3.904105 1.464040 142911862847.000000
0.212402 -0.951660 0.428955 0.305008 4.148112 1.647044 142911864651.000000
0.214355 -0.949219 0.427246 0.244007 3.904105 1.769048 142911866453.000000
0.217773 -0.943359 0.422363 0.244007 3.599097 1.952053 142911868255.000000
0.214355 -0.944092 0.420410 0.305008 3.660099 2.013054 142911870063.000000
0.210693 -0.942139 0.419922 0.122003 4.087110 1.647044 142911871865.000000
0.216797 -0.942627 0.416992 0.000000 3.843104 1.647044 142911873667.000000
0.214844 -0.941650 0.419189 0.061002 3.660099 1.891051 142911875469.000000
0.212646 -0.948486 0.425049 0.244007 3.843104 1.586043 142911877271.000000
0.207764 -0.946777 0.423584 0.122003 3.660099 1.464040 142911879080.000000
0.209717 -0.945313 0.426270 0.305008 3.599097 1.464040 142911880886.000000
0.211914 -0.946777 0.425049 0.244007 3.477094 1.586043 142911882687.000000
0.211914 -0.946045 0.423340 0.122003 3.599097 1.830049 142911884488.000000
0.208496 -0.951660 0.418213 0.244007 3.477094 1.647044 142911886289.000000
0.212891 -0.955322 0.419189 0.366010 3.294089 1.525041 142911888090.000000
0.209473 -0.951172 0.423096 0.305008 3.294089 1.708046 142911889905.000000
0.208984 -0.952393 0.421387 0.244007 3.172086 1.464040 142911891706.000000
0.210938 -0.955322 0.419678 0.427012 3.111084 1.342036 142911893507.000000
0.209961 -0.958008 0.422607 0.610016 2.806076 1.647044 142911895309.000000
0.210205 -0.955811 0.409912 0.183005 2.989081 1.525041 142911897110.000000
0.207520 -0.951416 0.410889 0.488013 2.989081 1.464040 142911898915.000000
0.206543 -0.953613 0.410156 0.427012 3.050082 1.708046 142911900722.000000
0.208252 -0.956299 0.407715 0.183005 3.050082 1.769048 142911902523.000000
0.208496 -0.953369 0.409424 0.183005 3.355091 1.830049 142911904326.000000
0.210449 -0.954590 0.406982 -0.183005 3.416092 1.708046 142911906128.000000
0.205322 -0.951172 0.401123 0.122003 3.294089 1.830049 142911907929.000000
0.208008 -0.948975 0.404053 0.061002 3.538096 1.952053 142911909750.000000
0.209229 -0.948486 0.406494 0.061002 3.538096 1.769048 142911911551.000000
0.213867 -0.948730 0.408203 0.122003 3.843104 1.830049 142911913355.000000
0.211182 -0.948730 0.404297 0.244007 4.209114 1.708046 142911915154.000000
0.211426 -0.948242 0.410889 -0.183005 4.270115 1.891051 142911916953.000000
0.211670 -0.945068 0.406006 -0.183005 4.453120 1.708046 142911918751.000000
0.213379 -0.944580 0.410156 0.000000 4.514122 1.891051 142911920550.000000
0.210693 -0.945557 0.399414 0.000000 4.331117 1.952053 142911922353.000000
0.215576 -0.946289 0.408936 -0.244007 4.453120 2.135058 142911924151.000000
0.207520 -0.942383 0.400879 0.122003 4.941133 1.952053 142911925949.000000
0.204102 -0.944092 0.400146 -0.183005 5.368145 1.586043 142911927747.000000
0.206055 -0.947266 0.399658 0.061002 5.063137 1.769048 142911929546.000000
0.209961 -0.941406 0.397461 0.000000 5.307143 1.403038 142911931344.000000
0.212158 -0.938477 0.397705 0.183005 5.673153 1.403038 142911933143.000000
0.207520 -0.938477 0.401367 0.000000 5.917160 1.586043 142911934943.000000
0.200195 -0.943604 0.394775 -0.061002 5.795156 1.464040 142911936738.000000
0.200195 -0.942383 0.394775 0.305008 6.100165 1.342036 142911938539.000000
0.205322 -0.937256 0.394287 0.122003 6.161166 1.464040 142911940340.000000
0.205811 -0.937500 0.393311 0.061002 6.283170 1.647044 142911942140.000000
0.206299 -0.935547 0.401611 -0.244007 6.344171 1.464040 142911943946.000000
0.201904 -0.938477 0.395264 0.000000 6.283170 1.830049 142911945745.000000
0.205078 -0.936523 0.391357 0.244007 6.100165 1.464040 142911947542.000000
0.204102 -0.945068 0.399902 0.244007 6.161166 1.464040 142911949340.000000
0.204590 -0.942871 0.396484 0.366010 6.100165 1.464040 142911951138.000000
0.202881 -0.947266 0.397217 0.122003 6.283170 1.342036 142911952936.000000
0.203857 -0.943604 0.391113 0.122003 5.917160 1.464040 142911954734.000000
0.207275 -0.947510 0.389404 0.000000 5.856158 1.403038 142911956532.000000
0.203857 -0.947021 0.393311 0.122003 5.856158 1.403038 142911958330.000000
0.202393 -0.949463 0.393555 -0.061002 5.673153 1.525041 142911960133.000000
0.200439 -0.949219 0.392334 0.000000 5.307143 1.403038 142911961934.000000
0.206543 -0.951904 0.384277 0.000000 5.734155 1.403038 142911963736.000000
0.204346 -0.951172 0.389893 -0.122003 5.368145 1.464040 142911965541.000000
0.202393 -0.952637 0.381592 -0.244007 5.551150 1.220033 142911967344.000000
0.206299 -0.951660 0.383545 -0.183005 5.429147 1.159031 142911969150.000000
0.207275 -0.958252 0.385742 -0.427012 5.002135 1.220033 142911970954.000000
0.204834 -0.961182 0.386963 -0.305008 4.941133 1.342036 142911972756.000000
0.208740 -0.959229 0.386475 -0.427012 4.880132 1.281035 142911974558.000000
0.204590 -0.956543 0.387451 -0.671018 5.002135 1.403038 142911976361.000000
0.202148 -0.958984 0.381348 -0.976026 5.124138 1.342036 142911978162.000000
0.211670 -0.960205 0.374023 -0.732020 4.636125 1.403038 142911979969.000000
0.214111 -0.962158 0.381104 -0.793021 4.819130 1.281035 142911981774.000000
0.210938 -0.959961 0.386475 -1.037028 5.002135 1.220033 142911983576.000000
0.211426 -0.959229 0.381836 -0.732020 5.307143 1.220033 142911985378.000000
0.206543 -0.959229 0.384521 -0.793021 5.429147 1.464040 142911987179.000000
0.205078 -0.961426 0.382568 -1.220033 5.368145 1.342036 142911988985.000000
0.211914 -0.962402 0.383057 -1.098030 5.490148 1.098030 142911990784.000000
0.207031 -0.957764 0.387451 -0.854023 5.612152 1.159031 142911992586.000000
0.205566 -0.957275 0.387207 -1.159031 5.612152 1.464040 142911994389.000000
0.211182 -0.956787 0.385986 -1.159031 5.734155 1.159031 142911996190.000000
0.202881 -0.954834 0.386719 -1.098030 6.222168 1.342036 142911997995.000000
0.206787 -0.951416 0.389648 -1.159031 6.283170 1.403038 142911999810.000000
0.209229 -0.944824 0.388184 -1.220033 6.161166 1.220033 142912001613.000000
0.208252 -0.946533 0.383301 -0.793021 6.222168 1.159031 142912003415.000000
0.209717 -0.947510 0.392822 -0.915025 6.283170 1.098030 142912005216.000000
0.208252 -0.941895 0.380127 -1.159031 6.344171 1.098030 142912007018.000000
0.206543 -0.935547 0.384521 -0.976026 6.649180 0.732020 142912008826.000000
0.205566 -0.931641 0.389893 -0.915025 6.283170 0.793021 142912010653.000000
0.207520 -0.927734 0.391846 -1.159031 6.344171 0.793021 142912012456.000000
0.201904 -0.926758 0.383057 -1.098030 6.161166 0.610016 142912014255.000000
0.204590 -0.926025 0.387939 -1.220033 6.588178 0.366010 142912016054.000000
0.202393 -0.922119 0.390381 -1.098030 6.222168 0.244007 142912017852.000000
0.207275 -0.928467 0.381104 -1.159031 6.222168 0.122003 142912019652.000000
0.207031 -0.926270 0.383301 -1.159031 6.466175 0.000000 142912021451.000000
0.210205 -0.928711 0.384521 -1.037028 6.039163 -0.427012 142912023249.000000
0.206787 -0.931152 0.386230 -1.159031 5.917160 -0.427012 142912025046.000000
0.206055 -0.934814 0.382813 -1.342036 5.917160 -0.610016 142912026843.000000
0.209229 -0.936279 0.379883 -1.281035 5.917160 -0.671018 142912028641.000000
0.209229 -0.935547 0.380371 -1.342036 5.673153 -0.671018 142912030440.000000
0.205078 -0.936768 0.378174 -1.525041 5.490148 -0.854023 142912032239.000000
0.208252 -0.937988 0.374512 -1.525041 5.490148 -0.854023 142912034037.000000
0.205811 -0.942871 0.379883 -1.708046 5.124138 -1.037028 142912035835.000000
0.202637 -0.946533 0.378174 -1.708046 4.941133 -0.976026 142912037632.000000
0.203125 -0.946533 0.379150 -1.769048 5.002135 -0.976026 142912039431.000000
0.204102 -0.947266 0.382080 -2.013054 4.758128 -1.342036 142912041230.000000
0.204834 -0.955566 0.375732 -1.952053 4.758128 -1.342036 142912043028.000000
0.202881 -0.955322 0.381348 -2.074056 5.124138 -1.037028 142912044826.000000
0.198730 -0.960449 0.379150 -2.196059 4.697127 -1.281035 142912046624.000000
0.200928 -0.959229 0.374023 -2.257061 4.636125 -1.342036 142912048422.000000
0.203613 -0.962891 0.378174 -2.074056 4.941133 -1.159031 142912050221.000000
0.203125 -0.961426 0.380615 -2.440066 4.514122 -1.464040 142912052020.000000
0.199707 -0.966553 0.375244 -2.562069 4.392119 -1.342036 142912053818.000000
0.203613 -0.967529 0.380127 -2.867077 4.697127 -1.037028 142912055618.000000
0.204590 -0.971924 0.382080 -2.928079 4.697127 -1.220033 142912057416.000000
0.203613 -0.968994 0.385986 -3.050082 4.514122 -1.220033 142912059221.000000
0.207520 -0.967041 0.381592 -3.111084 5.002135 -1.281035 142912061024.000000
0.200684 -0.966309 0.387451 -3.355091 4.575124 -1.403038 142912062829.000000
0.198975 -0.968994 0.385498 -3.477094 4.697127 -1.342036 142912064634.000000
0.197510 -0.969238 0.384033 -3.538096 4.819130 -1.220033 142912066436.000000
0.200195 -0.966553 0.385986 -3.660099 4.575124 -1.403038 142912068239.000000
0.202148 -0.971924 0.390137 -3.660099 4.575124 -1.342036 142912070047.000000
0.202393 -0.971680 0.388916 -3.843104 4.941133 -1.037028 142912071850.000000
0.202393 -0.971680 0.392090 -3.965107 4.819130 -1.342036 142912073652.000000
0.202637 -0.968506 0.389648 -3.965107 4.880132 -1.281035 142912075453.000000
0.198730 -0.969727 0.385742 -4.148112 5.185140 -1.220033 142912077254.000000
0.202148 -0.968750 0.391113 -4.148112 5.002135 -1.464040 142912079064.000000
0.204102 -0.964355 0.392822 -4.209114 5.307143 -1.525041 142912080866.000000
0.204346 -0.964600 0.394531 -4.392119 5.246142 -1.464040 142912082667.000000
0.206055 -0.964600 0.397461 -4.270115 5.307143 -1.464040 142912084468.000000
0.202393 -0.961914 0.398682 -4.453120 5.185140 -1.403038 142912086271.000000
0.204590 -0.958496 0.401123 -4.453120 5.368145 -1.647044 142912088072.000000
0.206543 -0.955566 0.393311 -4.514122 5.490148 -1.586043 142912089881.000000
0.209229 -0.958740 0.399170 -4.270115 5.734155 -1.647044 142912091685.000000
0.208496 -0.956055 0.399170 -4.331117 5.612152 -2.074056 142912093487.000000
0.206787 -0.948242 0.399658 -4.514122 5.795156 -2.196059 142912095289.000000
0.210938 -0.949463 0.398438 -4.392119 6.161166 -2.135058 142912097092.000000
0.208984 -0.950439 0.409424 -4.331117 5.978161 -2.135058 142912098897.000000
0.208496 -0.947998 0.397949 -4.514122 6.039163 -2.257061 142912100701.000000
0.211426 -0.948242 0.406006 -4.514122 6.161166 -2.318063 142912102502.000000
0.212158 -0.948486 0.404785 -4.514122 6.039163 -2.135058 142912104303.000000
0.211426 -0.948242 0.407471 -4.575124 6.100165 -2.440066 142912106105.000000
0.208252 -0.956543 0.407959 -4.514122 6.039163 -2.623071 142912107905.000000
0.210205 -0.962158 0.413818 -4.453120 5.917160 -2.623071 142912109717.000000
0.206787 -0.962646 0.412842 -4.453120 5.612152 -2.501068 142912111515.000000
0.207764 -0.966309 0.414307 -4.514122 5.612152 -2.745074 142912113317.000000
0.210693 -0.965820 0.408936 -4.392119 5.734155 -2.806076 142912115117.000000
0.213867 -0.972656 0.413330 -4.270115 5.246142 -2.867077 142912116914.000000
0.210449 -0.972412 0.412842 -4.209114 5.490148 -2.867077 142912118712.000000
0.211426 -0.978271 0.410156 -4.209114 5.246142 -3.111084 142912120513.000000
0.209717 -0.980469 0.411377 -4.392119 5.307143 -2.989081 142912122313.000000
0.214600 -0.978027 0.413574 -4.514122 5.246142 -2.989081 142912124114.000000
0.210693 -0.977539 0.413818 -4.026109 5.368145 -3.050082 142912125912.000000
0.210449 -0.978027 0.414795 -4.270115 5.429147 -2.684072 142912127711.000000
0.208252 -0.976807 0.413818 -4.453120 5.368145 -2.989081 142912129511.000000
0.207764 -0.977295 0.414063 -4.209114 5.673153 -2.867077 142912131309.000000
0.212646 -0.974854 0.412109 -4.087110 5.612152 -2.989081 142912133110.000000
0.207764 -0.978271 0.416992 -4.331117 5.673153 -2.867077 142912134908.000000
0.207764 -0.980225 0.415039 -4.331117 5.673153 -2.989081 142912136714.000000
0.211182 -0.977051 0.417725 -3.965107 6.283170 -3.111084 142912138511.000000
0.212158 -0.974854 0.420410 -3.965107 6.039163 -3.294089 142912140308.000000
0.215576 -0.975098 0.416504 -3.843104 6.222168 -3.355091 142912142108.000000
0.210693 -0.972168 0.412842 -4.026109 6.649180 -3.477094 142912143906.000000
0.214844 -0.968506 0.411865 -3.843104 6.588178 -3.538096 142912145702.000000
0.213135 -0.968506 0.415283 -3.721100 6.710181 -3.477094 142912147499.000000
0.216309 -0.968994 0.411621 -3.904105 7.015189 -3.843104 142912149299.000000
0.213623 -0.968018 0.416260 -3.660099 7.137193 -3.843104 142912151097.000000
0.210449 -0.964600 0.414307 -3.477094 7.381199 -3.782102 142912152895.000000
0.212158 -0.958008 0.412842 -3.416092 7.869212 -4.087110 142912154693.000000
0.212158 -0.959229 0.413574 -3.355091 7.930214 -4.148112 142912156492.000000
0.209229 -0.957764 0.408447 -2.989081 7.991216 -4.087110 142912158289.000000
0.210205 -0.959717 0.404785 -2.867077 8.235222 -4.331117 142912160092.000000
0.215088 -0.956299 0.407715 -2.928079 8.662234 -4.636125 142912161894.000000
0.212158 -0.955322 0.410400 -2.745074 8.601232 -4.819130 142912163696.000000
0.210693 -0.951904 0.403564 -2.623071 8.967242 -4.575124 142912165497.000000
0.209717 -0.952637 0.406982 -2.562069 8.906240 -4.758128 142912167299.000000
0.210693 -0.948975 0.413330 -2.501068 8.967242 -4.819130 142912169104.000000
0.207275 -0.945801 0.406006 -2.440066 9.150247 -5.002135 142912170902.000000
0.205566 -0.945557 0.407959 -2.318063 8.845239 -4.758128 142912172704.000000
0.201904 -0.945313 0.409668 -2.013054 8.723236 -4.941133 142912174506.000000
0.197998 -0.944092 0.414063 -2.074056 9.089245 -5.063137 142912176311.000000
0.199951 -0.949463 0.411377 -1.769048 8.967242 -5.063137 142912178113.000000
0.202393 -0.956055 0.415771 -1.525041 8.967242 -4.941133 142912179922.000000
0.197266 -0.957520 0.410889 -1.403038 8.479229 -4.758128 142912181722.000000
0.195557 -0.964111 0.414795 -1.525041 8.540231 -5.185140 142912183524.000000
0.192383 -0.965820 0.414307 -1.281035 8.662234 -5.185140 142912185325.000000
0.190430 -0.964844 0.410400 -1.403038 7.991216 -4.819130 142912187126.000000
0.192627 -0.971924 0.407227 -1.220033 7.991216 -5.063137 142912188931.000000
0.188477 -0.973389 0.406250 -1.464040 7.869212 -5.002135 142912190730.000000
0.190674 -0.977539 0.401123 -1.403038 7.686208 -4.941133 142912192531.000000
0.187500 -0.977051 0.398682 -1.464040 7.686208 -4.880132 142912194333.000000
0.186035 -0.980713 0.396240 -1.525041 6.832184 -4.758128 142912196134.000000
0.182373 -0.980957 0.388916 -1.525041 6.588178 -4.697127 142912197936.000000
0.181152 -0.986816 0.389648 -1.708046 6.222168 -4.453120 142912199759.000000
0.179443 -0.986572 0.388916 -1.586043 5.856158 -4.148112 142912201561.000000
0.177734 -0.988281 0.389893 -1.769048 5.734155 -4.087110 142912203363.000000
0.179688 -0.988037 0.385986 -1.708046 5.673153 -3.843104 142912205165.000000
0.177979 -0.989502 0.378906 -1.586043 5.429147 -3.660099 142912206967.000000
0.176758 -0.989014 0.376953 -1.952053 5.307143 -3.538096 142912208769.000000
0.175781 -0.987793 0.376953 -2.135058 5.429147 -3.599097 142912210578.000000
0.176270 -0.985107 0.377197 -2.074056 5.063137 -3.294089 142912212379.000000
0.176758 -0.983643 0.381348 -2.318063 5.124138 -3.111084 142912214177.000000
0.179199 -0.981201 0.383057 -1.952053 5.063137 -2.867077 142912215975.000000
0.178467 -0.979492 0.379883 -2.379064 4.575124 -2.745074 142912217773.000000
0.178955 -0.974854 0.375000 -2.501068 4.331117 -2.806076 142912219571.000000
0.177979 -0.975586 0.377930 -2.379064 4.514122 -2.745074 142912221369.000000
0.175293 -0.974609 0.378662 -2.745074 4.636125 -2.806076 142912223168.000000
0.182861 -0.970459 0.378418 -2.867077 4.392119 -2.806076 142912224965.000000
0.180420 -0.969971 0.374512 -2.867077 4.392119 -2.745074 142912226764.000000
0.174805 -0.968750 0.375244 -2.806076 4.392119 -2.745074 142912228562.000000
0.178955 -0.968018 0.373291 -3.416092 4.697127 -2.684072 142912230360.000000
0.177490 -0.966553 0.368896 -3.294089 4.880132 -2.440066 142912232158.000000
0.182129 -0.959961 0.374756 -3.538096 5.124138 -2.257061 142912233955.000000
0.182617 -0.961426 0.362549 -3.660099 5.063137 -2.379064 142912235752.000000
0.180908 -0.963623 0.374756 -3.965107 5.124138 -2.013054 142912237549.000000
0.183350 -0.960449 0.373535 -4.270115 5.612152 -1.952053 142912239347.000000
0.185547 -0.956055 0.372070 -3.965107 5.673153 -1.891051 142912241146.000000
0.182861 -0.959229 0.369385 -3.904105 5.917160 -1.830049 142912242949.000000
0.188965 -0.958252 0.373047 -3.904105 5.978161 -1.586043 142912244748.000000
0.187988 -0.962891 0.374023 -4.148112 6.222168 -1.708046 142912246546.000000
0.186523 -0.962158 0.376709 -3.965107 6.283170 -1.403038 142912248344.000000
0.179199 -0.963867 0.377197 -4.087110 6.344171 -1.098030 142912250142.000000
0.182373 -0.964844 0.380127 -4.270115 6.832184 -1.159031 142912251942.000000
0.183105 -0.970947 0.377686 -4.270115 6.710181 -0.976026 142912253740.000000
0.184814 -0.970215 0.376465 -4.453120 6.954188 -0.976026 142912255538.000000
0.184570 -0.973145 0.376953 -4.514122 6.893186 -0.427012 142912257336.000000
0.186035 -0.982422 0.380371 -4.636125 6.649180 -0.488013 142912259136.000000
0.186279 -0.983887 0.377686 -4.758128 6.771183 -0.305008 142912260938.000000
0.187256 -0.990479 0.380859 -5.307143 6.893186 0.366010 142912262740.000000
0.188232 -0.989502 0.383545 -5.002135 6.466175 0.549015 142912264541.000000
0.192139 -0.993652 0.386230 -5.246142 6.649180 0.610016 142912266343.000000
0.196045 -1.002197 0.382568 -5.246142 6.710181 0.915025 142912268145.000000
0.193604 -1.002930 0.386719 -5.429147 6.649180 1.220033 142912269953.000000
0.195068 -0.999512 0.379639 -4.819130 6.649180 1.220033 142912271755.000000
0.200195 -0.996338 0.378662 -5.307143 6.466175 1.708046 142912273556.000000
0.200684 -1.000977 0.382080 -5.917160 6.222168 1.891051 142912275357.000000
0.197998 -1.006836 0.376953 -5.856158 6.283170 2.135058 142912277759.000000
0.203125 -0.995605 0.377930 -5.673153 6.649180 2.440066 142912279596.000000
0.203369 -0.993896 0.380615 -5.795156 6.405173 2.928079 142912281406.000000
0.207520 -0.992432 0.386475 -5.917160 6.649180 3.294089 142912283209.000000
0.203613 -0.990967 0.386963 -5.978161 6.832184 3.111084 142912285018.000000
0.207275 -0.988770 0.390137 -5.856158 6.893186 3.050082 142912286820.000000
0.208252 -0.989990 0.394287 -5.978161 7.137193 3.599097 142912288621.000000
0.209473 -0.986084 0.396973 -5.978161 7.137193 3.660099 142912290429.000000
0.211426 -0.985107 0.400146 -5.612152 6.954188 3.477094 142912292231.000000
0.212158 -0.979980 0.393799 -5.673153 7.259196 3.660099 142912294033.000000
0.215088 -0.982422 0.395508 -5.673153 7.259196 3.782102 142912295834.000000
0.217773 -0.983398 0.395264 -5.429147 7.198194 4.087110 142912297641.000000
0.214111 -0.982178 0.399414 -5.246142 7.320198 4.026109 142912299447.000000
0.216553 -0.983398 0.399414 -5.429147 7.686208 3.965107 142912301251.000000
0.220459 -0.984131 0.398438 -5.185140 7.259196 3.965107 142912303058.000000
0.218262 -0.985596 0.401611 -4.880132 7.076191 3.904105 142912304862.000000
0.220703 -0.982666 0.400635 -4.880132 7.381199 3.660099 142912306663.000000
0.222900 -0.984375 0.400146 -4.819130 7.015189 3.965107 142912308464.000000
0.226318 -0.981934 0.400391 -4.514122 7.259196 4.087110 142912310267.000000
0.222656 -0.984619 0.388916 -4.331117 7.259196 3.904105 142912312069.000000
0.223877 -0.985107 0.388916 -4.148112 7.381199 4.026109 142912313872.000000
0.221924 -0.982666 0.385742 -4.453120 7.442201 4.026109 142912315670.000000
0.222168 -0.979980 0.385742 -4.270115 7.625206 4.209114 142912317467.000000
0.224365 -0.980469 0.383545 -4.087110 7.991216 4.209114 142912319266.000000
0.221436 -0.982666 0.379395 -4.270115 7.991216 4.270115 142912321065.000000
0.219727 -0.987061 0.379883 -4.453120 8.235222 4.575124 142912322862.000000
0.221680 -0.985840 0.384766 -3.965107 8.174221 4.514122 142912324709.000000
0.219971 -0.987793 0.382813 -4.331117 8.296224 4.514122 142912327165.000000
0.221436 -0.990967 0.383301 -3.843104 8.540231 4.575124 142912330077.000000
0.223633 -0.996338 0.384033 -4.209114 8.662234 4.697127 142912332989.000000
0.224121 -0.998291 0.388184 -4.209114 8.784237 5.063137 142912335899.000000
0.219238 -1.001709 0.376953 -4.148112 8.967242 5.002135 142912338808.000000
0.215576 -1.002197 0.384033 -4.392119 9.150247 5.002135 142912341793.000000
0.214844 -0.998779 0.392578 -4.270115 9.455255 5.185140 142912344703.000000
0.211426 -0.996338 0.386963 -4.209114 9.089245 5.063137 142912347612.000000
0.210693 -0.989014 0.387207 -4.331117 8.967242 5.368145 142912350521.000000
0.215088 -0.988037 0.385986 -4.270115 8.723236 5.063137 142912353431.000000
0.216064 -0.982910 0.384277 -3.904105 8.540231 5.063137 142912356340.000000
0.211670 -0.976318 0.396484 -3.843104 7.808211 5.124138 142912359253.000000
0.209473 -0.968750 0.398193 -3.721100 7.381199 4.880132 142912362172.000000
0.212891 -0.969482 0.394775 -3.172086 6.771183 5.124138 142912365089.000000
0.211914 -0.970947 0.395020 -3.111084 6.222168 4.758128 142912368005.000000
0.211182 -0.970459 0.396973 -2.501068 5.795156 4.575124 142912370931.000000
0.211670 -0.968994 0.396484 -2.196059 5.063137 4.453120 142912373840.000000
0.208984 -0.970947 0.394287 -1.952053 4.331117 4.331117 142912376750.000000
0.215088 -0.975098 0.401611 -1.586043 3.843104 4.453120 142912379664.000000
0.209473 -0.974121 0.397949 -1.220033 2.806076 4.331117 142912382581.000000
0.216064 -0.981934 0.387451 -1.159031 2.379064 3.721100 142912385496.000000
0.210938 -0.984375 0.397217 -0.854023 2.013054 4.209114 142912388410.000000
0.212158 -0.986328 0.383789 -0.366010 1.586043 4.026109 142912391337.000000
0.213867 -0.997559 0.395996 -0.793021 0.854023 4.331117 142912394252.000000
0.215332 -1.007813 0.391113 -0.244007 0.854023 4.636125 142912397166.000000
0.213379 -1.010254 0.383057 0.183005 0.732020 4.636125 142912400083.000000
0.211914 -1.014648 0.381104 0.061002 0.610016 5.063137 142912402999.000000
0.214111 -1.016602 0.381104 0.549015 0.427012 5.185140 142912405914.000000
0.210938 -1.017334 0.377441 1.098030 0.305008 5.429147 142912408829.000000
0.214355 -1.015869 0.382080 1.159031 0.488013 5.612152 142912411778.000000
0.209961 -1.012695 0.373779 1.647044 0.671018 5.917160 142912414694.000000
0.205566 -1.008301 0.376709 1.586043 0.549015 6.039163 142912417603.000000
0.201904 -1.005615 0.369385 1.769048 0.427012 6.344171 142912420512.000000
0.205078 -1.002441 0.371582 2.135058 -0.183005 6.100165 142912423422.000000
0.195801 -0.997314 0.375488 2.440066 -0.366010 6.283170 142912426360.000000
0.194824 -0.997314 0.371826 2.867077 -1.037028 6.039163 142912429271.000000
0.195313 -1.005371 0.373291 3.050082 -1.342036 6.222168 142912432180.000000
0.194824 -1.002930 0.374023 3.294089 -2.257061 5.917160 142912435098.000000
0.188232 -1.004883 0.366943 3.477094 -2.623071 6.283170 142912438005.000000
0.184570 -1.004639 0.367188 3.721100 -3.233087 6.283170 142912440914.000000
0.188965 -1.000244 0.367188 3.843104 -4.209114 6.283170 142912443824.000000
0.183594 -0.995850 0.363281 4.148112 -4.819130 6.222168 142912446731.000000
0.178223 -0.993164 0.367188 4.331117 -5.978161 6.344171 142912449643.000000
0.174561 -0.992676 0.364502 4.148112 -6.649180 6.466175 142912452552.000000
0.179932 -0.991699 0.367188 4.575124 -7.686208 6.283170 142912455460.000000
0.176758 -0.989990 0.368652 4.087110 -8.418227 6.100165 142912458368.000000
0.173828 -0.991211 0.370117 4.514122 -9.516257 6.344171 142912461283.000000
0.179688 -0.991699 0.370605 3.965107 -10.187275 6.161166 142912464200.000000
0.175293 -0.992920 0.361816 3.965107 -11.468310 5.917160 142912467116.000000
0.174316 -0.994141 0.358398 3.660099 -11.773318 6.161166 142912470037.000000
0.172119 -0.991211 0.365967 4.087110 -12.261331 6.405173 142912472956.000000
0.172607 -0.988770 0.364746 3.904105 -13.176356 6.222168 142912475873.000000
0.175049 -0.990723 0.361084 3.904105 -13.420362 6.222168 142912478796.000000
0.174805 -0.989258 0.367188 4.148112 -13.725371 6.466175 142912481762.000000
0.182617 -0.985596 0.359619 4.026109 -13.725371 6.161166 142912484681.000000
0.181152 -0.981201 0.355957 4.331117 -14.030379 6.039163 142912487597.000000
0.186279 -0.968994 0.357666 4.209114 -13.786372 6.100165 142912490524.000000
0.187256 -0.973877 0.362549 4.148112 -13.542366 6.039163 142912493439.000000
0.187744 -0.972900 0.360107 4.087110 -13.176356 6.161166 142912496365.000000
0.188721 -0.974121 0.361084 3.965107 -12.627341 6.161166 142912499287.000000
0.192383 -0.973389 0.355957 3.843104 -12.200329 6.100165 142912502207.000000
0.191895 -0.971680 0.353271 4.270115 -11.529311 6.405173 142912505124.000000
0.195068 -0.969971 0.363281 3.904105 -11.468310 6.405173 142912508039.000000
0.195557 -0.966797 0.360107 3.843104 -10.614287 6.344171 142912510963.000000
0.197021 -0.963623 0.348633 3.904105 -9.760264 6.405173 142912513890.000000
0.198730 -0.958008 0.350586 3.660099 -9.272250 6.161166 142912516804.000000
0.192627 -0.948242 0.350342 3.538096 -7.869212 6.283170 142912519714.000000
0.190430 -0.941406 0.354736 3.355091 -7.503203 6.344171 142912522626.000000
0.195313 -0.933350 0.348877 2.928079 -6.283170 6.344171 142912525558.000000
0.197754 -0.927002 0.352783 2.623071 -5.978161 6.466175 142912528480.000000
0.196045 -0.918945 0.354736 2.196059 -4.697127 6.222168 142912531390.000000
0.197021 -0.913818 0.356445 2.135058 -4.392119 6.405173 142912534300.000000
0.195557 -0.907715 0.352051 1.403038 -3.294089 6.344171 142912537208.000000
0.195068 -0.901123 0.354492 1.464040 -2.684072 6.222168 142912540118.000000
0.194336 -0.893555 0.360352 0.488013 -1.281035 6.405173 142912543027.000000
0.194336 -0.891357 0.350830 0.671018 -0.549015 6.283170 142912545946.000000
0.195801 -0.895508 0.364258 -0.061002 0.000000 6.344171 142912548890.000000
0.198730 -0.893799 0.370117 0.000000 1.037028 6.405173 142912551802.000000
0.199707 -0.899902 0.370117 -0.732020 1.586043 6.588178 142912554710.000000
0.199951 -0.906738 0.366211 -0.671018 2.318063 6.710181 142912557618.000000
0.199219 -0.916504 0.382324 -0.793021 2.928079 6.954188 142912560533.000000
0.201660 -0.923096 0.380371 -1.159031 3.660099 7.198194 142912563450.000000
0.202148 -0.925293 0.383789 -1.159031 4.514122 7.320198 142912566375.000000
0.204590 -0.936523 0.386230 -1.464040 5.002135 8.113219 142912569297.000000
0.204346 -0.944092 0.389648 -1.464040 5.734155 8.235222 142912572215.000000
0.204834 -0.947021 0.393311 -1.586043 6.588178 8.662234 142912575131.000000
0.209717 -0.965576 0.393066 -1.342036 7.503203 9.394254 142912582773.000000
0.216309 -0.965576 0.390869 -1.708046 7.991216 9.577259 142912585986.000000
0.212402 -0.969971 0.390137 -1.281035 7.869212 9.760264 142912588969.000000
0.205566 -0.974365 0.393311 -1.830049 8.357226 9.882267 142912591897.000000
0.213379 -0.984619 0.396729 -1.525041 7.991216 10.004270 142912594912.000000
0.212158 -0.989990 0.405762 -1.647044 7.747209 9.882267 142912597901.000000
0.213867 -0.996094 0.390381 -1.769048 7.686208 9.943268 142912600838.000000
0.209229 -1.004883 0.387939 -1.769048 7.320198 9.882267 142912603760.000000
0.214844 -1.009033 0.401367 -1.647044 6.954188 9.577259 142912606671.000000
0.215088 -1.009521 0.396240 -2.013054 6.527176 9.577259 142912609593.000000
0.211914 -1.010986 0.398193 -1.830049 6.710181 9.577259 142912612521.000000
0.211914 -1.011719 0.399170 -1.708046 5.978161 9.638260 142912615442.000000
0.218018 -1.011719 0.391113 -2.135058 5.734155 9.882267 142912618370.000000
0.210693 -1.007568 0.398926 -2.196059 5.673153 9.699262 142912621283.000000
0.219971 -1.002930 0.398438 -2.318063 5.612152 9.516257 142912624201.000000
0.223633 -1.003662 0.400391 -2.379064 5.734155 9.089245 142912627166.000000
0.219971 -0.996826 0.398682 -2.562069 5.978161 9.089245 142912630083.000000
0.215576 -0.988770 0.404297 -3.050082 6.222168 8.784237 142912633014.000000
0.217041 -0.988770 0.407471 -3.111084 6.405173 8.601232 142912635925.000000
0.223389 -0.980225 0.406982 -2.806076 6.954188 8.784237 142912638835.000000
0.219482 -0.983398 0.410889 -3.477094 7.320198 8.479229 142912641852.000000
0.223633 -0.977295 0.406006 -3.294089 7.930214 8.479229 142912644773.000000
0.221436 -0.978271 0.408447 -3.538096 8.174221 8.296224 142912647684.000000
0.212891 -0.978516 0.421631 -3.355091 9.089245 8.235222 142912650596.000000
0.217285 -0.982910 0.419922 -3.538096 9.699262 7.930214 142912653507.000000
0.217773 -0.977539 0.423828 -3.477094 10.126273 8.052217 142912656416.000000
0.213867 -0.980469 0.418945 -3.538096 10.797292 7.747209 142912659333.000000
0.214600 -0.979980 0.422119 -3.599097 11.102300 7.686208 142912662260.000000
0.214844 -0.978516 0.426025 -3.294089 11.834320 7.503203 142912665178.000000
0.211182 -0.970703 0.426270 -3.355091 12.871348 7.381199 142912668098.000000
0.210205 -0.968750 0.425781 -3.904105 13.542366 7.381199 142912671014.000000
0.208984 -0.964844 0.426270 -3.477094 14.579394 7.442201 142912673938.000000
0.203857 -0.968506 0.433350 -3.965107 15.860428 7.442201 142912676848.000000
0.202637 -0.961182 0.426758 -3.538096 16.348441 7.320198 142912679766.000000
0.199219 -0.958496 0.424316 -3.782102 17.568474 7.442201 142912682690.000000
0.196533 -0.955566 0.427490 -3.904105 18.605502 7.503203 142912685613.000000
0.200684 -0.951660 0.423340 -3.782102 19.642530 7.442201 142912688529.000000
0.198975 -0.949463 0.427490 -3.599097 21.472580 7.503203 142912691450.000000
0.194824 -0.946289 0.417969 -3.843104 22.082596 7.442201 142912694378.000000
0.195313 -0.938965 0.429688 -3.904105 23.912646 7.442201 142912697298.000000
0.194580 -0.934814 0.430420 -3.538096 24.888672 7.747209 142912700219.000000
0.195313 -0.936279 0.428223 -3.599097 26.230708 7.564204 142912703135.000000
0.189209 -0.936035 0.435547 -3.477094 27.694748 7.320198 142912706051.000000
0.189697 -0.927002 0.431396 -3.538096 28.914781 7.564204 142912708969.000000
0.182861 -0.922607 0.435059 -3.660099 30.256817 7.259196 142912711961.000000
0.185059 -0.923340 0.437012 -3.294089 31.293845 7.564204 142912714883.000000
0.183838 -0.922607 0.432129 -3.050082 32.574880 6.954188 142912717804.000000
0.182617 -0.919678 0.439209 -2.989081 33.306899 7.015189 142912720716.000000
0.173584 -0.918701 0.437256 -3.050082 34.099921 6.832184 142912723631.000000
0.174316 -0.922607 0.431885 -2.867077 34.587934 6.893186 142912726624.000000
0.172119 -0.923584 0.434814 -2.440066 35.380955 6.893186 142912729056.000000
0.169189 -0.925293 0.430908 -2.440066 35.807967 6.954188 142912730866.000000
0.173828 -0.925781 0.429932 -2.074056 36.112975 6.954188 142912732668.000000
0.168213 -0.928223 0.426025 -2.318063 36.234978 7.015189 142912734466.000000
0.162109 -0.936279 0.428955 -2.196059 36.661990 7.076191 142912736266.000000
0.158691 -0.936768 0.426514 -1.769048 36.966998 6.832184 142912738064.000000
0.159180 -0.940186 0.414551 -1.952053 37.150003 6.649180 142912739915.000000
0.158203 -0.942627 0.424316 -1.891051 37.638016 7.015189 142912741873.000000
0.156738 -0.943359 0.416260 -1.769048 37.516013 6.954188 142912743778.000000
0.151855 -0.949463 0.416748 -1.769048 37.699018 7.076191 142912745654.000000
0.154053 -0.956299 0.414063 -1.647044 37.882023 7.076191 142912747467.000000
0.151855 -0.954590 0.414063 -1.891051 38.004026 7.137193 142912749269.000000
0.147705 -0.954590 0.409912 -1.586043 37.943024 7.076191 142912751068.000000
0.145508 -0.957520 0.414551 -1.708046 37.943024 7.198194 142912752867.000000
0.144287 -0.961914 0.407471 -1.769048 37.943024 7.137193 142912754673.000000
0.141113 -0.967529 0.408691 -1.769048 37.821021 6.954188 142912756471.000000
0.145264 -0.968506 0.402100 -1.830049 37.394010 7.198194 142912758269.000000
0.142822 -0.969727 0.405273 -1.769048 37.516013 7.320198 142912760073.000000
0.143799 -0.972656 0.400146 -1.830049 37.394010 7.320198 142912761877.000000
0.139160 -0.971436 0.407471 -1.952053 37.089001 7.442201 142912763679.000000
0.140625 -0.968262 0.401123 -1.952053 36.905996 7.259196 142912765480.000000
0.142334 -0.974609 0.399170 -2.013054 36.478985 7.259196 142912767284.000000
0.141357 -0.971680 0.403564 -2.257061 36.112975 7.137193 142912769088.000000
0.137451 -0.970947 0.401855 -2.013054 36.173977 7.381199 142912770886.000000
0.136719 -0.974121 0.401367 -2.257061 35.990972 7.259196 142912772684.000000
0.135498 -0.975098 0.400879 -2.379064 35.258952 6.954188 142912774482.000000
0.133545 -0.972168 0.395752 -2.318063 35.014945 7.320198 142912776281.000000
0.134033 -0.971680 0.395996 -2.440066 34.831940 7.259196 142912778079.000000
0.134277 -0.975586 0.398682 -2.379064 34.648936 7.076191 142912779881.000000
0.131836 -0.973389 0.395020 -2.562069 33.794912 7.259196 142912781685.000000
0.135254 -0.973633 0.393799 -2.196059 33.489904 6.832184 142912783491.000000
0.136475 -0.972168 0.395508 -2.318063 33.123894 6.893186 142912785293.000000
0.131104 -0.970703 0.398682 -2.562069 32.696883 6.954188 142912787095.000000
0.134521 -0.972656 0.397217 -2.684072 32.635881 6.771183 142912788897.000000
0.132324 -0.969482 0.399658 -2.623071 32.025865 6.466175 142912790696.000000
0.129639 -0.971191 0.392578 -2.562069 31.598853 6.283170 142912792494.000000
0.129883 -0.972412 0.392334 -2.501068 31.415848 6.344171 142912794292.000000
0.132813 -0.970703 0.389160 -2.684072 30.866833 6.222168 142912796089.000000
