-0.676758 -0.894043 -0.338623 -43.006161 114.317087 134.081620 142910439586.000000
-0.695557 -0.888672 -0.331543 -44.287196 116.025133 136.155676 142910442503.000000
-0.717773 -0.890137 -0.344238 -45.141219 117.001159 138.168731 142910445418.000000
-0.746338 -0.893311 -0.352295 -46.544257 117.428171 140.242787 142910448339.000000
-0.766113 -0.890137 -0.357422 -47.886293 116.818154 141.889831 142910451259.000000
-0.784424 -0.889893 -0.371826 -49.350332 116.269139 143.841884 142910454177.000000
-0.796631 -0.884521 -0.387939 -50.814372 115.171110 145.610931 142910457126.000000
-0.800049 -0.879639 -0.395508 -51.729397 114.012078 147.379979 142910460048.000000
-0.793457 -0.869873 -0.414307 -52.644421 112.914049 148.600012 142910462963.000000
-0.791016 -0.867432 -0.427734 -54.047459 111.755017 150.003050 142910465878.000000
-0.785645 -0.851318 -0.441406 -55.206491 111.083999 151.467090 142910468799.000000
-0.784912 -0.843750 -0.457520 -56.792533 110.534984 152.626121 142910471718.000000
-0.790527 -0.838623 -0.464355 -58.256573 110.534984 154.456170 142910474636.000000
-0.791504 -0.828857 -0.480225 -60.330629 110.290978 155.981211 142910477555.000000
-0.802490 -0.826660 -0.493164 -61.672665 110.107973 158.177271 142910480496.000000
-0.812256 -0.822754 -0.500000 -63.319710 110.351980 160.007320 142910483408.000000
-0.824707 -0.820068 -0.508789 -64.905752 110.412981 161.898371 142910486316.000000
-0.837402 -0.816650 -0.513916 -66.857805 110.290978 163.911426 142910489228.000000
-0.850830 -0.812744 -0.510742 -67.894833 109.863966 165.802477 142910492138.000000
-0.861816 -0.813721 -0.514160 -69.358873 109.497956 167.876533 142910495052.000000
-0.886230 -0.805176 -0.502441 -71.859940 106.996889 171.597633 142910502721.000000
-0.896240 -0.797119 -0.497314 -73.079973 105.898859 172.878668 142910505861.000000
-0.907715 -0.786377 -0.503174 -74.300006 104.922833 174.159702 142910508792.000000
-0.909668 -0.781738 -0.510254 -75.459037 103.580797 175.623742 142910511729.000000
-0.915039 -0.775879 -0.524658 -77.106082 102.909779 177.270786 142910514749.000000
-0.915039 -0.765869 -0.533203 -78.509120 102.299762 178.734826 142910517731.000000
-0.920654 -0.761230 -0.556641 -79.790154 102.055756 180.198865 142910520657.000000
-0.920898 -0.755371 -0.577393 -81.437199 101.506741 181.784908 142910523571.000000
-0.917725 -0.751465 -0.596924 -82.962240 101.872751 183.492954 142910526490.000000
-0.918457 -0.748779 -0.608887 -84.548283 101.628744 185.017995 142910529406.000000
-0.920410 -0.746826 -0.612549 -85.829317 101.384737 186.726042 142910532322.000000
-0.920654 -0.745605 -0.629883 -87.293357 100.774721 188.129079 142910535235.000000
-0.925049 -0.737793 -0.639404 -89.123406 100.347709 188.983103 142910538166.000000
-0.932617 -0.730225 -0.643555 -90.465443 99.493686 189.959129 142910541088.000000
-0.936035 -0.720215 -0.652588 -91.807479 98.395657 191.057159 142910544014.000000
-0.948242 -0.708496 -0.649170 -93.332520 96.626609 192.521198 142910546927.000000
-0.954590 -0.700195 -0.651367 -94.491551 95.162569 193.131215 142910549840.000000
-0.965576 -0.691406 -0.650879 -95.894589 93.088513 194.290246 142910552754.000000
-0.969971 -0.683350 -0.664063 -97.114622 91.258464 195.632282 142910555667.000000
-0.984863 -0.671631 -0.659668 -98.395657 89.428415 196.181297 142910558580.000000
-0.986084 -0.650391 -0.665283 -99.920698 87.110352 197.706338 142910561494.000000
-0.994873 -0.637939 -0.675049 -101.323736 85.097298 198.743366 142910564420.000000
-0.992432 -0.625977 -0.677490 -102.726774 83.389252 199.719392 142910567333.000000
-0.998291 -0.621338 -0.678711 -103.580797 82.047215 200.756420 142910570245.000000
-0.996826 -0.615967 -0.684082 -104.373818 80.583176 202.098457 142910573158.000000
-0.995361 -0.605469 -0.696045 -106.081864 79.607149 202.830476 142910576076.000000
-0.985596 -0.595459 -0.704102 -107.301897 78.631123 203.501495 142910578999.000000
-0.979004 -0.590820 -0.706055 -108.582932 78.021107 204.294516 142910581914.000000
-0.970215 -0.581299 -0.718506 -110.168975 77.167084 204.965534 142910584828.000000
-0.964844 -0.573730 -0.729492 -111.572012 76.557067 205.636552 142910587739.000000
-0.957275 -0.555908 -0.743408 -113.097054 75.398036 206.002562 142910590655.000000
-0.949951 -0.545898 -0.750488 -114.988105 74.483011 206.612579 142910593564.000000
-0.953369 -0.536621 -0.760498 -116.208138 73.201976 207.100592 142910596479.000000
-0.960205 -0.519043 -0.772705 -118.099189 71.676935 207.527603 142910599391.000000
-0.974609 -0.506104 -0.781738 -119.929238 69.846886 207.954615 142910602303.000000
-0.987305 -0.498535 -0.787598 -121.088269 67.528823 208.564631 142910605212.000000
-0.998291 -0.488770 -0.788086 -122.674312 65.027756 208.686635 142910608123.000000
-1.008545 -0.467285 -0.798584 -124.260355 62.465687 209.174648 142910611036.000000
-1.011719 -0.454102 -0.803467 -125.968401 59.598609 210.028671 142910613964.000000
-1.012451 -0.440186 -0.821045 -127.737449 56.304520 210.028671 142910616876.000000
-1.015625 -0.428955 -0.822021 -129.506497 52.949430 209.967669 142910619798.000000
-1.016357 -0.419922 -0.836670 -131.214543 49.777344 209.967669 142910622727.000000
-1.013672 -0.409912 -0.838867 -133.227597 46.239248 209.906667 142910625652.000000
-1.012695 -0.405273 -0.841797 -134.752638 43.067163 209.723663 142910628574.000000
-1.011719 -0.390869 -0.846924 -136.338681 39.651071 209.540658 142910631493.000000
-1.010742 -0.383057 -0.854492 -137.802721 36.905996 209.723663 142910634412.000000
-1.014160 -0.374512 -0.865479 -139.388763 34.404929 209.845666 142910637331.000000
-1.010498 -0.365234 -0.874268 -140.974806 32.391875 209.967669 142910640252.000000
-1.010742 -0.355225 -0.883057 -142.682852 30.561825 210.211676 142910643170.000000
-1.009766 -0.346924 -0.892822 -143.902885 28.914781 211.065699 142910646086.000000
-0.998047 -0.340576 -0.907471 -145.244922 27.877753 211.065699 142910649007.000000
-0.993896 -0.334717 -0.910156 -146.647959 27.267736 211.553712 142910651927.000000
-0.981201 -0.320313 -0.930176 -148.539011 26.535716 212.102727 142910654845.000000
-0.975586 -0.314697 -0.943115 -150.552065 26.413713 212.468737 142910657771.000000
-0.961670 -0.300049 -0.971680 -152.443116 26.962728 213.017751 142910660687.000000
-0.957764 -0.285400 -0.998291 -154.578174 27.389740 213.871775 142910663603.000000
-0.963379 -0.270996 -1.034180 -157.689258 28.243763 214.908803 142910666526.000000
-0.961670 -0.260986 -1.068115 -160.800342 29.036784 216.006832 142910670639.000000
-0.984619 -0.247314 -1.107666 -165.619472 29.402794 217.409870 142910673763.000000
-1.004639 -0.238770 -1.132324 -168.913561 29.158787 218.141890 142910677309.000000
-1.026611 -0.229004 -1.145996 -171.902641 27.572744 218.751906 142910680250.000000
-1.048096 -0.221191 -1.142334 -174.281706 25.254682 219.239919 142910683172.000000
-1.068848 -0.208984 -1.142578 -176.477765 22.082596 219.300921 142910686100.000000
-1.086182 -0.191895 -1.138916 -178.734826 17.568474 219.178918 142910689012.000000
-1.107422 -0.173828 -1.135254 -181.052888 13.176356 219.239919 142910691931.000000
-1.127441 -0.155029 -1.122559 -183.004941 7.930214 219.056915 142910694841.000000
-1.132080 -0.144531 -1.113281 -184.834991 2.196059 219.239919 142910697752.000000
-1.139404 -0.122559 -1.101563 -186.665040 -3.294089 219.483926 142910700662.000000
-1.142334 -0.105957 -1.076904 -187.824071 -7.930214 219.971939 142910703573.000000
-1.134766 -0.089355 -1.064209 -189.349112 -12.261331 220.398951 142910706482.000000
-1.123291 -0.075439 -1.060303 -190.996157 -15.189410 221.252974 142910709393.000000
-1.105225 -0.057129 -1.061768 -192.521198 -17.446471 221.984994 142910712303.000000
-1.075195 -0.041748 -1.070557 -194.290246 -18.727506 223.144025 142910715213.000000
-1.051514 -0.028564 -1.082764 -196.364302 -18.727506 224.303056 142910718129.000000
-1.024902 -0.019775 -1.088867 -198.194351 -18.483499 225.401086 142910721050.000000
-1.012451 -0.017334 -1.095703 -200.756420 -17.751479 226.438114 142910723966.000000
-0.991699 -0.015625 -1.094238 -202.830476 -16.897456 227.353139 142910726882.000000
-0.981201 -0.006348 -1.094971 -204.782529 -16.592448 227.536143 142910729812.000000
-0.981201 -0.005615 -1.093750 -206.246569 -16.836455 227.841152 142910732729.000000
-0.974609 0.004883 -1.084717 -208.198621 -18.178491 228.207162 142910735647.000000
-0.979980 0.013672 -1.075439 -209.418654 -20.008540 228.085158 142910738569.000000
-0.990479 0.033203 -1.072021 -210.882694 -22.814616 228.329165 142910741489.000000
-1.006104 0.051270 -1.061523 -212.407735 -26.413713 228.634173 142910744407.000000
-1.021973 0.068115 -1.047607 -213.932776 -30.683828 229.061185 142910747324.000000
-1.029785 0.089355 -1.036133 -215.457817 -35.990972 229.000183 142910750254.000000
-1.037842 0.109131 -1.038818 -216.799854 -41.237113 229.305191 142910753172.000000
-1.046875 0.135254 -1.032471 -218.385896 -46.605258 229.549198 142910756089.000000
-1.052734 0.148926 -1.016602 -219.666931 -52.644421 230.159214 142910759018.000000
-1.053711 0.163330 -1.012451 -220.825962 -58.134570 230.952236 142910761934.000000
-1.050049 0.180420 -0.992432 -221.862990 -63.624718 231.196242 142910764849.000000
-1.048584 0.187988 -0.999023 -222.229000 -68.443848 231.806259 142910767772.000000
-1.042236 0.191895 -0.985596 -223.388031 -72.408955 232.477277 142910770692.000000
-1.037109 0.212158 -0.985596 -224.059050 -75.276032 233.514305 142910773609.000000
-1.024658 0.225830 -0.979980 -224.913073 -77.899103 233.941316 142910776524.000000
-1.022705 0.235840 -0.980713 -225.218081 -79.302141 235.527359 142910779451.000000
-1.018311 0.248535 -0.965088 -225.462087 -79.973159 237.052400 142910782367.000000
-1.018066 0.251953 -0.947266 -225.401086 -79.729153 239.126456 142910785279.000000
-1.014893 0.257813 -0.919189 -225.096078 -78.753126 240.895504 142910788190.000000
-1.000244 0.251953 -0.894043 -224.486061 -78.021107 242.420545 142910791102.000000
-0.984131 0.261475 -0.866943 -223.693040 -76.740072 243.701580 142910794009.000000
-0.963623 0.261230 -0.831299 -223.266028 -75.398036 244.616605 142910796920.000000
-0.940430 0.268799 -0.803711 -222.167999 -74.361008 245.470628 142910799839.000000
-0.923340 0.275146 -0.781250 -221.557982 -72.591960 245.714634 142910802751.000000
-0.899414 0.284912 -0.761963 -220.581956 -71.493930 246.019643 142910805660.000000
-0.883301 0.296875 -0.749512 -219.666931 -70.273897 246.202647 142910808571.000000
-0.868408 0.308838 -0.740967 -218.934911 -69.175868 246.507656 142910811482.000000
-0.860107 0.321289 -0.729736 -217.958885 -67.589825 246.385652 142910814395.000000
-0.855957 0.332275 -0.717773 -217.165863 -66.918807 247.117672 142910817304.000000
-0.843750 0.343262 -0.714600 -216.128835 -66.369792 247.239675 142910820223.000000
-0.839355 0.360840 -0.708984 -215.396816 -65.637772 247.239675 142910823143.000000
-0.827881 0.378906 -0.723877 -214.908803 -65.698774 247.361679 142910826059.000000
-0.819092 0.398193 -0.724121 -214.481791 -66.430794 246.812664 142910828986.000000
-0.806152 0.415283 -0.732666 -214.298786 -67.772830 245.836638 142910831903.000000
-0.793701 0.427979 -0.721436 -214.054779 -69.663881 244.799610 142910834818.000000
-0.789063 0.443848 -0.725586 -213.810773 -72.957970 243.823583 142910837739.000000
-0.779541 0.453613 -0.721680 -213.078753 -76.374062 241.993534 142910840661.000000
-0.772949 0.471924 -0.711914 -212.712743 -79.912158 240.468493 142910843578.000000
-0.768799 0.489746 -0.705322 -211.736717 -84.304276 239.126456 142910846493.000000
-0.761230 0.508057 -0.687256 -210.821692 -88.635393 237.906423 142910849412.000000
-0.760254 0.524902 -0.680664 -210.394681 -92.661502 237.052400 142910852326.000000
-0.756348 0.537842 -0.665771 -209.723663 -96.443604 235.893369 142910855241.000000
-0.757080 0.548096 -0.649902 -208.869639 -100.164704 234.978344 142910858162.000000
-0.742188 0.559570 -0.638428 -208.442628 -103.824803 234.246325 142910861081.000000
-0.733887 0.569580 -0.620361 -207.100592 -106.325871 233.331300 142910863997.000000
-0.719238 0.576416 -0.610352 -206.063564 -108.765937 232.599280 142910866913.000000
-0.693848 0.578613 -0.591797 -204.172513 -110.656988 231.440249 142910869859.000000
-0.671631 0.583740 -0.563721 -203.013481 -112.182029 230.586226 142910872785.000000
-0.658691 0.589355 -0.550049 -201.061429 -113.097054 229.915208 142910875715.000000
-0.641602 0.598145 -0.532715 -199.536387 -113.402062 229.000183 142910878642.000000
-0.616455 0.608154 -0.522217 -196.974318 -113.097054 227.902153 142910881562.000000
-0.589355 0.621094 -0.510254 -195.937290 -111.938022 227.231135 142910884474.000000
-0.548096 0.634033 -0.505615 -194.107241 -110.229976 226.438114 142910887397.000000
-0.514893 0.650391 -0.497070 -193.070213 -107.911914 225.767096 142910890358.000000
-0.485107 0.662354 -0.494141 -191.606173 -105.166840 224.913073 142910893272.000000
-0.456787 0.671143 -0.500000 -189.715122 -101.933752 224.059050 142910896187.000000
-0.429688 0.683350 -0.491211 -188.190081 -98.212652 223.327030 142910899097.000000
-0.403809 0.693604 -0.490234 -186.726042 -94.125541 222.534008 142910902008.000000
-0.379150 0.703857 -0.491699 -184.834991 -89.733423 221.618984 142910904918.000000
-0.360107 0.711670 -0.481201 -182.943939 -85.585311 220.459952 142910907829.000000
-0.343994 0.714844 -0.471436 -181.357897 -81.681205 218.629903 142910910743.000000
-0.332764 0.720703 -0.454590 -179.344842 -77.472092 217.043860 142910913654.000000
-0.329834 0.721436 -0.440674 -178.124809 -74.422009 215.152809 142910916563.000000
-0.329102 0.723389 -0.431396 -176.294760 -71.371927 213.505765 142910919481.000000
-0.328125 0.734619 -0.435303 -174.830720 -68.321845 210.943695 142910922400.000000
-0.329834 0.730957 -0.437012 -173.549686 -66.552797 208.869639 142910925316.000000
-0.330811 0.735596 -0.439941 -172.268651 -65.149759 206.246569 142910928238.000000
-0.328369 0.735596 -0.441650 -170.804612 -64.844751 203.684499 142910931160.000000
-0.332031 0.730713 -0.441162 -169.340572 -65.210761 200.451412 142910934075.000000
-0.333252 0.736816 -0.428711 -167.754529 -66.796804 197.645336 142910936997.000000
-0.334961 0.736328 -0.424805 -166.961508 -69.114866 194.412249 142910939916.000000
-0.336426 0.750732 -0.416504 -165.924480 -71.798939 191.057159 142910942833.000000
-0.337158 0.757568 -0.422363 -164.948454 -75.276032 187.946075 142910945750.000000
-0.330566 0.768311 -0.404297 -163.728421 -79.607149 184.834991 142910948673.000000
-0.319824 0.775146 -0.384766 -162.081376 -84.548283 181.662905 142910951593.000000
-0.316895 0.780029 -0.355225 -160.007320 -90.831452 177.758799 142910954511.000000
-0.305664 0.791504 -0.321533 -158.787287 -96.687611 174.281706 142910957427.000000
-0.303223 0.802002 -0.279297 -156.713231 -104.129812 170.743610 142910960385.000000
-0.291992 0.818115 -0.245850 -154.334167 -110.778991 167.632526 142910963303.000000
-0.287598 0.828857 -0.209961 -152.626121 -117.489172 164.826450 142910966220.000000
-0.281006 0.844482 -0.198975 -151.162081 -123.040322 162.386384 142910969147.000000
-0.265137 0.859375 -0.186768 -149.149027 -127.371439 160.068322 142910972061.000000
-0.240479 0.871582 -0.191162 -147.318978 -130.177515 158.726286 142910975110.000000
-0.221191 0.879395 -0.174072 -144.939913 -132.007564 157.262246 142910978038.000000
-0.202148 0.875000 -0.156250 -141.767828 -132.312572 155.981211 142910980951.000000
-0.184814 0.879395 -0.140137 -138.595742 -132.312572 155.066187 142910983861.000000
-0.157715 0.885254 -0.125732 -135.484658 -132.007564 153.785152 142910986772.000000
-0.156250 0.890381 -0.114258 -132.129567 -131.763558 152.016104 142910989682.000000
-0.146240 0.898193 -0.101807 -129.262490 -130.299518 150.613067 142910992592.000000
-0.139893 0.913330 -0.098389 -126.151406 -127.920454 149.454035 142910995500.000000
-0.105469 0.921387 -0.090820 -123.528335 -125.236381 147.501983 142910998411.000000
-0.088867 0.924072 -0.059082 -120.112243 -121.942292 145.183920 142911001322.000000
-0.062256 0.918945 -0.040039 -116.818154 -119.075215 142.255841 142911004232.000000
-0.025146 0.924805 -0.028809 -112.914049 -115.598121 139.327762 142911007142.000000
0.007813 0.925049 -0.034912 -110.046971 -112.182029 135.545660 142911010053.000000
0.036865 0.932373 -0.041016 -107.118892 -107.728909 132.373574 142911012963.000000
0.072998 0.936523 -0.059326 -104.495821 -103.275788 128.957482 142911015874.000000
0.115967 0.933594 -0.059082 -101.567742 -97.907644 125.053376 142911018790.000000
0.143066 0.937988 -0.072998 -99.554688 -92.661502 121.454279 142911021709.000000
0.177490 0.939209 -0.076416 -97.419630 -86.317331 117.428171 142911024629.000000
0.210205 0.944580 -0.088379 -96.016592 -80.949186 113.219057 142911027555.000000
0.235352 0.943115 -0.086670 -94.308546 -75.459037 109.375953 142911030476.000000
0.242188 0.944092 -0.083496 -92.722504 -69.907888 105.105838 142911033394.000000
0.248047 0.949707 -0.076904 -91.319466 -64.783749 101.079729 142911036310.000000
0.245361 0.954590 -0.069580 -89.672421 -59.964619 96.809614 142911039237.000000
0.240967 0.957275 -0.059814 -87.964375 -55.938510 93.027512 142911042155.000000
0.232178 0.958740 -0.048096 -86.256329 -52.644421 89.794424 142911045073.000000
0.228760 0.962402 -0.050781 -84.304276 -49.472336 86.256329 142911047996.000000
0.222412 0.965088 -0.037842 -82.596230 -47.520283 82.901238 142911050916.000000
0.223145 0.966797 -0.035156 -80.583176 -45.812237 79.302141 142911053832.000000
0.216309 0.968750 -0.032959 -78.387116 -44.897212 75.886049 142911056749.000000
0.212646 0.964600 -0.005127 -76.313060 -44.775209 72.225950 142911059677.000000
0.207275 0.958496 0.012695 -73.933996 -45.202220 68.321845 142911062593.000000
0.204590 0.959229 0.027344 -71.554932 -45.751235 63.746721 142911065508.000000
0.198486 0.956543 0.043945 -69.114866 -46.666260 59.476606 142911068431.000000
0.192871 0.961670 0.052246 -66.552797 -47.703288 55.328494 142911071357.000000
0.186768 0.962891 0.053955 -63.990728 -48.679314 51.363387 142911074278.000000
0.188721 0.951660 0.058105 -61.367657 -49.533337 47.581285 142911077192.000000
0.191895 0.946777 0.064697 -58.073568 -49.838346 44.043189 142911080107.000000
0.193359 0.932617 0.067627 -54.962484 -50.692369 40.627097 142911083021.000000
0.202393 0.920898 0.055664 -52.766425 -49.899347 37.089001 142911085929.000000
0.207520 0.906982 0.062500 -50.387360 -50.143354 32.879888 142911088841.000000
0.202637 0.896973 0.056641 -47.886293 -49.472336 28.792777 142911091752.000000
0.209473 0.891602 0.051025 -45.873239 -49.655341 24.827670 142911094663.000000
0.213135 0.875488 0.061523 -43.616178 -49.594339 21.167572 142911097572.000000
0.214600 0.861816 0.067627 -41.664125 -49.167328 17.263466 142911100484.000000
0.218262 0.848389 0.064453 -39.468066 -48.740316 13.847374 142911103394.000000
0.232422 0.836182 0.063477 -36.966998 -48.435308 9.882267 142911106303.000000
0.245850 0.826904 0.070313 -35.136949 -48.069298 6.161166 142911109213.000000
0.268311 0.819336 0.073975 -32.879888 -47.642286 1.342036 142911112125.000000
0.287109 0.805420 0.088135 -30.256817 -47.032270 -2.806076 142911115044.000000
0.309082 0.800293 0.079346 -27.877753 -46.239248 -7.503203 142911117956.000000
0.332275 0.795898 0.081055 -25.437687 -44.287196 -12.444336 142911120869.000000
0.354004 0.788818 0.081543 -23.363631 -42.762155 -17.202464 142911123779.000000
0.368164 0.782715 0.076660 -21.106570 -40.261087 -21.655585 142911126688.000000
0.382568 0.779297 0.078369 -18.666504 -37.943024 -25.925700 142911129600.000000
0.393066 0.771484 0.064697 -16.592448 -35.197950 -30.561825 142911132511.000000
0.396484 0.754883 0.065430 -14.396389 -32.391875 -35.075947 142911135423.000000
0.389160 0.731201 0.077393 -11.895321 -29.768804 -39.651071 142911138337.000000
0.378418 0.712158 0.073975 -9.333252 -27.389740 -44.104191 142911141256.000000
0.356201 0.689453 0.074951 -7.381199 -25.986702 -48.923321 142911144174.000000
0.334473 0.668213 0.083252 -4.941133 -24.583664 -53.132435 142911147089.000000
0.317383 0.639893 0.092285 -2.257061 -24.705667 -57.951565 142911150016.000000
0.304932 0.611816 0.109131 0.488013 -25.376685 -63.075703 142911152932.000000
0.293945 0.589355 0.124512 2.623071 -26.962728 -68.260843 142911155848.000000
0.289063 0.575195 0.138428 5.307143 -29.158787 -74.056000 142911158769.000000
0.283203 0.557129 0.167725 7.442201 -32.147868 -79.180138 142911161687.000000
0.282471 0.539307 0.187988 10.004270 -34.831940 -85.341304 142911164605.000000
0.286133 0.521484 0.207275 12.749344 -37.943024 -91.319466 142911167528.000000
0.307129 0.510986 0.223145 15.433417 -40.749100 -96.870616 142911170453.000000
0.332520 0.502197 0.247070 18.727506 -43.311169 -102.604770 142911173376.000000
0.359619 0.488037 0.258789 21.533581 -45.263222 -108.521930 142911176296.000000
0.384521 0.489258 0.270508 24.522662 -46.422253 -113.768072 142911179214.000000
0.409180 0.491699 0.276123 27.145733 -47.520283 -119.685232 142911182136.000000
0.434570 0.496826 0.278320 29.768804 -48.008296 -125.053376 142911185047.000000
0.448242 0.504395 0.278320 32.330873 -48.191301 -130.360520 142911187959.000000
0.454590 0.507080 0.272949 35.197950 -48.374306 -135.972671 142911190871.000000
0.461182 0.506836 0.283936 38.126029 -48.679314 -141.157811 142911193781.000000
0.464844 0.501221 0.288086 41.176112 -49.411334 -147.318978 142911196690.000000
0.463623 0.489990 0.293701 43.616178 -50.204356 -153.297139 142911199600.000000
0.447510 0.478516 0.292236 45.995242 -51.668395 -159.641310 142911202511.000000
0.433105 0.459717 0.284912 48.008296 -53.376441 -165.985482 142911205423.000000
0.393066 0.437500 0.290283 49.411334 -55.633502 -172.451656 142911208334.000000
0.351807 0.411377 0.273193 51.241384 -58.866589 -178.124809 142911211245.000000
0.302246 0.374756 0.280273 52.034405 -61.916672 -183.492954 142911214155.000000
0.248779 0.336914 0.263428 53.498444 -65.332764 -188.495089 142911217063.000000
0.207764 0.293213 0.261230 54.596474 -69.236869 -193.131215 142911219980.000000
0.177246 0.241699 0.253906 55.999512 -73.018972 -198.438358 142911222899.000000
0.156250 0.185303 0.242432 57.463552 -76.801074 -203.562496 142911225814.000000
0.156006 0.147461 0.254395 59.415604 -81.132191 -209.662661 142911228738.000000
0.169434 0.088135 0.255615 62.343683 -85.158299 -215.640822 142911231660.000000
0.182861 0.044678 0.256592 64.783749 -89.367413 -221.923992 142911234575.000000
0.189209 0.016846 0.247803 67.040810 -93.088513 -228.390167 142911237499.000000
0.191650 0.002930 0.217773 68.260843 -96.504606 -234.063320 142911240422.000000
0.187256 -0.000732 0.204590 69.114866 -99.493686 -238.699445 142911243340.000000
0.182861 -0.011963 0.188965 69.724883 -102.421765 -243.701580 142911246257.000000
0.190674 -0.027100 0.182861 70.334899 -105.227841 -248.337705 142911249186.000000
0.184326 -0.044189 0.183594 70.944916 -108.399927 -253.278839 142911252102.000000
0.165771 -0.068359 0.187744 71.737937 -111.816019 -258.524980 142911255020.000000
0.132080 -0.081299 0.188477 72.103947 -116.147136 -262.978100 142911257942.000000
0.075439 -0.106689 0.189697 72.957970 -121.515281 -267.187214 142911260863.000000
0.003662 -0.130859 0.182861 73.506985 -126.761423 -270.725310 142911263781.000000
-0.044922 -0.146729 0.178223 73.506985 -133.166595 -273.287379 142911266702.000000
-0.102539 -0.176270 0.155762 73.506985 -139.754773 -275.605441 142911269634.000000
-0.169434 -0.213135 0.142090 72.713963 -147.684987 -277.618496 142911272558.000000
-0.233398 -0.246826 0.127930 71.676935 -155.737205 -278.838529 142911275473.000000
-0.299805 -0.287354 0.109619 70.944916 -164.826450 -279.204539 142911278392.000000
-0.356934 -0.321777 0.101807 70.273897 -174.281706 -278.655524 142911281309.000000
-0.430664 -0.340088 0.099854 70.090892 -184.041969 -276.947478 142911284300.000000
-0.484375 -0.363770 0.106689 70.578906 -195.327274 -274.263405 142911287212.000000
-0.535889 -0.375977 0.140137 71.493930 -208.015616 -270.969316 142911290125.000000
-0.585938 -0.364746 0.160400 72.347953 -219.971939 -267.309217 142911293036.000000
-0.623047 -0.339355 0.163574 73.201976 -232.294272 -263.100104 142911295944.000000
-0.651611 -0.300781 0.177734 73.933996 -244.921613 -258.341975 142911298921.000000
-0.662354 -0.251221 0.174561 74.788019 -256.145916 -252.851827 142911301833.000000
-0.660645 -0.206299 0.151367 74.788019 -265.845178 -246.873666 142911304742.000000
-0.645996 -0.129150 0.127441 74.361008 -273.287379 -239.919478 142911307655.000000
-0.613037 -0.043701 0.098633 73.384981 -278.777527 -232.294272 142911310566.000000
-0.574463 0.038818 0.071533 72.164948 -281.949613 -223.754041 142911313475.000000
-0.510986 0.125000 0.020020 70.212896 -281.766608 -215.457817 142911316384.000000
-0.433350 0.199707 -0.018555 68.077838 -278.716525 -206.612579 142911319303.000000
-0.400635 0.290283 -0.045654 64.966754 -273.104374 -197.767340 142911322222.000000
-0.258789 0.327148 -0.081787 62.099677 -264.930153 -189.898127 142911325140.000000
-0.221680 0.405518 -0.113037 59.354603 -255.413896 -181.113890 142911328063.000000
-0.165527 0.450439 -0.138672 55.389496 -243.579577 -170.804612 142911330983.000000
-0.098877 0.484863 -0.145020 52.095407 -231.074239 -161.593363 142911333900.000000
-0.051025 0.522217 -0.145264 48.069298 -217.958885 -152.199109 142911336816.000000
-0.024902 0.544678 -0.146973 43.921186 -203.562496 -142.438846 142911339744.000000
-0.002686 0.573730 -0.128174 39.224059 -189.227109 -133.044592 142911342662.000000
0.010498 0.611328 -0.099365 34.282926 -174.769719 -123.772342 142911345576.000000
0.012207 0.647461 -0.070801 29.402794 -159.153297 -113.280059 142911348495.000000
0.020996 0.679932 -0.049561 24.278656 -143.231867 -103.214787 142911351414.000000
0.041504 0.719727 -0.054443 19.703532 -126.700421 -93.149515 142911354329.000000
0.049805 0.760498 -0.050049 13.969377 -108.704935 -82.901238 142911357246.000000
0.062500 0.794922 -0.040039 8.906240 -91.258464 -73.018972 142911360172.000000
0.091064 0.816895 -0.046387 3.477094 -74.178003 -64.356738 142911363089.000000
0.107666 0.851074 -0.043701 -2.440066 -56.975538 -56.060514 142911366010.000000
0.122559 0.867432 -0.035400 -8.662234 -41.298115 -49.106326 142911368940.000000
0.110107 0.898438 -0.032715 -14.823400 -26.840725 -42.213140 142911371855.000000
0.090332 0.917969 -0.020508 -21.899591 -13.115354 -35.685964 142911374770.000000
0.076172 0.930908 -0.020996 -28.731776 -0.549015 -30.012810 142911377684.000000
0.039551 0.944092 -0.004883 -35.685964 10.858293 -25.254682 142911380605.000000
0.007080 0.949707 0.021484 -41.542122 19.764534 -20.313548 142911383518.000000
-0.009033 0.953369 0.048828 -47.215275 26.474715 -16.226438 142911386455.000000
-0.028564 0.944580 0.070068 -52.766425 31.598853 -13.237357 142911389368.000000
-0.054443 0.934570 0.110840 -58.012566 35.197950 -11.895321 142911392282.000000
-0.105957 0.927979 0.165283 -62.587690 36.722992 -11.224303 142911395191.000000
-0.157959 0.934326 0.223389 -66.796804 36.905996 -10.126273 142911398102.000000
-0.211182 0.921143 0.273193 -69.907888 37.028000 -8.723236 142911401015.000000
-0.280762 0.896240 0.316406 -73.445983 36.600988 -8.235222 142911403924.000000
-0.332031 0.880371 0.339355 -77.228085 36.051973 -6.893186 142911406834.000000
-0.332764 0.874023 0.325928 -81.681205 36.173977 -4.453120 142911409746.000000
-0.317383 0.841797 0.319336 -85.219301 37.577015 -2.745074 142911412657.000000
-0.309814 0.805176 0.335693 -88.147380 39.834076 -0.793021 142911415567.000000
-0.289551 0.784912 0.353027 -89.916428 43.189166 2.013054 142911418482.000000
-0.271240 0.770508 0.368164 -91.136461 46.849265 5.307143 142911421401.000000
-0.259277 0.740967 0.395264 -91.563472 50.509364 8.479229 142911424319.000000
-0.257080 0.714355 0.408691 -91.624474 54.718477 11.590313 142911427236.000000
-0.287109 0.689453 0.405273 -91.807479 58.378576 14.518392 142911430170.000000
-0.340820 0.673340 0.397949 -92.173489 60.757640 17.263466 142911433085.000000
-0.406250 0.652100 0.409668 -92.478497 62.526688 20.069542 142911436002.000000
-0.480713 0.622314 0.431885 -92.722504 62.404685 21.716586 142911438930.000000
-0.540771 0.600586 0.414551 -93.637528 60.635637 22.021595 142911441845.000000
-0.579834 0.600098 0.393311 -95.650583 56.182517 21.533581 142911444761.000000
-0.640381 0.615234 0.351807 -97.785640 50.448362 20.435552 142911447683.000000
-0.701904 0.656494 0.320557 -99.554688 43.006161 17.934484 142911450603.000000
-0.730225 0.668213 0.325928 -100.042701 32.330873 13.420362 142911453522.000000
-0.721436 0.671875 0.357178 -100.042701 18.239492 6.222168 142911456438.000000
-0.702637 0.665527 0.421143 -98.822668 -1.159031 -2.928079 142911459365.000000
-0.676758 0.676758 0.469727 -96.931617 -21.838590 -12.139328 142911462282.000000
-0.702637 0.694580 0.498047 -95.711584 -42.457146 -20.496553 142911465212.000000
-0.745850 0.737793 0.510254 -94.979564 -63.563716 -25.559690 142911468141.000000
-0.784424 0.770752 0.505371 -94.430550 -82.352224 -27.023730 142911471062.000000
-0.803467 0.746338 0.514404 -92.722504 -98.578662 -26.901726 142911473976.000000
-0.791260 0.694092 0.523926 -90.709449 -112.609040 -27.389740 142911476894.000000
-0.755371 0.629150 0.549561 -87.964375 -123.772342 -28.792777 142911479813.000000
-0.719727 0.588379 0.565918 -84.670286 -132.434576 -30.256817 142911482725.000000
-0.645996 0.551270 0.580078 -81.620204 -139.022754 -32.208870 142911485665.000000
-0.564453 0.547363 0.580566 -79.485146 -142.621851 -34.160922 142911488579.000000
-0.485107 0.563232 0.565430 -77.350088 -143.292869 -35.929970 142911491491.000000
-0.406494 0.586914 0.556885 -75.337034 -141.645824 -37.211005 142911494403.000000
-0.340088 0.613770 0.550049 -73.445983 -137.741719 -38.492039 142911497313.000000
-0.285645 0.636475 0.549805 -71.493930 -132.373574 -39.651071 142911500225.000000
-0.252930 0.658936 0.547852 -69.541878 -125.297383 -40.810102 142911503136.000000
-0.233154 0.676025 0.548828 -67.345818 -117.672177 -41.786128 142911506044.000000
-0.238037 0.684326 0.544678 -65.576771 -109.558958 -42.701153 142911508953.000000
-0.248779 0.686768 0.536865 -63.746721 -100.896724 -43.494174 142911511863.000000
-0.278809 0.681885 0.550293 -61.916672 -92.600500 -43.616178 142911514772.000000
-0.298340 0.666016 0.547852 -60.147624 -84.792289 -43.616178 142911517684.000000
-0.340820 0.657959 0.553955 -58.317575 -77.350088 -42.823156 142911520602.000000
-0.377930 0.639160 0.554443 -56.365522 -70.334899 -41.786128 142911523520.000000
-0.404785 0.622314 0.572754 -55.328494 -64.356738 -40.810102 142911526437.000000
-0.426514 0.610107 0.590332 -53.010431 -58.195571 -39.590069 142911529365.000000
-0.437744 0.604980 0.612793 -51.668395 -52.461416 -38.309034 142911532283.000000
-0.441162 0.601563 0.624756 -50.265357 -46.788263 -37.821021 142911535199.000000
-0.438721 0.616211 0.637451 -48.679314 -40.017080 -36.600988 142911538122.000000
-0.436523 0.628418 0.652588 -47.398280 -33.855914 -35.502959 142911541043.000000
-0.434326 0.656982 0.662354 -46.605258 -27.267736 -34.404929 142911543961.000000
-0.438232 0.668945 0.677246 -45.690234 -19.398524 -32.940889 142911546877.000000
-0.438477 0.676025 0.697510 -44.470201 -12.261331 -31.232843 142911549806.000000
-0.438477 0.677734 0.698486 -43.250168 -5.002135 -30.134814 142911552722.000000
-0.436523 0.672607 0.711670 -41.786128 2.562069 -29.036784 142911555639.000000
-0.437988 0.667725 0.708496 -41.054108 10.004270 -28.487769 142911558557.000000
-0.441406 0.664307 0.706787 -40.078082 17.202464 -27.755749 142911561474.000000
-0.456055 0.658203 0.701660 -39.041054 24.034649 -26.657720 142911564392.000000
-0.473877 0.661133 0.699707 -38.065028 29.829805 -25.437687 142911567310.000000
-0.489746 0.656982 0.700195 -37.150003 35.380955 -24.644665 142911570236.000000
-0.512939 0.660156 0.693359 -36.722992 39.590069 -23.668639 142911573152.000000
-0.538574 0.662842 0.690186 -35.746965 42.518148 -22.936619 142911576065.000000
-0.568848 0.665527 0.685059 -35.258952 44.409199 -21.838590 142911578977.000000
-0.593506 0.663330 0.682373 -34.221924 45.507229 -21.716586 142911581894.000000
-0.619629 0.660645 0.675537 -33.611908 45.385225 -21.228573 142911584803.000000
-0.632813 0.661133 0.677979 -32.635881 43.921186 -20.923565 142911587741.000000
-0.649658 0.657959 0.674561 -32.269871 42.213140 -20.740560 142911590655.000000
-0.667969 0.652344 0.669434 -31.476850 39.590069 -20.496553 142911593564.000000
-0.671631 0.648193 0.661621 -30.805832 36.844995 -20.252547 142911596472.000000
-0.667480 0.640625 0.653809 -30.378820 33.611908 -20.557555 142911599380.000000
-0.654541 0.635498 0.641602 -29.341792 31.232843 -20.374550 142911602292.000000
-0.641357 0.623535 0.627686 -28.914781 28.609772 -20.618557 142911605210.000000
-0.629395 0.617432 0.615234 -27.938754 26.596718 -20.435552 142911608121.000000
-0.609619 0.617676 0.604004 -27.328738 24.949674 -20.496553 142911611033.000000
-0.589844 0.621094 0.583252 -26.840725 23.790642 -20.557555 142911613943.000000
-0.573730 0.623779 0.569580 -26.535716 22.631611 -20.862563 142911616853.000000
-0.559570 0.626953 0.566162 -26.474715 22.204600 -20.801562 142911619771.000000
-0.555420 0.637939 0.561523 -26.657720 21.411578 -20.801562 142911622689.000000
-0.546875 0.641357 0.564941 -27.206735 20.984567 -20.923565 142911625606.000000
-0.542969 0.648193 0.567627 -27.084731 20.557555 -21.533581 142911628530.000000
-0.552002 0.655518 0.571777 -27.450741 20.496553 -21.655585 142911631451.000000
-0.553955 0.653809 0.583740 -27.023730 20.191545 -21.289575 142911635457.000000
-0.560547 0.651367 0.592773 -27.084731 20.069542 -21.655585 142911638401.000000
-0.566406 0.651367 0.604736 -26.596718 19.825535 -21.228573 142911641323.000000
-0.572510 0.649414 0.620361 -26.291710 19.886537 -21.533581 142911644241.000000
-0.585449 0.652588 0.637695 -26.108705 19.581529 -21.350576 142911647158.000000
-0.592041 0.656738 0.642822 -25.376685 18.849509 -21.289575 142911650082.000000
-0.602783 0.653320 0.655518 -25.132679 18.483499 -21.350576 142911652998.000000
-0.611084 0.649414 0.654053 -24.461660 17.568474 -21.594583 142911655923.000000
-0.614258 0.646973 0.645508 -24.278656 16.775453 -21.960593 142911658847.000000
-0.613525 0.639404 0.648926 -23.363631 15.860428 -22.570609 142911661769.000000
-0.615479 0.637451 0.643311 -22.753614 14.884402 -22.936619 142911664684.000000
-0.615479 0.634766 0.629883 -21.960593 13.908376 -23.119624 142911667605.000000
-0.621338 0.631592 0.605957 -21.411578 12.871348 -23.363631 142911670525.000000
-0.621582 0.623535 0.600342 -20.801562 12.139328 -23.302629 142911673440.000000
-0.614258 0.620117 0.591064 -20.862563 11.468310 -23.485634 142911676360.000000
-0.606934 0.614746 0.573975 -20.313548 10.614287 -23.607637 142911679276.000000
-0.592773 0.605469 0.564209 -20.008540 10.187275 -23.363631 142911682198.000000
-0.582275 0.602783 0.555176 -19.642530 9.577259 -23.851644 142911685109.000000
-0.568848 0.605469 0.548828 -19.886537 9.028244 -23.607637 142911688060.000000
-0.562012 0.604492 0.548096 -19.642530 8.845239 -23.424632 142911690974.000000
-0.553711 0.605957 0.548340 -20.252547 8.662234 -23.485634 142911693884.000000
-0.552246 0.609619 0.542725 -19.825535 9.211249 -23.546636 142911696794.000000
-0.546143 0.614014 0.539551 -19.581529 9.699262 -23.180626 142911699704.000000
-0.548584 0.605469 0.548828 -19.398524 10.919295 -22.936619 142911702616.000000
-0.551025 0.601074 0.551025 -19.154517 11.834320 -22.387604 142911705527.000000
-0.547607 0.597168 0.555908 -18.971512 12.932349 -22.143598 142911708438.000000
-0.547119 0.588867 0.546631 -18.788507 13.664369 -21.716586 142911711350.000000
-0.545166 0.585693 0.549805 -18.544501 15.250412 -21.411578 142911714259.000000
-0.545410 0.585938 0.548340 -18.788507 16.409443 -20.923565 142911717168.000000
-0.548584 0.585449 0.555664 -18.605502 17.568474 -20.618557 142911720085.000000
-0.541016 0.588379 0.560303 -18.788507 18.422497 -20.374550 142911723004.000000
-0.543701 0.594482 0.568848 -18.483499 19.337522 -20.252547 142911725923.000000
-0.547607 0.593506 0.571289 -18.544501 20.374550 -20.496553 142911728864.000000
-0.550049 0.601074 0.575195 -18.361496 21.228573 -20.557555 142911731804.000000
-0.553955 0.602539 0.568604 -18.300494 22.021595 -20.557555 142911734725.000000
-0.563721 0.602051 0.573242 -18.178491 22.570609 -20.679558 142911737651.000000
-0.571777 0.608154 0.574951 -17.812481 23.485634 -20.801562 142911740571.000000
-0.578613 0.610107 0.582520 -17.507473 23.607637 -20.679558 142911743487.000000
-0.583252 0.610352 0.569336 -17.446471 23.851644 -20.618557 142911746405.000000
-0.588135 0.610107 0.562988 -17.385469 23.424632 -20.435552 142911749341.000000
-0.590088 0.607422 0.557373 -17.568474 23.302629 -19.947539 142911752260.000000
-0.590332 0.609863 0.556885 -17.568474 22.692613 -19.642530 142911755176.000000
-0.591064 0.611328 0.544678 -17.751479 22.082596 -19.642530 142911758100.000000
-0.593262 0.611816 0.541504 -17.690478 21.594583 -19.398524 142911761020.000000
-0.595703 0.610107 0.536133 -18.239492 20.557555 -18.971512 142911763937.000000
-0.598877 0.613037 0.544434 -18.605502 20.130544 -18.544501 142911766854.000000
-0.596191 0.616699 0.545898 -18.910511 18.971512 -18.544501 142911769781.000000
-0.596191 0.620361 0.547363 -19.093516 17.934484 -18.361496 142911772698.000000
-0.592529 0.619141 0.555664 -19.093516 16.958458 -18.605502 142911775614.000000
-0.596680 0.622314 0.558594 -19.337522 16.043433 -18.544501 142911778535.000000
-0.593750 0.620850 0.562256 -19.398524 15.921430 -18.788507 142911781451.000000
-0.597412 0.620117 0.567871 -19.032514 15.311413 -19.215519 142911784366.000000
-0.596680 0.620850 0.562256 -18.971512 15.189410 -19.459525 142911787315.000000
-0.601318 0.614746 0.562988 -18.971512 14.884402 -19.276520 142911790235.000000
-0.603027 0.614014 0.566406 -18.849509 14.945404 -19.459525 142911793166.000000
-0.599609 0.610352 0.561523 -19.032514 14.823400 -19.093516 142911796083.000000
-0.600342 0.607910 0.562500 -18.727506 14.518392 -19.154517 142911799002.000000
-0.600342 0.595459 0.566650 -18.666504 14.640395 -18.849509 142911801918.000000
-0.595947 0.596191 0.565674 -18.239492 14.701397 -19.032514 142911804832.000000
-0.598877 0.595215 0.567871 -17.629476 14.823400 -19.276520 142911807751.000000
-0.597168 0.588135 0.564453 -17.263466 15.067407 -18.971512 142911810666.000000
-0.598389 0.592773 0.562744 -17.202464 15.311413 -19.337522 142911813580.000000
-0.596680 0.590088 0.564697 -16.592448 15.433417 -19.093516 142911816498.000000
-0.596680 0.583984 0.561035 -16.714451 15.677423 -19.215519 142911819419.000000
-0.595703 0.583252 0.553711 -16.653450 15.555420 -19.215519 142911822335.000000
-0.599121 0.582031 0.556152 -16.409443 15.738425 -18.971512 142911825264.000000
-0.597168 0.572998 0.543457 -16.165436 15.860428 -18.849509 142911828188.000000
-0.591309 0.568604 0.544678 -15.921430 16.104435 -18.544501 142911831110.000000
-0.591797 0.556152 0.541016 -15.982432 16.409443 -18.605502 142911834025.000000
-0.580078 0.550293 0.534424 -15.433417 16.592448 -18.300494 142911836939.000000
-0.573975 0.546143 0.525146 -15.250412 17.446471 -17.995486 142911839859.000000
-0.566650 0.544678 0.523926 -15.433417 18.239492 -17.873483 142911842775.000000
-0.569580 0.545898 0.511230 -15.372415 19.154517 -17.446471 142911845690.000000
-0.560547 0.542480 0.514404 -15.189410 19.825535 -17.080461 142911848608.000000
-0.560547 0.545410 0.510986 -15.494418 20.679558 -16.897456 142911851532.000000
-0.554443 0.538086 0.515381 -15.494418 21.777588 -16.531446 142911854449.000000
-0.554688 0.535645 0.520996 -15.067407 22.326603 -16.409443 142911857365.000000
-0.548096 0.535156 0.522949 -15.128408 22.875618 -16.470445 142911860371.000000
-0.543213 0.526611 0.531250 -14.457390 23.668639 -16.775453 142911863294.000000
-0.539063 0.528564 0.532227 -14.274385 24.278656 -16.775453 142911866211.000000
-0.534912 0.526855 0.534668 -13.725371 25.254682 -17.141463 142911869136.000000
-0.527588 0.529785 0.538818 -13.359361 26.169707 -17.446471 142911872053.000000
-0.526123 0.529541 0.543945 -12.810346 26.779723 -17.629476 142911874968.000000
-0.515137 0.525635 0.539795 -12.566339 28.060758 -17.751479 142911877887.000000
-0.508057 0.527344 0.541504 -12.322333 29.280791 -18.178491 142911880802.000000
-0.506836 0.530762 0.537109 -11.346306 30.439822 -18.300494 142911883717.000000
-0.504639 0.533691 0.534424 -11.224303 32.086866 -18.178491 142911886632.000000
-0.498779 0.533203 0.526367 -10.736290 33.245898 -18.483499 142911889550.000000
-0.490723 0.526367 0.517822 -10.248277 34.648936 -18.666504 142911892466.000000
-0.481934 0.522949 0.508789 -9.943268 36.234978 -18.849509 142911895383.000000
-0.476318 0.518066 0.501221 -10.065272 37.699018 -19.276520 142911898310.000000
-0.467773 0.513184 0.488770 -9.760264 39.224059 -19.520527 142911901226.000000
-0.462646 0.504395 0.472168 -9.333252 40.749100 -19.459525 142911904141.000000
-0.458252 0.494385 0.451172 -9.516257 42.762155 -19.337522 142911907057.000000
-0.445801 0.481445 0.448975 -9.150247 44.165192 -19.520527 142911909976.000000
-0.435547 0.475098 0.437744 -9.516257 46.178247 -19.093516 142911912892.000000
-0.419189 0.464844 0.420898 -9.577259 48.191301 -19.093516 142911915808.000000
-0.407471 0.460205 0.405762 -10.126273 50.021351 -18.849509 142911918726.000000
-0.394531 0.458252 0.395508 -10.004270 52.400415 -18.300494 142911921642.000000
-0.377441 0.455078 0.387451 -10.858293 54.413469 -18.239492 142911924559.000000
-0.356934 0.456055 0.372314 -11.407308 57.036540 -18.178491 142911927483.000000
-0.341064 0.460693 0.378418 -11.712316 59.598609 -18.422497 142911930400.000000
-0.328369 0.465332 0.368408 -12.749344 61.977673 -18.849509 142911933316.000000
-0.323975 0.469727 0.375244 -13.359361 64.417739 -18.971512 142911936232.000000
-0.314453 0.473145 0.380127 -13.847374 67.101812 -19.642530 142911939160.000000
-0.317383 0.470947 0.391113 -13.725371 69.419874 -20.801562 142911942075.000000
-0.310303 0.479736 0.395264 -14.274385 71.554932 -21.899591 142911944992.000000
-0.315674 0.481689 0.403809 -14.396389 73.140975 -23.180626 142911947915.000000
-0.327148 0.484131 0.409668 -14.579394 74.605014 -24.217654 142911950833.000000
-0.334229 0.480469 0.415039 -14.762399 75.215031 -25.681693 142911953751.000000
-0.344727 0.480225 0.411133 -15.067407 75.825047 -27.267736 142911956665.000000
-0.355713 0.470215 0.405518 -15.433417 75.703044 -28.609772 142911959591.000000
-0.370361 0.460449 0.402344 -15.372415 75.276032 -29.890807 142911962507.000000
-0.404297 0.428467 0.381592 -15.799427 71.798939 -32.879888 142911970191.000000
-0.407227 0.413330 0.371582 -15.982432 69.358873 -33.977917 142911973341.000000
-0.407227 0.401367 0.357422 -16.470445 66.918807 -34.709937 142911976277.000000
-0.402100 0.388916 0.335938 -16.531446 64.417739 -35.807967 142911979212.000000
-0.399170 0.368164 0.330078 -16.775453 61.306655 -36.295980 142911982224.000000
-0.381104 0.356201 0.316895 -17.202464 58.134570 -37.760020 142911985295.000000
-0.363770 0.337891 0.303223 -17.324468 55.511499 -38.675044 142911988212.000000
-0.341309 0.326904 0.291748 -17.446471 52.705423 -39.895077 142911991128.000000
-0.315674 0.315186 0.279297 -17.873483 50.509364 -40.932105 142911994043.000000
-0.281250 0.312256 0.263672 -18.422497 48.435308 -42.457146 142911996952.000000
-0.252441 0.308105 0.254883 -19.093516 47.154273 -43.494174 142911999886.000000
-0.221680 0.310547 0.244385 -20.069542 46.422253 -45.263222 142912002818.000000
-0.202881 0.315430 0.246826 -20.984567 45.995242 -46.910267 142912005728.000000
-0.179932 0.318848 0.239990 -21.960593 46.056244 -48.923321 142912008654.000000
-0.166016 0.326904 0.241455 -22.204600 46.849265 -51.058379 142912011572.000000
-0.153320 0.330811 0.256104 -23.424632 47.642286 -53.010431 142912014496.000000
-0.152832 0.342041 0.261719 -23.729641 48.801318 -55.450497 142912017404.000000
-0.156250 0.355957 0.264160 -25.071677 50.082352 -57.707558 142912020397.000000
-0.170166 0.370605 0.281738 -25.803697 51.241384 -60.025621 142912023309.000000
-0.190430 0.380859 0.294678 -26.352712 52.156408 -61.916672 142912026224.000000
-0.211670 0.386963 0.308838 -27.023730 53.071433 -64.356738 142912029134.000000
-0.242676 0.384766 0.308594 -27.633746 53.376441 -66.003782 142912032045.000000
-0.266602 0.383057 0.308350 -28.304764 52.949430 -67.894833 142912034955.000000
-0.288086 0.378662 0.305908 -28.914781 52.766425 -69.907888 142912037868.000000
-0.313965 0.370850 0.302490 -29.768804 51.912402 -71.676935 142912040779.000000
-0.327881 0.364014 0.297852 -30.622827 50.509364 -73.750991 142912043687.000000
-0.353760 0.347412 0.298340 -31.476850 48.069298 -75.520039 142912046612.000000
-0.364990 0.328613 0.288086 -32.147868 45.568230 -77.106082 142912049523.000000
-0.378662 0.310547 0.284180 -32.635881 42.579150 -78.509120 142912052433.000000
-0.390381 0.294922 0.282959 -33.428903 39.224059 -80.583176 142912055343.000000
-0.398926 0.275146 0.279053 -34.099921 35.014945 -81.803209 142912058253.000000
-0.397461 0.246338 0.280029 -34.221924 30.744830 -82.901238 142912061170.000000
-0.390625 0.225830 0.292480 -34.282926 26.718721 -84.548283 142912064077.000000
-0.377441 0.201416 0.281250 -33.916916 22.326603 -85.768316 142912066993.000000
-0.355957 0.183594 0.280518 -33.733911 18.849509 -87.171354 142912069914.000000
-0.328857 0.168213 0.268799 -33.855914 15.311413 -88.879400 142912072834.000000
-0.312012 0.167725 0.265381 -33.855914 12.749344 -90.404441 142912075756.000000
-0.285156 0.156738 0.259766 -34.221924 10.431282 -92.173489 142912078677.000000
-0.261230 0.149658 0.247559 -34.953944 8.906240 -94.430550 142912081616.000000
-0.240479 0.149414 0.260010 -35.624962 8.235222 -96.748612 142912084542.000000
-0.224854 0.152100 0.258789 -36.295980 7.259196 -98.944672 142912087527.000000
-0.223633 0.156982 0.255859 -37.272006 8.357226 -101.689746 142912090535.000000
-0.226074 0.162109 0.264893 -37.638016 8.540231 -103.824803 142912093460.000000
-0.232910 0.167725 0.266602 -38.065028 9.821265 -105.898859 142912096386.000000
-0.242432 0.169922 0.264648 -38.736046 10.797292 -107.972915 142912099303.000000
-0.252930 0.173584 0.266113 -38.858049 12.261331 -110.290978 142912102214.000000
-0.270508 0.164551 0.261963 -39.712072 13.420362 -111.938022 142912105139.000000
-0.281738 0.156738 0.251709 -39.956079 14.518392 -114.012078 142912108061.000000
-0.296143 0.146729 0.238525 -40.444092 15.006405 -116.513146 142912110983.000000
-0.312256 0.127441 0.227295 -41.237113 15.616422 -118.343195 142912113908.000000
-0.327881 0.111572 0.223389 -41.664125 15.372415 -120.844263 142912116826.000000
-0.326660 0.096924 0.214600 -42.396145 15.372415 -122.918319 142912119752.000000
-0.343994 0.074219 0.208252 -43.006161 14.579394 -124.626365 142912122662.000000
-0.353516 0.051514 0.205322 -43.738181 13.542366 -126.761423 142912125572.000000
-0.365479 0.028809 0.199707 -44.348197 12.322333 -128.286464 142912128487.000000
-0.373047 0.008789 0.197266 -44.775209 11.163301 -129.689502 142912131406.000000
-0.378418 -0.008301 0.200195 -45.446227 9.638260 -130.726530 142912134324.000000
-0.379395 -0.033203 0.201660 -45.934240 7.503203 -131.946563 142912137256.000000
-0.385742 -0.053711 0.207031 -46.239248 5.612152 -133.349600 142912140209.000000
-0.387207 -0.072754 0.216553 -46.361252 3.965107 -134.447630 142912143288.000000
-0.385498 -0.089600 0.219727 -46.666260 1.647044 -136.094675 142912146398.000000
-0.385986 -0.104004 0.214111 -46.910267 0.183005 -137.436711 142912149432.000000
-0.381348 -0.117920 0.213135 -46.971268 -1.464040 -139.205759 142912152436.000000
-0.385010 -0.130371 0.214111 -47.276276 -2.623071 -141.218813 142912155356.000000
-0.382568 -0.138916 0.212402 -47.642286 -3.660099 -143.048862 142912158289.000000
-0.390137 -0.146484 0.203369 -48.069298 -4.514122 -145.183920 142912161221.000000
-0.393799 -0.145264 0.206299 -48.496309 -5.185140 -147.379979 142912164134.000000
-0.404785 -0.145996 0.199219 -49.106326 -6.039163 -149.210029 142912167043.000000
-0.418457 -0.148926 0.199707 -49.960349 -6.649180 -151.406088 142912169960.000000
-0.429688 -0.153320 0.197510 -50.387360 -6.893186 -153.785152 142912172876.000000
-0.440186 -0.153809 0.197021 -51.058379 -7.198194 -155.615202 142912175793.000000
-0.444336 -0.158203 0.198242 -50.753370 -7.320198 -157.689258 142912178712.000000
-0.459473 -0.162354 0.202881 -50.875374 -7.808211 -159.763314 142912181620.000000
-0.467041 -0.170898 0.204590 -50.997377 -7.503203 -162.081376 142912184538.000000
-0.474365 -0.177979 0.206787 -50.631367 -7.442201 -163.789422 142912187516.000000
-0.484863 -0.189209 0.218262 -50.143354 -7.076191 -165.558470 142912190436.000000
-0.487549 -0.204102 0.217529 -49.655341 -5.978161 -167.327518 142912193354.000000
-0.493164 -0.211182 0.219238 -49.106326 -4.819130 -169.401574 142912196268.000000
-0.491211 -0.230957 0.231201 -48.496309 -3.538096 -171.292625 142912199183.000000
-0.494873 -0.242188 0.239746 -47.459281 -1.952053 -173.000671 142912202092.000000
-0.501221 -0.258057 0.247803 -46.910267 -0.244007 -174.891722 142912205006.000000
-0.508057 -0.268311 0.254150 -45.690234 1.891051 -176.477765 142912207920.000000
-0.509277 -0.286377 0.258301 -44.775209 3.904105 -178.490819 142912210844.000000
-0.516846 -0.294189 0.263672 -43.616178 6.344171 -180.259867 142912213758.000000
-0.526611 -0.313232 0.263184 -42.274141 9.150247 -182.150918 142912216674.000000
-0.534180 -0.322510 0.259521 -40.810102 11.956323 -184.041969 142912219589.000000
-0.541260 -0.340332 0.249512 -39.346062 14.884402 -186.421033 142912222507.000000
-0.549316 -0.356934 0.240479 -38.065028 18.056488 -188.617093 142912225415.000000
-0.553711 -0.366455 0.229980 -36.905996 20.923565 -191.179162 142912228329.000000
-0.556152 -0.385010 0.217529 -35.685964 24.034649 -193.619228 142912231249.000000
-0.556396 -0.397705 0.194092 -34.831940 27.267736 -195.754285 142912234164.000000
-0.562988 -0.415039 0.180908 -34.099921 30.317819 -198.499359 142912237085.000000
-0.562012 -0.430908 0.168457 -33.733911 33.916916 -200.634417 142912240003.000000
-0.560303 -0.437256 0.141602 -33.123894 37.577015 -202.525468 142912242918.000000
-0.559570 -0.459961 0.120850 -32.696883 41.786128 -204.660526 142912245833.000000
-0.551025 -0.474609 0.111572 -32.147868 46.178247 -207.039590 142912248757.000000
-0.539795 -0.495850 0.106201 -32.269871 49.838346 -208.930641 142912251676.000000
-0.533936 -0.518066 0.100830 -31.354847 53.803453 -211.126700 142912254598.000000
-0.531738 -0.544189 0.097168 -31.659855 57.585555 -212.895748 142912257523.000000
-0.537842 -0.569824 0.111572 -30.927835 61.245654 -215.274812 142912260441.000000
-0.547852 -0.595947 0.123047 -30.378820 64.783749 -217.104862 142912263357.000000
-0.569580 -0.625977 0.144287 -29.829805 68.260843 -218.812908 142912266271.000000
-0.590332 -0.652588 0.165283 -28.609772 71.798939 -220.886964 142912269206.000000
-0.617920 -0.675293 0.193359 -27.633746 74.788019 -222.412005 142912272122.000000
-0.652832 -0.695068 0.203369 -25.986702 78.631123 -223.937046 142912275039.000000
-0.687256 -0.709473 0.224365 -24.949674 81.437199 -225.462087 142912277961.000000
-0.727783 -0.720459 0.236816 -23.424632 84.243275 -226.499115 142912280886.000000
-0.766357 -0.730957 0.246338 -21.838590 86.317331 -227.658147 142912283801.000000
-0.789795 -0.740723 0.251221 -20.557555 87.781370 -229.061185 142912286718.000000
-0.830322 -0.741943 0.253174 -19.459525 89.245410 -230.464223 142912289635.000000
-0.869141 -0.748047 0.253906 -18.483499 89.550418 -231.745257 142912292550.000000
-0.910645 -0.746338 0.245850 -17.751479 90.099433 -232.721283 142912295466.000000
-0.943848 -0.750732 0.237549 -17.690478 89.611420 -233.941316 142912298386.000000
-0.970947 -0.755615 0.228271 -17.202464 89.001403 -234.856341 142912301311.000000
-0.994629 -0.762939 0.207031 -16.958458 88.147380 -236.137376 142912304228.000000
-1.008057 -0.772461 0.187256 -16.897456 86.866345 -236.808394 142912307142.000000
-1.009521 -0.790771 0.161377 -16.470445 85.341304 -237.784420 142912310064.000000
-1.012695 -0.817139 0.128418 -16.226438 83.816263 -238.760447 142912312980.000000
-0.999023 -0.848389 0.103760 -15.616422 82.535228 -239.309461 142912315897.000000
-0.986084 -0.882324 0.078369 -15.128408 81.193192 -240.102483 142912318817.000000
-0.980957 -0.907227 0.063232 -14.762399 79.790154 -240.712499 142912321735.000000
-0.959961 -0.945068 0.039063 -13.847374 78.509120 -241.261514 142912324656.000000
-0.944092 -0.985596 0.034668 -13.969377 77.655097 -241.749527 142912327577.000000
-0.928223 -1.022217 0.034424 -13.603367 76.435064 -241.993534 142912330492.000000
-0.920410 -1.052002 0.035889 -13.725371 75.215031 -242.420545 142912333408.000000
-0.916748 -1.077881 0.053955 -13.725371 73.994998 -242.969560 142912336324.000000
-0.923584 -1.096191 0.066162 -13.969377 73.018972 -242.908559 142912339252.000000
-0.923584 -1.094971 -0.009521 -15.189410 72.591960 -242.908559 142912342167.000000
-0.961914 -1.141357 0.131836 -14.518392 71.249924 -243.274568 142912345098.000000
-0.981201 -1.146973 0.156738 -13.054352 70.822912 -243.030562 142912348016.000000
-1.007080 -1.139648 0.158447 -12.871348 70.822912 -242.420545 142912350941.000000
-1.050293 -1.124512 0.180420 -12.261331 70.090892 -241.261514 142912353859.000000
-1.075439 -1.112793 0.200684 -11.834320 69.541878 -240.163484 142912356775.000000
-1.096924 -1.098877 0.205322 -11.407308 68.687855 -238.760447 142912359711.000000
-1.122070 -1.080811 0.211670 -11.590313 67.894833 -238.333435 142912362629.000000
-1.150879 -1.067139 0.202881 -12.200329 67.162813 -237.418410 142912365552.000000
-1.175781 -1.074463 0.186768 -12.932349 66.247789 -236.991399 142912368478.000000
-1.197021 -1.090576 0.173828 -13.481364 66.186787 -235.893369 142912371400.000000
-1.207275 -1.113770 0.153076 -14.335387 66.186787 -234.978344 142912374319.000000
-1.210449 -1.146729 0.131836 -14.518392 66.552797 -233.636308 142912377249.000000
-1.207031 -1.181641 0.102295 -14.701397 66.979808 -231.684255 142912380174.000000
-1.182861 -1.216553 0.068604 -14.518392 68.138840 -229.427195 142912383090.000000
-1.157959 -1.255127 0.032471 -14.823400 69.724883 -227.353139 142912386012.000000
-1.119873 -1.289795 -0.004639 -15.555420 71.371927 -225.218081 142912388933.000000
-1.075684 -1.322266 -0.015625 -15.921430 73.445983 -222.839017 142912391856.000000
-1.035156 -1.355469 -0.031738 -16.653450 76.069054 -221.191972 142912394773.000000
-1.014648 -1.370117 -0.041992 -17.324468 79.241140 -218.995913 142912397690.000000
-0.976074 -1.381592 -0.059570 -17.873483 83.572256 -217.348868 142912400605.000000
-0.948242 -1.387207 -0.063477 -18.788507 88.025377 -215.457817 142912403522.000000
-0.933594 -1.380127 -0.065430 -19.825535 92.966510 -213.505765 142912406437.000000
-0.915771 -1.364746 -0.098145 -24.949674 108.155920 -210.089672 142912409361.000000
-0.746338 -1.334717 0.198730 -9.577259 106.630879 -216.433844 142912412281.000000
-1.133301 -1.387939 -0.635986 -24.949674 109.375953 -210.882694 142912415198.000000
-0.806152 -1.416748 -0.228027 -25.376685 115.354115 -211.431709 142912418116.000000
-0.999756 -1.331299 -0.143799 -26.779723 120.783261 -207.527603 142912421038.000000
-0.988281 -1.324951 0.039063 -27.145733 123.894345 -204.294516 142912423955.000000
-1.048096 -1.280273 0.080566 -25.498688 126.517416 -201.610443 142912426871.000000
-1.106934 -1.230713 0.048096 -26.596718 127.493442 -199.353383 142912429790.000000
-1.135498 -1.209961 0.043945 -29.219789 127.859452 -196.974318 142912432706.000000
-1.179443 -1.200195 0.052734 -30.866833 127.676447 -195.327274 142912435622.000000
-1.223145 -1.217285 0.057373 -32.391875 126.151406 -193.314219 142912438542.000000
-1.244385 -1.268066 0.065674 -33.306899 124.504362 -192.216190 142912441459.000000
-1.259766 -1.325684 0.054932 -33.001891 121.698286 -191.423168 142912444373.000000
-1.266357 -1.386475 0.044922 -33.184896 119.075215 -189.837126 142912447288.000000
-1.283691 -1.436523 0.033936 -32.818886 116.574148 -188.068078 142912450213.000000
-1.278320 -1.480957 0.028320 -31.781858 113.890075 -185.872019 142912453130.000000
-1.285400 -1.510010 0.040527 -30.622827 110.839993 -183.248948 142912456048.000000
-1.287598 -1.521240 0.063965 -29.097786 107.789910 -180.869883 142912458976.000000
-1.283203 -1.512451 0.085693 -27.023730 104.068810 -178.551821 142912461892.000000
-1.292969 -1.475830 0.104004 -24.888672 100.347709 -176.965778 142912464808.000000
-1.298340 -1.443604 0.116699 -23.424632 96.626609 -175.440737 142912467738.000000
-1.312500 -1.379150 0.134521 -22.997621 92.661502 -174.403709 142912470658.000000
-1.327148 -1.310059 0.145752 -22.875618 89.001403 -173.366681 142912473578.000000
-1.334473 -1.255859 0.145752 -23.363631 85.646312 -172.695663 142912476494.000000
-1.336182 -1.211182 0.153320 -24.217654 82.047215 -172.024645 142912479422.000000
-1.330811 -1.181641 0.154297 -25.254682 78.875130 -171.109620 142912482339.000000
-1.324707 -1.170166 0.164551 -25.986702 76.069054 -170.255597 142912485255.000000
-1.317871 -1.172852 0.163574 -26.413713 73.628988 -169.035564 142912488174.000000
-1.315918 -1.182373 0.167480 -26.291710 71.005917 -167.266516 142912491098.000000
-1.305176 -1.194336 0.150635 -26.474715 68.992863 -165.253462 142912494013.000000
-1.272705 -1.211914 0.140137 -26.657720 67.284817 -163.057403 142912496929.000000
-1.247314 -1.236572 0.128662 -26.291710 66.003782 -160.678338 142912499847.000000
-1.206055 -1.250732 0.107910 -26.291710 65.088757 -158.848289 142912502764.000000
-1.180420 -1.264160 0.091553 -25.498688 64.173733 -157.384249 142912505685.000000
-1.131348 -1.275391 0.074219 -25.498688 63.624718 -155.981211 142912508603.000000
-1.083252 -1.285400 0.058350 -24.705667 62.160678 -155.066187 142912511519.000000
-1.041260 -1.286621 0.041992 -24.888672 60.391631 -154.883182 142912514434.000000
-1.003906 -1.278320 -0.002686 -25.681693 58.622583 -154.273165 142912517348.000000
-0.965576 -1.254395 -0.054443 -26.718721 56.731532 -153.480144 142912520264.000000
-0.933350 -1.220215 -0.097168 -28.670774 55.267492 -152.626121 142912523180.000000
-0.912598 -1.206299 -0.104004 -30.622827 53.315440 -152.016104 142912526103.000000
-0.912842 -1.173584 -0.102539 -32.940889 50.387360 -151.406088 142912529023.000000
-0.929932 -1.136230 -0.093018 -35.136949 46.239248 -150.796071 142912531943.000000
-0.965576 -1.103027 -0.095703 -37.455011 41.115110 -150.186055 142912534860.000000
-1.015381 -1.079346 -0.075195 -39.834076 34.648936 -149.942048 142912537783.000000
-1.042725 -1.068359 -0.065674 -41.725127 26.840725 -149.759043 142912540702.000000
-1.093750 -1.068115 -0.050293 -43.250168 17.324468 -150.064052 142912543620.000000
-1.133789 -1.077637 -0.021240 -44.226194 7.015189 -150.186055 142912546538.000000
-1.171631 -1.095703 0.001953 -45.202220 -3.843104 -150.308058 142912549465.000000
-1.198975 -1.114014 0.011963 -45.934240 -15.433417 -150.247057 142912552382.000000
-1.209717 -1.139160 0.026855 -46.422253 -26.108705 -149.698042 142912555298.000000
-1.215576 -1.159424 0.036377 -47.459281 -36.661990 -149.210029 142912558221.000000
-1.208252 -1.166016 0.041748 -48.069298 -46.727262 -147.928994 142912561160.000000
-1.198730 -1.170166 0.041748 -48.191301 -54.901482 -146.403953 142912564076.000000
-1.185303 -1.178711 0.071533 -48.069298 -62.343683 -143.841884 142912566998.000000
-1.157471 -1.175781 0.091309 -47.520283 -68.443848 -141.279815 142912569935.000000
-1.122314 -1.177246 0.093750 -47.276276 -73.445983 -138.351735 142912572852.000000
-1.085205 -1.173828 0.082275 -47.215275 -77.106082 -135.423656 142912575769.000000
-1.059814 -1.169922 0.079834 -46.971268 -79.424144 -132.739584 142912578694.000000
-1.012207 -1.178467 0.072998 -46.544257 -80.034161 -129.506497 142912581613.000000
-0.956543 -1.181641 0.079346 -46.178247 -79.363143 -127.249436 142912584530.000000
-0.904541 -1.191650 0.062988 -44.958214 -77.472092 -124.748368 142912587445.000000
-0.849121 -1.212646 0.070801 -44.043189 -74.544013 -122.674312 142912590444.000000
-0.789551 -1.220703 0.064453 -42.396145 -70.090892 -120.844263 142912593362.000000
-0.736572 -1.230469 0.050049 -41.359117 -64.844751 -119.014213 142912596285.000000
-0.687012 -1.234375 0.040283 -39.834076 -58.805588 -118.099189 142912599204.000000
-0.639648 -1.229492 0.036621 -38.675044 -51.668395 -117.245166 142912602120.000000
-0.599121 -1.227539 0.035889 -37.516013 -44.897212 -116.940157 142912605040.000000
-0.574951 -1.207764 0.036621 -36.478985 -37.638016 -116.818154 142912607959.000000
-0.575684 -1.176025 0.041260 -35.563960 -30.744830 -116.513146 142912610875.000000
-0.594971 -1.138916 0.050537 -35.197950 -24.522662 -115.964131 142912613791.000000
-0.616699 -1.116211 0.063232 -35.258952 -19.398524 -115.171110 142912616708.000000
-0.646484 -1.087158 0.083740 -34.953944 -15.067407 -114.378088 142912619630.000000
-0.690430 -1.052979 0.101318 -35.136949 -11.956323 -113.524065 142912622549.000000
-0.740234 -1.030029 0.119141 -35.014945 -10.370280 -112.182029 142912625469.000000
-0.781738 -1.023682 0.138428 -35.136949 -9.394254 -111.022998 142912628387.000000
-0.827637 -1.014648 0.150146 -34.587934 -9.699262 -109.619960 142912631312.000000
-0.869385 -1.021240 0.157959 -34.343927 -10.614287 -107.911914 142912634227.000000
-0.896484 -1.034668 0.173096 -33.611908 -11.651315 -106.264869 142912637149.000000
-0.916260 -1.048340 0.179199 -32.635881 -12.871348 -104.312816 142912640069.000000
-0.928955 -1.066162 0.192627 -31.293845 -13.908376 -102.238760 142912642985.000000
-0.932129 -1.083252 0.197021 -30.256817 -14.701397 -99.798695 142912645901.000000
-0.930176 -1.104736 0.197266 -28.121759 -14.945404 -97.175624 142912648826.000000
-0.918701 -1.109131 0.199707 -26.413713 -14.518392 -94.674556 142912651745.000000
-0.904297 -1.125000 0.200684 -24.644665 -13.847374 -92.112487 142912654662.000000
-0.879639 -1.136719 0.187256 -22.509608 -12.566339 -89.306411 142912657585.000000
-0.854004 -1.140381 0.182129 -20.679558 -10.553285 -86.805344 142912660505.000000
-0.825195 -1.147461 0.168945 -19.093516 -8.418227 -84.121271 142912663421.000000
-0.793213 -1.149658 0.152832 -17.324468 -5.856158 -81.681205 142912666337.000000
-0.766357 -1.148193 0.133545 -15.860428 -2.684072 -79.058135 142912669262.000000
-0.745117 -1.145264 0.116211 -14.213384 -0.061002 -77.045080 142912672178.000000
-0.715576 -1.145508 0.104004 -12.505338 2.928079 -74.788019 142912675095.000000
-0.697021 -1.141357 0.088135 -11.102300 5.978161 -72.591960 142912678016.000000
-0.669678 -1.139648 0.067139 -9.882267 8.418227 -70.883914 142912680935.000000
-0.646240 -1.134521 0.060059 -8.662234 11.468310 -68.748856 142912683853.000000
-0.623779 -1.126709 0.037109 -7.625206 14.091380 -67.345818 142912686768.000000
-0.612549 -1.121094 0.026611 -6.893186 16.470445 -66.308790 142912689687.000000
-0.598389 -1.098633 0.013184 -7.015189 18.605502 -65.149759 142912692602.000000
-0.594727 -1.064209 0.023193 -7.015189 20.618557 -63.990728 142912695519.000000
-0.600342 -1.024414 0.017822 -7.137193 22.082596 -62.587690 142912698436.000000
-0.604492 -0.981934 0.024658 -7.686208 23.119624 -61.672665 142912701351.000000
-0.613037 -0.951172 0.035645 -8.723236 24.034649 -60.269627 142912704273.000000
-0.622803 -0.928223 0.040283 -9.516257 24.400659 -59.110596 142912707190.000000
-0.637695 -0.912598 0.043701 -10.248277 24.644665 -57.585555 142912710108.000000
-0.646729 -0.907227 0.058350 -10.797292 24.156652 -55.938510 142912713024.000000
-0.662354 -0.910889 0.065674 -11.468310 23.302629 -55.084487 142912715939.000000
-0.670410 -0.918213 0.071045 -11.529311 22.814616 -53.498444 142912718891.000000
-0.682617 -0.937012 0.081299 -11.773318 21.777588 -51.729397 142912721808.000000
-0.686035 -0.942627 0.085205 -11.773318 20.801562 -50.204356 142912724724.000000
-0.691162 -0.960938 0.086426 -11.407308 19.886537 -48.374306 142912727641.000000
-0.686523 -0.979736 0.094482 -11.224303 19.642530 -46.422253 142912730558.000000
-0.688232 -0.993896 0.088379 -10.980296 18.971512 -44.348197 142912733474.000000
-0.671143 -1.009277 0.100098 -10.370280 19.032514 -42.335143 142912736390.000000
-0.661865 -1.024170 0.092773 -9.760264 19.581529 -40.139084 142912739317.000000
-0.642090 -1.037842 0.090088 -9.211249 20.069542 -38.004026 142912742232.000000
-0.626953 -1.049072 0.083984 -8.479229 21.106570 -35.868968 142912745159.000000
-0.609131 -1.058350 0.066895 -7.808211 21.960593 -33.794912 142912748081.000000
-0.593506 -1.065430 0.057129 -6.771183 23.668639 -31.964863 142912751008.000000
-0.574463 -1.071777 0.048828 -5.856158 25.315684 -29.829805 142912753925.000000
-0.555420 -1.065918 0.037354 -4.941133 27.023730 -28.121759 142912756841.000000
-0.540283 -1.070313 0.024170 -4.331117 29.463796 -26.291710 142912759761.000000
-0.522705 -1.065674 0.012451 -3.660099 31.476850 -24.583664 142912762685.000000
-0.504883 -1.062500 -0.004883 -2.806076 34.343927 -22.875618 142912765602.000000
-0.485107 -1.056885 -0.021729 -2.745074 37.272006 -21.472580 142912768527.000000
-0.461914 -1.044434 -0.046631 -2.318063 40.139084 -19.886537 142912771446.000000
-0.437500 -1.037109 -0.061523 -2.196059 43.799183 -18.666504 142912774363.000000
-0.416504 -1.025635 -0.081787 -2.135058 47.093272 -17.629476 142912777292.000000
-0.397461 -1.009033 -0.096191 -2.440066 50.448362 -16.470445 142912780217.000000
-0.383301 -0.992188 -0.107422 -2.928079 53.620448 -15.555420 142912783133.000000
-0.383545 -0.965576 -0.114014 -3.477094 56.426524 -14.762399 142912786048.000000
-0.393066 -0.943115 -0.118896 -4.026109 58.378576 -13.664369 142912788966.000000
-0.402344 -0.931885 -0.111572 -5.002135 60.330629 -12.749344 142912791881.000000
-0.411621 -0.910645 -0.113281 -5.917160 61.733667 -11.773318 142912794872.000000
