0.162598 -0.983154 0.070068 -5.246142 -1.708046 -16.775453 141520395636.000000
0.155029 -1.012939 0.074219 -5.490148 -5.185140 -17.263466 141520398549.000000
0.160645 -1.013672 0.098389 -6.161166 -9.211249 -18.422497 141520401468.000000
0.195068 -1.008789 0.095703 -6.283170 -14.274385 -18.544501 141520404382.000000
0.210693 -1.019043 0.107910 -6.344171 -17.080461 -20.435552 141520407296.000000
0.200928 -1.026611 0.119141 -7.625206 -19.093516 -21.472580 141520410208.000000
0.202148 -1.022217 0.125000 -8.113219 -21.533581 -22.143598 141520413122.000000
0.234619 -1.009766 0.119141 -8.906240 -24.705667 -21.411578 141520416052.000000
0.262207 -1.030762 0.130127 -9.211249 -27.023730 -21.167572 141520418966.000000
0.305664 -1.040527 0.106201 -9.577259 -28.304764 -20.740560 141520421887.000000
0.272461 -1.047119 0.129883 -9.638260 -28.670774 -20.313548 141520424809.000000
0.268555 -1.056152 0.139893 -9.699262 -28.548771 -19.764534 141520427729.000000
0.250244 -1.067383 0.153809 -9.699262 -27.938754 -19.398524 141520430649.000000
0.253418 -1.070801 0.165039 -9.455255 -27.450741 -19.154517 141520433578.000000
0.264648 -1.077881 0.183350 -8.784237 -27.816751 -18.788507 141520436502.000000
0.268799 -1.079102 0.204102 -7.991216 -26.596718 -19.032514 141520439423.000000
0.268555 -1.088623 0.221436 -6.710181 -25.498688 -18.788507 141520442343.000000
0.291016 -1.080811 0.242676 -5.429147 -24.644665 -18.971512 141520445377.000000
0.333008 -1.086914 0.276855 -3.660099 -22.692613 -20.069542 141520448314.000000
0.372803 -1.085693 0.297119 -1.281035 -19.215519 -20.984567 141520451239.000000
0.421143 -1.082275 0.315918 0.671018 -15.067407 -21.716586 141520454170.000000
0.476318 -1.078613 0.319336 2.867077 -9.699262 -22.204600 141520457092.000000
0.524658 -1.072998 0.342285 4.575124 -3.050082 -22.936619 141520460014.000000
0.570313 -1.084961 0.366455 6.832184 5.063137 -23.729641 141520462936.000000
0.610107 -1.082764 0.380859 8.784237 14.579394 -24.644665 141520465857.000000
0.647949 -1.081543 0.391357 11.102300 24.766669 -25.681693 141520468787.000000
0.678223 -1.073242 0.393799 12.932349 36.295980 -27.023730 141520471718.000000
0.700195 -1.089111 0.401855 14.640395 46.910267 -28.121759 141520474640.000000
0.746582 -1.079834 0.386963 16.409443 57.646556 -29.890807 141520477562.000000
0.786133 -1.069824 0.406006 17.995486 67.284817 -30.988837 141520480482.000000
0.804688 -1.078857 0.421875 20.191545 76.374062 -32.513878 141520483404.000000
0.807617 -1.067139 0.417725 21.655585 85.890319 -33.672909 141520486326.000000
0.820068 -1.057861 0.422363 22.814616 94.247545 -35.258952 141520489243.000000
0.844727 -1.050293 0.418945 24.095651 102.299762 -37.699018 141520492166.000000
0.864014 -1.050537 0.409424 25.376685 109.009943 -39.773074 141520495090.000000
0.870361 -1.052734 0.406250 27.328738 115.049106 -42.274141 141520498013.000000
0.869141 -1.061523 0.403809 28.792777 120.844263 -44.409199 141520500943.000000
0.871094 -1.071777 0.398193 30.012810 125.480388 -46.727262 141520503863.000000
0.878662 -1.086670 0.393066 31.781858 129.079485 -49.960349 141520506786.000000
0.891113 -1.106201 0.405273 33.916916 131.214543 -52.888428 141520509707.000000
0.892090 -1.121094 0.423584 35.563960 133.166595 -55.572500 141520512627.000000
0.879150 -1.132324 0.388184 36.417983 134.569633 -57.951565 141520515553.000000
0.855957 -1.135254 0.346436 36.722992 134.935643 -60.025621 141520518474.000000
0.850586 -1.135986 0.314453 36.234978 133.349600 -62.343683 141520521402.000000
0.849609 -1.135254 0.303467 35.929970 130.055511 -64.539743 141520524336.000000
0.838135 -1.146484 0.302246 35.258952 126.151406 -66.491795 141520527358.000000
0.798828 -1.160400 0.328125 36.844995 120.966266 -68.443848 141520530461.000000
0.791748 -1.207275 0.359131 38.187031 114.012078 -71.493930 141520533533.000000
0.759521 -1.230957 0.390625 40.505094 106.447874 -73.811993 141520536548.000000
0.739746 -1.262207 0.430664 41.847130 99.615690 -76.679070 141520539471.000000
0.738770 -1.274902 0.449951 43.616178 92.356494 -79.485146 141520542391.000000
0.714111 -1.275146 0.459229 44.836211 86.744342 -81.498200 141520545313.000000
0.692383 -1.264893 0.480225 45.263222 82.596230 -82.657232 141520548257.000000
0.677002 -1.262207 0.499023 46.666260 79.119136 -83.999268 141520551177.000000
0.673096 -1.255371 0.501465 46.727262 75.947051 -84.670286 141520554094.000000
0.629150 -1.228760 0.504150 47.215275 74.849021 -84.365278 141520557011.000000
0.564453 -1.192383 0.500488 47.337278 74.666016 -82.901238 141520559927.000000
0.509033 -1.149170 0.476318 46.849265 74.178003 -81.071189 141520562846.000000
0.477783 -1.111328 0.473145 46.727262 73.689990 -78.997133 141520565763.000000
0.473877 -1.080811 0.451904 46.483255 72.713963 -77.655097 141520568679.000000
0.478027 -1.068359 0.445068 46.300250 72.774965 -76.496065 141520571601.000000
0.485107 -1.057373 0.432373 46.422253 72.042945 -75.520039 141520574518.000000
0.516357 -1.075195 0.433838 46.910267 71.676935 -75.581041 141520577434.000000
0.537842 -1.103027 0.405273 46.361252 71.554932 -76.191057 141520580359.000000
0.548584 -1.122559 0.376953 45.690234 71.493930 -75.886049 141520583279.000000
0.510986 -1.140625 0.381592 45.141219 71.066919 -74.971024 141520586199.000000
0.500732 -1.167480 0.399658 45.568230 69.724883 -74.971024 141520589117.000000
0.512207 -1.209473 0.415039 45.690234 67.833832 -76.557067 141520592038.000000
0.529053 -1.247559 0.408447 46.300250 65.881779 -77.838102 141520594955.000000
0.512695 -1.272705 0.420654 47.276276 63.197706 -78.997133 141520597871.000000
0.491211 -1.296631 0.435547 47.886293 60.086622 -79.790154 141520600787.000000
0.474854 -1.318848 0.440430 49.045324 57.219545 -80.278168 141520603773.000000
0.466309 -1.338135 0.459717 50.021351 53.681449 -81.193192 141520606690.000000
0.477295 -1.357666 0.465576 52.156408 49.960349 -82.230220 141520609606.000000
0.479004 -1.358154 0.465332 53.498444 46.422253 -83.206247 141520612527.000000
0.473389 -1.366455 0.482178 55.389496 43.006161 -84.121271 141520615446.000000
0.478027 -1.372803 0.477539 56.304520 40.322089 -84.914293 141520618383.000000
0.471924 -1.361084 0.477051 58.012566 37.577015 -85.585311 141520621322.000000
0.468018 -1.355713 0.474854 58.866589 35.624962 -86.073324 141520624251.000000
0.454102 -1.341797 0.470215 60.147624 34.343927 -86.439334 141520627168.000000
0.450928 -1.332764 0.456299 61.123650 33.489904 -86.927347 141520630085.000000
0.449463 -1.318604 0.456787 62.465687 32.696883 -86.866345 141520633012.000000
0.444336 -1.305176 0.448730 63.563716 32.818886 -87.232355 141520635937.000000
0.444092 -1.296631 0.433594 64.600744 32.696883 -87.171354 141520638855.000000
0.435791 -1.289551 0.416504 66.064784 33.977917 -86.866345 141520641779.000000
0.420166 -1.282959 0.411133 67.223815 35.441957 -86.378332 141520644702.000000
0.408691 -1.277344 0.401367 68.321845 37.028000 -85.951321 141520647619.000000
0.384277 -1.283936 0.409668 70.456902 38.980052 -85.097298 141520650537.000000
0.327637 -1.286865 0.489746 70.395901 42.274141 -84.975294 141520653457.000000
0.360352 -1.310303 0.420654 72.469957 42.091136 -84.670286 141520656372.000000
0.364502 -1.316650 0.396973 74.239004 42.640151 -84.670286 141520659289.000000
0.362793 -1.327148 0.397705 76.069054 42.884158 -83.755261 141520662209.000000
0.352051 -1.335205 0.389648 77.533093 43.860184 -83.633258 141520665127.000000
0.354004 -1.344482 0.376709 79.729153 43.677179 -83.267248 141520668044.000000
0.335449 -1.352295 0.384521 81.620204 44.165192 -83.206247 141520670963.000000
0.324219 -1.359375 0.369629 83.023242 44.653206 -83.084243 141520673881.000000
0.313477 -1.349365 0.366211 84.548283 44.043189 -82.657232 141520676798.000000
0.301758 -1.344727 0.354980 85.646312 44.226194 -82.596230 141520679722.000000
0.291748 -1.335205 0.355469 86.317331 44.775209 -82.169219 141520682642.000000
0.260010 -1.328857 0.347900 87.293357 45.446227 -81.376197 141520685561.000000
0.260010 -1.323975 0.337646 88.208382 45.690234 -81.437199 141520688478.000000
0.265869 -1.317139 0.333496 89.001403 45.995242 -81.254194 141520691397.000000
0.265137 -1.304688 0.333496 89.672421 46.483255 -81.315196 141520694313.000000
0.272461 -1.286377 0.315918 89.794424 46.422253 -81.132191 141520697229.000000
0.272217 -1.273193 0.301025 90.038431 46.178247 -81.010187 141520700146.000000
0.265625 -1.261230 0.311523 90.099433 46.056244 -81.437199 141520703074.000000
0.263184 -1.251709 0.289307 89.794424 45.324224 -81.254194 141520705992.000000
0.258301 -1.236328 0.276367 89.489416 45.080217 -81.376197 141520708909.000000
0.249268 -1.231689 0.276123 89.611420 44.531202 -81.254194 141520711832.000000
0.237549 -1.216064 0.270752 88.818398 43.921186 -81.193192 141520714759.000000
0.237061 -1.212891 0.265137 88.391387 43.067163 -81.498200 141520717683.000000
0.233643 -1.208496 0.258301 87.903373 42.335143 -81.742207 141520720605.000000
0.231689 -1.198242 0.257324 87.537364 41.603123 -81.559202 141520723533.000000
0.227051 -1.194092 0.264404 86.622339 40.383090 -81.559202 141520726450.000000
0.217773 -1.197510 0.266357 85.829317 39.163057 -81.498200 141520729368.000000
0.218018 -1.191895 0.255127 85.585311 38.248033 -81.498200 141520732287.000000
0.221191 -1.189209 0.250000 84.426280 37.455011 -81.620204 141520735205.000000
0.219971 -1.183594 0.248535 83.633258 36.905996 -81.254194 141520738121.000000
0.214355 -1.180176 0.245117 82.718233 37.089001 -81.010187 141520741046.000000
0.199951 -1.176270 0.241699 82.169219 36.478985 -80.583176 141520743969.000000
0.197021 -1.178467 0.229004 81.071189 36.112975 -80.034161 141520746894.000000
0.193848 -1.174561 0.217285 80.461172 35.563960 -80.095163 141520749812.000000
0.182617 -1.168945 0.210205 79.363143 35.075947 -79.302141 141520752735.000000
0.165771 -1.162109 0.208984 78.814128 33.916916 -79.119136 141520755654.000000
0.160645 -1.157227 0.199707 78.509120 32.818886 -78.326115 141520758571.000000
0.148438 -1.146240 0.188232 77.777100 31.110840 -77.777100 141520761491.000000
0.133057 -1.125244 0.176514 77.167084 29.036784 -77.411090 141520764407.000000
0.129395 -1.118164 0.176758 76.679070 26.718721 -77.350088 141520767324.000000
0.119385 -1.100098 0.166748 75.886049 24.400659 -77.106082 141520770240.000000
0.104492 -1.085938 0.150146 74.910023 21.777588 -76.801074 141520773159.000000
0.093018 -1.063232 0.148926 74.239004 19.093516 -76.069054 141520776078.000000
0.071289 -1.058594 0.144531 72.713963 16.958458 -75.825047 141520778994.000000
0.061523 -1.047119 0.142822 71.920942 14.152382 -75.154029 141520781915.000000
0.062012 -1.039551 0.135254 70.761911 11.102300 -74.605014 141520784831.000000
0.058838 -1.033203 0.124268 69.724883 8.418227 -73.750991 141520787749.000000
0.051270 -1.027588 0.112793 68.748856 6.039163 -73.384981 141520790666.000000
0.047607 -1.021973 0.107422 68.077838 3.233087 -72.652962 141520793584.000000
0.037842 -1.020264 0.100098 66.735802 0.976026 -72.103947 141520796503.000000
0.032227 -1.012207 0.101318 66.125785 -1.708046 -71.615934 141520799420.000000
0.034424 -1.003418 0.097656 65.271762 -4.209114 -71.432929 141520802346.000000
0.034912 -1.000244 0.098633 64.661746 -6.466175 -70.334899 141520805279.000000
0.037842 -0.991211 0.094482 63.746721 -8.540231 -70.517904 141520808195.000000
0.047852 -0.978516 0.093262 62.648692 -10.126273 -69.724883 141520811126.000000
0.049072 -0.968262 0.093506 61.672665 -11.895321 -69.358873 141520814046.000000
0.054443 -0.959229 0.096924 60.574636 -12.688343 -68.565851 141520816969.000000
0.058594 -0.947266 0.101807 59.598609 -13.298359 -67.589825 141520819907.000000
0.061279 -0.936768 0.096680 58.317575 -13.908376 -66.979808 141520822836.000000
0.073486 -0.923828 0.105469 56.914537 -13.908376 -66.064784 141520825754.000000
0.078125 -0.911865 0.104736 56.060514 -13.908376 -65.088757 141520828672.000000
0.082764 -0.900879 0.104248 54.474471 -13.054352 -64.478741 141520831596.000000
0.087158 -0.895508 0.101074 53.437443 -12.078326 -63.502715 141520834522.000000
0.096436 -0.885498 0.112061 52.583420 -11.102300 -62.953700 141520837441.000000
0.102539 -0.881104 0.109131 51.241384 -9.638260 -61.977673 141520840359.000000
0.109619 -0.874512 0.116455 50.265357 -8.784237 -61.550662 141520843288.000000
0.106201 -0.868164 0.109619 49.594339 -7.076191 -60.757640 141520846204.000000
0.103027 -0.861572 0.110352 48.496309 -5.856158 -59.720612 141520849121.000000
0.101318 -0.849854 0.114502 47.764290 -4.270115 -59.232599 141520852042.000000
0.103027 -0.839355 0.105957 46.483255 -2.135058 -58.012566 141520854960.000000
0.089111 -0.824219 0.108643 45.812237 -0.671018 -57.402550 141520857876.000000
0.085205 -0.813477 0.098389 44.775209 1.220033 -56.609528 141520860796.000000
0.067383 -0.804199 0.094238 43.982188 2.867077 -55.816507 141520863759.000000
0.058838 -0.797852 0.083008 42.457146 4.819130 -54.962484 141520866679.000000
0.037354 -0.784668 0.063232 41.420118 6.344171 -54.108461 141520869597.000000
0.010742 -0.772705 0.055176 40.139084 7.869212 -53.132435 141520872515.000000
-0.007813 -0.765381 0.049561 39.041054 8.662234 -52.278412 141520875431.000000
-0.031006 -0.756348 0.034424 37.394010 9.028244 -51.180382 141520878349.000000
-0.054688 -0.743408 0.026855 36.295980 9.028244 -50.448362 141520881268.000000
-0.069092 -0.743408 0.021973 34.953944 8.235222 -49.289331 141520884184.000000
-0.087402 -0.730713 0.013428 33.672909 7.259196 -48.008296 141520887102.000000
-0.104004 -0.725342 0.014404 32.330873 6.222168 -47.337278 141520890018.000000
-0.110107 -0.718994 0.011475 31.232843 4.819130 -46.300250 141520892938.000000
-0.120361 -0.712158 0.014160 28.914781 4.331117 -45.141219 141520895855.000000
-0.105713 -0.673584 -0.035156 27.328738 2.623071 -43.921186 141520898773.000000
-0.130127 -0.705322 -0.009521 27.755749 2.501068 -42.884158 141520901698.000000
-0.144287 -0.699219 0.019043 27.145733 1.281035 -41.908132 141520904617.000000
-0.162354 -0.683105 0.012939 25.925700 0.549015 -40.627097 141520907534.000000
-0.160645 -0.663574 0.010254 24.522662 -0.610016 -39.224059 141520910459.000000
-0.153320 -0.649658 0.005615 22.814616 -1.037028 -38.309034 141520913386.000000
-0.149658 -0.637939 0.000977 21.045568 -1.525041 -36.905996 141520916311.000000
-0.138184 -0.628174 0.003174 20.252547 -0.854023 -35.502959 141520919229.000000
-0.133057 -0.628418 0.001953 18.910511 -0.244007 -34.038919 141520922160.000000
-0.124023 -0.622559 0.008545 18.239492 0.427012 -32.635881 141520925089.000000
-0.116455 -0.624512 0.006348 17.263466 1.159031 -31.232843 141520928006.000000
-0.107666 -0.621338 0.011719 16.348441 2.379064 -29.463796 141520930930.000000
-0.104492 -0.622070 0.012451 15.738425 3.538096 -28.243763 141520933851.000000
-0.101807 -0.622559 0.022217 14.823400 5.063137 -26.474715 141520936767.000000
-0.092773 -0.616455 0.020752 14.335387 6.405173 -24.949674 141520939684.000000
-0.089844 -0.618652 0.024414 13.847374 7.625206 -23.546636 141520942612.000000
-0.085205 -0.615479 0.032959 13.237357 8.967242 -22.082596 141520945529.000000
-0.090088 -0.616699 0.021484 12.749344 9.821265 -20.374550 141520948449.000000
-0.081787 -0.613525 0.032471 12.383334 11.163301 -18.788507 141520951367.000000
-0.086914 -0.605713 0.033691 12.017324 11.834320 -17.019460 141520954284.000000
-0.076660 -0.602051 0.039795 11.529311 12.871348 -15.738425 141520957218.000000
-0.078369 -0.600830 0.033936 11.346306 13.969377 -14.030379 141520960134.000000
-0.079102 -0.597168 0.032959 11.041298 14.579394 -12.444336 141520963053.000000
-0.077637 -0.592285 0.028564 10.614287 15.555420 -11.102300 141520965970.000000
-0.075439 -0.585693 0.020508 9.760264 16.531446 -9.638260 141520968885.000000
-0.076416 -0.583740 0.020020 9.394254 17.507473 -7.869212 141520971813.000000
-0.073730 -0.576660 0.007813 8.662234 18.544501 -6.893186 141520974729.000000
-0.079102 -0.568359 0.010010 7.991216 19.093516 -5.002135 141520977644.000000
-0.080322 -0.571777 0.002686 7.198194 19.886537 -3.599097 141520980565.000000
-0.080078 -0.563721 0.004395 6.588178 20.252547 -2.074056 141520983482.000000
-0.088135 -0.569580 0.002930 5.673153 20.069542 -0.854023 141520986396.000000
-0.092529 -0.566162 0.006348 4.880132 19.703532 0.610016 141520989326.000000
-0.098633 -0.569092 0.002686 3.660099 19.581529 2.013054 141520992251.000000
-0.099854 -0.574707 0.003418 3.111084 18.544501 3.294089 141520995168.000000
-0.106689 -0.572510 0.002441 2.013054 17.385469 4.331117 141520998084.000000
-0.107910 -0.579102 0.008545 1.403038 15.738425 5.490148 141521001009.000000
-0.113525 -0.584473 0.003418 0.732020 14.213384 6.771183 141521003931.000000
-0.115723 -0.588379 0.016113 0.244007 12.322333 7.991216 141521006849.000000
-0.113525 -0.587158 0.015625 -0.366010 10.309278 9.028244 141521009765.000000
-0.114502 -0.589111 0.022705 -0.976026 8.296224 9.943268 141521012692.000000
-0.110596 -0.589844 0.021484 -1.586043 6.283170 11.102300 141521015616.000000
-0.102783 -0.586426 0.023438 -2.318063 4.941133 12.139328 141521018543.000000
-0.099609 -0.584717 0.020996 -2.989081 3.721100 13.054352 141521021467.000000
-0.100098 -0.586670 0.024658 -3.965107 3.050082 14.335387 141521024389.000000
-0.104004 -0.584961 0.020264 -4.514122 2.196059 15.860428 141521027306.000000
-0.093262 -0.590332 0.019043 -5.429147 1.586043 16.775453 141521030222.000000
-0.088623 -0.594727 0.016357 -6.771183 1.464040 17.934484 141521033149.000000
-0.088379 -0.595947 0.014648 -7.564204 1.098030 19.032514 141521036066.000000
-0.084961 -0.598145 0.010010 -8.540231 1.159031 20.191545 141521038983.000000
-0.092529 -0.604736 0.014893 -9.516257 0.732020 21.289575 141521041906.000000
-0.089844 -0.608643 0.012451 -10.553285 0.610016 22.448606 141521044825.000000
-0.089355 -0.617676 0.011475 -11.224303 0.549015 23.485634 141521047743.000000
-0.091309 -0.613037 0.010254 -12.200329 0.183005 24.461660 141521050660.000000
-0.096924 -0.625000 0.009277 -12.871348 0.183005 25.437687 141521053581.000000
-0.100098 -0.624512 0.007080 -13.603367 -0.366010 26.352712 141521056499.000000
-0.102051 -0.626709 0.009766 -14.762399 -1.037028 27.328738 141521059417.000000
-0.111328 -0.632813 0.009521 -15.433417 -1.281035 28.731776 141521062336.000000
-0.111572 -0.633057 0.014404 -16.531446 -1.708046 29.280791 141521065251.000000
-0.112061 -0.633545 0.011475 -17.080461 -2.135058 30.439822 141521068167.000000
-0.115234 -0.634766 0.003418 -18.117489 -2.562069 31.171842 141521071091.000000
-0.118408 -0.635986 -0.000488 -19.093516 -2.867077 32.025865 141521074007.000000
-0.124756 -0.640869 0.001221 -20.313548 -3.477094 33.306899 141521076923.000000
-0.125000 -0.639893 -0.007568 -21.228573 -3.843104 33.977917 141521079838.000000
-0.130371 -0.643555 -0.011230 -22.387604 -4.270115 35.014945 141521082757.000000
-0.130859 -0.652100 -0.010010 -23.546636 -5.246142 35.990972 141521085672.000000
-0.140869 -0.656250 -0.009033 -24.644665 -5.917160 37.028000 141521088588.000000
-0.142090 -0.659912 -0.012695 -25.681693 -6.771183 38.187031 141521091509.000000
-0.143555 -0.665283 -0.005371 -27.023730 -7.991216 39.346062 141521094425.000000
-0.151367 -0.679199 -0.015625 -27.816751 -8.784237 40.810102 141521097344.000000
-0.155029 -0.682861 -0.015869 -29.341792 -9.821265 41.603123 141521100261.000000
-0.157715 -0.693848 -0.015381 -30.073812 -11.102300 42.640151 141521103188.000000
-0.159668 -0.697266 -0.026855 -31.415848 -11.834320 43.799183 141521106103.000000
-0.161865 -0.709473 -0.025879 -32.513878 -12.749344 44.470201 141521109025.000000
-0.168213 -0.716553 -0.027100 -33.855914 -13.969377 46.056244 141521111942.000000
-0.169189 -0.720459 -0.038574 -34.953944 -14.701397 47.093272 141521114866.000000
-0.176514 -0.731934 -0.028564 -36.722992 -15.677423 48.313304 141521117804.000000
-0.179199 -0.742920 -0.044922 -38.004026 -17.141463 49.533337 141521120727.000000
-0.182861 -0.751465 -0.051514 -39.590069 -17.873483 50.692369 141521123655.000000
-0.191406 -0.763672 -0.056641 -41.115110 -18.788507 52.766425 141521126573.000000
-0.198975 -0.777832 -0.063721 -42.762155 -19.459525 54.230464 141521129494.000000
-0.203613 -0.788818 -0.067139 -44.287196 -20.862563 56.060514 141521132423.000000
-0.207520 -0.806641 -0.071533 -45.812237 -21.716586 57.402550 141521135348.000000
-0.217285 -0.822754 -0.082764 -47.398280 -22.448606 58.988593 141521138265.000000
-0.222900 -0.840820 -0.085449 -48.618313 -23.363631 60.208626 141521141225.000000
-0.225586 -0.853760 -0.082764 -50.326359 -23.851644 61.672665 141521144193.000000
-0.223877 -0.870117 -0.092285 -51.912402 -25.071677 63.258708 141521147112.000000
-0.224609 -0.878418 -0.101318 -53.498444 -25.742695 65.027756 141521150105.000000
-0.222656 -0.894775 -0.091797 -54.840481 -27.328738 66.613799 141521153026.000000
-0.215820 -0.906250 -0.086182 -55.938510 -28.731776 68.382846 141521155946.000000
-0.205566 -0.920166 -0.077148 -57.219545 -29.707802 70.517904 141521158863.000000
-0.198730 -0.928467 -0.063477 -58.073568 -30.744830 71.981944 141521161785.000000
-0.184570 -0.938477 -0.061768 -59.171598 -31.720856 74.056000 141521164701.000000
-0.163330 -0.943359 -0.039551 -60.025621 -31.537852 75.642042 141521167625.000000
-0.137451 -0.953369 -0.020264 -61.001647 -32.330873 77.350088 141521170541.000000
-0.113770 -0.955322 -0.022705 -61.855670 -32.269871 79.302141 141521173460.000000
-0.097656 -0.961426 -0.015869 -62.892698 -31.293845 80.705179 141521176376.000000
-0.087402 -0.964355 -0.006104 -63.868724 -30.378820 82.840237 141521179292.000000
-0.074951 -0.974121 0.004395 -64.661746 -29.463796 84.609284 141521182211.000000
-0.072510 -0.987061 0.005615 -65.881779 -28.182761 86.317331 141521185126.000000
-0.069092 -0.996094 0.009033 -66.979808 -26.413713 88.635393 141521188043.000000
-0.074951 -1.016113 0.013672 -68.321845 -24.400659 90.404441 141521190962.000000
-0.070557 -1.022705 0.010498 -68.992863 -23.973647 92.478497 141521193878.000000
-0.061279 -1.038574 0.004639 -70.456902 -23.119624 94.247545 141521196795.000000
-0.051758 -1.051025 0.006104 -71.615934 -22.936619 95.711584 141521199711.000000
-0.057617 -1.071289 0.000732 -72.835967 -23.424632 97.419630 141521202638.000000
-0.059082 -1.089111 -0.005127 -73.750991 -24.278656 99.066675 141521205559.000000
-0.061035 -1.104736 -0.001221 -74.727018 -26.047703 100.408711 141521208483.000000
-0.066406 -1.125000 -0.006836 -75.459037 -27.389740 101.994754 141521211408.000000
-0.068848 -1.145020 -0.007568 -76.618069 -29.890807 102.360764 141521214334.000000
-0.048828 -1.158203 -0.004639 -77.899103 -33.428903 103.031782 141521217250.000000
-0.059814 -1.164795 -0.015869 -79.363143 -36.295980 103.946807 141521220167.000000
-0.095215 -1.181641 -0.010010 -80.156164 -39.041054 104.983835 141521223094.000000
-0.121582 -1.192383 0.004395 -81.620204 -41.603123 106.569877 141521226010.000000
-0.118408 -1.200928 0.007324 -82.962240 -45.080217 106.996889 141521228928.000000
-0.093262 -1.206787 0.018311 -84.548283 -48.618313 107.484902 141521231851.000000
-0.063232 -1.210938 0.048096 -85.524309 -53.498444 107.606905 141521234772.000000
-0.029785 -1.216064 0.067627 -86.195327 -58.805588 106.447874 141521237695.000000
0.031982 -1.224365 0.065918 -86.988349 -64.478741 105.288843 141521240610.000000
0.064697 -1.230957 0.070801 -87.598365 -68.321845 104.190813 141521243536.000000
0.073242 -1.238037 0.079346 -87.964375 -71.188922 103.214787 141521246453.000000
0.072754 -1.250732 0.085938 -88.391387 -74.605014 103.214787 141521249368.000000
0.078857 -1.265137 0.074463 -89.428415 -77.411090 103.336790 141521252386.000000
0.063232 -1.276123 0.101807 -89.916428 -80.034161 104.129812 141521255306.000000
0.058105 -1.290527 0.117920 -90.526444 -82.901238 104.251815 141521258223.000000
0.052490 -1.311768 0.130371 -90.526444 -85.829317 104.556823 141521261144.000000
0.050293 -1.327637 0.140137 -90.221436 -89.611420 104.861831 141521264062.000000
0.039307 -1.347900 0.126465 -90.343439 -91.502471 105.227841 141521266981.000000
-0.008789 -1.362549 0.131836 -89.306411 -93.271518 106.081864 141521269898.000000
-0.025635 -1.381348 0.110840 -89.977429 -94.430550 106.447874 141521272816.000000
0.005371 -1.392090 0.079346 -90.465443 -97.541634 106.447874 141521275735.000000
0.028076 -1.397217 0.053955 -91.075459 -101.689746 106.569877 141521278652.000000
0.076172 -1.386719 0.046143 -91.441469 -107.972915 107.850912 141521281571.000000
0.114258 -1.366211 0.065674 -91.075459 -114.317087 109.863966 141521284488.000000
0.115967 -1.378906 0.061035 -90.404441 -119.380223 111.022998 141521287406.000000
0.096680 -1.387939 0.083008 -89.794424 -123.528335 111.511011 141521290322.000000
0.065918 -1.390625 0.115479 -89.489416 -126.700421 112.121027 141521293254.000000
0.062012 -1.385986 0.126953 -89.733423 -129.628500 112.853047 141521296171.000000
0.064941 -1.387207 0.123047 -89.855426 -131.336546 113.524065 141521299088.000000
0.075684 -1.381348 0.127197 -89.916428 -133.166595 114.805100 141521302006.000000
0.122070 -1.380371 0.129883 -89.611420 -134.691637 116.513146 141521304923.000000
0.146484 -1.384521 0.133789 -88.757396 -136.216678 118.099189 141521307848.000000
0.165527 -1.390869 0.138672 -87.232355 -135.606661 119.746233 141521310764.000000
0.191650 -1.402344 0.181396 -85.768316 -134.630635 120.051241 141521313691.000000
0.204590 -1.406006 0.178711 -83.450253 -132.129567 120.356250 141521316609.000000
0.215332 -1.430420 0.182617 -80.766181 -126.700421 120.722260 141521319526.000000
0.222900 -1.455322 0.173096 -79.424144 -121.393278 121.515281 141521322454.000000
0.265869 -1.469482 0.162598 -78.814128 -116.269139 122.552309 141521325383.000000
0.331787 -1.469238 0.136230 -78.875130 -113.036052 123.284329 141521328298.000000
0.416748 -1.448730 0.116455 -78.936131 -110.778991 124.382358 141521331222.000000
0.455078 -1.447266 0.123291 -79.180138 -107.240896 125.114378 141521334144.000000
0.446533 -1.427490 0.125000 -79.180138 -103.824803 127.249436 141521337059.000000
0.418457 -1.437256 0.139404 -79.119136 -99.920698 128.408467 141521339976.000000
0.386230 -1.423584 0.143555 -79.485146 -96.626609 129.201488 141521342904.000000
0.391113 -1.404297 0.179199 -79.668151 -93.393522 129.689502 141521345819.000000
0.430420 -1.395752 0.190918 -79.302141 -91.624474 128.591472 141521348737.000000
0.482422 -1.374023 0.222900 -78.692125 -90.770451 127.371439 141521351656.000000
0.512939 -1.357178 0.242676 -77.228085 -90.282438 125.846398 141521354573.000000
0.533936 -1.340576 0.256836 -75.703044 -89.611420 124.870372 141521357490.000000
0.548828 -1.327393 0.258057 -73.689990 -88.757396 123.772342 141521360405.000000
0.547363 -1.323975 0.284912 -71.737937 -87.354359 122.674312 141521363325.000000
0.551270 -1.339844 0.312744 -69.602879 -85.585311 121.271274 141521366243.000000
0.576416 -1.341553 0.322266 -67.650827 -83.145245 120.173245 141521369160.000000
0.629639 -1.344238 0.304688 -66.125785 -79.546148 118.648204 141521372079.000000
0.688965 -1.345703 0.280273 -64.722748 -76.618069 117.306167 141521374996.000000
0.745361 -1.343018 0.251953 -63.380711 -73.262978 115.476118 141521377910.000000
0.782959 -1.333984 0.224854 -62.404685 -70.151894 114.073080 141521380827.000000
0.825684 -1.358643 0.238037 -59.964619 -67.650827 111.999024 141521383783.000000
0.850342 -1.381592 0.229248 -58.195571 -64.112731 108.399927 141521386701.000000
0.863770 -1.384521 0.212891 -57.158543 -61.367657 105.532849 141521389616.000000
0.870850 -1.390137 0.202637 -56.548527 -59.903617 103.092784 141521392533.000000
0.901855 -1.379639 0.196289 -55.999512 -59.903617 101.384737 141521395450.000000
0.913818 -1.385742 0.201904 -54.535472 -59.720612 99.249680 141521398367.000000
0.866455 -1.378906 0.185547 -55.999512 -57.280547 98.944672 141521401300.000000
0.682861 -1.318115 -0.068604 -56.609528 -50.021351 102.726774 141521404220.000000
0.507568 -1.336914 -0.138672 -55.572500 -42.518148 107.911914 141521407137.000000
0.437988 -1.426025 0.042725 -51.424388 -40.871104 110.412981 141521410055.000000
0.425293 -1.506104 0.286377 -45.202220 -46.300250 106.508876 141521412994.000000
0.584717 -1.593506 0.580811 -35.685964 -60.757640 93.027512 141521415913.000000
0.865967 -1.643555 0.842529 -25.925700 -78.387116 75.581041 141521418830.000000
1.157959 -1.643799 0.988281 -14.762399 -96.016592 57.646556 141521421753.000000
1.322266 -1.527344 0.930908 -7.625206 -101.567742 46.117245 141521424672.000000
1.371826 -1.447021 0.797363 -3.477094 -94.674556 40.749100 141521427589.000000
1.445313 -1.383057 0.704590 -2.684072 -77.167084 38.675044 141521430505.000000
1.607422 -1.270996 0.637939 -1.281035 -57.463552 38.797048 141521433434.000000
1.772217 -1.201416 0.723145 1.647044 -36.844995 39.895077 141521436352.000000
1.929443 -1.179443 0.893799 7.686208 -19.093516 37.882023 141521439268.000000
2.028564 -1.187500 1.068115 14.701397 1.342036 33.855914 141521442192.000000
2.040527 -1.144043 1.177246 21.594583 27.145733 30.073812 141521445111.000000
2.024902 -1.069580 1.197754 24.888672 54.108461 27.267736 141521448029.000000
2.035889 -0.977051 1.165527 27.328738 82.047215 27.267736 141521450978.000000
2.063721 -0.904541 1.182373 30.866833 109.009943 28.121759 141521453898.000000
2.060059 -0.890625 1.271729 33.611908 132.373574 28.121759 141521456816.000000
2.006592 -0.888428 1.292969 35.929970 152.931129 27.999756 141521459731.000000
1.965820 -0.890381 1.305908 38.126029 168.059538 25.803697 141521462650.000000
1.920166 -0.890381 1.210205 38.431038 180.442872 24.034649 141521465565.000000
1.841797 -0.894287 1.057861 38.126029 187.458061 21.716586 141521468481.000000
1.780029 -0.894531 0.922607 36.478985 189.471116 21.045568 141521471398.000000
1.614502 -0.902832 0.692871 32.147868 187.397060 21.777588 141521474314.000000
1.468262 -0.843750 0.367432 24.827670 189.105106 25.559690 141521477245.000000
1.224121 -0.980957 0.262695 22.570609 175.379735 24.583664 141521480163.000000
0.985107 -0.985596 0.093018 17.873483 160.556335 25.986702 141521483088.000000
0.808105 -1.025391 -0.083740 12.810346 142.255841 25.925700 141521486005.000000
0.726807 -1.105225 -0.275391 8.052217 119.075215 24.339657 141521490028.000000
0.603516 -1.217285 -0.450684 2.928079 82.535228 20.740560 141521492985.000000
0.456543 -1.312744 -0.445068 1.342036 52.522418 19.581529 141521495915.000000
0.236084 -1.421143 -0.302246 1.586043 23.180626 18.666504 141521498833.000000
0.012695 -1.498535 -0.099609 2.379064 -5.551150 17.812481 141521501764.000000
-0.169189 -1.504883 0.129883 3.721100 -35.868968 18.483499 141521504682.000000
-0.262695 -1.480225 0.290039 3.599097 -63.258708 18.788507 141521507599.000000
-0.295654 -1.479004 0.435791 4.636125 -88.879400 17.507473 141521510516.000000
-0.223389 -1.429199 0.481689 6.283170 -105.898859 15.982432 141521513453.000000
-0.140137 -1.372559 0.484863 9.943268 -116.025133 15.128408 141521516370.000000
-0.018066 -1.299561 0.468262 12.688343 -118.099189 14.030379 141521519287.000000
0.008301 -1.217041 0.405029 14.579394 -112.243031 14.091380 141521522211.000000
0.041260 -1.153809 0.268799 15.067407 -100.957726 14.030379 141521525133.000000
0.077393 -1.099121 0.154297 14.213384 -87.476362 15.067407 141521528051.000000
0.085693 -1.058838 0.042725 13.176356 -71.737937 16.897456 141521530974.000000
0.057861 -1.041504 -0.027344 12.078326 -54.108461 19.581529 141521533894.000000
-0.026855 -1.059082 -0.038086 10.919295 -37.821021 21.594583 141521536809.000000
-0.124756 -1.090820 0.000977 10.126273 -25.315684 22.387604 141521539725.000000
-0.208008 -1.114502 0.057617 9.394254 -18.483499 22.753614 141521542651.000000
-0.269043 -1.131348 0.115479 10.248277 -16.165436 22.143598 141521545567.000000
-0.326416 -1.144287 0.146973 11.102300 -16.470445 20.862563 141521548485.000000
-0.364502 -1.148438 0.151123 12.810346 -17.080461 19.520527 141521551440.000000
-0.365479 -1.139160 0.143066 14.213384 -16.714451 17.690478 141521554373.000000
-0.344971 -1.114502 0.118408 15.250412 -13.725371 16.409443 141521557292.000000
-0.296875 -1.058105 0.083496 15.433417 -7.625206 16.531446 141521560208.000000
-0.221191 -0.997803 0.072266 15.006405 0.183005 17.080461 141521563127.000000
-0.145996 -0.936035 0.071533 14.701397 8.662234 17.812481 141521566044.000000
-0.082764 -0.895996 0.087158 13.969377 16.775453 18.544501 141521568959.000000
-0.058350 -0.882324 0.104248 13.298359 22.265601 19.459525 141521571879.000000
-0.029053 -0.882568 0.094482 12.566339 25.193680 20.008540 141521574796.000000
-0.014160 -0.900879 0.104980 12.383334 25.559690 19.337522 141521577712.000000
-0.004150 -0.941650 0.117920 12.810346 24.766669 18.910511 141521580627.000000
-0.018066 -0.983398 0.140137 13.481364 22.448606 18.422497 141521583545.000000
0.025879 -1.019531 0.103760 13.054352 17.507473 17.080461 141521586461.000000
0.042969 -1.051270 0.123047 13.054352 13.176356 16.409443 141521589390.000000
0.052734 -1.068848 0.123535 12.383334 8.296224 15.616422 141521592352.000000
0.065186 -1.086426 0.124268 11.651315 3.965107 15.311413 141521595271.000000
0.080811 -1.098633 0.149170 10.309278 0.854023 14.823400 141521598187.000000
0.088623 -1.113770 0.169678 9.882267 -3.050082 13.969377 141521601113.000000
0.095459 -1.082764 0.165039 8.418227 -6.100165 14.396389 141521604032.000000
0.063721 -1.073486 0.184570 7.869212 -9.394254 14.335387 141521606959.000000
0.028076 -1.048340 0.181641 6.222168 -12.627341 14.762399 141521609873.000000
-0.004639 -1.021973 0.176270 5.063137 -15.982432 15.006405 141521612791.000000
-0.023926 -0.997070 0.161621 3.904105 -19.154517 14.762399 141521615710.000000
-0.042236 -0.981934 0.168945 2.989081 -22.326603 15.311413 141521618625.000000
-0.046387 -0.962891 0.166504 1.952053 -24.827670 15.738425 141521621549.000000
-0.047119 -0.969238 0.159912 1.220033 -25.925700 15.921430 141521624467.000000
-0.026367 -0.959229 0.133789 -0.305008 -27.633746 16.104435 141521627383.000000
-0.025635 -0.963379 0.163086 -0.854023 -27.999756 16.104435 141521630299.000000
-0.019287 -0.965576 0.159912 -1.891051 -26.596718 16.531446 141521633226.000000
-0.015137 -0.958496 0.147949 -2.867077 -24.766669 16.531446 141521636142.000000
-0.026123 -0.953369 0.145020 -3.904105 -22.570609 16.287440 141521639058.000000
-0.034912 -0.953613 0.137207 -4.758128 -19.276520 16.958458 141521641981.000000
-0.045166 -0.943115 0.138428 -5.490148 -16.531446 16.775453 141521644901.000000
-0.063477 -0.936035 0.124023 -6.466175 -13.542366 17.263466 141521647817.000000
-0.099121 -0.945557 0.136475 -6.588178 -10.614287 17.507473 141521650734.000000
-0.107910 -0.936035 0.094971 -7.259196 -9.333252 17.263466 141521653682.000000
-0.147949 -0.942627 0.114746 -7.503203 -7.564204 17.019460 141521656600.000000
-0.177734 -0.949951 0.110840 -7.442201 -6.771183 16.470445 141521659524.000000
-0.190674 -0.953125 0.101318 -7.808211 -6.588178 16.165436 141521662445.000000
-0.193604 -0.962891 0.104004 -7.198194 -7.564204 15.982432 141521665360.000000
-0.204102 -0.987793 0.111084 -6.771183 -8.174221 15.189410 141521668277.000000
-0.186035 -0.976074 0.075684 -6.954188 -9.638260 14.396389 141521671196.000000
-0.191162 -0.983643 0.091309 -6.771183 -10.980296 13.908376 141521674112.000000
-0.180176 -0.991211 0.093262 -7.076191 -12.322333 13.847374 141521677028.000000
-0.175537 -0.984619 0.093262 -6.832184 -13.115354 13.481364 141521679944.000000
-0.146484 -0.989746 0.088379 -6.710181 -15.189410 12.688343 141521682864.000000
-0.119141 -0.973145 0.090576 -6.222168 -16.165436 12.200329 141521685780.000000
-0.105713 -0.988037 0.088867 -6.405173 -16.775453 11.956323 141521688695.000000
