-0.130127 -0.981201 -0.205078 -5.063137 14.030379 10.370280 162958241659.000000
-0.133301 -0.983154 -0.208252 -5.185140 14.640395 10.919295 162958244571.000000
-0.133057 -0.983887 -0.214844 -5.307143 15.006405 11.407308 162958247510.000000
-0.130127 -0.976807 -0.210205 -5.429147 15.128408 11.773318 162958250424.000000
-0.129883 -0.977539 -0.209473 -5.917160 15.372415 12.017324 162958253332.000000
-0.129395 -0.977295 -0.211914 -5.795156 16.165436 12.688343 162958256244.000000
-0.134766 -0.977051 -0.215088 -6.039163 16.287440 12.810346 162958259185.000000
-0.128906 -0.976563 -0.219238 -6.344171 16.775453 13.176356 162958262101.000000
-0.128418 -0.979004 -0.216797 -6.100165 17.507473 13.359361 162958265028.000000
-0.123047 -0.980225 -0.223633 -6.466175 17.995486 13.969377 162958267940.000000
-0.129639 -0.980469 -0.223145 -6.710181 18.666504 13.847374 162958270850.000000
-0.128418 -0.985107 -0.227051 -6.893186 19.398524 14.091380 162958273759.000000
-0.125000 -0.990234 -0.233643 -7.198194 20.252547 14.213384 162958276666.000000
-0.121582 -0.994385 -0.228271 -7.137193 20.984567 14.335387 162958279579.000000
-0.124512 -1.000977 -0.241943 -7.198194 21.777588 14.457390 162958282490.000000
-0.124512 -1.010254 -0.239258 -7.747209 22.570609 14.396389 162958285399.000000
-0.121338 -1.014648 -0.246094 -7.625206 23.302629 14.518392 162958288315.000000
-0.121582 -1.026123 -0.246826 -7.808211 24.278656 14.701397 162958291225.000000
-0.125977 -1.030762 -0.250977 -7.991216 24.888672 14.457390 162958294139.000000
-0.126953 -1.033691 -0.251953 -8.357226 25.559690 14.579394 162958297053.000000
-0.130127 -1.044678 -0.257324 -8.479229 26.291710 14.152382 162958299971.000000
-0.137207 -1.051514 -0.259033 -8.845239 26.840725 13.908376 162958302883.000000
-0.137695 -1.055664 -0.259033 -8.601232 26.962728 13.481364 162958305792.000000
-0.139648 -1.055664 -0.255371 -8.723236 27.389740 13.542366 162958308707.000000
-0.146240 -1.062988 -0.268555 -9.211249 27.511743 12.871348 162958311626.000000
-0.153809 -1.063721 -0.259766 -9.150247 27.145733 12.566339 162958314542.000000
-0.161377 -1.060791 -0.270996 -9.272250 27.084731 12.444336 162958317493.000000
-0.163574 -1.063721 -0.264648 -8.967242 26.413713 12.261331 162958320412.000000
-0.168457 -1.061523 -0.259033 -8.967242 26.047703 11.651315 162958323332.000000
-0.166748 -1.054199 -0.261230 -9.150247 25.620692 11.407308 162958326249.000000
-0.170654 -1.047119 -0.260498 -9.028244 24.949674 10.797292 162958329178.000000
-0.171875 -1.045898 -0.261230 -9.028244 24.278656 10.370280 162958332094.000000
-0.169678 -1.033691 -0.254639 -8.967242 23.607637 9.760264 162958335011.000000
-0.176514 -1.024170 -0.253418 -9.333252 22.753614 9.638260 162958337936.000000
-0.175049 -1.020020 -0.260010 -8.845239 22.265601 8.906240 162958340855.000000
-0.178955 -1.010498 -0.251709 -8.845239 21.838590 8.906240 162958343771.000000
-0.178223 -1.002441 -0.254395 -9.211249 21.228573 8.906240 162958346690.000000
-0.180176 -0.986084 -0.246826 -8.967242 20.618557 8.601232 162958349608.000000
-0.176758 -0.977783 -0.247070 -9.333252 20.313548 8.418227 162958352525.000000
-0.181885 -0.961914 -0.239746 -9.272250 19.947539 8.418227 162958355444.000000
-0.180664 -0.950195 -0.240967 -9.333252 19.886537 8.235222 162958358364.000000
-0.174805 -0.937744 -0.238281 -9.455255 19.398524 8.479229 162958361282.000000
-0.175049 -0.921875 -0.227783 -9.394254 19.459525 8.235222 162958364197.000000
-0.174072 -0.904053 -0.229492 -9.516257 19.764534 8.357226 162958367107.000000
-0.177734 -0.895020 -0.220703 -9.821265 19.581529 8.052217 162958370021.000000
-0.174561 -0.875977 -0.220947 -9.760264 19.703532 8.052217 162958372932.000000
-0.171631 -0.867432 -0.225098 -10.065272 19.947539 8.052217 162958375841.000000
-0.172119 -0.852783 -0.215332 -10.126273 20.008540 7.869212 162958378752.000000
-0.171387 -0.839844 -0.209717 -10.187275 20.374550 7.991216 162958381662.000000
-0.171875 -0.829834 -0.213867 -10.187275 20.740560 8.113219 162958384570.000000
-0.169434 -0.820068 -0.203613 -10.736290 21.045568 8.235222 162958387507.000000
-0.172363 -0.812012 -0.200928 -10.553285 21.289575 8.479229 162958390423.000000
-0.175049 -0.809082 -0.202393 -10.614287 22.021595 8.540231 162958393341.000000
-0.177490 -0.795898 -0.197998 -11.102300 22.448606 8.601232 162958396255.000000
-0.171631 -0.789063 -0.197754 -11.041298 22.997621 8.784237 162958399180.000000
-0.177490 -0.786133 -0.195068 -10.919295 23.729641 8.662234 162958402097.000000
-0.175049 -0.784668 -0.198975 -11.224303 24.461660 9.150247 162958405015.000000
-0.178711 -0.783447 -0.198486 -10.675288 25.010675 9.333252 162958407934.000000
-0.178223 -0.778320 -0.199219 -10.980296 25.681693 9.516257 162958410850.000000
-0.179199 -0.778809 -0.199951 -10.858293 26.169707 9.455255 162958413769.000000
-0.185303 -0.778564 -0.193604 -10.614287 26.718721 9.516257 162958416686.000000
-0.185303 -0.778076 -0.196045 -10.553285 27.023730 9.455255 162958419611.000000
-0.195068 -0.777832 -0.196045 -10.309278 27.206735 9.760264 162958422526.000000
-0.197998 -0.781982 -0.191406 -10.065272 26.962728 9.699262 162958425443.000000
-0.202393 -0.783447 -0.193115 -10.065272 26.962728 9.516257 162958428363.000000
-0.212158 -0.776367 -0.197754 -9.394254 26.535716 9.699262 162958431284.000000
-0.210938 -0.782715 -0.201660 -9.211249 25.803697 9.394254 162958434200.000000
-0.212646 -0.778809 -0.192871 -9.089245 25.132679 9.516257 162958437117.000000
-0.215332 -0.779785 -0.202393 -8.601232 24.217654 9.455255 162958440066.000000
-0.217041 -0.781494 -0.197754 -8.113219 23.851644 9.211249 162958442988.000000
-0.211670 -0.780762 -0.207031 -7.625206 23.180626 9.150247 162958445912.000000
-0.219482 -0.782715 -0.204346 -7.259196 22.448606 8.845239 162958448833.000000
-0.217529 -0.787109 -0.208008 -6.771183 21.655585 8.723236 162958451759.000000
-0.213867 -0.787109 -0.207764 -6.649180 21.289575 8.540231 162958454677.000000
-0.209717 -0.792480 -0.210938 -5.673153 20.435552 8.174221 162958457599.000000
-0.210693 -0.801025 -0.219238 -5.185140 20.313548 7.808211 162958460527.000000
-0.204590 -0.803711 -0.221191 -4.880132 19.825535 7.381199 162958463451.000000
-0.202637 -0.812744 -0.225830 -4.148112 19.398524 7.137193 162958466368.000000
-0.199707 -0.821045 -0.231201 -3.416092 19.154517 6.527176 162958469285.000000
-0.198730 -0.826660 -0.237305 -2.867077 18.666504 6.405173 162958472204.000000
-0.193359 -0.838379 -0.236328 -2.501068 18.727506 5.734155 162958475115.000000
-0.197266 -0.843506 -0.248535 -1.769048 18.422497 5.368145 162958478026.000000
-0.197266 -0.856689 -0.246826 -1.220033 18.239492 4.880132 162958480938.000000
-0.193604 -0.859131 -0.248047 -0.488013 17.995486 4.331117 162958483850.000000
-0.195801 -0.870361 -0.255127 -0.183005 17.873483 3.477094 162958486758.000000
-0.192139 -0.878906 -0.266846 0.793021 17.812481 3.111084 162958489674.000000
-0.197510 -0.893555 -0.263916 1.281035 17.385469 2.318063 162958492584.000000
-0.201660 -0.902832 -0.267822 2.257061 17.141463 1.891051 162958495499.000000
-0.200195 -0.913818 -0.265137 2.867077 16.958458 0.976026 162958498413.000000
-0.202393 -0.923096 -0.272705 3.660099 16.836455 0.122003 162958501332.000000
-0.202881 -0.931641 -0.280273 4.148112 16.714451 -0.549015 162958504248.000000
-0.207520 -0.942383 -0.279541 5.185140 16.226438 -1.342036 162958507164.000000
-0.205322 -0.949951 -0.278320 6.222168 16.348441 -2.318063 162958510083.000000
-0.203369 -0.959473 -0.281982 6.588178 15.860428 -2.745074 162958513000.000000
-0.208008 -0.967285 -0.280762 7.320198 15.738425 -3.721100 162958515916.000000
-0.209229 -0.970215 -0.278809 8.540231 15.555420 -4.758128 162958518840.000000
-0.211670 -0.978760 -0.281982 8.845239 15.494418 -5.612152 162958521761.000000
-0.211426 -0.978516 -0.284180 9.455255 15.372415 -6.283170 162958524679.000000
-0.211182 -0.981689 -0.285889 10.370280 15.250412 -6.832184 162958527602.000000
-0.215088 -0.987549 -0.288086 10.858293 15.250412 -7.747209 162958530524.000000
-0.214355 -0.988281 -0.290039 11.285305 14.823400 -8.418227 162958533440.000000
-0.213135 -0.987793 -0.290771 11.895321 14.762399 -9.333252 162958536356.000000
-0.217773 -0.992432 -0.287354 12.444336 14.762399 -10.004270 162958539283.000000
-0.216553 -0.985596 -0.294189 12.627341 14.518392 -10.736290 162958542201.000000
-0.218262 -0.980225 -0.285645 13.176356 14.091380 -11.224303 162958545117.000000
-0.219971 -0.975830 -0.286621 13.176356 14.030379 -12.139328 162958548039.000000
-0.217285 -0.972656 -0.286377 13.847374 13.542366 -12.627341 162958550954.000000
-0.216553 -0.964844 -0.287598 13.725371 13.298359 -13.054352 162958553869.000000
-0.217773 -0.961182 -0.285400 13.786372 12.810346 -13.969377 162958556785.000000
-0.218750 -0.953613 -0.284180 13.969377 12.505338 -14.701397 162958559710.000000
-0.212646 -0.945801 -0.281006 14.030379 11.773318 -14.945404 162958562807.000000
-0.219482 -0.941162 -0.275391 13.969377 11.163301 -15.555420 162958565719.000000
-0.221436 -0.933105 -0.279297 13.542366 10.675288 -16.226438 162958568631.000000
-0.223877 -0.928223 -0.282959 13.298359 9.882267 -16.531446 162958571541.000000
-0.226563 -0.918945 -0.274902 12.810346 8.906240 -16.592448 162958574453.000000
-0.225586 -0.911621 -0.271240 12.627341 8.296224 -17.385469 162958577361.000000
-0.224365 -0.905273 -0.271484 12.505338 7.381199 -17.324468 162958580311.000000
-0.227783 -0.899414 -0.268066 12.017324 6.405173 -17.690478 162958583218.000000
-0.230957 -0.894775 -0.265869 11.529311 5.795156 -17.385469 162958586133.000000
-0.234131 -0.888916 -0.260254 11.041298 4.453120 -17.568474 162958589049.000000
-0.237305 -0.889160 -0.264648 10.492283 3.599097 -17.751479 162958591959.000000
-0.240234 -0.886719 -0.260986 10.065272 2.501068 -17.629476 162958594870.000000
-0.246582 -0.882080 -0.264404 9.394254 0.610016 -17.995486 162958597785.000000
-0.252441 -0.886475 -0.266846 8.784237 -0.854023 -18.056488 162958600705.000000
-0.257324 -0.885498 -0.262695 8.174221 -2.745074 -18.117489 162958603621.000000
-0.256592 -0.880615 -0.264160 7.686208 -4.392119 -18.300494 162958606537.000000
-0.252441 -0.884277 -0.258301 7.564204 -6.405173 -18.239492 162958609459.000000
-0.257568 -0.886963 -0.251709 6.893186 -8.296224 -18.178491 162958612376.000000
-0.254639 -0.883545 -0.260010 6.405173 -10.065272 -18.422497 162958615292.000000
-0.252930 -0.885742 -0.257813 5.734155 -12.139328 -18.483499 162958618212.000000
-0.253174 -0.887939 -0.263916 5.307143 -13.786372 -18.544501 162958621128.000000
-0.253906 -0.885010 -0.270264 4.819130 -15.616422 -18.239492 162958624044.000000
-0.254883 -0.889160 -0.269043 4.331117 -17.446471 -18.544501 162958626962.000000
-0.252930 -0.891846 -0.270264 3.843104 -18.849509 -18.178491 162958629888.000000
-0.255859 -0.898682 -0.273438 3.355091 -20.618557 -18.361496 162958632805.000000
-0.257324 -0.907959 -0.267822 3.233087 -22.448606 -18.117489 162958635720.000000
-0.257813 -0.916748 -0.273682 2.684072 -23.729641 -18.300494 162958638640.000000
-0.257568 -0.924072 -0.270508 2.379064 -25.498688 -17.873483 162958641568.000000
-0.255371 -0.933350 -0.281006 2.135058 -26.718721 -17.873483 162958644481.000000
-0.252441 -0.940674 -0.277832 2.135058 -28.365766 -18.239492 162958647396.000000
-0.253418 -0.946045 -0.276367 1.647044 -29.341792 -17.812481 162958650355.000000
-0.254150 -0.945557 -0.275879 1.525041 -30.561825 -17.873483 162958653271.000000
-0.251953 -0.957275 -0.273926 1.769048 -31.964863 -17.751479 162958656188.000000
-0.252686 -0.961914 -0.274414 1.220033 -32.940889 -17.568474 162958659112.000000
-0.252930 -0.967529 -0.280029 1.464040 -33.733911 -17.019460 162958662027.000000
-0.252441 -0.970703 -0.279053 1.220033 -34.465931 -17.080461 162958664943.000000
-0.246826 -0.972656 -0.280273 1.037028 -35.319954 -16.775453 162958667856.000000
-0.245117 -0.974609 -0.275879 0.976026 -35.746965 -16.531446 162958670767.000000
-0.242432 -0.975342 -0.280029 1.342036 -35.624962 -15.860428 162958673678.000000
-0.234131 -0.977295 -0.278809 1.159031 -35.746965 -15.616422 162958676584.000000
-0.229248 -0.977783 -0.281494 1.037028 -35.746965 -15.067407 162958679494.000000
-0.226563 -0.981934 -0.276367 0.793021 -35.197950 -14.518392 162958682410.000000
-0.222900 -0.984131 -0.283203 1.159031 -34.770939 -13.664369 162958685319.000000
-0.216064 -0.981934 -0.278320 0.854023 -33.916916 -13.237357 162958688230.000000
-0.219727 -0.985596 -0.280762 1.098030 -32.818886 -12.444336 162958691140.000000
-0.213867 -0.985352 -0.279541 0.671018 -32.025865 -11.651315 162958694049.000000
-0.210938 -0.984619 -0.268799 0.976026 -30.805832 -10.797292 162958696957.000000
-0.210205 -0.985352 -0.282227 0.610016 -29.646800 -9.699262 162958699874.000000
-0.209229 -0.984131 -0.273926 0.793021 -28.365766 -9.150247 162958702793.000000
-0.205811 -0.987549 -0.281250 0.549015 -26.901726 -8.113219 162958705710.000000
-0.209717 -0.989746 -0.273682 0.732020 -25.803697 -7.259196 162958708635.000000
-0.202881 -0.988770 -0.283203 0.610016 -24.583664 -6.527176 162958711553.000000
-0.209961 -0.993896 -0.269775 0.793021 -23.119624 -5.551150 162958714468.000000
-0.207764 -0.991455 -0.274170 0.610016 -21.838590 -4.697127 162958717384.000000
-0.206543 -0.996338 -0.272705 0.122003 -20.496553 -3.721100 162958720339.000000
-0.209961 -0.993896 -0.271973 0.488013 -19.276520 -2.623071 162958723255.000000
-0.202148 -0.992676 -0.267822 0.366010 -18.300494 -1.708046 162958726171.000000
-0.208008 -0.995117 -0.265869 0.366010 -16.775453 -0.732020 162958729097.000000
-0.210205 -0.995361 -0.277344 0.427012 -15.860428 -0.122003 162958732014.000000
-0.206299 -0.996338 -0.263184 0.244007 -14.518392 1.159031 162958734931.000000
-0.209473 -0.993652 -0.267578 0.244007 -13.237357 2.074056 162958737853.000000
-0.209229 -0.993164 -0.268066 0.061002 -12.200329 3.111084 162958740774.000000
-0.203857 -0.992432 -0.265625 -0.122003 -10.919295 3.843104 162958743691.000000
-0.204346 -0.991699 -0.270264 -0.061002 -9.943268 4.880132 162958746607.000000
-0.202148 -0.986084 -0.260742 -0.427012 -8.540231 5.673153 162958749532.000000
-0.202637 -0.983643 -0.266846 0.000000 -7.808211 6.649180 162958752449.000000
-0.200684 -0.985840 -0.262939 -0.549015 -6.283170 7.686208 162958755367.000000
-0.196289 -0.985596 -0.260986 -0.671018 -5.307143 8.540231 162958758288.000000
-0.195801 -0.977783 -0.263184 -0.976026 -4.270115 9.455255 162958761209.000000
-0.193115 -0.972656 -0.263672 -1.159031 -2.989081 10.370280 162958764125.000000
-0.192627 -0.967285 -0.258545 -1.647044 -1.830049 11.346306 162958767035.000000
-0.183594 -0.967285 -0.255859 -1.586043 -0.427012 12.139328 162958769952.000000
-0.179443 -0.958740 -0.254150 -2.379064 0.488013 13.054352 162958772864.000000
-0.181396 -0.957275 -0.259033 -2.623071 1.830049 13.969377 162958775782.000000
-0.175293 -0.950439 -0.253662 -3.050082 3.050082 14.762399 162958778700.000000
-0.177002 -0.943848 -0.257813 -3.233087 4.026109 15.677423 162958781611.000000
-0.173828 -0.936523 -0.250977 -4.087110 5.246142 16.287440 162958784520.000000
-0.170410 -0.930176 -0.251465 -4.209114 6.527176 16.714451 162958787430.000000
-0.168213 -0.933105 -0.252441 -4.819130 7.869212 17.507473 162958790376.000000
-0.165771 -0.927734 -0.247803 -5.490148 8.479229 18.544501 162958793285.000000
-0.166260 -0.923096 -0.245605 -5.978161 10.004270 18.849509 162958796192.000000
-0.164063 -0.915283 -0.248047 -6.283170 10.614287 19.337522 162958799108.000000
-0.163086 -0.918457 -0.237305 -7.076191 11.773318 20.008540 162958802027.000000
-0.166016 -0.913086 -0.245850 -7.686208 12.444336 20.252547 162958804946.000000
-0.162842 -0.916748 -0.244873 -8.174221 13.237357 20.679558 162958807864.000000
-0.165039 -0.908691 -0.237793 -8.540231 13.969377 20.740560 162958810780.000000
-0.166016 -0.907959 -0.232910 -9.028244 14.213384 21.106570 162958813695.000000
-0.173096 -0.904297 -0.230225 -9.516257 14.762399 21.411578 162958816611.000000
-0.169189 -0.907471 -0.234619 -9.882267 14.945404 21.350576 162958819537.000000
-0.172852 -0.899658 -0.230713 -10.553285 15.067407 21.350576 162958822457.000000
-0.171631 -0.897461 -0.225342 -10.797292 15.067407 21.716586 162958825374.000000
-0.174316 -0.891602 -0.218506 -11.285305 15.128408 21.838590 162958828297.000000
-0.173584 -0.889893 -0.224121 -11.651315 15.067407 21.838590 162958831210.000000
-0.175049 -0.890625 -0.222168 -12.200329 14.640395 21.594583 162958834126.000000
-0.176514 -0.880859 -0.210449 -12.200329 14.335387 21.289575 162958837042.000000
-0.175781 -0.878662 -0.214844 -13.115354 14.091380 21.228573 162958839969.000000
-0.174316 -0.874268 -0.214844 -12.993351 13.603367 20.923565 162958842885.000000
-0.177002 -0.874512 -0.212402 -13.725371 13.481364 20.801562 162958845804.000000
-0.176758 -0.869873 -0.214844 -13.969377 12.505338 20.313548 162958848723.000000
-0.176025 -0.866699 -0.208496 -14.152382 12.017324 19.947539 162958851638.000000
-0.177002 -0.866455 -0.212402 -14.274385 11.285305 19.642530 162958854553.000000
-0.178223 -0.866699 -0.213623 -14.762399 10.431282 19.093516 162958857474.000000
-0.179932 -0.863037 -0.205811 -14.945404 9.821265 18.666504 162958860389.000000
-0.178223 -0.871094 -0.210938 -15.250412 8.845239 17.995486 162958863453.000000
-0.177979 -0.875000 -0.210693 -15.189410 8.235222 17.324468 162958866368.000000
-0.180420 -0.881592 -0.213379 -15.189410 6.649180 16.714451 162958869281.000000
-0.182861 -0.892090 -0.212646 -15.311413 5.856158 16.104435 162958872199.000000
-0.184814 -0.902588 -0.218994 -15.189410 4.514122 15.006405 162958875111.000000
-0.185303 -0.911377 -0.210693 -15.311413 3.599097 14.091380 162958878028.000000
-0.185059 -0.925537 -0.216064 -15.128408 2.074056 13.542366 162958880941.000000
-0.189697 -0.941650 -0.212402 -14.762399 0.793021 12.078326 162958883856.000000
-0.187988 -0.950684 -0.217285 -14.213384 -0.366010 11.346306 162958886764.000000
-0.192139 -0.967285 -0.213623 -13.786372 -1.586043 10.309278 162958889676.000000
-0.196045 -0.980469 -0.215820 -13.420362 -3.050082 9.394254 162958892587.000000
-0.200439 -0.991455 -0.222168 -12.932349 -4.453120 8.479229 162958895496.000000
-0.196777 -1.001709 -0.219971 -12.200329 -5.612152 7.442201 162958898411.000000
-0.203613 -1.012207 -0.218994 -11.468310 -7.015189 6.466175 162958901330.000000
-0.201660 -1.022461 -0.226563 -11.041298 -8.052217 5.368145 162958904246.000000
-0.201660 -1.029785 -0.225098 -10.004270 -9.638260 4.697127 162958907162.000000
-0.207031 -1.033203 -0.228516 -9.516257 -10.309278 3.538096 162958910081.000000
-0.205078 -1.033447 -0.223145 -8.479229 -11.163301 2.684072 162958913000.000000
-0.206299 -1.036865 -0.221436 -7.930214 -11.956323 1.708046 162958915917.000000
-0.205566 -1.038574 -0.225830 -7.076191 -12.810346 0.915025 162958918840.000000
-0.202881 -1.037598 -0.226074 -6.527176 -13.359361 0.061002 162958921761.000000
-0.202637 -1.032227 -0.228271 -5.612152 -14.152382 -0.793021 162958924676.000000
-0.204346 -1.027588 -0.222656 -4.880132 -14.762399 -1.403038 162958927596.000000
-0.201660 -1.021729 -0.232666 -4.453120 -14.945404 -2.196059 162958930516.000000
-0.197754 -1.018555 -0.229248 -3.294089 -15.677423 -2.989081 162958933432.000000
-0.197754 -1.008545 -0.228027 -3.050082 -15.799427 -3.355091 162958936347.000000
-0.193604 -1.002441 -0.228027 -2.562069 -15.921430 -4.453120 162958939274.000000
-0.187744 -0.996094 -0.224121 -2.013054 -16.043433 -4.880132 162958942191.000000
-0.192627 -0.988770 -0.218018 -1.342036 -16.226438 -5.551150 162958945105.000000
-0.188965 -0.983398 -0.216553 -1.159031 -16.470445 -6.039163 162958948025.000000
-0.189697 -0.976807 -0.220215 -0.732020 -16.409443 -6.466175 162958950938.000000
-0.187256 -0.975098 -0.223145 -0.427012 -16.226438 -7.198194 162958953860.000000
-0.181396 -0.971680 -0.213379 0.122003 -16.226438 -7.747209 162958956776.000000
-0.186768 -0.969727 -0.211670 0.549015 -16.104435 -7.808211 162958959704.000000
-0.183594 -0.969482 -0.215820 1.037028 -16.043433 -8.479229 162958962617.000000
-0.186035 -0.972168 -0.210938 1.037028 -15.860428 -8.845239 162958965532.000000
-0.191162 -0.972656 -0.216064 1.586043 -15.616422 -9.333252 162958968446.000000
-0.183838 -0.977539 -0.217285 1.952053 -15.311413 -9.638260 162958971388.000000
-0.189941 -0.979492 -0.226074 2.196059 -15.250412 -9.882267 162958974301.000000
-0.191406 -0.977295 -0.220215 2.562069 -14.945404 -10.431282 162958977216.000000
-0.193115 -0.984863 -0.211182 2.989081 -14.579394 -10.553285 162958980126.000000
-0.190674 -0.991699 -0.212891 3.416092 -14.335387 -11.224303 162958983046.000000
-0.195801 -0.998779 -0.217773 3.599097 -14.152382 -11.285305 162958985957.000000
-0.193115 -1.000732 -0.218506 4.392119 -13.725371 -11.407308 162958988898.000000
-0.199219 -1.001709 -0.217285 4.392119 -13.603367 -11.712316 162958991808.000000
-0.201172 -1.004883 -0.217285 5.124138 -13.115354 -11.834320 162958994717.000000
-0.203857 -1.009766 -0.224365 5.124138 -12.932349 -12.200329 162958997628.000000
-0.204102 -1.009521 -0.220215 5.429147 -12.444336 -11.956323 162959000548.000000
-0.206055 -1.010742 -0.229736 6.039163 -12.505338 -12.139328 162959003466.000000
-0.205078 -1.008301 -0.223145 6.283170 -12.261331 -12.444336 162959006382.000000
-0.209961 -1.008057 -0.219482 6.893186 -11.956323 -12.383334 162959009302.000000
-0.208252 -1.007568 -0.227539 6.954188 -11.468310 -12.566339 162959012216.000000
-0.215576 -1.005127 -0.218994 7.198194 -11.407308 -12.627341 162959015130.000000
-0.216309 -1.003174 -0.215088 7.381199 -11.102300 -12.200329 162959018053.000000
-0.221436 -1.004639 -0.207520 7.686208 -11.041298 -12.261331 162959020971.000000
-0.218994 -0.999268 -0.216064 7.930214 -10.675288 -12.017324 162959023887.000000
-0.216553 -0.997314 -0.206055 7.747209 -10.187275 -12.200329 162959026806.000000
-0.213379 -0.991943 -0.215332 7.808211 -10.309278 -11.956323 162959029731.000000
-0.213135 -0.993652 -0.207275 7.747209 -9.455255 -12.017324 162959032650.000000
-0.209961 -0.983643 -0.208984 7.442201 -9.333252 -11.956323 162959035566.000000
-0.209229 -0.983887 -0.203857 7.503203 -8.479229 -11.773318 162959038487.000000
-0.209229 -0.974854 -0.207031 7.442201 -8.357226 -11.590313 162959041408.000000
-0.208252 -0.972900 -0.204102 7.503203 -7.198194 -11.163301 162959044324.000000
-0.205322 -0.970215 -0.204102 7.076191 -6.710181 -11.041298 162959047240.000000
-0.201660 -0.969971 -0.201416 6.466175 -5.856158 -10.797292 162959050159.000000
-0.202881 -0.964111 -0.201660 6.466175 -5.185140 -10.248277 162959053077.000000
-0.202881 -0.959717 -0.195068 5.856158 -4.270115 -9.882267 162959055993.000000
-0.205078 -0.946777 -0.204102 5.551150 -3.416092 -9.638260 162959058917.000000
-0.198975 -0.943604 -0.201904 5.002135 -2.745074 -9.455255 162959061834.000000
-0.200684 -0.940186 -0.197021 4.514122 -1.586043 -8.784237 162959064751.000000
-0.202148 -0.940186 -0.192871 4.331117 -0.793021 -8.662234 162959067663.000000
-0.205811 -0.929199 -0.192139 3.477094 -0.122003 -7.991216 162959070601.000000
-0.207764 -0.928223 -0.191406 3.111084 0.366010 -7.564204 162959073519.000000
-0.211426 -0.923096 -0.188721 2.440066 0.671018 -7.137193 162959076429.000000
-0.216064 -0.921631 -0.182861 2.074056 1.098030 -6.649180 162959079337.000000
-0.217041 -0.919922 -0.181396 1.525041 1.403038 -6.405173 162959082248.000000
-0.219482 -0.912842 -0.175049 0.915025 1.708046 -5.734155 162959085157.000000
-0.217773 -0.908936 -0.175049 0.610016 1.403038 -5.551150 162959088068.000000
-0.220215 -0.908691 -0.169922 0.488013 1.525041 -5.429147 162959090978.000000
-0.224854 -0.909668 -0.168457 -0.488013 1.159031 -4.880132 162959093887.000000
-0.219727 -0.909912 -0.168213 -0.854023 0.671018 -4.392119 162959096796.000000
-0.224854 -0.906982 -0.165039 -1.342036 0.244007 -4.453120 162959099713.000000
-0.227539 -0.902588 -0.161865 -1.586043 -0.305008 -4.087110 162959102633.000000
-0.231445 -0.901367 -0.157715 -2.318063 -1.464040 -3.965107 162959105551.000000
-0.230225 -0.904053 -0.152832 -2.196059 -1.769048 -3.843104 162959108470.000000
-0.232178 -0.902100 -0.153320 -2.867077 -2.867077 -3.660099 162959111388.000000
-0.236816 -0.897705 -0.159180 -2.806076 -3.660099 -3.477094 162959114311.000000
-0.230957 -0.900391 -0.152344 -3.172086 -4.697127 -3.294089 162959117229.000000
-0.230957 -0.905029 -0.147949 -3.355091 -5.490148 -3.172086 162959120157.000000
-0.222900 -0.906250 -0.150391 -3.721100 -6.039163 -3.172086 162959123075.000000
-0.219482 -0.904785 -0.147461 -3.660099 -6.832184 -2.928079 162959125991.000000
-0.220947 -0.910156 -0.155029 -3.782102 -7.076191 -3.172086 162959128926.000000
-0.218262 -0.912109 -0.163086 -4.087110 -7.747209 -2.623071 162959131843.000000
-0.217041 -0.908936 -0.156738 -4.026109 -7.991216 -2.562069 162959134759.000000
-0.214355 -0.916504 -0.161621 -3.843104 -8.113219 -2.257061 162959137683.000000
-0.218506 -0.921631 -0.165527 -3.965107 -8.174221 -2.135058 162959140605.000000
-0.222412 -0.921631 -0.162354 -3.782102 -8.479229 -1.708046 162959143521.000000
-0.215332 -0.921143 -0.167480 -3.721100 -8.723236 -1.342036 162959146437.000000
-0.213867 -0.927979 -0.163330 -3.660099 -8.845239 -1.464040 162959149361.000000
-0.215576 -0.929199 -0.166992 -3.538096 -8.906240 -1.220033 162959152275.000000
-0.207520 -0.927002 -0.170166 -3.233087 -8.845239 -1.159031 162959155191.000000
-0.207031 -0.928955 -0.169434 -2.623071 -8.845239 -1.159031 162959158109.000000
-0.203369 -0.928467 -0.169678 -2.623071 -8.662234 -1.098030 162959161026.000000
-0.200195 -0.932617 -0.173340 -2.257061 -8.479229 -0.854023 162959163940.000000
-0.196777 -0.936523 -0.169434 -1.830049 -8.113219 -1.098030 162959166854.000000
-0.200195 -0.937012 -0.177246 -1.586043 -7.686208 -0.915025 162959169767.000000
-0.199707 -0.937988 -0.182617 -1.342036 -7.503203 -1.037028 162959172707.000000
-0.192627 -0.940674 -0.176514 -0.854023 -7.137193 -1.220033 162959175618.000000
-0.184570 -0.948486 -0.178467 -0.671018 -6.588178 -1.098030 162959178529.000000
-0.190430 -0.946533 -0.183350 -0.183005 -6.283170 -1.342036 162959181441.000000
-0.194580 -0.949219 -0.183594 0.183005 -5.734155 -1.464040 162959184351.000000
-0.193359 -0.953857 -0.187012 0.610016 -5.124138 -1.586043 162959187260.000000
-0.189941 -0.959961 -0.187988 0.854023 -4.819130 -1.708046 162959190172.000000
-0.190674 -0.956543 -0.183350 1.525041 -4.087110 -1.647044 162959193082.000000
-0.192383 -0.962158 -0.192383 1.647044 -3.721100 -1.952053 162959197090.000000
-0.185303 -0.961670 -0.188965 2.440066 -2.928079 -2.196059 162959200047.000000
-0.192871 -0.961914 -0.185303 2.867077 -2.257061 -2.684072 162959202969.000000
-0.189453 -0.960449 -0.192871 3.477094 -2.135058 -2.562069 162959205885.000000
-0.192871 -0.960449 -0.191895 3.904105 -1.708046 -2.867077 162959208808.000000
-0.194336 -0.960938 -0.189453 4.331117 -1.037028 -3.050082 162959211723.000000
-0.192871 -0.962158 -0.188232 4.697127 -0.549015 -3.294089 162959214640.000000
-0.196045 -0.963135 -0.189697 5.612152 -0.366010 -3.477094 162959217563.000000
-0.199463 -0.966797 -0.193848 6.161166 0.183005 -3.660099 162959220481.000000
-0.204346 -0.965088 -0.187988 6.649180 0.244007 -3.843104 162959223395.000000
-0.202881 -0.965332 -0.192383 7.015189 0.793021 -4.087110 162959226310.000000
-0.201660 -0.968506 -0.196289 7.564204 0.854023 -4.453120 162959229234.000000
-0.208496 -0.972900 -0.194092 8.540231 0.915025 -4.514122 162959232151.000000
-0.206543 -0.978027 -0.200439 8.906240 1.342036 -4.636125 162959235066.000000
-0.205078 -0.971680 -0.204102 9.516257 1.769048 -4.941133 162959237985.000000
-0.202393 -0.976074 -0.198975 10.187275 2.074056 -4.819130 162959240896.000000
-0.201660 -0.967529 -0.201904 10.614287 2.501068 -5.307143 162959243813.000000
-0.199463 -0.972412 -0.211670 11.102300 2.806076 -4.758128 162959246728.000000
-0.199463 -0.969238 -0.214111 11.468310 3.172086 -5.185140 162959249647.000000
-0.196045 -0.964355 -0.218262 11.712316 3.538096 -5.063137 162959252564.000000
-0.197021 -0.966064 -0.221680 12.200329 3.843104 -5.368145 162959255479.000000
-0.192627 -0.965576 -0.224609 12.627341 4.209114 -5.307143 162959258398.000000
-0.191406 -0.962646 -0.227539 12.993351 4.575124 -5.490148 162959261313.000000
-0.190186 -0.959473 -0.231201 13.420362 4.758128 -5.490148 162959264227.000000
-0.194336 -0.960693 -0.233154 12.993351 4.880132 -5.673153 162959267144.000000
-0.193848 -0.955078 -0.233154 13.237357 5.124138 -5.734155 162959270056.000000
-0.194580 -0.959473 -0.233643 13.420362 5.124138 -5.978161 162959273000.000000
-0.191895 -0.959717 -0.232910 13.969377 5.063137 -6.100165 162959275910.000000
-0.193848 -0.960205 -0.229736 13.725371 4.819130 -6.039163 162959278824.000000
-0.196777 -0.957520 -0.236572 13.969377 4.636125 -6.405173 162959281735.000000
-0.202393 -0.958740 -0.236816 13.908376 4.636125 -6.344171 162959284643.000000
-0.203857 -0.960205 -0.231689 14.213384 4.270115 -6.344171 162959287553.000000
-0.202881 -0.961670 -0.228271 14.274385 3.660099 -6.161166 162959290463.000000
-0.208252 -0.961914 -0.230225 14.396389 3.477094 -6.344171 162959293370.000000
-0.208740 -0.967529 -0.227051 14.640395 3.294089 -6.222168 162959296278.000000
-0.209229 -0.969238 -0.222900 14.762399 3.050082 -6.344171 162959299196.000000
-0.217041 -0.962891 -0.229248 14.945404 2.562069 -6.100165 162959302113.000000
-0.211670 -0.970215 -0.229980 14.823400 2.501068 -6.100165 162959305030.000000
-0.215820 -0.971924 -0.220459 15.250412 1.891051 -5.856158 162959307950.000000
-0.216797 -0.969971 -0.225586 15.433417 1.769048 -5.734155 162959310866.000000
-0.219238 -0.968018 -0.220215 15.616422 1.464040 -5.429147 162959313781.000000
-0.219727 -0.972412 -0.221924 15.677423 1.098030 -5.307143 162959316711.000000
-0.223877 -0.969482 -0.217529 15.494418 1.464040 -4.819130 162959319636.000000
-0.219727 -0.966797 -0.223633 15.921430 1.098030 -4.758128 162959322555.000000
-0.217041 -0.969727 -0.222168 15.860428 0.854023 -4.453120 162959325471.000000
-0.219482 -0.964111 -0.225586 15.494418 1.159031 -4.087110 162959328393.000000
-0.212402 -0.963379 -0.224365 15.616422 1.037028 -3.538096 162959331306.000000
-0.211670 -0.960449 -0.218994 15.372415 1.098030 -3.111084 162959334222.000000
-0.214844 -0.956543 -0.222656 15.067407 1.769048 -2.440066 162959337138.000000
-0.208984 -0.956787 -0.222656 15.006405 2.074056 -2.135058 162959340058.000000
-0.197998 -0.951172 -0.226563 14.457390 2.501068 -1.403038 162959342973.000000
-0.195313 -0.955566 -0.224365 14.335387 3.233087 -0.793021 162959345891.000000
-0.195801 -0.947998 -0.225586 14.152382 3.843104 -0.427012 162959348809.000000
-0.190918 -0.945068 -0.228516 13.664369 4.819130 0.183005 162959351724.000000
-0.183838 -0.946045 -0.230469 13.176356 5.612152 1.037028 162959354640.000000
-0.183350 -0.946045 -0.222900 12.810346 6.283170 1.159031 162959357563.000000
-0.175781 -0.939697 -0.234375 12.322333 7.381199 1.769048 162959360481.000000
-0.178223 -0.938232 -0.226074 11.529311 7.869212 2.318063 162959363395.000000
-0.177490 -0.940430 -0.223389 11.285305 8.601232 2.379064 162959366310.000000
-0.171143 -0.936279 -0.225586 10.431282 9.272250 2.989081 162959369224.000000
-0.179443 -0.933594 -0.216797 10.126273 9.943268 3.355091 162959372161.000000
-0.179199 -0.940674 -0.219238 9.333252 9.821265 3.660099 162959375080.000000
-0.179199 -0.932861 -0.214111 8.723236 10.370280 3.782102 162959377992.000000
-0.184082 -0.929443 -0.214111 8.540231 10.736290 4.026109 162959380901.000000
-0.185791 -0.929443 -0.211670 7.808211 10.492283 4.392119 162959383809.000000
-0.190674 -0.929932 -0.220947 7.198194 10.553285 4.575124 162959386716.000000
-0.191895 -0.926270 -0.213623 6.832184 10.309278 4.941133 162959389628.000000
-0.196289 -0.928223 -0.209229 6.527176 9.699262 4.819130 162959392538.000000
-0.200684 -0.926025 -0.207764 6.161166 9.638260 4.758128 162959395449.000000
-0.205078 -0.923340 -0.202148 5.612152 8.967242 4.941133 162959398364.000000
-0.208496 -0.925537 -0.202393 5.490148 8.235222 4.697127 162959401283.000000
-0.209717 -0.919678 -0.205078 4.941133 7.503203 4.880132 162959404205.000000
-0.216064 -0.914063 -0.195557 4.697127 6.649180 4.758128 162959407122.000000
-0.210205 -0.913818 -0.193115 4.514122 5.734155 4.453120 162959410041.000000
-0.209961 -0.904541 -0.200684 4.270115 4.636125 4.270115 162959412959.000000
-0.208008 -0.902344 -0.193604 3.660099 3.660099 4.392119 162959415876.000000
-0.209717 -0.898926 -0.194824 3.965107 2.806076 4.148112 162959418798.000000
-0.206299 -0.898193 -0.193604 3.538096 1.464040 4.087110 162959421719.000000
-0.201904 -0.898438 -0.188965 3.477094 0.671018 3.782102 162959424636.000000
-0.198242 -0.901367 -0.201904 3.294089 -0.366010 3.599097 162959427558.000000
-0.197021 -0.898682 -0.199951 3.172086 -0.976026 2.989081 162959430477.000000
-0.192139 -0.897461 -0.197266 2.989081 -1.952053 2.806076 162959433394.000000
-0.188477 -0.897461 -0.201416 2.806076 -2.684072 2.623071 162959436311.000000
-0.189941 -0.901367 -0.205811 2.867077 -3.477094 2.013054 162959439235.000000
-0.187988 -0.905762 -0.202148 2.989081 -4.331117 1.647044 162959442151.000000
-0.184326 -0.912842 -0.203857 2.989081 -4.880132 1.403038 162959445066.000000
-0.182129 -0.919678 -0.208008 2.989081 -5.673153 0.793021 162959447985.000000
-0.184082 -0.919678 -0.206299 2.989081 -6.466175 0.488013 162959450905.000000
-0.182861 -0.925781 -0.211182 3.477094 -7.259196 0.000000 162959453819.000000
-0.179932 -0.925781 -0.208740 3.416092 -7.930214 -0.549015 162959456735.000000
-0.182129 -0.931641 -0.208496 3.660099 -8.662234 -0.793021 162959459669.000000
-0.183838 -0.934570 -0.213623 3.660099 -9.028244 -1.281035 162959462585.000000
-0.175049 -0.934326 -0.212402 4.148112 -10.126273 -1.891051 162959465501.000000
-0.176270 -0.928711 -0.214111 3.904105 -10.431282 -2.379064 162959468419.000000
-0.174561 -0.927979 -0.213135 4.331117 -11.163301 -2.928079 162959471336.000000
-0.175781 -0.920654 -0.208496 4.575124 -11.651315 -3.050082 162959474284.000000
-0.175537 -0.916260 -0.208740 4.331117 -12.566339 -3.782102 162959477197.000000
-0.173340 -0.910889 -0.208984 4.758128 -13.237357 -4.331117 162959480110.000000
-0.173828 -0.900391 -0.206055 5.063137 -14.152382 -4.758128 162959483021.000000
-0.176025 -0.893555 -0.203125 4.880132 -14.640395 -5.124138 162959485930.000000
-0.176758 -0.888916 -0.202393 4.758128 -15.494418 -5.734155 162959488839.000000
-0.177002 -0.878662 -0.192871 5.307143 -16.592448 -6.283170 162959491747.000000
-0.175537 -0.873535 -0.189941 5.246142 -17.446471 -6.588178 162959494656.000000
-0.182373 -0.857178 -0.182617 5.185140 -18.300494 -7.015189 162959497570.000000
-0.179688 -0.857178 -0.178711 5.124138 -19.093516 -7.320198 162959500487.000000
-0.179932 -0.851074 -0.177979 5.063137 -20.069542 -7.747209 162959503405.000000
-0.181885 -0.844727 -0.172363 5.246142 -20.618557 -7.930214 162959506322.000000
-0.183594 -0.841309 -0.168945 4.941133 -21.472580 -8.174221 162959509241.000000
-0.181396 -0.834961 -0.166748 4.880132 -22.021595 -8.235222 162959512156.000000
-0.179443 -0.833008 -0.166016 5.002135 -22.448606 -8.601232 162959515072.000000
-0.183350 -0.825684 -0.160156 5.185140 -23.180626 -8.418227 162959517993.000000
-0.184326 -0.828369 -0.151855 4.941133 -23.119624 -8.601232 162959520914.000000
-0.186523 -0.825928 -0.157715 4.880132 -23.424632 -8.357226 162959523830.000000
-0.186279 -0.821777 -0.145264 5.185140 -23.607637 -8.174221 162959531627.000000
-0.185303 -0.832764 -0.155029 5.063137 -23.668639 -7.991216 162959534778.000000
-0.185791 -0.841064 -0.155762 5.246142 -23.790642 -7.503203 162959537715.000000
-0.185791 -0.851563 -0.153564 5.307143 -23.607637 -7.503203 162959540675.000000
-0.188721 -0.863037 -0.149658 5.551150 -23.790642 -6.954188 162959543699.000000
-0.195068 -0.880615 -0.156006 5.551150 -24.156652 -6.771183 162959546685.000000
-0.195313 -0.895508 -0.157959 5.612152 -23.851644 -6.222168 162959549605.000000
-0.198730 -0.911133 -0.163818 6.405173 -24.034649 -5.917160 162959552524.000000
-0.202148 -0.932373 -0.163086 6.161166 -23.973647 -5.307143 162959555442.000000
-0.203369 -0.948242 -0.161133 6.466175 -24.095651 -4.941133 162959558393.000000
-0.204102 -0.966064 -0.162598 7.076191 -23.912646 -4.392119 162959561310.000000
-0.204834 -0.982910 -0.169434 7.076191 -24.034649 -3.660099 162959564250.000000
-0.212402 -1.000000 -0.173584 7.503203 -23.790642 -3.111084 162959567186.000000
-0.208252 -1.021484 -0.177734 7.869212 -23.912646 -2.501068 162959570101.000000
-0.212402 -1.031250 -0.175049 8.174221 -23.668639 -1.342036 162959573064.000000
-0.204102 -1.052490 -0.180176 8.235222 -23.485634 -0.854023 162959575984.000000
-0.201660 -1.065430 -0.188477 8.540231 -23.058623 -0.183005 162959578913.000000
-0.205811 -1.073242 -0.195313 9.089245 -22.509608 0.854023 162959581834.000000
-0.200439 -1.087646 -0.193604 9.089245 -22.082596 1.403038 162959584744.000000
-0.198730 -1.099609 -0.196777 9.028244 -21.167572 2.135058 162959587654.000000
-0.191162 -1.107422 -0.204346 9.516257 -20.618557 3.172086 162959590565.000000
-0.181641 -1.109131 -0.207764 9.333252 -19.581529 3.965107 162959593478.000000
-0.174805 -1.110107 -0.205811 9.455255 -18.361496 4.941133 162959596386.000000
-0.171387 -1.114746 -0.203857 9.394254 -17.202464 5.795156 162959599324.000000
-0.162842 -1.102295 -0.204102 9.211249 -15.738425 6.710181 162959602245.000000
-0.156250 -1.099854 -0.201172 9.028244 -14.457390 7.625206 162959605163.000000
-0.154297 -1.097168 -0.200684 8.967242 -12.566339 8.662234 162959608085.000000
-0.149414 -1.087891 -0.196289 8.662234 -10.736290 9.577259 162959611002.000000
-0.144775 -1.082520 -0.195557 8.479229 -9.028244 10.492283 162959613925.000000
-0.139404 -1.072998 -0.189697 7.808211 -6.893186 11.407308 162959616841.000000
-0.134033 -1.064209 -0.184326 7.625206 -5.002135 12.200329 162959619760.000000
-0.137695 -1.053711 -0.186523 7.259196 -2.928079 12.749344 162959622686.000000
-0.139160 -1.043213 -0.184326 6.527176 -0.854023 13.542366 162959625602.000000
-0.132080 -1.035400 -0.175049 5.856158 1.586043 14.274385 162959628520.000000
-0.129639 -1.024658 -0.171387 5.124138 3.660099 15.067407 162959631443.000000
-0.129883 -1.020508 -0.163818 4.636125 5.734155 15.677423 162959634385.000000
-0.125244 -1.023438 -0.168213 3.599097 7.991216 16.409443 162959637303.000000
-0.133057 -1.019531 -0.155273 3.599097 10.370280 16.775453 162959640232.000000
-0.131592 -1.017090 -0.152100 2.623071 12.505338 17.812481 162959643160.000000
-0.133545 -1.015137 -0.144531 1.891051 14.396389 18.422497 162959646077.000000
-0.135742 -1.011719 -0.135986 1.037028 15.982432 19.032514 162959649002.000000
-0.142334 -1.010498 -0.142334 0.915025 17.690478 19.459525 162959651919.000000
-0.139893 -1.006836 -0.132813 0.000000 19.215519 20.008540 162959654835.000000
-0.142090 -1.002197 -0.130615 -1.098030 20.435552 20.435552 162959657754.000000
-0.149414 -1.000244 -0.124023 -1.098030 21.411578 20.862563 162959660682.000000
-0.154541 -0.995361 -0.115723 -2.074056 22.387604 21.167572 162959663603.000000
-0.162109 -0.994629 -0.114258 -2.623071 22.936619 20.984567 162959666536.000000
-0.163574 -0.990234 -0.115234 -2.867077 23.607637 21.411578 162959669452.000000
-0.167969 -0.982910 -0.107178 -3.660099 23.729641 21.411578 162959672364.000000
-0.174072 -0.982178 -0.104248 -4.270115 23.912646 21.472580 162959675373.000000
-0.176025 -0.982910 -0.099609 -4.819130 23.790642 21.228573 162959678290.000000
-0.173584 -0.979736 -0.105713 -5.612152 23.363631 21.289575 162959681205.000000
-0.182373 -0.987061 -0.106201 -6.283170 23.119624 21.106570 162959684115.000000
-0.179932 -0.985840 -0.098389 -6.527176 22.631611 21.167572 162959687025.000000
-0.181396 -0.983154 -0.098877 -7.015189 21.533581 20.618557 162959689939.000000
-0.185059 -0.986572 -0.099609 -7.686208 20.862563 20.496553 162959692851.000000
-0.187988 -0.984863 -0.099365 -7.869212 19.703532 20.130544 162959695762.000000
-0.185303 -0.983887 -0.093994 -8.357226 18.544501 20.191545 162959698717.000000
-0.184326 -0.981201 -0.092529 -8.784237 17.019460 19.398524 162959702590.000000
-0.186035 -0.975342 -0.094727 -9.638260 15.250412 19.276520 162959705668.000000
-0.184814 -0.972656 -0.091064 -9.699262 13.542366 18.849509 162959708679.000000
-0.185547 -0.965820 -0.097168 -10.675288 12.017324 18.483499 162959711602.000000
-0.184326 -0.957520 -0.090332 -10.919295 10.614287 17.995486 162959714517.000000
-0.189209 -0.946777 -0.089355 -11.590313 8.723236 17.873483 162959717441.000000
-0.183350 -0.938965 -0.086182 -12.078326 7.076191 17.080461 162959720392.000000
-0.185059 -0.935059 -0.083740 -12.383334 5.673153 17.019460 162959723303.000000
-0.181885 -0.925049 -0.086670 -12.810346 3.599097 16.531446 162959726210.000000
-0.187744 -0.912109 -0.077881 -13.359361 1.891051 16.226438 162959729121.000000
-0.183105 -0.912109 -0.078369 -13.542366 0.183005 15.677423 162959732033.000000
-0.183105 -0.902832 -0.077637 -13.969377 -1.464040 15.250412 162959734950.000000
-0.182373 -0.889160 -0.071289 -14.335387 -3.172086 15.128408 162959737864.000000
-0.185547 -0.891113 -0.071777 -14.945404 -4.514122 14.762399 162959740782.000000
-0.181396 -0.881104 -0.074219 -15.128408 -6.100165 14.274385 162959743698.000000
-0.177734 -0.879883 -0.066895 -15.616422 -7.503203 13.908376 162959746615.000000
-0.180176 -0.872803 -0.063965 -15.860428 -8.662234 13.664369 162959749534.000000
-0.180176 -0.876221 -0.065674 -16.409443 -9.943268 13.359361 162959752457.000000
-0.180176 -0.874756 -0.067139 -16.409443 -10.980296 13.176356 162959755377.000000
-0.179199 -0.877686 -0.061523 -16.897456 -12.017324 12.932349 162959758300.000000
-0.179932 -0.884277 -0.061768 -17.141463 -13.054352 12.810346 162959761225.000000
-0.181152 -0.891846 -0.058594 -17.202464 -13.725371 12.688343 162959764142.000000
-0.181396 -0.901611 -0.050781 -17.263466 -14.518392 12.322333 162959767060.000000
-0.182373 -0.908447 -0.053467 -17.324468 -14.884402 12.444336 162959769974.000000
-0.188965 -0.919434 -0.055664 -17.446471 -15.677423 12.261331 162959772892.000000
-0.185059 -0.926025 -0.053467 -17.019460 -16.104435 12.383334 162959775814.000000
-0.190430 -0.933350 -0.045898 -17.019460 -16.592448 12.688343 162959778729.000000
-0.194580 -0.945801 -0.051758 -16.897456 -17.263466 12.566339 162959781642.000000
-0.196777 -0.954590 -0.041992 -16.897456 -17.385469 12.688343 162959784553.000000
-0.196533 -0.961670 -0.046387 -16.775453 -17.873483 12.993351 162959787493.000000
-0.195313 -0.970459 -0.047119 -16.348441 -17.629476 13.420362 162959790405.000000
-0.193359 -0.976563 -0.044434 -16.470445 -17.934484 13.786372 162959793322.000000
-0.196533 -0.979736 -0.042725 -15.372415 -18.178491 14.152382 162959796230.000000
-0.190674 -0.982666 -0.047607 -15.616422 -18.178491 14.701397 162959799146.000000
-0.186523 -0.986328 -0.040527 -15.189410 -17.690478 15.189410 162959802065.000000
-0.183105 -0.986328 -0.041016 -15.189410 -17.080461 15.433417 162959804982.000000
-0.181641 -0.991455 -0.049561 -14.762399 -16.470445 16.104435 162959807908.000000
-0.174316 -0.984375 -0.052979 -14.274385 -15.494418 16.531446 162959810825.000000
-0.176025 -0.985596 -0.051025 -14.091380 -14.457390 17.263466 162959813741.000000
-0.165039 -0.986328 -0.054443 -14.030379 -13.359361 17.629476 162959816657.000000
-0.154541 -0.984619 -0.057861 -13.908376 -11.834320 18.178491 162959819584.000000
-0.147949 -0.984131 -0.062012 -13.908376 -10.309278 18.605502 162959822499.000000
-0.145020 -0.980225 -0.063477 -13.786372 -8.296224 19.154517 162959825429.000000
-0.138428 -0.980469 -0.062500 -13.786372 -6.100165 19.825535 162959828351.000000
-0.135986 -0.980957 -0.063965 -13.664369 -4.270115 20.496553 162959831271.000000
-0.125977 -0.978271 -0.061523 -13.176356 -1.769048 21.045568 162959834188.000000
-0.125732 -0.979248 -0.066650 -13.298359 0.488013 21.472580 162959837102.000000
-0.121826 -0.975830 -0.069092 -13.359361 2.989081 21.838590 162959840020.000000
-0.118408 -0.969971 -0.075928 -12.993351 5.673153 22.448606 162959842937.000000
-0.116699 -0.973145 -0.072998 -13.054352 8.052217 22.753614 162959845859.000000
-0.113281 -0.968506 -0.068848 -13.176356 10.675288 23.058623 162959848778.000000
-0.115234 -0.965820 -0.069580 -13.298359 13.542366 23.363631 162959851694.000000
-0.114258 -0.961914 -0.072266 -12.810346 16.165436 23.790642 162959854610.000000
-0.115234 -0.963867 -0.072021 -13.054352 18.605502 23.729641 162959857540.000000
-0.114502 -0.959717 -0.072998 -12.871348 20.984567 24.034649 162959860461.000000
-0.122559 -0.960449 -0.068848 -12.932349 23.790642 24.034649 162959863377.000000
-0.121582 -0.962402 -0.065430 -12.749344 26.108705 24.217654 162959866293.000000
-0.127197 -0.961182 -0.063477 -12.627341 28.365766 24.034649 162959869206.000000
-0.128418 -0.958008 -0.059326 -12.627341 30.439822 23.729641 162959872125.000000
-0.134766 -0.961182 -0.062744 -12.444336 31.903861 23.668639 162959875034.000000
