-0.044434 -0.983643 0.197510 40.993107 17.812481 -11.468310 105000833746.000000
-0.042236 -0.982666 0.204346 41.115110 19.154517 -11.285305 105000836665.000000
-0.041748 -0.977783 0.197021 41.481120 20.679558 -10.492283 105000839582.000000
-0.035889 -0.976563 0.202393 41.054108 22.265601 -10.370280 105000842501.000000
-0.035645 -0.975830 0.195068 41.176112 24.278656 -10.004270 105000845419.000000
-0.035645 -0.974121 0.199219 41.298115 25.925700 -9.211249 105000848336.000000
-0.031494 -0.976807 0.190674 41.420118 28.060758 -8.723236 105000851261.000000
-0.027832 -0.976074 0.183594 41.359117 29.951809 -8.357226 105000854181.000000
-0.007568 -0.977783 0.172607 40.871104 34.648936 -7.747209 105000861847.000000
0.003662 -0.979004 0.174072 40.566095 36.722992 -8.052217 105000864994.000000
0.007568 -0.986816 0.173096 40.383090 38.309034 -8.662234 105000867954.000000
0.009766 -0.998047 0.170654 40.200085 39.346062 -8.967242 105000870885.000000
0.014404 -1.005859 0.174316 40.261087 41.054108 -9.577259 105000873895.000000
0.018799 -1.011719 0.184814 41.115110 42.335143 -10.126273 105000876926.000000
0.020752 -1.017578 0.184570 41.481120 43.555176 -10.797292 105000879846.000000
0.014893 -1.024902 0.190674 41.725127 44.897212 -10.919295 105000882765.000000
0.013428 -1.025635 0.200928 42.762155 46.178247 -11.468310 105000885684.000000
0.010010 -1.025391 0.210938 43.982188 47.886293 -11.468310 105000888597.000000
0.003906 -1.025879 0.218506 45.141219 48.923321 -11.712316 105000891510.000000
0.009766 -1.024170 0.242432 46.117245 50.204356 -11.895321 105000894423.000000
0.004395 -1.019531 0.227539 47.093272 51.668395 -11.895321 105000897333.000000
0.006348 -1.014893 0.236572 48.008296 53.315440 -12.200329 105000900288.000000
0.013672 -1.002686 0.245361 48.923321 55.389496 -12.322333 105000903218.000000
0.016846 -0.986084 0.237305 49.045324 57.097542 -12.200329 105000906155.000000
0.012695 -0.977051 0.252197 50.631367 58.927591 -12.017324 105000909090.000000
0.001953 -0.969971 0.260254 51.485390 61.611664 -12.078326 105000912003.000000
-0.013672 -0.955566 0.283203 52.644421 63.502715 -11.590313 105000914921.000000
-0.017822 -0.959473 0.291016 52.949430 65.759776 -10.858293 105000917831.000000
-0.020264 -0.959229 0.274658 53.559446 67.772830 -9.943268 105000920743.000000
-0.027832 -0.954346 0.285645 54.291466 69.663881 -9.516257 105000923656.000000
-0.021484 -0.953613 0.281982 54.291466 72.835967 -9.150247 105000926566.000000
-0.020508 -0.944580 0.269775 53.559446 74.605014 -9.089245 105000929483.000000
-0.023438 -0.952148 0.261230 51.973403 76.069054 -8.113219 105000932395.000000
-0.021729 -0.958740 0.266846 52.156408 77.289087 -8.174221 105000935309.000000
-0.021240 -0.962402 0.267822 52.644421 78.936131 -8.113219 105000938224.000000
-0.028320 -0.962158 0.263916 53.193436 80.888184 -8.357226 105000941141.000000
-0.020996 -0.970215 0.259033 53.315440 81.620204 -8.845239 105000944078.000000
-0.018555 -0.978271 0.217529 51.790398 82.657232 -8.845239 105000946999.000000
-0.026367 -0.983643 0.237305 52.217410 83.633258 -9.394254 105000949933.000000
-0.042480 -0.990967 0.249023 53.010431 84.426280 -8.662234 105000952856.000000
-0.042725 -1.007324 0.247314 54.718477 85.280303 -9.516257 105000955774.000000
-0.046143 -0.991943 0.242676 54.901482 86.744342 -11.102300 105000958693.000000
-0.057861 -0.995361 0.208984 52.888428 86.805344 -10.858293 105000961623.000000
-0.065430 -1.002686 0.196533 49.960349 86.195327 -10.675288 105000964542.000000
-0.077148 -1.007080 0.215088 50.204356 85.463308 -10.126273 105000967477.000000
-0.079834 -1.003662 0.236572 51.668395 85.585311 -10.065272 105000970404.000000
-0.084473 -1.002686 0.233643 52.949430 85.951321 -9.577259 105000973340.000000
-0.092529 -0.997803 0.212402 52.278412 84.914293 -8.784237 105000976275.000000
-0.099609 -0.988037 0.202393 51.485390 83.450253 -8.845239 105000979205.000000
-0.097412 -0.978516 0.202881 51.119380 82.901238 -8.540231 105000982137.000000
-0.116943 -0.965332 0.203857 51.485390 82.779235 -8.540231 105000985059.000000
-0.121826 -0.955811 0.197510 50.143354 81.986214 -8.540231 105000987979.000000
-0.116699 -0.949219 0.164795 48.008296 80.400171 -7.869212 105000990908.000000
-0.145752 -0.944580 0.180908 45.995242 79.302141 -6.771183 105000993820.000000
-0.148438 -0.946533 0.198730 46.483255 78.387116 -5.429147 105000996735.000000
-0.164795 -0.946289 0.203857 48.069298 78.631123 -4.575124 105000999644.000000
-0.164063 -0.940186 0.205078 48.313304 77.960105 -3.782102 105001002578.000000
-0.163574 -0.932617 0.167969 46.788263 77.533093 -3.172086 105001005513.000000
-0.168213 -0.927979 0.159912 44.165192 77.350088 -3.050082 105001008434.000000
-0.189941 -0.929199 0.169434 43.555176 77.167084 -1.525041 105001011363.000000
-0.196045 -0.935547 0.183105 43.921186 77.167084 -0.610016 105001014281.000000
-0.207520 -0.933594 0.189697 44.653206 77.411090 0.366010 105001017195.000000
-0.200928 -0.935303 0.173096 43.555176 77.777100 1.037028 105001020106.000000
-0.198730 -0.938721 0.163330 42.091136 78.082108 1.403038 105001023097.000000
-0.207031 -0.939209 0.149170 40.078082 77.594095 2.501068 105001026025.000000
-0.222168 -0.951904 0.151855 39.041054 78.143110 4.148112 105001028946.000000
-0.219482 -0.956299 0.164307 40.261087 78.326115 5.185140 105001031948.000000
-0.205811 -0.928223 0.163818 40.688099 79.790154 4.636125 105001035078.000000
-0.223145 -0.933838 0.123291 38.370036 80.644177 6.039163 105001038172.000000
-0.210693 -0.912598 0.133545 35.136949 81.132191 5.307143 105001041234.000000
-0.212646 -0.908691 0.121338 33.306899 81.132191 5.185140 105001044175.000000
-0.224854 -0.905273 0.121094 30.866833 81.132191 6.710181 105001047095.000000
-0.235596 -0.915039 0.150635 31.415848 80.888184 8.357226 105001050014.000000
-0.238525 -0.909180 0.147217 31.415848 81.620204 9.882267 105001052932.000000
-0.239502 -0.893799 0.163818 32.147868 82.962240 10.919295 105001055844.000000
-0.242676 -0.883301 0.160156 31.171842 83.938266 12.139328 105001058754.000000
-0.265869 -0.876221 0.144043 30.134814 84.304276 13.542366 105001061671.000000
-0.280273 -0.867188 0.154053 27.694748 85.158299 14.762399 105001064593.000000
-0.285889 -0.876953 0.152588 27.633746 87.537364 16.531446 105001067512.000000
-0.316162 -0.872314 0.170898 26.413713 88.757396 18.910511 105001070433.000000
-0.334961 -0.883301 0.151611 25.498688 90.770451 21.594583 105001073342.000000
-0.316650 -0.872070 0.176514 24.522662 92.112487 23.668639 105001076252.000000
-0.309326 -0.867676 0.136475 21.838590 95.101568 24.400659 105001079161.000000
-0.348633 -0.865234 0.143066 20.008540 96.504606 27.206735 105001082080.000000
-0.346680 -0.861816 0.146973 18.178491 97.724639 28.975782 105001085001.000000
-0.357422 -0.879395 0.118408 17.568474 99.310681 32.574880 105001087922.000000
-0.330078 -0.855469 0.143799 16.165436 101.933752 32.635881 105001090841.000000
-0.367920 -0.864014 0.115234 14.640395 102.543769 35.441957 105001093751.000000
-0.335938 -0.843506 0.112549 12.261331 103.641798 35.563960 105001096661.000000
-0.380371 -0.858154 0.076904 11.163301 104.251815 37.760020 105001099570.000000
-0.398926 -0.837158 0.106445 8.967242 105.105838 39.468066 105001102498.000000
-0.407715 -0.847900 0.102783 9.150247 104.983835 41.725127 105001105424.000000
-0.417725 -0.847412 0.095947 7.381199 105.471848 42.335143 105001108351.000000
-0.432617 -0.824707 0.071289 4.697127 106.020863 43.982188 105001111282.000000
-0.427734 -0.835205 0.079590 2.501068 105.593851 45.446227 105001114191.000000
-0.455811 -0.842529 0.058105 0.488013 103.824803 48.679314 105001117101.000000
-0.441650 -0.839600 0.070801 0.305008 102.787775 49.960349 105001120010.000000
-0.468018 -0.829102 0.059814 -1.098030 103.946807 50.570365 105001122929.000000
-0.493652 -0.817383 0.040283 -4.209114 104.373818 52.461416 105001125852.000000
-0.474854 -0.811768 0.027100 -9.272250 105.654853 52.095407 105001128771.000000
-0.482666 -0.807129 -0.007080 -14.701397 108.704935 53.376441 105001131701.000000
-0.476318 -0.816895 0.059326 -16.226438 108.277924 54.657476 105001134620.000000
-0.486084 -0.812500 0.035645 -17.385469 107.850912 57.341548 105001137538.000000
-0.482178 -0.823242 0.019775 -19.520527 108.460928 58.866589 105001140463.000000
-0.479248 -0.813721 0.050537 -18.910511 108.521930 58.195571 105001143377.000000
-0.459229 -0.802490 0.031494 -21.716586 110.290978 60.940645 105001146286.000000
-0.534668 -0.783936 0.011230 -22.448606 111.938022 64.661746 105001149196.000000
-0.537109 -0.813721 0.008789 -24.949674 112.548039 66.613799 105001152115.000000
-0.551270 -0.801758 0.002197 -27.633746 115.537120 69.541878 105001155048.000000
-0.547852 -0.800781 0.022217 -29.768804 118.343195 72.225950 105001157968.000000
-0.548096 -0.802734 -0.002441 -31.781858 120.112243 74.361008 105001160893.000000
-0.537354 -0.793701 -0.003174 -34.709937 120.234246 77.045080 105001163815.000000
-0.536621 -0.795166 -0.024658 -37.760020 123.162325 78.387116 105001166733.000000
-0.542480 -0.791748 -0.033936 -40.810102 125.358385 80.400171 105001169649.000000
-0.549316 -0.788330 -0.028564 -42.396145 127.127432 83.084243 105001172583.000000
-0.547363 -0.792480 -0.072266 -45.507229 129.506497 85.280303 105001175515.000000
-0.552002 -0.777100 -0.059814 -48.557311 134.447630 86.805344 105001178437.000000
-0.567139 -0.774170 -0.052490 -49.899347 138.046727 88.696395 105001181357.000000
-0.547607 -0.771240 -0.083984 -53.437443 142.560849 91.014457 105001184274.000000
-0.588379 -0.771973 -0.088379 -56.121515 146.708961 94.552553 105001187197.000000
-0.588867 -0.805420 -0.088379 -59.476606 150.796071 96.565607 105001190115.000000
-0.591553 -0.806396 -0.100586 -62.282682 154.639175 100.225706 105001193073.000000
-0.579102 -0.801514 -0.060547 -61.184652 156.896236 101.872751 105001195989.000000
-0.592041 -0.827148 -0.130371 -65.210761 160.251327 104.129812 105001198912.000000
-0.612061 -0.830078 -0.112793 -66.064784 163.057403 106.142866 105001201834.000000
-0.617188 -0.831787 -0.111816 -65.759776 165.131459 108.155920 105001204765.000000
-0.625732 -0.830811 -0.164307 -68.077838 166.107485 110.168975 105001207694.000000
-0.659424 -0.842285 -0.155273 -68.809858 167.693528 111.328006 105001210620.000000
-0.713623 -0.830566 -0.154785 -71.920942 169.950589 113.097054 105001213538.000000
-0.712402 -0.849365 -0.152588 -72.225950 171.475630 114.866101 105001216455.000000
-0.740723 -0.852539 -0.166016 -74.849021 172.268651 116.330141 105001219372.000000
-0.744873 -0.867676 -0.176025 -77.289087 172.329653 117.611176 105001222294.000000
-0.761230 -0.870850 -0.164063 -80.156164 173.000671 119.197218 105001225211.000000
-0.746094 -0.883545 -0.170410 -82.413225 172.634661 120.051241 105001228126.000000
-0.742676 -0.895508 -0.168701 -84.975294 171.963643 120.295248 105001231051.000000
-0.768311 -0.897705 -0.157227 -87.232355 170.682608 120.600256 105001233972.000000
-0.740967 -0.904053 -0.155518 -88.879400 169.706582 120.966266 105001236895.000000
-0.752197 -0.916016 -0.179932 -91.075459 169.096566 121.210273 105001239813.000000
-0.763916 -0.913330 -0.164551 -92.112487 169.706582 121.881291 105001242744.000000
-0.752686 -0.913330 -0.162598 -92.844507 170.438602 121.576283 105001245662.000000
-0.763184 -0.901611 -0.197021 -94.247545 170.682608 122.369304 105001248578.000000
-0.756348 -0.902344 -0.195068 -96.016592 171.231623 122.491307 105001251508.000000
-0.778076 -0.892090 -0.195801 -98.212652 171.231623 123.955347 105001254430.000000
-0.778564 -0.883057 -0.183838 -99.432685 171.902641 124.260355 105001257347.000000
-0.771729 -0.871338 -0.175781 -101.384737 172.146648 124.443360 105001260271.000000
-0.759033 -0.873535 -0.203857 -103.946807 172.939669 124.931373 105001263193.000000
-0.756836 -0.867676 -0.229492 -108.277924 173.915696 125.419386 105001266109.000000
-0.772461 -0.874512 -0.216797 -110.107973 174.342707 126.273409 105001269028.000000
-0.756836 -0.882324 -0.224854 -111.328006 175.013725 126.944427 105001271957.000000
-0.757324 -0.882813 -0.245605 -112.914049 175.745745 127.859452 105001274874.000000
-0.753174 -0.893066 -0.254639 -114.683096 175.623742 128.713475 105001277798.000000
-0.759033 -0.910889 -0.278564 -116.513146 176.416763 129.323492 105001280719.000000
-0.769043 -0.913574 -0.283203 -117.001159 177.148783 130.299518 105001283637.000000
-0.763672 -0.927490 -0.294434 -117.611176 177.575795 129.689502 105001286556.000000
-0.780518 -0.924805 -0.324463 -120.173245 178.185811 129.994510 105001289473.000000
-0.777832 -0.925293 -0.329346 -122.003294 178.673824 129.994510 105001292392.000000
-0.772949 -0.930420 -0.326660 -122.735314 178.673824 129.323492 105001295309.000000
-0.763184 -0.923584 -0.330078 -123.223327 178.490819 127.981455 105001298232.000000
-0.752441 -0.939697 -0.354980 -125.053376 177.575795 127.493442 105001301159.000000
-0.770020 -0.932129 -0.350586 -125.480388 176.721771 126.761423 105001304088.000000
-0.782471 -0.929688 -0.362061 -126.273409 176.416763 126.578418 105001307012.000000
-0.766357 -0.945068 -0.368408 -127.432441 176.233758 126.395413 105001309929.000000
-0.797852 -0.952881 -0.355469 -127.676447 176.050753 125.724395 105001312849.000000
-0.802734 -0.964600 -0.368164 -128.530470 175.745745 124.992375 105001315766.000000
-0.795654 -0.962402 -0.356201 -128.286464 175.989752 123.650339 105001318683.000000
-0.798340 -0.970947 -0.349609 -128.286464 176.233758 122.857317 105001321614.000000
-0.788574 -0.962646 -0.368896 -129.018483 176.233758 121.820289 105001324532.000000
-0.785400 -0.962158 -0.372803 -129.872507 176.660770 121.149271 105001327448.000000
-0.791748 -0.954834 -0.369141 -128.835479 176.965778 120.661258 105001330374.000000
-0.793701 -0.935059 -0.370361 -128.957482 178.307814 120.234246 105001333295.000000
-0.805664 -0.927002 -0.387939 -129.445495 179.100836 119.441225 105001336213.000000
-0.818359 -0.914551 -0.381104 -129.811505 179.771854 119.075215 105001339136.000000
-0.834473 -0.896729 -0.399902 -131.214543 179.832855 119.075215 105001342055.000000
-0.829590 -0.895264 -0.395752 -132.556579 180.198865 117.855182 105001344972.000000
-0.845703 -0.884521 -0.394287 -133.776612 180.320869 117.733179 105001347889.000000
-0.856201 -0.892822 -0.406738 -134.996645 179.771854 117.550174 105001350814.000000
-0.867920 -0.889648 -0.401611 -134.630635 178.917831 117.428171 105001353736.000000
-0.874023 -0.883545 -0.422363 -135.423656 178.612823 116.879156 105001356654.000000
-0.877930 -0.887695 -0.424072 -135.728665 178.795827 116.269139 105001359589.000000
-0.890625 -0.880371 -0.429199 -135.789666 177.697798 115.476118 105001362517.000000
-0.888672 -0.874268 -0.447266 -136.521686 176.721771 114.927103 105001365435.000000
-0.898926 -0.861328 -0.449219 -137.009699 175.623742 113.768072 105001368352.000000
-0.919189 -0.835938 -0.457764 -137.619716 174.525712 113.280059 105001371275.000000
-0.919434 -0.828369 -0.462646 -138.229732 172.390655 112.121027 105001374208.000000
-0.916992 -0.817627 -0.480469 -139.205759 170.377600 111.083999 105001377126.000000
-0.934814 -0.808594 -0.489990 -140.364790 167.266516 110.717989 105001380044.000000
-0.947754 -0.801025 -0.489990 -141.645824 163.362411 109.802965 105001382964.000000
-0.949707 -0.799561 -0.509521 -143.475874 159.885317 109.253950 105001385883.000000
-0.959961 -0.801758 -0.506836 -144.512902 156.164216 109.131947 105001388808.000000
-0.957520 -0.809570 -0.513672 -145.061917 152.443116 108.155920 105001391747.000000
-0.957275 -0.805176 -0.531982 -146.403953 148.722015 107.240896 105001394656.000000
-0.940674 -0.800537 -0.536621 -147.562984 144.939913 106.508876 105001397572.000000
-0.937256 -0.801025 -0.544434 -148.722015 142.194839 105.410846 105001400490.000000
-0.927490 -0.802490 -0.547607 -149.393034 139.083755 104.373818 105001403409.000000
-0.918457 -0.806396 -0.547363 -149.332032 136.582688 103.214787 105001406339.000000
-0.905273 -0.812744 -0.560059 -149.637040 134.325627 102.055756 105001409257.000000
-0.898926 -0.819824 -0.566650 -149.576039 131.946563 101.445739 105001412176.000000
-0.892578 -0.818604 -0.566162 -149.637040 129.140487 100.652718 105001415092.000000
-0.895264 -0.814209 -0.575195 -149.088025 126.517416 100.164704 105001418009.000000
-0.890625 -0.799805 -0.577637 -148.539011 124.565363 99.676691 105001420940.000000
-0.895996 -0.789063 -0.589844 -148.417007 122.247301 99.310681 105001423858.000000
-0.892822 -0.779297 -0.593750 -148.966022 120.173245 98.761667 105001426782.000000
-0.889404 -0.775635 -0.594238 -148.722015 118.526200 98.517660 105001429699.000000
-0.886475 -0.769043 -0.592041 -148.478009 116.147136 97.846642 105001432618.000000
-0.872314 -0.767334 -0.584717 -148.356006 113.829073 97.236625 105001435535.000000
-0.874268 -0.766846 -0.590088 -148.539011 111.083999 96.321601 105001438456.000000
-0.864258 -0.766602 -0.589844 -148.844019 108.521930 95.650583 105001441376.000000
-0.861816 -0.758057 -0.601563 -148.661014 105.837858 94.796560 105001444299.000000
-0.863037 -0.749023 -0.602783 -148.539011 102.848777 94.491551 105001447217.000000
-0.866455 -0.742676 -0.615723 -148.478009 100.347709 93.576527 105001450135.000000
-0.865967 -0.736328 -0.622803 -148.966022 98.029647 93.820533 105001453095.000000
-0.849121 -0.735596 -0.619141 -148.966022 95.528579 92.844507 105001456018.000000
-0.844238 -0.720215 -0.624756 -148.478009 93.210517 92.417495 105001458935.000000
-0.833740 -0.707520 -0.628418 -148.844019 91.624474 92.051485 105001461869.000000
-0.838623 -0.687256 -0.642822 -149.088025 89.367413 91.319466 105001464787.000000
-0.837158 -0.678711 -0.648438 -149.881047 87.110352 91.075459 105001467704.000000
-0.827881 -0.661377 -0.650146 -149.576039 84.914293 90.892454 105001470630.000000
-0.819092 -0.648438 -0.653564 -149.881047 83.084243 90.892454 105001473552.000000
-0.806885 -0.641113 -0.671143 -150.857073 81.742207 90.770451 105001476468.000000
-0.812012 -0.636963 -0.677246 -151.101080 80.034161 90.343439 105001479390.000000
-0.814453 -0.639404 -0.699463 -152.016104 78.387116 90.221436 105001482311.000000
-0.806885 -0.645752 -0.702148 -151.833099 76.557067 89.794424 105001485239.000000
-0.793457 -0.646484 -0.713867 -152.077106 74.971024 89.306411 105001488158.000000
-0.779297 -0.645020 -0.718018 -152.260111 73.933996 88.330385 105001491079.000000
-0.789795 -0.641846 -0.723145 -152.077106 72.225950 88.147380 105001494002.000000
-0.789551 -0.643066 -0.732422 -151.162081 70.334899 87.720368 105001496922.000000
-0.804688 -0.639648 -0.739746 -150.552065 68.626853 87.049350 105001499839.000000
-0.810791 -0.636719 -0.747559 -149.454035 66.735802 86.622339 105001502758.000000
-0.816162 -0.632324 -0.762207 -149.149027 64.478741 86.683340 105001505676.000000
-0.830322 -0.617676 -0.760986 -148.478009 62.343683 87.110352 105001508592.000000
-0.842529 -0.596924 -0.762695 -147.196974 60.452632 87.049350 105001511512.000000
-0.829834 -0.580078 -0.772217 -146.769963 58.317575 87.354359 105001514436.000000
-0.837646 -0.553223 -0.770508 -146.464955 56.670530 87.293357 105001517357.000000
-0.833984 -0.534668 -0.774170 -146.647959 54.535472 87.232355 105001520277.000000
-0.822266 -0.512451 -0.781982 -147.562984 52.644421 87.354359 105001523201.000000
-0.805664 -0.494141 -0.771484 -147.684987 50.509364 86.805344 105001526118.000000
-0.796143 -0.475098 -0.788818 -148.417007 48.557311 86.317331 105001529035.000000
-0.787109 -0.463867 -0.786621 -148.966022 46.300250 85.646312 105001531963.000000
-0.780029 -0.452393 -0.795166 -149.698042 44.226194 85.158299 105001534882.000000
-0.773926 -0.438477 -0.807129 -151.101080 42.335143 84.914293 105001537800.000000
-0.752686 -0.439453 -0.814941 -151.711096 40.932105 83.694260 105001540728.000000
-0.741943 -0.437012 -0.815430 -152.626121 38.980052 83.145245 105001543650.000000
-0.734619 -0.433105 -0.829102 -153.419142 37.699018 82.169219 105001546569.000000
-0.721924 -0.443359 -0.823486 -154.212164 35.746965 81.620204 105001549486.000000
-0.706055 -0.444336 -0.826660 -154.761179 34.587934 81.010187 105001552415.000000
-0.699463 -0.448975 -0.831055 -154.944183 33.184896 80.217166 105001555331.000000
-0.689941 -0.442139 -0.829834 -155.310193 32.208870 79.851156 105001558251.000000
-0.682861 -0.449463 -0.826416 -155.493198 30.561825 79.241140 105001561176.000000
-0.672852 -0.453369 -0.823730 -155.554200 29.585799 78.631123 105001564096.000000
-0.658447 -0.453369 -0.833984 -155.920210 28.365766 77.960105 105001567013.000000
-0.653809 -0.450195 -0.834473 -156.225218 27.450741 77.838102 105001569930.000000
-0.642090 -0.454590 -0.836670 -156.896236 26.474715 77.716098 105001572858.000000
-0.634521 -0.455811 -0.835938 -156.896236 26.169707 77.045080 105001575789.000000
-0.638184 -0.453125 -0.827881 -156.652230 25.742695 77.045080 105001578707.000000
-0.631836 -0.447754 -0.829346 -157.140243 25.010675 76.740072 105001581627.000000
-0.638184 -0.443604 -0.830322 -157.323248 24.095651 77.167084 105001584544.000000
-0.629395 -0.441650 -0.825684 -157.384249 23.607637 77.838102 105001587462.000000
-0.626953 -0.433838 -0.829834 -156.591228 23.058623 78.204112 105001590384.000000
-0.638184 -0.424316 -0.830566 -155.798207 22.265601 78.326115 105001593308.000000
-0.636475 -0.408691 -0.841309 -155.615202 21.228573 78.204112 105001596237.000000
-0.636963 -0.396484 -0.845947 -155.493198 20.496553 78.265113 105001599154.000000
-0.654297 -0.372803 -0.840576 -154.639175 19.581529 78.265113 105001602073.000000
-0.645508 -0.357666 -0.836182 -153.297139 18.056488 78.082108 105001604991.000000
-0.646973 -0.328613 -0.850830 -153.053132 17.141463 77.899103 105001607923.000000
-0.650635 -0.297852 -0.845703 -152.504118 15.738425 77.655097 105001610842.000000
-0.638916 -0.279541 -0.857422 -152.382114 14.823400 76.496065 105001613759.000000
-0.636230 -0.260986 -0.883057 -152.992131 14.030379 75.459037 105001616677.000000
-0.634521 -0.247314 -0.886475 -153.541146 13.481364 74.605014 105001619594.000000
-0.638184 -0.236572 -0.868652 -153.297139 12.505338 73.628988 105001622513.000000
-0.633545 -0.234863 -0.852051 -152.138108 10.919295 73.018972 105001625430.000000
-0.627441 -0.229736 -0.856445 -151.467090 9.516257 71.737937 105001628346.000000
-0.632324 -0.221436 -0.859619 -151.833099 8.235222 71.127920 105001631268.000000
-0.625977 -0.213867 -0.862549 -152.992131 6.771183 70.029891 105001634349.000000
-0.631104 -0.208740 -0.864258 -154.151162 5.307143 69.053864 105001637269.000000
-0.627930 -0.213867 -0.872314 -154.944183 4.392119 67.894833 105001640197.000000
-0.643066 -0.224854 -0.868652 -155.066187 3.477094 67.162813 105001643109.000000
-0.639160 -0.235107 -0.848389 -153.968157 2.135058 66.003782 105001646018.000000
-0.644043 -0.236328 -0.832031 -152.443116 0.732020 64.661746 105001648928.000000
-0.648193 -0.239502 -0.812012 -150.491063 -0.671018 63.929726 105001651851.000000
-0.645020 -0.239258 -0.805176 -148.478009 -3.111084 62.587690 105001654772.000000
-0.647461 -0.236084 -0.814209 -147.745989 -5.673153 61.977673 105001657688.000000
-0.651123 -0.227295 -0.816650 -147.806991 -8.967242 61.489660 105001660613.000000
-0.646973 -0.223633 -0.803223 -147.623986 -12.261331 61.001647 105001663535.000000
-0.643311 -0.208984 -0.795654 -147.562984 -15.006405 61.001647 105001666451.000000
-0.644287 -0.190674 -0.791504 -147.196974 -17.934484 60.635637 105001669370.000000
-0.645508 -0.175049 -0.791748 -147.745989 -20.374550 61.062649 105001672298.000000
-0.640137 -0.157959 -0.799072 -148.661014 -22.387604 61.550662 105001675214.000000
-0.645508 -0.136475 -0.797607 -149.576039 -24.095651 62.465687 105001678133.000000
-0.633545 -0.104492 -0.789795 -149.698042 -25.132679 63.014701 105001681132.000000
-0.633301 -0.083008 -0.786133 -150.430062 -26.535716 63.746721 105001684051.000000
-0.625244 -0.063477 -0.791260 -150.186055 -26.657720 64.234734 105001686969.000000
-0.614502 -0.045166 -0.784180 -150.430062 -27.084731 65.027756 105001689885.000000
-0.604492 -0.033936 -0.786377 -150.552065 -26.779723 65.332764 105001692802.000000
-0.600098 -0.013428 -0.783691 -150.003050 -25.681693 65.454767 105001695719.000000
-0.592285 -0.005859 -0.787842 -149.698042 -25.193680 65.393766 105001698637.000000
-0.594727 0.006592 -0.802734 -150.125053 -24.278656 65.576771 105001701559.000000
-0.597168 0.009277 -0.792725 -150.430062 -23.546636 65.210761 105001704477.000000
-0.601074 0.002930 -0.779297 -149.271030 -22.631611 65.332764 105001707392.000000
-0.614990 0.007324 -0.770264 -147.257976 -21.655585 64.600744 105001710311.000000
-0.619385 0.012939 -0.772461 -146.342951 -20.801562 64.173733 105001713227.000000
-0.631592 0.023193 -0.775635 -145.976941 -20.496553 64.173733 105001716143.000000
-0.633545 0.025391 -0.785156 -145.244922 -20.923565 64.234734 105001719059.000000
-0.639893 0.040039 -0.766846 -144.085890 -21.045568 63.807723 105001721979.000000
-0.646484 0.037598 -0.763184 -142.743854 -21.045568 63.990728 105001724895.000000
-0.644043 0.044189 -0.767090 -142.072836 -21.655585 63.685720 105001727826.000000
-0.649658 0.055420 -0.773438 -142.377844 -22.143598 63.380711 105001730744.000000
-0.646240 0.065674 -0.781494 -142.438846 -22.509608 63.075703 105001733660.000000
-0.641846 0.069580 -0.772461 -141.706826 -22.936619 62.892698 105001736575.000000
-0.630127 0.080078 -0.766602 -140.730800 -23.546636 62.648692 105001739490.000000
-0.629639 0.087646 -0.763916 -140.425791 -24.034649 62.282682 105001742408.000000
-0.614990 0.100586 -0.768799 -140.669798 -25.010675 61.977673 105001745325.000000
-0.604492 0.114746 -0.763672 -140.120783 -25.254682 61.550662 105001748240.000000
-0.593506 0.119385 -0.763184 -140.120783 -25.803697 61.916672 105001751164.000000
-0.573242 0.139893 -0.746582 -139.876777 -26.108705 61.855670 105001754085.000000
-0.567139 0.145508 -0.740723 -139.632770 -25.986702 61.916672 105001757000.000000
-0.560547 0.149902 -0.733887 -138.839749 -25.498688 61.916672 105001759929.000000
-0.559814 0.160645 -0.730957 -138.168731 -23.973647 61.428659 105001762855.000000
-0.549805 0.169678 -0.739502 -138.534740 -22.631611 61.977673 105001765779.000000
-0.560303 0.175049 -0.731934 -137.619716 -20.801562 61.977673 105001768705.000000
-0.561768 0.177734 -0.707520 -136.216678 -20.130544 61.672665 105001771633.000000
-0.564453 0.189941 -0.705566 -135.240651 -18.483499 62.465687 105001774550.000000
-0.572754 0.194092 -0.666748 -133.776612 -18.117489 62.404685 105001777468.000000
-0.581787 0.202393 -0.669189 -132.434576 -17.324468 62.404685 105001780388.000000
-0.583740 0.197754 -0.678467 -132.251571 -16.836455 62.221680 105001783307.000000
-0.604004 0.206543 -0.684326 -131.519551 -15.433417 62.221680 105001786223.000000
-0.615967 0.218018 -0.686768 -130.787531 -14.884402 62.221680 105001789142.000000
-0.621094 0.229492 -0.701660 -130.726530 -13.298359 62.282682 105001792063.000000
-0.628906 0.250977 -0.707031 -130.726530 -12.932349 62.526688 105001794977.000000
-0.633301 0.264160 -0.718750 -131.336546 -12.566339 62.587690 105001797893.000000
-0.634766 0.270996 -0.721680 -132.129567 -12.688343 62.831696 105001800826.000000
-0.633301 0.284424 -0.706787 -131.763558 -13.115354 63.136705 105001803740.000000
-0.629395 0.291992 -0.687744 -131.031538 -13.237357 63.075703 105001806662.000000
-0.626709 0.301025 -0.687500 -131.092539 -14.274385 62.953700 105001809583.000000
-0.625244 0.308350 -0.695068 -130.482523 -14.884402 63.014701 105001812505.000000
-0.620117 0.320801 -0.682129 -130.848533 -15.616422 62.892698 105001815423.000000
-0.616455 0.319336 -0.691895 -130.787531 -15.677423 63.014701 105001818339.000000
-0.609863 0.326172 -0.689941 -131.153541 -16.226438 62.892698 105001821258.000000
-0.608887 0.326172 -0.699707 -131.519551 -16.653450 62.343683 105001824176.000000
-0.607178 0.338379 -0.725830 -132.800586 -16.592448 62.099677 105001827092.000000
-0.598145 0.345947 -0.729492 -133.532605 -16.958458 61.733667 105001830009.000000
-0.597656 0.353516 -0.724365 -133.837614 -17.202464 61.672665 105001832939.000000
-0.594482 0.359863 -0.720459 -133.776612 -17.202464 61.428659 105001835857.000000
-0.590332 0.363037 -0.713623 -133.349600 -17.446471 60.879644 105001838777.000000
-0.579834 0.381104 -0.723633 -133.349600 -17.690478 60.513634 105001841705.000000
-0.572021 0.387939 -0.742676 -134.630635 -18.178491 59.964619 105001844622.000000
-0.562012 0.403076 -0.727051 -134.874642 -19.764534 59.293601 105001847539.000000
-0.544189 0.416016 -0.724365 -135.057647 -20.862563 58.622583 105001850464.000000
-0.539551 0.424316 -0.716064 -134.874642 -21.411578 57.463552 105001853386.000000
-0.527832 0.435303 -0.714355 -134.630635 -21.716586 56.548527 105001856304.000000
-0.525879 0.448975 -0.718994 -135.118648 -21.655585 55.999512 105001859221.000000
-0.537109 0.452393 -0.715820 -134.264625 -21.350576 55.511499 105001862150.000000
-0.532959 0.454834 -0.707031 -133.105594 -21.167572 54.596474 105001865069.000000
-0.548584 0.459473 -0.703857 -132.434576 -21.167572 54.474471 105001867986.000000
-0.565430 0.458740 -0.697510 -131.580553 -21.899591 54.474471 105001870906.000000
-0.574463 0.454102 -0.697754 -131.519551 -22.936619 54.901482 105001873822.000000
-0.588867 0.464111 -0.697266 -131.031538 -24.217654 55.328494 105001876741.000000
-0.603760 0.469971 -0.690186 -131.214543 -25.620692 56.731532 105001879665.000000
-0.614014 0.474365 -0.682861 -130.909535 -26.718721 57.585555 105001882617.000000
-0.616455 0.481934 -0.670898 -131.580553 -28.060758 58.805588 105001885537.000000
-0.620850 0.491943 -0.677979 -131.702556 -29.341792 60.696639 105001888455.000000
-0.616211 0.493652 -0.678955 -132.068566 -29.585799 61.794668 105001891375.000000
-0.605957 0.496094 -0.675781 -132.800586 -30.195815 63.075703 105001894284.000000
-0.600098 0.490479 -0.666748 -132.983591 -30.500824 63.319710 105001897192.000000
-0.587646 0.495117 -0.657715 -133.532605 -31.293845 63.807723 105001900101.000000
-0.576904 0.482666 -0.636475 -133.532605 -31.537852 64.051729 105001903061.000000
-0.556641 0.469727 -0.612793 -132.434576 -31.537852 63.380711 105001905980.000000
-0.554199 0.461426 -0.604248 -131.580553 -31.720856 62.831696 105001908896.000000
-0.551758 0.452637 -0.586914 -130.299518 -31.720856 61.977673 105001911817.000000
-0.548096 0.446533 -0.589111 -130.116513 -32.086866 61.367657 105001914735.000000
-0.544189 0.455566 -0.577881 -129.323492 -31.720856 60.452632 105001917653.000000
-0.535645 0.451416 -0.564453 -128.530470 -32.452876 59.598609 105001920572.000000
-0.523438 0.453613 -0.533203 -125.968401 -32.635881 58.805588 105001923489.000000
-0.529297 0.465576 -0.546631 -125.846398 -32.696883 57.951565 105001926408.000000
-0.545166 0.475098 -0.529785 -125.480388 -33.306899 57.402550 105001929326.000000
-0.539063 0.487793 -0.508789 -124.687367 -33.977917 57.036540 105001932246.000000
-0.538330 0.490967 -0.520020 -123.894345 -34.160922 56.548527 105001935163.000000
-0.540283 0.516602 -0.509277 -123.772342 -35.075947 56.121515 105001938080.000000
-0.545654 0.527832 -0.501221 -123.650339 -35.136949 56.670530 105001940998.000000
-0.548096 0.539307 -0.496582 -124.260355 -35.624962 56.792533 105001943938.000000
-0.534912 0.550293 -0.483398 -123.284329 -35.929970 56.914537 105001946857.000000
-0.541260 0.562500 -0.469971 -123.162325 -35.929970 57.219545 105001949776.000000
-0.537109 0.576172 -0.443604 -122.613311 -36.478985 57.280547 105001952705.000000
-0.537109 0.579102 -0.419434 -121.576283 -36.783993 58.012566 105001955623.000000
-0.535889 0.592529 -0.423340 -120.966266 -37.394010 58.683584 105001958540.000000
-0.527100 0.601563 -0.400146 -119.807235 -37.638016 59.354603 105001961465.000000
-0.529785 0.608398 -0.396484 -119.380223 -38.370036 59.232599 105001964386.000000
-0.514648 0.615234 -0.386963 -118.648204 -39.346062 59.842616 105001967303.000000
-0.505615 0.617676 -0.384521 -118.038187 -40.017080 59.598609 105001970227.000000
-0.515869 0.613281 -0.364258 -117.306167 -41.054108 59.354603 105001973149.000000
-0.504639 0.608398 -0.355469 -116.025133 -41.969133 58.744586 105001976079.000000
-0.505615 0.611328 -0.364258 -116.086134 -42.274141 58.500580 105001979005.000000
-0.504639 0.609375 -0.365234 -115.720124 -42.640151 58.073568 105001981955.000000
-0.510254 0.602051 -0.352051 -115.415116 -43.006161 58.012566 105001984874.000000
-0.500244 0.583252 -0.347168 -114.927103 -43.921186 56.792533 105001987792.000000
-0.494385 0.576660 -0.349121 -114.317087 -44.104191 55.938510 105001990713.000000
-0.494873 0.567139 -0.343750 -114.500092 -44.043189 54.047459 105001995547.000000
-0.492920 0.560791 -0.343018 -114.988105 -44.531202 52.400415 105001998558.000000
-0.478027 0.566895 -0.353760 -114.988105 -45.202220 51.241384 105002001501.000000
-0.463867 0.561523 -0.327148 -114.561093 -45.934240 49.289331 105002004421.000000
-0.451660 0.566162 -0.313232 -113.402062 -45.934240 46.971268 105002007340.000000
-0.435303 0.574707 -0.343262 -114.622095 -46.788263 44.958214 105002010261.000000
-0.416016 0.589355 -0.326416 -115.293113 -47.886293 42.518148 105002013179.000000
-0.409180 0.589600 -0.314209 -114.927103 -49.716342 40.810102 105002016122.000000
-0.402832 0.599854 -0.301514 -114.561093 -50.692369 38.980052 105002019044.000000
-0.388916 0.596680 -0.283447 -112.548039 -51.851400 36.722992 105002021965.000000
-0.386475 0.619385 -0.288086 -113.097054 -53.437443 35.502959 105002024883.000000
-0.385010 0.630859 -0.292969 -113.646068 -55.267492 34.160922 105002027801.000000
-0.384277 0.642334 -0.268066 -112.792045 -57.463552 33.733911 105002030727.000000
-0.400146 0.649658 -0.253906 -111.022998 -60.635637 33.733911 105002033647.000000
-0.398682 0.652344 -0.210205 -107.972915 -64.173733 32.940889 105002036563.000000
-0.388428 0.663818 -0.230713 -107.057891 -66.735802 33.062893 105002039480.000000
-0.386963 0.675537 -0.229736 -106.081864 -69.846886 32.391875 105002042409.000000
-0.375244 0.688232 -0.251709 -106.996889 -72.957970 31.659855 105002045328.000000
-0.343262 0.697021 -0.271973 -108.155920 -75.337034 30.622827 105002048246.000000
-0.326660 0.689941 -0.256592 -108.765937 -77.777100 29.463796 105002051168.000000
-0.298828 0.678223 -0.247070 -108.155920 -80.339169 27.389740 105002054087.000000
-0.286377 0.664795 -0.237061 -107.606905 -81.925212 25.742695 105002057019.000000
-0.269775 0.646484 -0.204590 -105.654853 -83.633258 23.851644 105002059937.000000
-0.256836 0.624756 -0.178711 -104.129812 -84.670286 21.533581 105002062858.000000
-0.250000 0.608643 -0.151855 -102.299762 -85.768316 19.947539 105002065778.000000
-0.250488 0.602539 -0.118408 -99.798695 -86.866345 18.300494 105002068696.000000
-0.247803 0.601074 -0.085205 -97.785640 -87.659367 16.836455 105002071625.000000
-0.233887 0.610840 -0.094971 -97.236625 -87.842372 14.884402 105002074543.000000
-0.239502 0.610107 -0.088867 -98.029647 -87.659367 14.274385 105002077461.000000
-0.234131 0.599121 -0.045166 -96.321601 -87.354359 13.786372 105002080383.000000
-0.210449 0.590088 -0.029541 -93.698530 -84.731288 11.712316 105002083343.000000
-0.207031 0.587158 -0.009277 -91.014457 -82.657232 10.736290 105002086263.000000
-0.195068 0.587891 0.003662 -88.940401 -80.644177 9.516257 105002089183.000000
-0.183105 0.586914 0.011475 -87.781370 -79.058135 8.967242 105002092101.000000
-0.187256 0.579590 0.033203 -84.060270 -77.167084 8.357226 105002095018.000000
-0.182861 0.591064 0.059814 -80.827182 -75.154029 7.503203 105002097934.000000
-0.179199 0.605225 0.059326 -78.387116 -72.957970 7.259196 105002100853.000000
-0.177979 0.618652 0.066406 -77.472092 -71.920942 6.649180 105002103772.000000
-0.170654 0.634521 0.065186 -77.350088 -70.334899 5.917160 105002106688.000000
-0.164795 0.654297 0.092285 -76.435064 -68.077838 5.307143 105002109607.000000
-0.143799 0.652588 0.106934 -75.825047 -66.125785 4.026109 105002112526.000000
-0.127441 0.655273 0.123291 -74.544013 -63.868724 3.050082 105002115442.000000
-0.110107 0.659180 0.160645 -73.506985 -62.099677 1.342036 105002118357.000000
-0.089355 0.655029 0.174805 -71.981944 -59.781614 -0.366010 105002121276.000000
-0.082764 0.653564 0.195068 -70.761911 -56.792533 -1.830049 105002124192.000000
-0.074463 0.649170 0.205322 -69.114866 -53.559446 -3.782102 105002127109.000000
-0.072754 0.650879 0.201416 -68.016836 -49.533337 -5.246142 105002130025.000000
-0.075439 0.650146 0.200928 -67.101812 -45.080217 -6.832184 105002132955.000000
-0.081299 0.642334 0.205078 -65.576771 -40.871104 -8.479229 105002135873.000000
-0.088379 0.634521 0.220215 -64.356738 -36.905996 -9.638260 105002138791.000000
-0.105713 0.625000 0.237793 -61.672665 -33.367901 -10.919295 105002141715.000000
-0.115479 0.621094 0.237061 -60.025621 -29.524797 -11.895321 105002144625.000000
-0.131104 0.623291 0.261475 -57.707558 -26.230708 -13.359361 105002147533.000000
-0.151855 0.633545 0.282715 -55.267492 -23.180626 -14.030379 105002150449.000000
-0.164795 0.644775 0.276611 -53.681449 -19.886537 -15.860428 105002153369.000000
-0.184082 0.651855 0.261963 -53.071433 -17.202464 -17.202464 105002156287.000000
-0.203613 0.656494 0.272705 -52.644421 -14.640395 -18.422497 105002159203.000000
-0.215820 0.663574 0.272949 -51.363387 -12.078326 -20.069542 105002162131.000000
-0.245850 0.666260 0.283203 -49.960349 -9.577259 -20.923565 105002165047.000000
-0.280029 0.665527 0.286133 -48.618313 -7.686208 -22.326603 105002167964.000000
-0.315186 0.680420 0.268066 -48.313304 -6.344171 -23.058623 105002170889.000000
-0.350342 0.693359 0.244629 -47.642286 -6.161166 -23.729641 105002173811.000000
-0.383301 0.698730 0.229980 -47.398280 -6.649180 -24.339657 105002176730.000000
-0.410156 0.700928 0.242432 -46.300250 -8.601232 -24.644665 105002179649.000000
-0.435303 0.706787 0.240967 -45.629232 -11.041298 -24.827670 105002182569.000000
-0.451660 0.711426 0.219238 -45.568230 -14.030379 -25.254682 105002185515.000000
-0.463623 0.707764 0.214355 -45.690234 -16.714451 -25.559690 105002188432.000000
-0.467773 0.694824 0.210205 -45.629232 -18.971512 -26.047703 105002191361.000000
-0.482422 0.687744 0.218750 -44.592204 -21.411578 -26.474715 105002194277.000000
-0.495850 0.680664 0.230957 -42.762155 -23.241628 -26.657720 105002197205.000000
-0.503662 0.681152 0.233887 -40.688099 -25.010675 -26.840725 105002200136.000000
-0.506836 0.676758 0.236084 -38.370036 -26.901726 -26.535716 105002203092.000000
-0.513672 0.680420 0.241943 -36.356982 -28.304764 -27.023730 105002206010.000000
-0.516357 0.686035 0.238525 -34.465931 -29.890807 -27.267736 105002208927.000000
-0.516846 0.690674 0.239502 -33.062893 -30.866833 -27.755749 105002211846.000000
-0.517090 0.696045 0.244385 -31.781858 -31.476850 -28.182761 105002214763.000000
-0.512695 0.697266 0.237061 -30.439822 -31.415848 -29.158787 105002217681.000000
-0.515625 0.701416 0.235352 -30.195815 -31.476850 -29.524797 105002220600.000000
-0.523926 0.712891 0.241455 -29.707802 -31.110840 -30.134814 105002223519.000000
-0.520752 0.735352 0.222168 -30.622827 -31.049838 -30.988837 105002226436.000000
-0.509766 0.752686 0.173096 -32.757884 -30.439822 -32.025865 105002229361.000000
-0.491699 0.772949 0.136475 -35.441957 -29.463796 -33.428903 105002232282.000000
-0.470459 0.780762 0.102051 -38.797048 -28.548771 -34.648936 105002235198.000000
-0.450684 0.781982 0.098389 -40.749100 -28.243763 -35.990972 105002238115.000000
-0.431885 0.778320 0.095947 -41.298115 -28.426768 -37.638016 105002241035.000000
-0.427490 0.771729 0.097168 -40.566095 -28.182761 -39.224059 105002243950.000000
-0.437988 0.761230 0.089600 -39.651071 -28.670774 -40.261087 105002246869.000000
-0.446045 0.754395 0.092041 -39.285061 -30.622827 -41.237113 105002249787.000000
-0.460205 0.747314 0.078369 -38.492039 -33.184896 -41.542122 105002252714.000000
-0.471680 0.743164 0.080078 -36.844995 -35.990972 -42.335143 105002255630.000000
-0.473389 0.739258 0.089111 -35.319954 -39.651071 -43.250168 105002258546.000000
-0.481445 0.736328 0.069824 -33.977917 -43.799183 -43.677179 105002261466.000000
-0.488770 0.737061 0.066406 -33.550906 -48.069298 -44.775209 105002264383.000000
-0.486816 0.733398 0.060547 -33.977917 -52.949430 -46.178247 105002267300.000000
-0.491699 0.732910 0.081055 -33.550906 -57.463552 -47.459281 105002270228.000000
-0.499512 0.734375 0.093262 -32.574880 -61.245654 -48.435308 105002273148.000000
-0.497559 0.726807 0.099365 -31.293845 -65.271762 -49.594339 105002276065.000000
-0.489258 0.715088 0.115234 -30.927835 -68.809858 -50.997377 105002278983.000000
-0.468506 0.704102 0.120117 -31.598853 -72.103947 -53.071433 105002281904.000000
-0.449463 0.681396 0.124512 -32.635881 -74.422009 -54.718477 105002284850.000000
-0.426758 0.649902 0.152344 -32.330873 -75.764046 -56.670530 105002287768.000000
-0.398682 0.618164 0.179932 -31.110840 -75.825047 -57.890563 105002290691.000000
-0.372070 0.594238 0.190674 -29.890807 -74.605014 -59.964619 105002293609.000000
-0.351074 0.573486 0.199707 -28.914781 -72.591960 -60.452632 105002296527.000000
-0.339600 0.569092 0.177002 -29.097786 -69.297871 -61.184652 105002299443.000000
-0.345703 0.572510 0.154297 -29.097786 -64.295736 -60.940645 105002302363.000000
-0.381592 0.595703 0.160889 -28.121759 -58.317575 -59.659611 105002305280.000000
-0.410645 0.625488 0.157715 -27.450741 -51.912402 -56.304520 105002308196.000000
-0.472412 0.681885 0.161621 -24.949674 -45.263222 -52.949430 105002311115.000000
-0.524414 0.758057 0.172852 -22.326603 -39.407064 -49.167328 105002314034.000000
-0.546631 0.839355 0.147705 -21.289575 -34.099921 -46.422253 105002316949.000000
-0.564941 0.920166 0.119629 -21.899591 -29.280791 -44.287196 105002319866.000000
-0.579590 0.988037 0.102539 -22.875618 -25.559690 -43.067163 105002322786.000000
-0.595703 1.043945 0.176025 -22.875618 -21.350576 -44.592204 105002330325.000000
-0.570068 0.978760 0.181396 -23.973647 -20.130544 -46.727262 105002333489.000000
-0.580566 0.886719 0.174805 -25.986702 -18.544501 -48.618313 105002336418.000000
-0.617920 0.786377 0.188232 -27.145733 -15.677423 -49.106326 105002339349.000000
-0.680176 0.715576 0.207275 -25.864698 -11.834320 -48.130300 105002342371.000000
-0.740234 0.666504 0.218018 -23.424632 -7.747209 -45.812237 105002345371.000000
-0.800293 0.659180 0.230225 -21.838590 -5.185140 -42.213140 105002348293.000000
-0.826172 0.659424 0.233887 -20.191545 -3.416092 -39.590069 105002351209.000000
-0.840820 0.676758 0.246826 -17.751479 -1.891051 -36.417983 105002354131.000000
-0.847900 0.697998 0.246582 -14.945404 -0.183005 -34.648936 105002357043.000000
-0.822266 0.725098 0.211670 -13.420362 1.830049 -33.611908 105002359956.000000
-0.778320 0.762939 0.149658 -14.640395 3.660099 -34.526932 105002362880.000000
-0.720215 0.799072 0.086914 -16.958458 4.941133 -35.990972 105002365798.000000
-0.662354 0.825195 0.072021 -18.605502 5.307143 -39.529067 105002368711.000000
-0.592529 0.834229 0.060791 -19.642530 5.246142 -44.104191 105002371665.000000
-0.544678 0.833496 0.058105 -21.045568 5.124138 -48.374306 105002374580.000000
-0.519287 0.818359 0.062500 -22.509608 4.636125 -52.156408 105002377493.000000
-0.512207 0.797119 0.063965 -22.692613 3.721100 -54.779479 105002380418.000000
-0.517578 0.781494 0.071533 -22.936619 2.684072 -55.877509 105002383337.000000
-0.520752 0.767090 0.086182 -21.899591 1.586043 -56.243519 105002386339.000000
-0.525879 0.751465 0.075195 -22.936619 -0.671018 -56.304520 105002389252.000000
-0.520752 0.738281 0.062500 -24.034649 -3.538096 -55.816507 105002392198.000000
-0.521729 0.724854 0.065918 -24.705667 -6.527176 -55.389496 105002395111.000000
-0.528809 0.712158 0.087402 -24.766669 -9.821265 -55.206491 105002398030.000000
-0.530762 0.696777 0.095947 -24.095651 -12.810346 -54.657476 105002400943.000000
-0.538574 0.685059 0.109375 -23.790642 -15.372415 -53.925456 105002403857.000000
-0.549316 0.675781 0.122803 -23.363631 -17.385469 -53.254438 105002406768.000000
-0.566650 0.676270 0.133301 -22.753614 -18.666504 -51.790398 105002409680.000000
-0.576904 0.676514 0.155518 -21.594583 -19.154517 -50.387360 105002412593.000000
-0.578369 0.676025 0.169434 -20.008540 -18.849509 -49.411334 105002415513.000000
-0.575684 0.675781 0.165527 -19.764534 -18.117489 -48.130300 105002418425.000000
-0.573242 0.679688 0.175049 -19.642530 -16.958458 -47.947295 105002421348.000000
-0.571777 0.677490 0.182617 -19.215519 -15.189410 -47.581285 105002424285.000000
-0.574463 0.673584 0.213379 -17.995486 -13.054352 -46.971268 105002427203.000000
-0.575195 0.674316 0.243896 -16.470445 -10.797292 -47.276276 105002430136.000000
-0.574463 0.669434 0.260498 -15.250412 -7.564204 -47.337278 105002433403.000000
-0.575195 0.664551 0.266357 -14.335387 -4.270115 -47.703288 105002436336.000000
-0.577148 0.665771 0.266113 -13.115354 -0.549015 -47.276276 105002439272.000000
-0.568115 0.658203 0.275879 -12.017324 2.928079 -47.886293 105002442218.000000
-0.570068 0.661377 0.288818 -11.407308 6.649180 -48.679314 105002445146.000000
-0.566650 0.659668 0.291992 -11.163301 10.736290 -49.045324 105002448067.000000
-0.564453 0.659424 0.287109 -10.919295 13.908376 -49.289331 105002450993.000000
-0.564453 0.659424 0.274414 -11.041298 17.995486 -49.533337 105002453916.000000
-0.561279 0.666992 0.257568 -11.651315 22.570609 -50.082352 105002456843.000000
-0.553467 0.664551 0.244141 -12.383334 26.962728 -50.448362 105002459763.000000
-0.550293 0.659668 0.221680 -13.054352 30.927835 -50.997377 105002462692.000000
-0.542969 0.654297 0.215332 -13.359361 34.831940 -51.668395 105002465613.000000
-0.541260 0.645996 0.212646 -12.932349 38.492039 -52.156408 105002468533.000000
-0.537109 0.632568 0.206543 -12.261331 41.664125 -52.766425 105002471456.000000
-0.541260 0.614258 0.205811 -11.285305 44.104191 -53.376441 105002474375.000000
-0.543457 0.608643 0.206299 -10.431282 45.812237 -53.925456 105002477295.000000
-0.554932 0.596191 0.196289 -9.638260 47.337278 -54.352468 105002480258.000000
-0.564453 0.586914 0.196289 -8.662234 48.496309 -54.535472 105002483195.000000
-0.584717 0.579102 0.196045 -7.686208 49.228329 -54.840481 105002486120.000000
-0.597412 0.571289 0.197021 -6.710181 49.472336 -54.718477 105002489043.000000
-0.611816 0.563477 0.204590 -5.246142 48.923321 -54.840481 105002491961.000000
-0.625244 0.555176 0.211914 -4.392119 48.313304 -54.901482 105002494884.000000
-0.642578 0.552246 0.210449 -3.172086 47.398280 -54.718477 105002497801.000000
-0.659424 0.556396 0.216553 -2.196059 46.361252 -55.206491 105002500750.000000
-0.679932 0.554443 0.224365 -1.037028 44.653206 -55.267492 105002503870.000000
-0.692627 0.557373 0.231445 0.061002 43.433173 -55.511499 105002507009.000000
-0.706299 0.559570 0.222900 0.488013 41.664125 -55.511499 105002510061.000000
-0.719727 0.560791 0.225586 0.915025 39.773074 -55.328494 105002513099.000000
-0.734863 0.570068 0.227539 1.586043 38.675044 -55.633502 105002516026.000000
-0.737793 0.570801 0.218506 1.586043 36.966998 -55.572500 105002518939.000000
-0.740234 0.586182 0.198486 0.976026 35.319954 -55.755505 105002521857.000000
-0.741699 0.586914 0.192627 0.305008 33.916916 -55.877509 105002524782.000000
-0.736328 0.590088 0.179932 -0.305008 32.208870 -56.365522 105002527702.000000
-0.737549 0.580566 0.176514 -0.610016 30.378820 -57.097542 105002530623.000000
-0.732178 0.574951 0.186768 -0.671018 29.036784 -57.646556 105002533535.000000
-0.729248 0.570313 0.179932 -0.366010 27.450741 -58.683584 105002536452.000000
-0.727539 0.565674 0.173340 -0.915025 26.352712 -59.354603 105002539361.000000
-0.719482 0.555176 0.163086 -1.342036 25.559690 -60.269627 105002542280.000000
-0.706055 0.546875 0.155029 -1.403038 24.888672 -61.428659 105002545213.000000
-0.701660 0.558594 0.149414 -1.342036 24.522662 -62.404685 105002548132.000000
-0.698975 0.522461 0.133301 -3.172086 23.485634 -63.136705 105002551054.000000
-0.683350 0.493408 0.173584 -2.379064 22.997621 -64.295736 105002553965.000000
-0.682129 0.477051 0.194580 0.488013 23.912646 -64.783749 105002556874.000000
-0.677734 0.464844 0.190186 2.074056 24.339657 -65.027756 105002559783.000000
-0.669678 0.457031 0.183105 2.562069 25.071677 -65.393766 105002562708.000000
-0.662842 0.456055 0.176025 2.196059 25.742695 -65.820777 105002565629.000000
-0.657227 0.456543 0.187012 3.538096 26.474715 -66.125785 105002568550.000000
-0.647705 0.453857 0.214111 6.222168 27.450741 -66.552797 105002571477.000000
-0.641357 0.459961 0.203613 7.930214 28.914781 -67.040810 105002574401.000000
-0.647217 0.478760 0.198730 8.479229 29.646800 -68.016836 105002577320.000000
-0.653809 0.500244 0.193848 8.113219 31.049838 -68.321845 105002580244.000000
-0.657227 0.527588 0.193359 8.601232 31.415848 -68.992863 105002583163.000000
-0.672363 0.543457 0.186279 8.723236 32.269871 -69.846886 105002586082.000000
-0.686035 0.567627 0.166748 7.991216 32.025865 -70.578906 105002589000.000000
-0.706299 0.581299 0.160400 6.832184 31.598853 -71.310925 105002591922.000000
-0.709961 0.596191 0.157959 6.039163 31.171842 -71.432929 105002594840.000000
-0.714111 0.591309 0.149902 5.795156 30.500824 -72.042945 105002597758.000000
-0.720703 0.582520 0.137939 5.795156 30.256817 -72.408955 105002600679.000000
-0.710693 0.567139 0.125977 5.307143 29.951809 -73.567986 105002603596.000000
-0.700439 0.549805 0.117188 4.697127 29.585799 -73.933996 105002606515.000000
-0.687988 0.530518 0.115967 4.636125 29.646800 -75.215031 105002609433.000000
-0.672852 0.506104 0.111328 4.941133 29.646800 -76.252059 105002612353.000000
-0.660645 0.477783 0.107178 5.612152 29.890807 -77.899103 105002615276.000000
-0.646484 0.445557 0.107178 5.490148 30.500824 -79.180138 105002618194.000000
-0.640137 0.419189 0.120361 6.039163 31.598853 -80.339169 105002621115.000000
-0.638672 0.389160 0.129150 7.015189 32.147868 -81.437199 105002624033.000000
-0.641357 0.357666 0.142090 8.113219 33.123894 -82.047215 105002626950.000000
-0.636963 0.337646 0.150879 9.272250 33.855914 -82.840237 105002629868.000000
-0.635742 0.320557 0.166748 10.919295 35.075947 -83.389252 105002632798.000000
-0.639160 0.316895 0.174316 12.444336 36.112975 -84.121271 105002635717.000000
-0.641113 0.312012 0.171631 12.688343 38.431038 -84.060270 105002638636.000000
-0.636230 0.306885 0.192871 14.152382 40.200085 -84.487281 105002641552.000000
-0.637939 0.328857 0.220459 17.995486 42.640151 -84.731288 105002644464.000000
-0.640137 0.343018 0.203369 20.130544 45.385225 -84.548283 105002647374.000000
-0.644287 0.369141 0.177979 20.679558 47.459281 -85.158299 105002650291.000000
-0.650391 0.394287 0.162598 20.069542 48.374306 -85.158299 105002653209.000000
-0.657959 0.416748 0.154297 20.252547 49.350332 -85.036296 105002656127.000000
-0.668701 0.435303 0.160889 22.021595 49.533337 -85.768316 105002659047.000000
-0.682617 0.448975 0.149902 22.082596 49.106326 -85.951321 105002661984.000000
-0.690918 0.463623 0.132324 21.533581 48.679314 -86.744342 105002664903.000000
-0.704834 0.465088 0.124756 20.923565 48.069298 -87.171354 105002667821.000000
-0.705566 0.450928 0.126953 21.716586 47.276276 -88.025377 105002670746.000000
-0.706299 0.439453 0.129883 22.204600 46.910267 -89.062405 105002673667.000000
-0.705322 0.427246 0.126465 22.997621 46.239248 -90.221436 105002676584.000000
-0.694092 0.399902 0.112549 22.509608 45.568230 -91.380467 105002679503.000000
-0.689209 0.384033 0.106445 22.936619 44.714207 -92.417495 105002682426.000000
-0.680176 0.354248 0.121582 23.790642 44.287196 -93.942536 105002685344.000000
-0.677490 0.328125 0.132324 24.644665 43.555176 -95.467578 105002688286.000000
-0.671631 0.304199 0.136230 24.888672 43.067163 -96.809614 105002691205.000000
-0.674072 0.285645 0.133057 25.071677 42.823156 -98.090648 105002694124.000000
-0.687988 0.268799 0.127441 25.559690 42.945160 -99.615690 105002697043.000000
-0.699707 0.256836 0.130371 25.681693 43.677179 -100.530714 105002699959.000000
-0.708740 0.252930 0.122070 26.047703 44.775209 -101.079729 105002702890.000000
-0.726318 0.244385 0.117432 25.803697 45.507229 -101.689746 105002705810.000000
-0.734375 0.249023 0.101318 25.742695 46.727262 -102.238760 105002708729.000000
-0.739014 0.256348 0.100586 26.047703 47.947295 -102.665772 105002711651.000000
-0.735352 0.262207 0.098389 26.352712 49.167328 -103.702800 105002714568.000000
-0.735596 0.270996 0.077881 26.108705 50.265357 -104.861831 105002717483.000000
-0.733643 0.276123 0.066162 26.535716 50.997377 -106.081864 105002720418.000000
-0.731934 0.286865 0.057129 26.779723 52.644421 -107.179894 105002723335.000000
-0.734131 0.295898 0.048828 27.267736 53.437443 -108.155920 105002726252.000000
-0.744873 0.300781 0.037109 27.999756 54.291466 -109.192948 105002729173.000000
-0.759033 0.310547 0.032471 28.548771 55.023486 -110.351980 105002732103.000000
-0.778320 0.304688 0.018311 28.914781 55.755505 -110.961996 105002735030.000000
-0.798340 0.312744 0.006592 29.219789 56.060514 -111.816019 105002737946.000000
-0.818115 0.312500 -0.013916 29.585799 55.877509 -112.304032 105002740871.000000
-0.823730 0.301758 -0.020508 29.463796 55.328494 -113.158055 105002743792.000000
-0.830566 0.295898 -0.033691 29.524797 54.779479 -113.951077 105002746710.000000
-0.829834 0.281738 -0.042480 30.073812 53.681449 -114.744098 105002749633.000000
-0.825684 0.262695 -0.039795 30.561825 52.583420 -116.208138 105002752559.000000
-0.823486 0.247314 -0.039551 31.415848 51.424388 -117.184164 105002755482.000000
-0.814941 0.223877 -0.030029 32.940889 50.265357 -118.648204 105002758406.000000
-0.808838 0.195313 -0.015625 34.160922 49.411334 -120.051241 105002761332.000000
-0.803223 0.170654 0.000732 36.478985 48.740316 -121.088269 105002764254.000000
-0.801025 0.156738 0.022217 38.614043 48.191301 -121.881291 105002767174.000000
-0.794678 0.141113 0.021729 40.993107 48.557311 -122.369304 105002770092.000000
-0.792969 0.135254 0.014893 42.518148 49.106326 -122.369304 105002773058.000000
-0.795898 0.137939 0.014404 44.104191 50.143354 -122.613311 105002775977.000000
-0.795166 0.143066 0.010498 45.263222 51.546392 -122.735314 105002778895.000000
-0.797852 0.141357 0.020508 46.422253 52.644421 -122.369304 105002781816.000000
-0.800781 0.152344 0.031738 47.215275 53.132435 -122.186299 105002784734.000000
-0.802979 0.159424 0.033936 48.130300 53.559446 -122.430306 105002787650.000000
-0.812744 0.171875 0.012695 48.130300 53.742451 -123.223327 105002790570.000000
-0.814941 0.184570 -0.006104 47.337278 53.803453 -123.101324 105002793490.000000
-0.817139 0.199951 -0.035889 46.117245 54.230464 -123.528335 105002796409.000000
-0.822754 0.206787 -0.067383 44.653206 53.559446 -124.199353 105002799327.000000
-0.839844 0.215332 -0.077637 43.494174 53.559446 -124.443360 105002802247.000000
-0.854492 0.213867 -0.088867 42.396145 53.132435 -124.870372 105002805165.000000
-0.864746 0.201904 -0.096924 41.359117 52.705423 -125.236381 105002808084.000000
-0.857666 0.181641 -0.105957 41.359117 52.156408 -126.090404 105002811022.000000
-0.874756 0.172852 -0.103760 41.298115 51.668395 -126.822424 105002813954.000000
-0.873047 0.145508 -0.118164 40.932105 50.448362 -128.164460 105002816873.000000
-0.862061 0.121582 -0.106934 41.176112 49.472336 -129.018483 105002819802.000000
-0.856934 0.094971 -0.112549 41.298115 48.679314 -130.970536 105002822729.000000
-0.851807 0.066895 -0.111328 42.335143 48.130300 -132.434576 105002825660.000000
-0.859375 0.052246 -0.111572 43.433173 47.703288 -134.020619 105002828584.000000
-0.854492 0.031738 -0.119873 44.165192 47.703288 -135.118648 105002831512.000000
-0.867188 0.014404 -0.125000 44.409199 48.069298 -136.033673 105002834434.000000
-0.881592 0.000000 -0.140869 44.958214 48.313304 -136.460684 105002837353.000000
-0.899902 -0.010254 -0.146484 45.324224 49.411334 -136.216678 105002840281.000000
-0.919678 -0.015381 -0.153076 45.446227 50.204356 -135.484658 105002843203.000000
-0.937012 -0.012695 -0.161377 45.446227 51.668395 -134.813640 105002846122.000000
-0.946533 -0.012939 -0.165283 45.202220 52.278412 -134.203623 105002849040.000000
-0.953369 -0.015137 -0.161133 45.385225 53.620448 -133.410602 105002851971.000000
-0.963867 -0.008789 -0.166260 45.629232 55.023486 -133.227597 105002854892.000000
-0.956787 -0.008301 -0.162354 45.751235 55.999512 -133.349600 105002857815.000000
-0.957031 0.004395 -0.165039 46.178247 57.036540 -133.288599 105002860739.000000
-0.955322 0.014648 -0.174561 46.544257 57.890563 -133.532605 105002863663.000000
-0.954590 0.019531 -0.184326 47.276276 58.927591 -134.020619 105002866582.000000
-0.957764 0.024902 -0.190674 47.459281 59.659611 -134.386628 105002869498.000000
-0.954834 0.033203 -0.213867 47.337278 60.696639 -134.630635 105002872440.000000
-0.951172 0.034424 -0.234619 47.093272 61.489660 -134.569633 105002875358.000000
-0.958984 0.033691 -0.245361 46.788263 62.099677 -134.996645 105002878276.000000
-0.963379 0.027344 -0.253906 46.239248 62.404685 -135.667663 105002881197.000000
-0.958496 0.016113 -0.262451 45.873239 62.648692 -135.545660 105002884116.000000
-0.955322 -0.006348 -0.264404 45.568230 62.587690 -136.155676 105002887037.000000
-0.956055 -0.031250 -0.267822 45.202220 63.136705 -136.887696 105002889959.000000
-0.946533 -0.052490 -0.272461 45.446227 63.014701 -137.863722 105002892876.000000
-0.944092 -0.078613 -0.278076 45.263222 63.380711 -138.595742 105002895788.000000
-0.951904 -0.105957 -0.283203 45.019216 63.380711 -138.961752 105002898699.000000
-0.959229 -0.120117 -0.282959 45.019216 63.746721 -138.778747 105002901641.000000
-0.972656 -0.144531 -0.281738 44.897212 63.685720 -139.083755 105002904573.000000
-0.993164 -0.164795 -0.281250 45.263222 63.868724 -138.412737 105002907492.000000
-1.006592 -0.179932 -0.266357 45.629232 64.051729 -138.168731 105002910415.000000
-1.024902 -0.191162 -0.252930 45.873239 63.929726 -137.436711 105002913334.000000
-1.033447 -0.203613 -0.244629 46.727262 64.051729 -137.070701 105002916252.000000
-1.036133 -0.205322 -0.236328 47.398280 64.295736 -136.582688 105002919170.000000
-1.032959 -0.207764 -0.228027 48.191301 64.112731 -136.826694 105002922096.000000
-1.020508 -0.198975 -0.224365 48.801318 64.478741 -136.704691 105002925013.000000
-1.023438 -0.193848 -0.217285 49.716342 64.600744 -137.375709 105002927933.000000
-1.017578 -0.183105 -0.220215 50.631367 64.600744 -138.229732 105002930858.000000
-1.014648 -0.177979 -0.246338 50.448362 64.966754 -138.534740 105002933783.000000
-1.016113 -0.168457 -0.262207 50.143354 65.149759 -138.839749 105002936701.000000
-1.021729 -0.169922 -0.273193 49.411334 65.454767 -138.717745 105002939618.000000
-1.027588 -0.165527 -0.289307 48.130300 65.210761 -138.229732 105002942539.000000
-1.043701 -0.173584 -0.298584 47.764290 65.149759 -137.558714 105002945458.000000
-1.046631 -0.183838 -0.306641 46.300250 64.905752 -137.070701 105002948375.000000
-1.057373 -0.209473 -0.301270 45.629232 63.807723 -136.399683 105002951301.000000
-1.057129 -0.235840 -0.301270 45.324224 63.258708 -135.667663 105002954225.000000
-1.061523 -0.261963 -0.304199 44.836211 62.038675 -134.935643 105002957149.000000
-1.055664 -0.287109 -0.300537 45.263222 60.879644 -134.935643 105002960068.000000
-1.044922 -0.315674 -0.300293 45.080217 59.232599 -135.179650 105002963032.000000
-1.043945 -0.346191 -0.290771 45.812237 58.439578 -135.606661 105002965952.000000
-1.037842 -0.368652 -0.283447 46.910267 56.548527 -136.094675 105002968875.000000
-1.030518 -0.380615 -0.267090 48.069298 55.511499 -136.643689 105002971805.000000
-1.024414 -0.393555 -0.258301 49.655341 55.023486 -136.826694 105002974723.000000
-1.019775 -0.394287 -0.252930 51.241384 54.535472 -137.436711 105002977644.000000
-1.015137 -0.396973 -0.248779 52.827426 55.023486 -137.619716 105002980565.000000
-1.003418 -0.398438 -0.234375 54.474471 54.901482 -137.558714 105002983485.000000
-0.993896 -0.392090 -0.237549 55.328494 55.267492 -137.863722 105002986404.000000
-0.982178 -0.389404 -0.221436 56.609528 56.121515 -137.619716 105002989321.000000
-0.969727 -0.385010 -0.218506 57.768560 56.975538 -137.680717 105002992242.000000
-0.960693 -0.377930 -0.213379 58.622583 58.256573 -137.985726 105002995161.000000
-0.954346 -0.372559 -0.226074 59.415604 59.354603 -137.192704 105002998080.000000
-0.956299 -0.371826 -0.228271 59.415604 60.696639 -137.131703 105003001010.000000
-0.956543 -0.367676 -0.240479 58.866589 61.611664 -136.704691 105003003930.000000
-0.969238 -0.362549 -0.257813 58.073568 62.160678 -135.911670 105003006848.000000
-0.990234 -0.373291 -0.273193 56.670530 62.282682 -135.545660 105003009769.000000
-0.999268 -0.376221 -0.281982 55.023486 61.977673 -135.057647 105003012689.000000
-1.020264 -0.383789 -0.298828 53.437443 61.550662 -133.959617 105003015607.000000
-1.041748 -0.392334 -0.321533 52.339413 60.330629 -132.922589 105003018530.000000
-1.070313 -0.406738 -0.332764 50.509364 58.073568 -132.739584 105003021450.000000
-1.058105 -0.435547 -0.348145 48.801318 55.816507 -132.068566 105003024371.000000
-1.062744 -0.461670 -0.335205 48.191301 52.827426 -132.495577 105003027289.000000
-1.081299 -0.496094 -0.330811 47.276276 49.350332 -132.861587 105003030216.000000
-1.073486 -0.526611 -0.285645 50.265357 44.043189 -135.301653 105003033139.000000
-1.125244 -0.554199 -0.350098 47.154273 40.017080 -134.020619 105003036057.000000
-1.042969 -0.598389 -0.299805 49.838346 37.211005 -135.728665 105003038976.000000
-1.049805 -0.621582 -0.311523 52.522418 34.770939 -136.521686 105003041907.000000
-1.047607 -0.623047 -0.323486 52.644421 32.757884 -136.643689 105003044827.000000
-1.231689 -0.561035 -0.300293 51.546392 21.838590 -133.532605 105003047749.000000
-0.721924 -0.638916 -0.193848 54.718477 24.644665 -136.277679 105003050677.000000
-0.930420 -0.654541 -0.337646 49.411334 27.633746 -142.377844 105003053604.000000
-1.108154 -0.639648 -0.051270 63.563716 27.816751 -138.961752 105003056538.000000
-1.036377 -0.657227 -0.172119 65.881779 27.267736 -136.033673 105003059456.000000
-0.891357 -0.642334 -0.330322 64.722748 27.816751 -136.155676 105003062386.000000
-0.864258 -0.574463 -0.251709 62.587690 29.890807 -137.314707 105003065306.000000
-0.854980 -0.510254 -0.265625 62.770695 32.269871 -136.704691 105003068227.000000
-0.830078 -0.473633 -0.210449 67.650827 33.916916 -135.911670 105003071149.000000
-0.796387 -0.459473 -0.200928 71.554932 37.272006 -135.545660 105003074068.000000
-0.768555 -0.438232 -0.280029 68.199841 41.664125 -135.179650 105003076985.000000
-0.761475 -0.419678 -0.265869 67.101812 44.531202 -134.203623 105003079915.000000
-0.752441 -0.420166 -0.247803 68.260843 47.459281 -133.776612 105003082859.000000
-0.751221 -0.423340 -0.250244 68.565851 50.204356 -133.837614 105003085796.000000
-0.757324 -0.427734 -0.254395 67.650827 52.339413 -133.654609 105003088715.000000
-0.775391 -0.438721 -0.296631 64.295736 54.291466 -132.373574 105003091639.000000
-0.810791 -0.469482 -0.323242 62.404685 55.999512 -130.482523 105003094557.000000
-0.840332 -0.501953 -0.296631 63.624718 58.012566 -128.591472 105003097478.000000
-0.859131 -0.532227 -0.309570 63.502715 59.903617 -126.517416 105003100398.000000
-0.875000 -0.558105 -0.335205 62.282682 60.025621 -125.053376 105003103318.000000
-0.890625 -0.586426 -0.360596 60.391631 59.232599 -123.589337 105003106238.000000
-0.899170 -0.612305 -0.369385 59.476606 57.829561 -123.284329 105003109155.000000
-0.900879 -0.638428 -0.369873 59.720612 56.609528 -123.040322 105003112077.000000
-0.900391 -0.666748 -0.386475 59.354603 54.962484 -123.589337 105003114998.000000
-0.896973 -0.692139 -0.422607 58.073568 53.071433 -124.870372 105003117924.000000
-0.892578 -0.710693 -0.444092 56.609528 51.729397 -126.212408 105003120846.000000
-0.889404 -0.719971 -0.449463 55.999512 49.960349 -127.737449 105003123764.000000
-0.885254 -0.752441 -0.462402 55.633502 47.947295 -129.567498 105003126683.000000
-0.885498 -0.770752 -0.466309 54.779479 46.056244 -131.336546 105003129602.000000
-0.885742 -0.814209 -0.469238 53.681449 43.494174 -133.166595 105003132530.000000
-0.894287 -0.844971 -0.452148 53.742451 41.115110 -134.752638 105003135449.000000
-0.913818 -0.879150 -0.423096 54.840481 38.858049 -135.484658 105003138369.000000
-0.938232 -0.904053 -0.410645 56.487525 36.112975 -136.277679 105003141294.000000
-0.957275 -0.927490 -0.394287 58.073568 33.428903 -136.155676 105003144208.000000
-0.978027 -0.924072 -0.382080 59.354603 30.683828 -135.728665 105003147120.000000
-0.987061 -0.909668 -0.363281 61.245654 27.450741 -134.752638 105003150030.000000
-0.990967 -0.877686 -0.351563 63.197706 24.583664 -134.447630 105003152957.000000
-0.977783 -0.843018 -0.340820 64.844751 21.777588 -133.532605 105003155876.000000
-0.965332 -0.814453 -0.345703 66.003782 19.398524 -132.983591 105003158798.000000
-0.945801 -0.769531 -0.341797 66.552797 17.202464 -132.861587 105003161727.000000
-0.921631 -0.729004 -0.354980 66.735802 15.616422 -132.556579 105003164644.000000
-0.901367 -0.693848 -0.355225 66.491795 14.579394 -132.312572 105003167562.000000
-0.888672 -0.664551 -0.351807 65.881779 13.969377 -132.007564 105003170488.000000
-0.880371 -0.647217 -0.362061 64.539743 13.786372 -131.214543 105003173407.000000
-0.882568 -0.638428 -0.369873 63.258708 14.213384 -130.177515 105003176327.000000
-0.887451 -0.639160 -0.385742 61.611664 14.701397 -128.652474 105003179252.000000
-0.888428 -0.646240 -0.406006 59.659611 15.189410 -126.517416 105003182176.000000
-0.881592 -0.659668 -0.409668 57.219545 15.006405 -124.382358 105003185097.000000
-0.875244 -0.683105 -0.415527 55.267492 15.067407 -123.284329 105003188016.000000
-0.860352 -0.710205 -0.423584 53.620448 14.091380 -122.308302 105003190937.000000
-0.833740 -0.748535 -0.422119 51.973403 13.176356 -121.637284 105003193889.000000
-0.819824 -0.769043 -0.416504 51.302385 13.054352 -121.210273 105003196809.000000
-0.800049 -0.798828 -0.429443 50.814372 12.749344 -121.698286 105003199727.000000
-0.781250 -0.822998 -0.426270 50.875374 13.176356 -121.820289 105003202649.000000
-0.773193 -0.832520 -0.425293 51.302385 14.457390 -121.698286 105003205568.000000
-0.764648 -0.827393 -0.424072 51.607393 16.409443 -121.576283 105003208487.000000
-0.769287 -0.824707 -0.434814 51.790398 18.422497 -120.966266 105003211408.000000
-0.772217 -0.812256 -0.445068 51.424388 20.435552 -120.234246 105003214326.000000
-0.769287 -0.804443 -0.440186 51.973403 22.448606 -119.258220 105003217252.000000
-0.767090 -0.787598 -0.444092 51.546392 23.912646 -118.282194 105003220206.000000
-0.757324 -0.777100 -0.452148 51.180382 24.888672 -117.794180 105003223140.000000
-0.753906 -0.767578 -0.452881 50.326359 25.864698 -117.001159 105003226061.000000
-0.748291 -0.769287 -0.442383 48.923321 26.047703 -116.330141 105003228978.000000
-0.743896 -0.772949 -0.443115 48.435308 26.962728 -115.964131 105003231908.000000
-0.741699 -0.772217 -0.435791 47.764290 26.718721 -115.293113 105003234826.000000
-0.745605 -0.781250 -0.424561 46.605258 26.962728 -114.988105 105003237749.000000
-0.745850 -0.794678 -0.423096 46.178247 26.718721 -113.890075 105003240685.000000
-0.743896 -0.802734 -0.423340 45.568230 26.291710 -112.609040 105003243601.000000
-0.749756 -0.804443 -0.410889 45.080217 25.925700 -112.121027 105003246519.000000
-0.750000 -0.817383 -0.403320 44.348197 25.193680 -111.022998 105003249445.000000
-0.752930 -0.833252 -0.389648 43.555176 24.278656 -110.412981 105003252381.000000
-0.750000 -0.851563 -0.374268 42.945160 23.668639 -109.741963 105003255302.000000
-0.754395 -0.870605 -0.348389 42.884158 23.302629 -109.619960 105003258222.000000
-0.769531 -0.887695 -0.316650 44.043189 23.119624 -108.826938 105003261147.000000
-0.777344 -0.904297 -0.277100 45.568230 22.204600 -107.728909 105003264069.000000
-0.785156 -0.900635 -0.268066 47.215275 21.533581 -106.508876 105003266989.000000
-0.786133 -0.892090 -0.265137 48.191301 21.167572 -105.715854 105003269908.000000
-0.782959 -0.876465 -0.257568 49.167328 20.862563 -104.495821 105003272838.000000
-0.770996 -0.857666 -0.260986 49.228329 20.313548 -104.068810 105003275756.000000
-0.747314 -0.833740 -0.268066 48.923321 20.435552 -104.312816 105003278676.000000
-0.718506 -0.818359 -0.265625 48.435308 20.740560 -104.373818 105003281598.000000
-0.702393 -0.805420 -0.268066 47.581285 21.716586 -104.983835 105003284517.000000
-0.679932 -0.805176 -0.261719 46.971268 23.180626 -105.471848 105003287436.000000
-0.665527 -0.802246 -0.251953 46.788263 25.132679 -105.593851 105003290356.000000
-0.647949 -0.811768 -0.249268 46.117245 27.267736 -105.715854 105003293303.000000
-0.644775 -0.828857 -0.253174 45.324224 29.463796 -105.044836 105003296225.000000
-0.632568 -0.849854 -0.242920 44.775209 31.354847 -104.495821 105003299144.000000
-0.625244 -0.874023 -0.245850 44.775209 33.001891 -103.763802 105003302064.000000
-0.619629 -0.896973 -0.244629 44.775209 34.526932 -102.543769 105003304982.000000
-0.608887 -0.911621 -0.247070 44.653206 35.563960 -102.299762 105003307900.000000
-0.609131 -0.932129 -0.258057 43.860184 36.234978 -101.262734 105003310819.000000
-0.589355 -0.963379 -0.253906 44.104191 36.112975 -100.896724 105003313750.000000
-0.579102 -0.995117 -0.234863 45.812237 36.844995 -100.530714 105003316666.000000
-0.578613 -1.021484 -0.236816 46.910267 36.905996 -100.164704 105003319586.000000
-0.568848 -1.045654 -0.227539 47.886293 37.028000 -100.164704 105003322508.000000
-0.559082 -1.074707 -0.226563 48.740316 36.661990 -100.408711 105003325427.000000
-0.556641 -1.085205 -0.221191 49.960349 36.539987 -100.408711 105003328346.000000
-0.550293 -1.119629 -0.197998 51.607393 36.539987 -100.469713 105003331272.000000
-0.556641 -1.135986 -0.173096 53.986458 36.295980 -100.408711 105003334194.000000
-0.551514 -1.138672 -0.157715 56.670530 36.173977 -100.103703 105003337114.000000
-0.548584 -1.142090 -0.142822 59.476606 35.990972 -99.493686 105003340033.000000
-0.547852 -1.135254 -0.137939 61.428659 35.807967 -99.615690 105003342963.000000
-0.550049 -1.124023 -0.122070 63.746721 35.807967 -98.883670 105003345882.000000
-0.544922 -1.104492 -0.102539 66.613799 35.868968 -98.578662 105003348805.000000
-0.534668 -1.076416 -0.107910 68.199841 36.112975 -98.029647 105003351734.000000
-0.535645 -1.046631 -0.103516 69.236869 36.722992 -97.236625 105003354652.000000
-0.535400 -1.013672 -0.094482 70.334899 37.577015 -96.809614 105003357569.000000
-0.534424 -0.976074 -0.101318 70.578906 38.797048 -96.321601 105003360495.000000
-0.530518 -0.945068 -0.120361 71.066919 39.956079 -96.077594 105003363419.000000
-0.527344 -0.918457 -0.133301 70.273897 41.115110 -95.406576 105003366339.000000
-0.530273 -0.892578 -0.145996 68.870860 41.847130 -94.735558 105003369257.000000
-0.525879 -0.877441 -0.157959 68.016836 41.908132 -94.003538 105003372185.000000
-0.524658 -0.866943 -0.161133 66.552797 41.786128 -93.332520 105003375103.000000
-0.525635 -0.870117 -0.166016 64.966754 40.566095 -92.661502 105003378020.000000
-0.527100 -0.874512 -0.165283 63.319710 39.102056 -92.234490 105003380940.000000
-0.523438 -0.889648 -0.174316 61.123650 36.966998 -92.234490 105003383860.000000
-0.520508 -0.908447 -0.185303 59.415604 34.587934 -91.807479 105003386780.000000
-0.522705 -0.932617 -0.192871 57.219545 31.476850 -92.234490 105003389697.000000
-0.533936 -0.958496 -0.212158 55.023486 28.304764 -92.295492 105003392627.000000
-0.545654 -0.981934 -0.223145 52.949430 24.522662 -92.539499 105003395565.000000
-0.558838 -1.001709 -0.228760 50.936375 20.801562 -92.234490 105003398478.000000
-0.578369 -1.014160 -0.229980 49.289331 16.287440 -91.685476 105003401395.000000
-0.595215 -1.028809 -0.231934 48.008296 11.285305 -91.197462 105003404316.000000
-0.611084 -1.036621 -0.218506 47.459281 5.795156 -90.404441 105003407247.000000
-0.622070 -1.045166 -0.211426 47.337278 0.000000 -89.245410 105003410194.000000
-0.627197 -1.044922 -0.201660 47.276276 -5.856158 -88.147380 105003413115.000000
-0.627686 -1.048340 -0.197754 47.520283 -11.651315 -87.415360 105003416034.000000
-0.620117 -1.034912 -0.196533 47.520283 -17.385469 -86.317331 105003418953.000000
-0.623535 -1.051514 -0.225586 45.873239 -23.119624 -85.829317 105003421874.000000
-0.594971 -1.050049 -0.188232 45.995242 -27.084731 -85.585311 105003424813.000000
-0.578613 -1.060547 -0.170166 48.252303 -30.683828 -84.914293 105003427732.000000
-0.556152 -1.057617 -0.169434 49.594339 -34.282926 -84.975294 105003430654.000000
-0.529053 -1.052490 -0.195313 47.032270 -37.882023 -84.121271 105003433573.000000
-0.503662 -1.042969 -0.194092 45.812237 -40.505094 -83.694260 105003436491.000000
-0.472656 -1.036865 -0.151367 48.069298 -41.298115 -83.511255 105003439410.000000
-0.480469 -1.024902 -0.159668 48.069298 -41.603123 -82.779235 105003442339.000000
-0.425049 -1.023682 -0.152100 47.520283 -41.603123 -82.108217 105003445255.000000
-0.400879 -1.010986 -0.152100 47.703288 -41.176112 -82.047215 105003448179.000000
-0.403076 -0.990234 -0.136230 47.764290 -40.444092 -81.376197 105003451104.000000
-0.393311 -0.983154 -0.118164 48.679314 -39.346062 -79.912158 105003454028.000000
-0.373291 -0.970703 -0.128174 47.520283 -38.126029 -79.119136 105003456946.000000
-0.375244 -0.961670 -0.141113 45.873239 -37.638016 -78.204112 105003459863.000000
-0.365479 -0.948242 -0.130615 44.836211 -36.600988 -77.533093 105003463872.000000
-0.361572 -0.939453 -0.160156 41.603123 -34.648936 -76.801074 105003466824.000000
-0.364014 -0.934082 -0.154297 39.712072 -33.001891 -76.130056 105003469749.000000
-0.352051 -0.934082 -0.163574 38.309034 -31.110840 -75.093028 105003472700.000000
-0.350586 -0.932129 -0.174561 36.112975 -29.341792 -74.605014 105003475619.000000
-0.358154 -0.938721 -0.144531 36.051973 -27.389740 -73.445983 105003478541.000000
-0.341797 -0.954590 -0.164063 35.014945 -25.437687 -71.981944 105003481462.000000
-0.341309 -0.962646 -0.153564 34.709937 -23.851644 -71.127920 105003484381.000000
-0.346924 -0.986816 -0.129639 35.014945 -23.058623 -70.212896 105003487300.000000
-0.343506 -0.996094 -0.133545 35.807967 -22.753614 -68.626853 105003490221.000000
-0.332031 -1.017090 -0.133789 36.966998 -21.716586 -67.101812 105003493139.000000
-0.327393 -1.027588 -0.128418 37.455011 -20.679558 -65.759776 105003496108.000000
-0.319580 -1.027832 -0.111572 38.858049 -20.069542 -64.600744 105003499028.000000
-0.317871 -1.032959 -0.104248 40.688099 -19.825535 -62.831696 105003501952.000000
-0.311035 -1.027344 -0.112061 42.335143 -19.520527 -61.977673 105003504884.000000
-0.319824 -1.000977 -0.134033 41.359117 -18.056488 -60.147624 105003507802.000000
-0.270020 -1.024170 -0.134033 40.139084 -16.958458 -59.659611 105003510723.000000
-0.264404 -1.015137 -0.099121 42.335143 -15.982432 -59.232599 105003513650.000000
-0.269043 -1.007080 -0.097656 43.921186 -13.847374 -58.195571 105003516568.000000
-0.246582 -1.018799 -0.121582 42.823156 -12.749344 -57.768560 105003519486.000000
-0.226807 -1.014160 -0.129639 41.542122 -11.224303 -57.158543 105003522409.000000
-0.218750 -1.025391 -0.112305 41.603123 -9.089245 -56.487525 105003525326.000000
-0.227051 -1.024414 -0.087158 42.579150 -7.747209 -55.755505 105003528245.000000
-0.227539 -1.031006 -0.072021 43.128164 -7.076191 -55.267492 105003531167.000000
-0.214844 -1.034668 -0.077637 42.823156 -7.198194 -54.596474 105003534084.000000
-0.187256 -1.043457 -0.067627 42.640151 -7.259196 -54.169463 105003537002.000000
-0.168213 -1.043213 -0.038086 43.494174 -6.405173 -55.206491 105003539920.000000
-0.154053 -1.046143 -0.017334 44.958214 -5.246142 -55.267492 105003542849.000000
-0.130127 -1.039307 -0.017822 45.934240 -2.928079 -54.901482 105003545770.000000
-0.126953 -1.038330 -0.026611 45.873239 0.366010 -54.779479 105003548689.000000
-0.159424 -1.018311 -0.033203 45.080217 3.172086 -53.254438 105003551622.000000
-0.186523 -1.015137 -0.016357 44.653206 5.673153 -51.302385 105003554540.000000
-0.214355 -1.007568 -0.051514 42.823156 8.723236 -47.886293 105003557458.000000
-0.235840 -1.006104 -0.053711 41.481120 13.237357 -44.287196 105003560383.000000
-0.268555 -1.004150 -0.042480 40.139084 17.202464 -40.322089 105003563305.000000
-0.314697 -1.002441 -0.057129 38.797048 21.106570 -35.807967 105003566224.000000
-0.348877 -0.996826 -0.069824 37.516013 25.742695 -31.171842 105003569144.000000
-0.362061 -1.000000 -0.071533 37.089001 30.988837 -26.291710 105003572072.000000
-0.395752 -0.996094 -0.078857 36.661990 35.319954 -21.777588 105003574991.000000
-0.422119 -0.985596 -0.094482 36.478985 40.383090 -16.897456 105003577910.000000
-0.434326 -0.975586 -0.111816 36.173977 46.483255 -12.566339 105003580830.000000
-0.445801 -0.970947 -0.127441 35.929970 51.790398 -8.601232 105003583750.000000
-0.450195 -0.972656 -0.130615 36.234978 56.792533 -5.307143 105003586668.000000
-0.437500 -0.972168 -0.151123 35.929970 61.611664 -2.684072 105003589584.000000
-0.441650 -0.970459 -0.165039 34.953944 66.064784 -0.976026 105003592508.000000
-0.435303 -0.972656 -0.164063 34.343927 70.090892 0.244007 105003595454.000000
-0.427490 -0.970459 -0.171143 33.489904 72.652962 0.793021 105003598373.000000
-0.420166 -0.964600 -0.190918 31.964863 74.971024 0.549015 105003601294.000000
-0.417969 -0.960449 -0.209961 30.073812 76.618069 0.305008 105003604212.000000
-0.416016 -0.957031 -0.231689 27.206735 77.716098 -0.427012 105003607128.000000
-0.417969 -0.952881 -0.235352 25.376685 77.960105 -0.732020 105003610046.000000
-0.418701 -0.959473 -0.233398 23.668639 77.167084 -0.976026 105003612965.000000
-0.422119 -0.953369 -0.235352 21.899591 75.520039 -0.976026 105003615888.000000
-0.421143 -0.955566 -0.232178 20.801562 72.835967 -1.159031 105003618808.000000
-0.423096 -0.958008 -0.213623 20.191545 68.992863 -0.915025 105003621729.000000
-0.426270 -0.959229 -0.203857 19.459525 64.051729 -0.427012 105003624646.000000
-0.427734 -0.957764 -0.196289 19.032514 58.378576 -0.122003 105003627564.000000
-0.428955 -0.951904 -0.191162 18.422497 52.217410 0.366010 105003630485.000000
-0.421387 -0.941406 -0.196533 18.056488 45.141219 1.037028 105003633404.000000
-0.425537 -0.935059 -0.196289 17.202464 38.187031 1.647044 105003636322.000000
-0.430420 -0.922852 -0.198730 15.860428 30.500824 2.501068 105003639241.000000
