-0.196045 -0.968994 -0.020996 1.708046 -5.673153 -2.196059 111624706599.000000
-0.194092 -0.967773 -0.014404 1.891051 -5.917160 -2.135058 111624708398.000000
-0.196045 -0.967773 -0.020020 1.708046 -6.039163 -2.013054 111624710196.000000
-0.193115 -0.965332 -0.026611 1.586043 -6.405173 -2.135058 111624711992.000000
-0.194580 -0.962158 -0.031738 1.464040 -6.710181 -2.257061 111624713790.000000
-0.196289 -0.960693 -0.031250 1.403038 -6.893186 -2.318063 111624715588.000000
-0.198730 -0.963379 -0.038574 1.037028 -7.076191 -2.318063 111624717387.000000
-0.202393 -0.965820 -0.032471 1.098030 -7.259196 -2.135058 111624719185.000000
-0.205078 -0.962158 -0.022461 1.647044 -7.442201 -2.196059 111624720982.000000
-0.207031 -0.966553 -0.024170 1.220033 -7.686208 -2.013054 111624722778.000000
-0.200439 -0.966553 -0.021729 1.220033 -8.357226 -2.135058 111624724577.000000
-0.196777 -0.967529 -0.029785 1.464040 -8.540231 -2.379064 111624726381.000000
-0.195068 -0.966309 -0.033203 1.342036 -8.601232 -2.379064 111624728179.000000
-0.192627 -0.967041 -0.030518 1.159031 -8.784237 -2.562069 111624729976.000000
-0.194336 -0.966553 -0.028320 1.403038 -8.967242 -2.440066 111624731775.000000
-0.192871 -0.964111 -0.025879 0.976026 -8.967242 -2.379064 111624733579.000000
-0.193359 -0.964355 -0.036621 1.037028 -9.028244 -2.623071 111624735384.000000
-0.189941 -0.965088 -0.037598 0.976026 -9.089245 -2.318063 111624737186.000000
-0.194092 -0.963623 -0.042480 1.037028 -8.967242 -2.013054 111624738990.000000
-0.197021 -0.968750 -0.033691 0.732020 -9.150247 -2.074056 111624740792.000000
-0.194824 -0.967529 -0.036133 0.732020 -9.516257 -2.379064 111624742593.000000
-0.193604 -0.969727 -0.043457 0.305008 -9.882267 -2.501068 111624744401.000000
-0.198975 -0.973633 -0.041748 0.305008 -9.943268 -2.440066 111624746203.000000
-0.210938 -0.972656 -0.038086 0.488013 -9.943268 -2.379064 111624748004.000000
-0.215576 -0.977295 -0.029053 0.732020 -10.431282 -2.318063 111624749805.000000
-0.213135 -0.977783 -0.022949 0.732020 -10.980296 -2.257061 111624751606.000000
-0.209229 -0.975830 -0.025146 1.159031 -11.468310 -2.440066 111624753411.000000
-0.205811 -0.973389 -0.029785 1.098030 -11.773318 -2.501068 111624755209.000000
-0.200439 -0.971924 -0.030029 0.976026 -11.895321 -2.562069 111624757015.000000
-0.199951 -0.964600 -0.035156 0.610016 -12.383334 -2.318063 111624758817.000000
-0.202637 -0.962402 -0.038330 0.549015 -12.810346 -2.318063 111624760619.000000
-0.203125 -0.963623 -0.037842 0.366010 -12.810346 -2.135058 111624762419.000000
-0.204834 -0.962158 -0.039551 0.366010 -12.627341 -2.013054 111624764221.000000
-0.201416 -0.961670 -0.041992 0.061002 -12.505338 -1.952053 111624766022.000000
-0.207764 -0.959473 -0.033936 0.549015 -12.810346 -1.586043 111624767822.000000
-0.200928 -0.961914 -0.025879 0.366010 -12.932349 -1.403038 111624769623.000000
-0.198730 -0.965576 -0.032959 -0.122003 -12.566339 -1.525041 111624771423.000000
-0.200928 -0.964600 -0.036865 -0.183005 -12.932349 -1.647044 111624773226.000000
-0.200439 -0.969238 -0.036621 -0.061002 -12.749344 -1.342036 111624775066.000000
-0.201416 -0.965088 -0.041992 -0.183005 -12.810346 -1.342036 111624776865.000000
-0.198975 -0.966553 -0.035156 -0.061002 -13.054352 -1.281035 111624778666.000000
-0.201660 -0.965576 -0.039063 -0.061002 -12.993351 -1.220033 111624780465.000000
-0.200684 -0.969727 -0.034180 -0.061002 -13.176356 -1.281035 111624782263.000000
-0.197754 -0.970215 -0.034912 -0.061002 -13.420362 -1.098030 111624784061.000000
-0.209717 -0.967285 -0.036377 0.000000 -13.481364 -0.854023 111624785859.000000
-0.206543 -0.960693 -0.034912 -0.061002 -13.969377 -0.732020 111624787657.000000
-0.211182 -0.965576 -0.042236 -0.488013 -14.396389 -0.976026 111624789455.000000
-0.219482 -0.963135 -0.035889 -0.305008 -14.884402 -1.037028 111624791252.000000
-0.223633 -0.962891 -0.033447 -0.427012 -15.372415 -1.098030 111624793048.000000
-0.227051 -0.968018 -0.029541 -0.061002 -15.860428 -0.793021 111624794849.000000
-0.231934 -0.972168 -0.014160 0.366010 -16.897456 -0.671018 111624796651.000000
-0.220947 -0.974854 -0.014160 0.732020 -17.812481 -0.854023 111624798449.000000
-0.219238 -0.974121 -0.024170 0.488013 -18.422497 -1.037028 111624800249.000000
-0.215088 -0.970459 -0.028320 0.427012 -19.093516 -0.854023 111624802047.000000
-0.209473 -0.963135 -0.035156 0.305008 -19.459525 -0.915025 111624803845.000000
-0.204834 -0.962891 -0.036621 -0.183005 -19.520527 -0.671018 111624805643.000000
-0.190674 -0.955078 -0.041016 -0.366010 -19.825535 -0.732020 111624807440.000000
-0.185547 -0.949951 -0.038086 -0.549015 -20.130544 -0.549015 111624809237.000000
-0.186279 -0.950195 -0.037598 -0.366010 -19.886537 -0.305008 111624811035.000000
-0.179932 -0.953613 -0.030762 -0.488013 -19.764534 -0.122003 111624812839.000000
-0.178955 -0.953613 -0.030762 -0.610016 -19.337522 0.183005 111624814641.000000
-0.177246 -0.954590 -0.035889 -0.671018 -19.154517 0.488013 111624816443.000000
-0.180664 -0.955322 -0.032227 -0.793021 -19.154517 0.549015 111624818244.000000
-0.183105 -0.958740 -0.033936 -0.793021 -18.605502 0.610016 111624820045.000000
-0.179443 -0.960205 -0.031738 -0.671018 -18.483499 0.854023 111624821853.000000
-0.177979 -0.962158 -0.029053 -1.098030 -18.422497 0.854023 111624823658.000000
-0.183838 -0.962646 -0.029541 -0.793021 -18.727506 1.037028 111624825462.000000
-0.180420 -0.969727 -0.030762 -0.854023 -18.605502 1.098030 111624827263.000000
-0.180176 -0.972412 -0.027100 -0.793021 -18.544501 0.976026 111624829065.000000
-0.187988 -0.967041 -0.034912 -0.671018 -18.666504 1.098030 111624830866.000000
-0.186279 -0.968750 -0.027832 -0.610016 -18.788507 1.342036 111624832671.000000
-0.189453 -0.969238 -0.028076 -0.610016 -18.849509 1.586043 111624834478.000000
-0.188232 -0.975098 -0.030762 -0.427012 -18.849509 1.403038 111624836280.000000
-0.187988 -0.975586 -0.028809 -0.671018 -19.398524 1.769048 111624838081.000000
-0.191162 -0.976074 -0.033691 -0.610016 -19.520527 2.013054 111624839882.000000
-0.187012 -0.974609 -0.024414 -0.732020 -19.703532 2.196059 111624841683.000000
-0.186279 -0.977539 -0.028320 -0.610016 -19.764534 2.257061 111624843489.000000
-0.177979 -0.971924 -0.028809 -0.549015 -19.764534 1.891051 111624845288.000000
-0.172852 -0.971924 -0.028320 -0.793021 -19.947539 1.952053 111624847089.000000
-0.170410 -0.970215 -0.027832 -0.854023 -19.581529 2.135058 111624848892.000000
-0.161377 -0.968018 -0.029541 -0.854023 -19.642530 2.074056 111624850693.000000
-0.164795 -0.965820 -0.027832 -1.220033 -19.520527 2.074056 111624852494.000000
-0.160400 -0.962158 -0.027100 -1.159031 -19.032514 2.562069 111624854301.000000
-0.156494 -0.960938 -0.033936 -1.037028 -18.544501 2.562069 111624856104.000000
-0.156250 -0.966309 -0.031982 -1.037028 -18.300494 2.684072 111624857906.000000
-0.158203 -0.968994 -0.017334 -0.915025 -18.117489 2.989081 111624859707.000000
-0.157959 -0.969971 -0.025879 -1.037028 -17.873483 2.928079 111624861509.000000
-0.154297 -0.971191 -0.031006 -1.098030 -17.446471 3.050082 111624863313.000000
-0.156982 -0.976807 -0.030029 -0.915025 -17.385469 3.172086 111624865112.000000
-0.159668 -0.972168 -0.021973 -0.854023 -17.263466 3.477094 111624866912.000000
-0.165039 -0.976563 -0.027344 -0.976026 -16.958458 3.599097 111624868713.000000
-0.162354 -0.977539 -0.029785 -0.793021 -16.836455 3.538096 111624870512.000000
-0.161133 -0.976807 -0.024414 -0.732020 -16.653450 3.721100 111624872313.000000
-0.163086 -0.977539 -0.024902 -1.159031 -16.592448 3.721100 111624874147.000000
-0.154053 -0.975098 -0.032959 -0.976026 -16.531446 3.721100 111624875954.000000
-0.154053 -0.972168 -0.034912 -1.342036 -16.409443 3.965107 111624877761.000000
-0.151367 -0.972412 -0.028076 -1.159031 -16.104435 3.904105 111624879560.000000
-0.156738 -0.974609 -0.026367 -1.159031 -15.860428 4.148112 111624881357.000000
-0.159180 -0.976563 -0.024658 -1.098030 -15.738425 4.453120 111624883154.000000
-0.157959 -0.971680 -0.030029 -1.098030 -15.616422 4.331117 111624884952.000000
-0.158447 -0.972168 -0.027100 -0.854023 -15.555420 4.392119 111624886752.000000
-0.161377 -0.975586 -0.022461 -0.915025 -15.494418 4.819130 111624888549.000000
-0.156006 -0.974121 -0.023682 -0.854023 -15.189410 4.758128 111624890350.000000
-0.159180 -0.974854 -0.028564 -1.342036 -15.250412 4.636125 111624892148.000000
-0.154053 -0.976074 -0.021240 -0.732020 -15.250412 4.453120 111624893947.000000
-0.152344 -0.973145 -0.025635 -1.281035 -15.128408 4.758128 111624895745.000000
-0.153076 -0.975586 -0.026855 -1.342036 -14.945404 5.124138 111624897543.000000
-0.148682 -0.981445 -0.018066 -0.854023 -14.884402 5.246142 111624899341.000000
-0.152832 -0.977295 -0.018555 -0.915025 -14.701397 5.551150 111624901139.000000
-0.146973 -0.975342 -0.022217 -0.976026 -14.579394 5.429147 111624902936.000000
-0.148926 -0.977051 -0.016846 -0.671018 -14.213384 5.551150 111624904734.000000
-0.144043 -0.979492 -0.027344 -1.159031 -13.786372 5.978161 111624906532.000000
-0.149170 -0.977295 -0.020264 -1.037028 -13.786372 5.917160 111624908332.000000
-0.144043 -0.979736 -0.016357 -0.915025 -13.603367 6.100165 111624910130.000000
-0.139648 -0.980469 -0.016602 -0.915025 -13.603367 6.344171 111624911930.000000
-0.143555 -0.976563 -0.021729 -1.159031 -13.176356 6.466175 111624913732.000000
-0.140625 -0.979736 -0.018555 -1.037028 -12.688343 6.405173 111624915534.000000
-0.145020 -0.977783 -0.016113 -0.854023 -12.688343 6.588178 111624917338.000000
-0.141602 -0.973633 -0.014648 -0.793021 -12.444336 6.954188 111624919139.000000
-0.142090 -0.975586 -0.016113 -0.854023 -12.200329 7.076191 111624920940.000000
-0.136719 -0.971924 -0.020996 -1.281035 -11.834320 7.625206 111624922741.000000
-0.140625 -0.974121 -0.016846 -1.403038 -11.285305 7.747209 111624924544.000000
-0.140137 -0.973633 -0.020996 -1.098030 -11.163301 7.808211 111624926346.000000
-0.140381 -0.973633 -0.017578 -0.976026 -10.858293 8.052217 111624928146.000000
-0.142090 -0.967773 -0.012939 -0.793021 -10.370280 8.113219 111624929948.000000
-0.142090 -0.971436 -0.014404 -1.220033 -9.943268 8.418227 111624931748.000000
-0.141602 -0.966553 -0.016357 -1.281035 -9.577259 8.784237 111624933553.000000
-0.141846 -0.967773 -0.009766 -1.098030 -9.211249 8.784237 111624935351.000000
-0.141357 -0.966797 -0.011719 -1.098030 -8.723236 9.333252 111624937153.000000
-0.143311 -0.963867 -0.017334 -1.159031 -8.662234 9.333252 111624938954.000000
-0.142578 -0.963135 -0.015625 -1.220033 -7.991216 9.699262 111624940755.000000
-0.143066 -0.966309 -0.010498 -1.281035 -7.808211 9.943268 111624942556.000000
-0.142822 -0.958008 -0.013428 -1.342036 -7.442201 10.126273 111624944363.000000
-0.144043 -0.958252 -0.014404 -1.342036 -7.137193 10.309278 111624946164.000000
-0.141846 -0.960449 -0.016846 -1.281035 -6.649180 10.553285 111624947971.000000
-0.145020 -0.958252 -0.012939 -1.342036 -6.039163 10.797292 111624949773.000000
-0.140869 -0.955811 -0.005371 -1.403038 -5.429147 11.163301 111624951574.000000
-0.142334 -0.952637 -0.018555 -1.342036 -4.819130 11.346306 111624953378.000000
-0.142334 -0.952393 -0.014160 -1.342036 -4.697127 11.712316 111624955176.000000
-0.142578 -0.952148 -0.013184 -1.464040 -4.148112 11.773318 111624956983.000000
-0.142578 -0.952393 -0.011230 -1.525041 -3.538096 12.017324 111624958784.000000
-0.142822 -0.950928 -0.011230 -1.586043 -3.111084 12.688343 111624960584.000000
-0.145020 -0.948730 -0.009766 -1.464040 -2.623071 12.932349 111624962384.000000
-0.142090 -0.951416 -0.006836 -1.769048 -2.013054 13.298359 111624964186.000000
-0.140137 -0.949219 -0.011475 -1.403038 -1.098030 13.664369 111624965988.000000
-0.147217 -0.951172 -0.010254 -1.769048 -0.732020 13.969377 111624967788.000000
-0.143311 -0.951904 -0.007080 -1.769048 -0.305008 14.396389 111624969590.000000
-0.144775 -0.950684 -0.005615 -1.708046 0.427012 14.579394 111624971390.000000
-0.145996 -0.950439 -0.004639 -1.891051 0.732020 15.311413 111624973192.000000
-0.147705 -0.953125 -0.007080 -1.891051 1.830049 15.616422 111624975100.000000
-0.144531 -0.946289 -0.007813 -1.830049 2.318063 15.738425 111624976904.000000
-0.146729 -0.948975 -0.012939 -1.830049 2.623071 16.348441 111624978706.000000
-0.152832 -0.953125 -0.012939 -2.135058 3.172086 16.836455 111624980508.000000
-0.149902 -0.951904 -0.011475 -2.135058 3.477094 17.019460 111624982306.000000
-0.154297 -0.951904 -0.015869 -2.196059 3.965107 17.263466 111624984106.000000
-0.153809 -0.950684 -0.010010 -2.196059 4.514122 17.995486 111624985904.000000
-0.157227 -0.954102 -0.008301 -2.562069 4.758128 18.361496 111624987702.000000
-0.158936 -0.952637 -0.012207 -2.623071 5.124138 18.666504 111624989500.000000
-0.162109 -0.958496 -0.011230 -2.440066 5.368145 18.910511 111624991297.000000
-0.162842 -0.958496 -0.009766 -2.867077 5.490148 19.093516 111624993095.000000
-0.161377 -0.958496 -0.013428 -2.684072 5.795156 19.764534 111624994893.000000
-0.160156 -0.958496 -0.013672 -2.867077 6.222168 20.252547 111624996691.000000
-0.161133 -0.963135 -0.013428 -2.623071 5.856158 20.374550 111624998489.000000
-0.165527 -0.963379 -0.006348 -3.111084 6.100165 20.984567 111625000291.000000
-0.164795 -0.962646 -0.006592 -2.928079 6.588178 21.350576 111625002088.000000
-0.162354 -0.964111 -0.011475 -2.745074 6.954188 21.533581 111625003887.000000
-0.162598 -0.964111 -0.010742 -3.111084 7.076191 21.777588 111625005685.000000
-0.164063 -0.965820 -0.010254 -3.294089 7.442201 22.143598 111625007483.000000
-0.166016 -0.969727 -0.004395 -3.050082 7.076191 22.570609 111625009280.000000
-0.165039 -0.974121 -0.008057 -3.233087 7.259196 22.753614 111625011076.000000
-0.161621 -0.971924 -0.016602 -3.538096 7.747209 23.119624 111625012875.000000
-0.167236 -0.974609 -0.012451 -3.599097 7.869212 23.607637 111625014673.000000
-0.170898 -0.976807 -0.011963 -3.477094 7.869212 23.790642 111625016471.000000
-0.167725 -0.978516 -0.010498 -3.721100 7.869212 24.156652 111625018268.000000
-0.168457 -0.979492 -0.012451 -3.660099 7.991216 24.278656 111625020066.000000
-0.165527 -0.981445 -0.010254 -3.782102 8.357226 24.400659 111625021870.000000
-0.166992 -0.982178 -0.009521 -3.660099 8.357226 24.644665 111625023671.000000
-0.169922 -0.986572 -0.016357 -3.660099 8.418227 24.827670 111625025474.000000
-0.169678 -0.994141 -0.006104 -4.026109 8.723236 25.010675 111625027276.000000
-0.169434 -0.992676 -0.007568 -3.904105 8.601232 24.888672 111625029078.000000
-0.173828 -0.992676 -0.007568 -4.087110 8.723236 25.132679 111625030880.000000
-0.171387 -0.996338 -0.012695 -4.270115 8.418227 25.376685 111625032681.000000
-0.171143 -0.998779 -0.008545 -4.209114 8.357226 25.498688 111625034485.000000
-0.172119 -1.002441 -0.013428 -4.087110 8.296224 25.559690 111625036287.000000
-0.173584 -1.003418 -0.006836 -4.209114 8.113219 25.681693 111625038090.000000
-0.171387 -1.001709 -0.010010 -4.209114 8.113219 25.803697 111625039892.000000
-0.170654 -1.006836 -0.010498 -3.965107 7.747209 25.620692 111625041696.000000
-0.169434 -1.009033 -0.009033 -4.331117 7.869212 25.742695 111625043501.000000
-0.164551 -1.009033 -0.008789 -4.087110 7.808211 25.681693 111625045300.000000
-0.165527 -1.011963 -0.015381 -4.148112 7.686208 25.925700 111625047102.000000
-0.166748 -1.010498 -0.003662 -4.209114 7.991216 25.559690 111625048902.000000
-0.165283 -1.013184 -0.008057 -4.148112 7.930214 25.803697 111625050702.000000
-0.161865 -1.015869 -0.007813 -4.331117 7.930214 25.620692 111625052504.000000
-0.160156 -1.012207 -0.008301 -4.453120 8.540231 25.620692 111625054307.000000
-0.158447 -1.013672 -0.009521 -4.392119 8.540231 25.742695 111625056108.000000
-0.158203 -1.022217 0.000977 -4.392119 9.028244 25.864698 111625057909.000000
-0.157471 -1.020752 -0.007080 -4.148112 9.577259 25.498688 111625059709.000000
-0.154541 -1.021973 -0.000488 -4.331117 9.455255 25.376685 111625061509.000000
-0.156494 -1.022705 -0.001709 -4.270115 9.577259 25.559690 111625063315.000000
-0.156250 -1.025635 0.000977 -4.087110 10.248277 25.193680 111625065119.000000
-0.155518 -1.023193 0.004395 -4.148112 10.431282 25.193680 111625066919.000000
-0.163818 -1.025391 0.001221 -4.331117 10.553285 25.193680 111625068722.000000
-0.165283 -1.019775 -0.000732 -4.148112 11.102300 25.315684 111625070523.000000
-0.159912 -1.027588 0.012207 -4.026109 11.102300 25.071677 111625072324.000000
-0.161377 -1.026367 0.016846 -4.087110 11.529311 25.010675 111625074129.000000
-0.164307 -1.023926 0.010010 -3.721100 11.712316 25.010675 111625075929.000000
-0.161133 -1.028809 0.016113 -3.660099 12.078326 24.827670 111625077735.000000
-0.164307 -1.024170 0.013428 -3.538096 12.078326 24.705667 111625079533.000000
-0.162842 -1.025391 0.018066 -3.660099 12.322333 24.766669 111625081331.000000
-0.162354 -1.024414 0.015381 -3.538096 12.749344 24.400659 111625083128.000000
-0.166260 -1.026855 0.021484 -3.172086 12.932349 24.400659 111625084927.000000
-0.169678 -1.024658 0.031250 -3.172086 13.359361 24.339657 111625086726.000000
-0.168457 -1.028076 0.032227 -3.050082 13.664369 24.278656 111625088523.000000
-0.168945 -1.029297 0.035889 -2.989081 13.542366 24.034649 111625090320.000000
-0.166260 -1.030762 0.039307 -2.806076 13.725371 23.912646 111625092123.000000
-0.170654 -1.031738 0.038330 -2.318063 14.396389 23.851644 111625093922.000000
-0.169678 -1.032715 0.045410 -2.318063 14.335387 24.034649 111625095721.000000
-0.168701 -1.029541 0.046387 -2.379064 14.518392 23.790642 111625097518.000000
-0.170654 -1.031006 0.054443 -2.257061 14.396389 23.363631 111625099319.000000
-0.168457 -1.027832 0.047852 -1.525041 14.518392 23.363631 111625101116.000000
-0.166260 -1.021484 0.059082 -1.403038 15.189410 23.180626 111625102914.000000
-0.166748 -1.017578 0.052246 -1.464040 15.555420 23.241628 111625104711.000000
-0.165527 -1.010010 0.062500 -1.464040 15.982432 23.119624 111625106510.000000
-0.165039 -1.004395 0.056152 -1.098030 16.470445 23.363631 111625108307.000000
-0.166748 -1.005859 0.060303 -1.037028 17.141463 23.424632 111625110106.000000
-0.166016 -0.998779 0.064209 -1.220033 17.873483 23.546636 111625111903.000000
-0.162354 -0.994873 0.070557 -0.854023 18.300494 23.729641 111625113701.000000
-0.160156 -0.988281 0.076904 -0.671018 19.032514 23.729641 111625115500.000000
-0.163330 -0.994629 0.077637 -0.366010 20.008540 23.973647 111625117297.000000
-0.163330 -0.993652 0.085205 -0.427012 20.557555 24.156652 111625119095.000000
-0.165283 -0.990479 0.083740 -0.122003 21.533581 24.034649 111625120893.000000
-0.159912 -0.990723 0.089844 0.061002 22.143598 24.095651 111625122689.000000
-0.164063 -0.984131 0.093994 0.488013 22.875618 23.668639 111625124492.000000
-0.169678 -0.976563 0.091797 0.549015 23.729641 23.668639 111625126295.000000
-0.170410 -0.974365 0.093262 0.671018 24.461660 23.912646 111625128097.000000
-0.173584 -0.970703 0.093750 0.671018 24.888672 24.034649 111625129897.000000
-0.172607 -0.966309 0.093262 0.610016 25.559690 24.156652 111625131698.000000
-0.180908 -0.965332 0.096924 0.793021 25.925700 24.278656 111625133504.000000
-0.182373 -0.959473 0.100586 0.488013 26.108705 23.851644 111625135303.000000
-0.185059 -0.960205 0.098877 1.098030 26.169707 23.912646 111625137103.000000
-0.184082 -0.959961 0.102295 0.976026 26.779723 23.851644 111625138905.000000
-0.192627 -0.958008 0.105225 0.976026 26.718721 23.607637 111625140706.000000
-0.192139 -0.953857 0.104248 1.281035 26.169707 23.668639 111625142507.000000
-0.200684 -0.954834 0.102783 1.098030 25.986702 23.424632 111625144313.000000
-0.199463 -0.956787 0.100830 1.342036 25.986702 23.180626 111625146113.000000
-0.198730 -0.956055 0.110840 1.403038 25.315684 22.692613 111625147914.000000
-0.198486 -0.955078 0.101807 1.159031 24.705667 22.814616 111625149722.000000
-0.197266 -0.952637 0.103516 1.586043 24.400659 22.448606 111625151530.000000
-0.197754 -0.953857 0.101563 1.281035 23.973647 22.265601 111625153335.000000
-0.197266 -0.956055 0.100830 1.708046 23.668639 21.838590 111625155134.000000
-0.194580 -0.954590 0.105713 1.464040 23.119624 21.594583 111625156936.000000
-0.197266 -0.959717 0.092041 1.525041 22.692613 21.228573 111625158738.000000
-0.193604 -0.962158 0.092529 1.647044 22.509608 20.923565 111625160542.000000
-0.186768 -0.969971 0.082764 1.769048 22.692613 20.679558 111625162342.000000
-0.184082 -0.968262 0.083008 1.098030 22.875618 20.679558 111625164150.000000
-0.177979 -0.969482 0.083008 1.098030 23.119624 20.557555 111625165952.000000
-0.175049 -0.971191 0.077637 1.159031 23.607637 20.435552 111625167753.000000
-0.173340 -0.974365 0.064209 0.610016 24.095651 20.313548 111625169554.000000
-0.171387 -0.977051 0.070557 0.488013 24.888672 20.069542 111625171355.000000
-0.173584 -0.979004 0.069580 0.366010 25.620692 19.764534 111625173156.000000
-0.175781 -0.983154 0.064209 -0.183005 26.047703 19.947539 111625174957.000000
-0.172119 -0.988525 0.069092 0.183005 27.084731 19.581529 111625176760.000000
-0.173584 -0.995850 0.062988 0.122003 27.877753 19.337522 111625178558.000000
-0.177490 -1.000977 0.059814 0.061002 28.853779 18.910511 111625180356.000000
-0.177979 -1.005127 0.050293 0.305008 29.951809 19.093516 111625182154.000000
-0.180664 -1.003662 0.045654 -0.183005 30.988837 18.727506 111625183951.000000
-0.179199 -1.010986 0.050293 -0.183005 31.964863 18.605502 111625185749.000000
-0.183105 -1.013672 0.042480 0.122003 32.513878 18.361496 111625187546.000000
-0.189209 -1.018311 0.041992 0.183005 33.611908 18.117489 111625189344.000000
-0.188232 -1.022705 0.042969 0.366010 34.404929 17.934484 111625191140.000000
-0.192383 -1.020752 0.042480 -0.122003 35.258952 17.873483 111625192938.000000
-0.199707 -1.025635 0.053467 0.610016 36.173977 17.568474 111625194741.000000
-0.202637 -1.026611 0.050293 0.427012 36.722992 17.446471 111625196540.000000
-0.209473 -1.025391 0.055908 0.427012 36.966998 17.202464 111625198338.000000
-0.210449 -1.024902 0.059570 0.915025 37.577015 17.141463 111625200135.000000
-0.211670 -1.025391 0.061523 1.098030 37.516013 16.836455 111625201933.000000
-0.217041 -1.022705 0.065674 1.037028 37.760020 16.531446 111625203731.000000
-0.221924 -1.019531 0.059326 1.159031 38.004026 16.043433 111625205530.000000
-0.229248 -1.014404 0.055176 1.220033 37.943024 15.860428 111625207329.000000
-0.230957 -1.013672 0.049805 1.220033 38.004026 15.311413 111625209126.000000
-0.238037 -0.999023 0.048584 1.281035 37.638016 15.250412 111625210923.000000
-0.239990 -0.995361 0.050537 1.098030 37.394010 15.067407 111625212721.000000
-0.245117 -0.987793 0.046631 0.793021 37.211005 14.640395 111625214520.000000
-0.245117 -0.986084 0.047363 1.037028 36.783993 14.274385 111625216318.000000
-0.244873 -0.980713 0.049805 0.915025 36.234978 13.786372 111625218116.000000
-0.249268 -0.972412 0.047119 0.976026 35.685964 13.603367 111625219914.000000
-0.247314 -0.963867 0.037109 1.037028 35.136949 13.359361 111625221718.000000
-0.243652 -0.959717 0.037109 0.793021 34.648936 12.810346 111625224122.000000
-0.244141 -0.953369 0.041748 0.732020 33.611908 12.566339 111625225951.000000
-0.250732 -0.945801 0.030273 0.854023 33.062893 11.834320 111625227755.000000
-0.251465 -0.940918 0.033203 0.732020 32.147868 11.590313 111625229556.000000
-0.254639 -0.933105 0.028809 0.549015 31.598853 11.163301 111625231357.000000
-0.256592 -0.930908 0.026611 0.488013 30.744830 10.980296 111625233158.000000
-0.252930 -0.923096 0.022217 0.732020 30.012810 10.370280 111625234966.000000
-0.260742 -0.916260 0.013672 0.488013 29.158787 10.553285 111625236769.000000
-0.257813 -0.910889 0.016113 0.061002 28.487769 10.065272 111625238571.000000
-0.257568 -0.907471 0.017578 -0.061002 27.511743 9.821265 111625240373.000000
-0.262207 -0.907471 0.013184 0.183005 26.718721 9.821265 111625242174.000000
-0.260742 -0.900635 0.008301 0.000000 25.803697 9.272250 111625243984.000000
-0.261475 -0.897705 0.006592 -0.183005 24.766669 8.845239 111625245789.000000
-0.264648 -0.895020 -0.000732 -0.488013 23.851644 8.723236 111625247590.000000
-0.266357 -0.891357 0.005615 -0.122003 22.753614 8.479229 111625249391.000000
-0.268799 -0.893066 -0.002930 -0.854023 21.350576 7.869212 111625251192.000000
-0.266602 -0.891113 0.003174 -0.671018 20.740560 7.686208 111625252993.000000
-0.266113 -0.892578 -0.003174 -0.793021 19.276520 7.442201 111625254796.000000
-0.269287 -0.893555 0.000000 -0.976026 17.934484 7.015189 111625256596.000000
-0.270752 -0.890381 -0.002441 -0.793021 16.470445 6.954188 111625258397.000000
-0.267822 -0.889648 -0.005127 -0.793021 15.189410 6.405173 111625260199.000000
-0.265381 -0.885010 -0.006348 -0.854023 14.152382 6.100165 111625262000.000000
-0.263428 -0.883789 -0.010498 -1.098030 12.993351 5.917160 111625263807.000000
-0.257813 -0.883789 -0.008301 -0.976026 11.651315 5.551150 111625265606.000000
-0.257568 -0.893066 -0.013672 -1.159031 10.614287 5.307143 111625267406.000000
-0.256836 -0.893555 -0.007568 -1.098030 9.455255 5.307143 111625269207.000000
-0.251953 -0.893066 -0.012939 -1.220033 8.296224 5.002135 111625271008.000000
-0.252197 -0.896729 -0.008057 -0.671018 7.625206 5.063137 111625272809.000000
-0.253418 -0.900146 -0.008545 -0.854023 6.893186 4.819130 111625274612.000000
-0.247314 -0.894775 -0.012451 -1.037028 6.649180 4.880132 111625276414.000000
-0.246826 -0.895508 -0.018066 -1.037028 6.344171 4.758128 111625278213.000000
-0.239990 -0.892334 -0.028076 -1.464040 6.832184 4.880132 111625280011.000000
-0.232178 -0.891357 -0.037354 -1.830049 7.625206 4.941133 111625281817.000000
-0.216797 -0.896973 -0.045898 -2.379064 8.479229 5.002135 111625283615.000000
-0.209961 -0.894531 -0.050537 -2.318063 9.943268 5.490148 111625285568.000000
-0.201172 -0.903076 -0.043701 -2.196059 12.383334 6.222168 111625288480.000000
-0.199951 -0.916016 -0.041504 -2.196059 15.616422 6.771183 111625291401.000000
-0.205322 -0.920410 -0.032715 -2.196059 18.544501 7.808211 111625294313.000000
-0.218506 -0.919922 -0.032471 -1.220033 22.204600 8.845239 111625297225.000000
-0.225830 -0.922119 -0.043213 -2.013054 26.169707 10.553285 111625300133.000000
-0.225586 -0.932861 -0.044189 -1.952053 30.195815 11.956323 111625303041.000000
-0.228760 -0.940186 -0.020264 -1.952053 34.526932 13.481364 111625305949.000000
-0.232910 -0.949219 -0.017578 -1.403038 38.919051 14.701397 111625308858.000000
-0.243652 -0.955322 -0.017822 -1.342036 43.555176 15.982432 111625311766.000000
-0.261963 -0.960449 -0.019775 -1.159031 48.069298 17.385469 111625314713.000000
-0.280273 -0.963867 -0.017090 -0.976026 52.217410 18.727506 111625317627.000000
-0.294922 -0.973389 0.009033 -0.366010 56.243519 19.886537 111625320537.000000
-0.312012 -0.970459 0.003662 -0.183005 59.293601 20.862563 111625323449.000000
-0.324219 -0.966064 -0.000488 -0.549015 61.733667 21.960593 111625326364.000000
-0.342041 -0.967041 0.005371 -0.732020 63.929726 22.753614 111625329279.000000
-0.361572 -0.971191 0.005371 -0.671018 65.393766 23.790642 111625332193.000000
-0.375977 -0.970703 0.019531 -0.061002 65.881779 24.400659 111625335118.000000
-0.385986 -0.979736 0.020508 -0.183005 65.881779 25.071677 111625338033.000000
-0.387451 -0.981445 0.019043 -0.244007 65.454767 25.559690 111625340947.000000
-0.397461 -0.981934 0.014160 0.183005 65.149759 26.169707 111625343870.000000
-0.405762 -0.975830 0.015381 0.305008 64.234734 26.901726 111625346789.000000
-0.415771 -0.965332 0.018555 0.488013 63.929726 27.267736 111625349704.000000
-0.406982 -0.956055 0.018066 0.427012 63.502715 28.304764 111625352619.000000
-0.405518 -0.953125 0.013672 0.488013 62.953700 28.792777 111625355545.000000
-0.400879 -0.944336 0.019043 0.732020 62.404685 29.219789 111625358470.000000
-0.402344 -0.942383 0.014893 0.488013 62.038675 29.951809 111625361385.000000
-0.403320 -0.934326 0.019043 0.671018 61.977673 30.622827 111625364304.000000
-0.395996 -0.936279 0.010254 0.610016 61.794668 31.110840 111625367220.000000
-0.391602 -0.936279 0.008789 0.366010 61.550662 31.415848 111625370133.000000
-0.394531 -0.934814 0.024902 0.549015 61.001647 32.025865 111625373048.000000
-0.394043 -0.927002 0.024902 0.793021 59.964619 32.513878 111625375960.000000
-0.392334 -0.934082 0.009277 0.305008 59.903617 32.757884 111625378871.000000
-0.389404 -0.935059 0.028564 1.159031 59.232599 33.306899 111625381780.000000
-0.381348 -0.926270 0.021240 0.671018 58.744586 33.794912 111625384755.000000
-0.375732 -0.932373 0.027100 0.854023 57.707558 33.611908 111625387668.000000
-0.376953 -0.918457 0.038086 1.586043 57.097542 33.794912 111625390578.000000
-0.371338 -0.917725 0.023438 0.976026 56.121515 33.794912 111625393488.000000
-0.371094 -0.913818 0.035889 1.464040 54.901482 33.855914 111625396399.000000
-0.361816 -0.912842 0.003906 0.427012 53.742451 33.550906 111625399305.000000
-0.359131 -0.919434 0.011719 0.671018 52.827426 33.428903 111625402211.000000
-0.365723 -0.917725 0.010742 0.732020 51.546392 33.550906 111625405119.000000
-0.370605 -0.922119 0.007813 0.732020 50.204356 33.733911 111625408027.000000
-0.361084 -0.926514 0.000488 0.427012 49.106326 33.245898 111625410933.000000
-0.364502 -0.928223 0.005859 0.427012 48.130300 33.550906 111625413842.000000
-0.371582 -0.927002 -0.005859 0.122003 46.910267 33.367901 111625416751.000000
-0.369629 -0.936035 -0.005371 -0.122003 46.361252 33.245898 111625419659.000000
-0.367188 -0.941406 -0.003418 0.183005 45.019216 33.184896 111625422565.000000
-0.367920 -0.954102 -0.020752 0.000000 45.019216 33.550906 111625425481.000000
-0.374023 -0.957520 -0.001465 0.793021 44.714207 33.001891 111625428398.000000
-0.364014 -0.955566 -0.019287 0.854023 44.409199 32.818886 111625431313.000000
-0.362305 -0.956787 -0.008789 0.183005 44.653206 32.574880 111625434235.000000
-0.361572 -0.957764 -0.015137 0.854023 44.287196 31.903861 111625437153.000000
-0.358398 -0.954590 -0.013672 0.366010 43.799183 31.720856 111625440067.000000
-0.364502 -0.955322 -0.011475 1.281035 44.531202 31.354847 111625442980.000000
-0.364746 -0.952148 -0.031250 0.244007 44.043189 31.293845 111625445896.000000
-0.376709 -0.949707 -0.014160 0.732020 44.775209 31.598853 111625448809.000000
-0.379883 -0.955078 -0.008057 1.098030 44.714207 31.842860 111625451723.000000
-0.358643 -0.963379 -0.006348 1.037028 43.616178 30.500824 111625454641.000000
-0.345215 -0.957764 0.009033 2.196059 41.786128 29.036784 111625457558.000000
-0.334717 -0.947754 -0.027100 1.769048 39.285061 27.267736 111625460482.000000
-0.348145 -0.937744 -0.036377 1.830049 37.211005 26.169707 111625463404.000000
-0.372803 -0.934326 -0.046631 1.769048 35.197950 26.230708 111625466321.000000
-0.376709 -0.929199 -0.049316 1.281035 33.428903 26.108705 111625469236.000000
-0.367920 -0.934082 -0.059326 1.037028 31.537852 26.291710 111625472149.000000
-0.359863 -0.946289 -0.066406 0.915025 31.110840 26.413713 111625475074.000000
-0.350098 -0.954834 -0.036133 1.830049 30.439822 26.352712 111625477989.000000
-0.340332 -0.958740 -0.057373 1.708046 30.500824 25.193680 111625480897.000000
-0.330078 -0.966553 -0.056885 1.586043 30.134814 23.363631 111625483806.000000
-0.326660 -0.966064 -0.040527 1.830049 28.853779 21.716586 111625486739.000000
-0.340088 -0.973145 -0.022217 2.989081 26.413713 19.276520 111625489648.000000
-0.367432 -0.967041 -0.012207 3.416092 23.485634 17.995486 111625492558.000000
-0.362061 -0.941162 -0.039551 3.294089 20.496553 16.531446 111625495467.000000
-0.343750 -0.919434 -0.060791 2.135058 17.568474 15.372415 111625498375.000000
-0.316650 -0.918945 -0.044922 2.318063 13.969377 13.176356 111625501283.000000
-0.310059 -0.923096 -0.041260 2.196059 11.224303 11.102300 111625504193.000000
-0.309326 -0.915771 -0.029297 2.989081 9.394254 9.699262 111625507102.000000
-0.312744 -0.907715 -0.051514 2.074056 7.198194 8.845239 111625510009.000000
-0.300781 -0.905518 -0.069336 1.952053 5.856158 7.625206 111625512916.000000
-0.268066 -0.903564 -0.091064 0.122003 2.501068 5.002135 111625520556.000000
-0.258789 -0.909424 -0.095459 -0.122003 2.440066 3.965107 111625523689.000000
-0.245605 -0.899658 -0.097412 -0.488013 2.562069 3.477094 111625526627.000000
-0.245361 -0.901123 -0.102783 -0.915025 3.721100 2.501068 111625529553.000000
-0.236328 -0.899902 -0.113037 -1.830049 4.941133 1.891051 111625532566.000000
-0.250732 -0.895996 -0.113525 -2.196059 6.649180 1.403038 111625535555.000000
-0.249756 -0.890869 -0.107422 -2.623071 8.662234 1.342036 111625538490.000000
-0.263916 -0.897949 -0.097900 -2.867077 11.163301 1.342036 111625541420.000000
-0.272217 -0.898926 -0.100586 -2.989081 13.603367 1.342036 111625544332.000000
-0.289063 -0.897461 -0.098145 -2.989081 16.226438 1.647044 111625547247.000000
-0.299561 -0.902832 -0.083984 -3.111084 18.178491 1.586043 111625550160.000000
-0.309326 -0.905762 -0.083252 -3.111084 20.435552 1.769048 111625553069.000000
-0.320313 -0.912842 -0.077393 -3.294089 22.509608 2.074056 111625556012.000000
-0.334473 -0.919189 -0.064941 -3.233087 24.644665 2.013054 111625558947.000000
-0.343750 -0.914307 -0.063232 -2.867077 27.267736 2.562069 111625561856.000000
-0.340332 -0.918457 -0.053467 -2.684072 29.097786 2.623071 111625564767.000000
-0.348877 -0.922852 -0.043945 -2.013054 31.232843 2.745074 111625567687.000000
-0.354980 -0.920410 -0.026855 -1.952053 32.818886 2.806076 111625570598.000000
-0.357422 -0.929443 -0.017090 -1.220033 34.587934 3.050082 111625573527.000000
-0.364746 -0.928223 -0.008789 -0.854023 36.051973 2.623071 111625576453.000000
-0.374268 -0.926514 -0.011230 -0.671018 36.966998 2.562069 111625579376.000000
-0.373779 -0.918945 -0.005615 0.000000 38.126029 2.501068 111625582293.000000
-0.380127 -0.922852 -0.012451 -0.061002 38.309034 2.074056 111625585203.000000
-0.377197 -0.924561 -0.016357 0.061002 38.553041 1.830049 111625588203.000000
-0.391602 -0.919678 0.000000 0.854023 37.821021 1.830049 111625590097.000000
-0.395996 -0.914307 -0.004150 0.854023 37.638016 1.403038 111625591897.000000
-0.395752 -0.905273 -0.010986 0.793021 37.089001 1.159031 111625593697.000000
-0.403809 -0.906738 -0.008301 1.342036 36.112975 1.281035 111625595498.000000
-0.402832 -0.906738 -0.011719 1.464040 35.136949 0.732020 111625597297.000000
-0.403320 -0.902832 -0.011963 1.525041 34.160922 0.366010 111625599096.000000
-0.404297 -0.905029 -0.020264 1.769048 33.184896 0.366010 111625600894.000000
-0.406250 -0.902588 -0.023438 2.196059 32.391875 -0.061002 111625602692.000000
-0.407227 -0.906006 -0.021484 1.952053 31.171842 -0.610016 111625604491.000000
-0.405762 -0.902100 -0.035156 2.074056 29.829805 -0.732020 111625606293.000000
-0.406738 -0.903076 -0.037354 2.257061 28.731776 -1.098030 111625608090.000000
-0.412598 -0.901855 -0.038574 2.440066 27.389740 -1.464040 111625609889.000000
-0.409668 -0.896973 -0.025879 2.318063 25.803697 -1.769048 111625611687.000000
-0.405273 -0.899658 -0.043213 2.318063 24.278656 -2.318063 111625613487.000000
-0.410156 -0.895752 -0.038086 2.440066 22.631611 -2.501068 111625615294.000000
-0.404297 -0.896240 -0.035156 2.867077 21.228573 -2.867077 111625617096.000000
-0.403320 -0.895996 -0.037598 2.684072 19.581529 -3.477094 111625618894.000000
-0.405029 -0.896973 -0.043945 2.867077 18.422497 -3.721100 111625620693.000000
-0.405273 -0.901123 -0.049316 2.745074 17.080461 -4.331117 111625622493.000000
-0.403809 -0.903320 -0.058350 2.745074 15.494418 -4.636125 111625624293.000000
-0.406494 -0.900146 -0.043945 2.928079 13.847374 -5.185140 111625626093.000000
-0.393311 -0.904053 -0.060547 2.867077 12.444336 -5.368145 111625627891.000000
-0.397461 -0.901367 -0.035645 2.928079 10.736290 -5.734155 111625629699.000000
-0.399414 -0.899658 -0.043701 3.538096 9.333252 -6.222168 111625631497.000000
-0.391113 -0.902344 -0.052734 3.294089 8.052217 -6.588178 111625633302.000000
-0.389648 -0.897705 -0.047363 3.477094 6.222168 -6.893186 111625635112.000000
-0.390869 -0.899414 -0.054443 3.660099 4.514122 -7.442201 111625636918.000000
-0.399414 -0.891846 -0.032471 4.270115 2.379064 -7.930214 111625639338.000000
-0.389893 -0.887207 -0.054443 4.148112 -0.122003 -8.113219 111625641383.000000
-0.376953 -0.896973 -0.067139 3.477094 -1.403038 -8.418227 111625643293.000000
-0.378418 -0.898438 -0.055420 3.721100 -2.257061 -8.967242 111625645100.000000
-0.378418 -0.902100 -0.039795 3.477094 -3.782102 -9.516257 111625646900.000000
-0.374512 -0.895020 -0.057373 3.416092 -4.941133 -9.577259 111625648708.000000
-0.375977 -0.906494 -0.055176 3.477094 -6.222168 -9.455255 111625650510.000000
-0.375977 -0.904541 -0.043457 3.782102 -7.381199 -10.126273 111625652308.000000
-0.379395 -0.900146 -0.035400 4.148112 -9.028244 -10.675288 111625654107.000000
-0.374512 -0.897949 -0.053955 3.843104 -10.126273 -10.736290 111625655906.000000
-0.369385 -0.899658 -0.059082 4.026109 -11.346306 -11.224303 111625657703.000000
-0.378906 -0.899658 -0.042236 4.270115 -12.810346 -11.468310 111625659500.000000
-0.363525 -0.904053 -0.059082 4.453120 -13.908376 -11.773318 111625661301.000000
-0.366943 -0.900146 -0.058838 3.660099 -15.067407 -11.956323 111625663100.000000
-0.361328 -0.908203 -0.060791 3.965107 -16.104435 -12.017324 111625664898.000000
-0.357666 -0.909180 -0.045898 3.965107 -16.714451 -12.444336 111625666697.000000
-0.356201 -0.907959 -0.056152 3.904105 -17.446471 -12.627341 111625668495.000000
-0.352783 -0.913818 -0.041748 4.575124 -18.239492 -12.932349 111625670292.000000
-0.345459 -0.920654 -0.047852 4.087110 -18.849509 -13.176356 111625672090.000000
-0.343994 -0.918457 -0.054932 3.782102 -19.398524 -13.481364 111625673889.000000
-0.337158 -0.925781 -0.053223 4.819130 -19.581529 -13.542366 111625675690.000000
-0.338623 -0.925049 -0.053711 4.209114 -20.069542 -13.969377 111625677493.000000
-0.339844 -0.915283 -0.037109 4.514122 -20.435552 -13.725371 111625679291.000000
-0.334229 -0.918945 -0.039551 4.880132 -20.923565 -14.213384 111625681089.000000
-0.333252 -0.918457 -0.042725 4.819130 -21.350576 -14.152382 111625682886.000000
-0.331055 -0.918945 -0.046631 5.246142 -21.533581 -14.274385 111625684685.000000
-0.322998 -0.923340 -0.040527 5.063137 -21.899591 -14.640395 111625686483.000000
-0.324219 -0.922363 -0.047607 5.124138 -22.204600 -14.762399 111625688281.000000
-0.317383 -0.924561 -0.044189 5.002135 -22.448606 -15.311413 111625690078.000000
-0.319336 -0.931396 -0.046387 4.880132 -22.753614 -15.616422 111625691880.000000
-0.312988 -0.933838 -0.042725 5.063137 -22.997621 -15.494418 111625693679.000000
-0.312988 -0.931152 -0.037354 5.429147 -23.302629 -15.860428 111625695481.000000
-0.306885 -0.937012 -0.043457 5.490148 -23.851644 -16.165436 111625697281.000000
-0.304443 -0.939453 -0.041260 5.368145 -23.729641 -16.348441 111625699078.000000
-0.301514 -0.933838 -0.043213 5.490148 -24.278656 -16.409443 111625700875.000000
-0.299561 -0.937012 -0.037354 5.795156 -24.461660 -16.836455 111625702673.000000
-0.297607 -0.932129 -0.030029 6.100165 -24.766669 -17.141463 111625704471.000000
-0.300537 -0.934814 -0.034912 6.100165 -25.498688 -17.629476 111625706270.000000
-0.300781 -0.933350 -0.038574 6.283170 -25.864698 -17.385469 111625708068.000000
-0.296875 -0.933838 -0.032715 6.710181 -26.169707 -17.934484 111625709872.000000
-0.299561 -0.933838 -0.033936 6.771183 -26.840725 -18.117489 111625711669.000000
-0.291748 -0.930664 -0.036133 7.076191 -27.267736 -18.422497 111625713467.000000
-0.294434 -0.930176 -0.032471 7.137193 -27.816751 -18.849509 111625715265.000000
-0.291504 -0.931152 -0.033936 7.137193 -28.487769 -19.215519 111625717063.000000
-0.284424 -0.932373 -0.034180 7.503203 -28.609772 -19.642530 111625718861.000000
-0.280518 -0.931885 -0.035889 7.686208 -29.219789 -20.069542 111625720659.000000
-0.280518 -0.931152 -0.029297 7.198194 -29.646800 -20.496553 111625722457.000000
-0.281982 -0.934814 -0.038818 7.381199 -30.195815 -20.740560 111625724259.000000
-0.277588 -0.936768 -0.036621 7.442201 -30.195815 -20.984567 111625726061.000000
-0.272461 -0.934082 -0.031006 7.503203 -30.561825 -21.594583 111625727865.000000
-0.270508 -0.935547 -0.040771 7.503203 -31.232843 -21.716586 111625729667.000000
-0.264404 -0.934082 -0.027344 7.625206 -30.927835 -21.960593 111625731468.000000
-0.260986 -0.934326 -0.031738 7.686208 -30.805832 -22.204600 111625733272.000000
-0.258057 -0.936279 -0.035889 7.747209 -30.683828 -22.509608 111625735074.000000
-0.254883 -0.935791 -0.031006 7.991216 -30.744830 -22.875618 111625736875.000000
-0.252197 -0.937012 -0.034424 7.869212 -30.317819 -22.875618 111625738675.000000
-0.250977 -0.937744 -0.039551 7.869212 -29.951809 -23.119624 111625740477.000000
-0.245361 -0.937744 -0.035889 7.930214 -29.463796 -23.546636 111625742279.000000
-0.247070 -0.941406 -0.036865 7.991216 -29.219789 -23.973647 111625744084.000000
-0.244873 -0.941895 -0.035889 7.930214 -29.036784 -24.217654 111625745883.000000
-0.248291 -0.941406 -0.037842 8.174221 -28.365766 -24.644665 111625747685.000000
-0.243164 -0.944336 -0.034424 7.808211 -27.755749 -24.461660 111625749487.000000
-0.241211 -0.943115 -0.036621 7.930214 -27.084731 -24.827670 111625751291.000000
-0.242676 -0.942383 -0.042236 8.052217 -26.718721 -25.193680 111625753095.000000
-0.238281 -0.946533 -0.034180 7.686208 -25.986702 -25.315684 111625754898.000000
-0.240479 -0.947021 -0.036133 8.113219 -25.498688 -25.620692 111625756700.000000
-0.235840 -0.949951 -0.038086 7.869212 -24.827670 -25.681693 111625758501.000000
-0.235840 -0.955811 -0.033936 7.991216 -24.034649 -25.803697 111625760300.000000
-0.233643 -0.955811 -0.031738 8.174221 -23.302629 -26.047703 111625762102.000000
-0.235596 -0.956543 -0.031494 8.113219 -22.692613 -26.413713 111625763907.000000
-0.234375 -0.958252 -0.031738 8.174221 -22.143598 -26.535716 111625765705.000000
-0.231445 -0.958496 -0.025146 8.113219 -21.106570 -26.474715 111625767506.000000
-0.230713 -0.963135 -0.028564 8.235222 -20.374550 -26.779723 111625769311.000000
-0.232910 -0.961426 -0.029541 8.540231 -19.642530 -27.145733 111625771111.000000
-0.234863 -0.964600 -0.032471 8.174221 -18.971512 -27.328738 111625772912.000000
-0.234863 -0.971924 -0.024414 8.723236 -18.178491 -27.572744 111625774741.000000
-0.234375 -0.970215 -0.027100 8.540231 -17.263466 -27.938754 111625776543.000000
-0.231445 -0.970215 -0.020996 8.540231 -16.653450 -28.182761 111625778341.000000
-0.232178 -0.970215 -0.023438 8.845239 -15.799427 -28.060758 111625780139.000000
-0.232178 -0.968750 -0.019775 8.845239 -15.372415 -28.365766 111625781938.000000
-0.230713 -0.974854 -0.021729 8.967242 -14.579394 -28.426768 111625783746.000000
-0.234863 -0.974365 -0.011963 9.089245 -13.786372 -28.731776 111625785548.000000
-0.233643 -0.974854 -0.015869 9.150247 -12.993351 -28.914781 111625787350.000000
-0.230713 -0.973389 -0.014404 9.150247 -12.505338 -29.097786 111625789151.000000
-0.236084 -0.970215 -0.013428 9.394254 -11.773318 -29.097786 111625790952.000000
-0.236084 -0.973633 -0.013672 9.516257 -10.919295 -29.280791 111625792753.000000
-0.236328 -0.972656 -0.010986 9.272250 -10.309278 -29.707802 111625794551.000000
-0.235596 -0.975830 -0.014893 9.638260 -9.760264 -29.463796 111625796350.000000
-0.238037 -0.971924 -0.014404 9.394254 -9.089245 -29.707802 111625798151.000000
-0.237061 -0.975342 -0.012939 9.638260 -8.479229 -29.951809 111625799949.000000
-0.237061 -0.970215 -0.003174 9.699262 -7.808211 -30.317819 111625801747.000000
-0.235840 -0.972412 -0.012695 9.577259 -7.076191 -30.195815 111625803549.000000
-0.237549 -0.971680 -0.004150 10.004270 -6.771183 -30.439822 111625805348.000000
-0.240967 -0.972168 -0.006836 10.187275 -5.734155 -30.378820 111625807147.000000
-0.237793 -0.973389 -0.007080 10.004270 -5.368145 -30.622827 111625808948.000000
-0.237549 -0.973389 0.002686 9.760264 -4.575124 -30.683828 111625810745.000000
-0.234131 -0.969971 -0.001221 10.126273 -4.514122 -30.805832 111625812549.000000
-0.233887 -0.970703 0.001953 10.309278 -4.514122 -31.232843 111625814351.000000
-0.236084 -0.969238 0.002441 10.065272 -4.514122 -31.903861 111625816153.000000
-0.238525 -0.972656 -0.006348 9.760264 -4.575124 -32.696883 111625817954.000000
-0.242920 -0.966309 -0.004639 10.065272 -4.148112 -32.635881 111625819755.000000
-0.259766 -0.961670 0.002686 9.943268 -4.270115 -32.086866 111625821556.000000
-0.270264 -0.961914 -0.000732 10.004270 -4.453120 -32.330873 111625823359.000000
-0.270508 -0.964355 -0.002197 10.126273 -4.453120 -32.269871 111625825159.000000
-0.264404 -0.966309 0.002686 10.309278 -4.575124 -32.086866 111625826960.000000
-0.262939 -0.970215 0.005615 10.248277 -4.331117 -31.842860 111625828762.000000
-0.259766 -0.971191 -0.002686 10.370280 -4.514122 -32.025865 111625830564.000000
-0.253906 -0.967773 -0.000488 10.187275 -4.331117 -32.391875 111625832366.000000
-0.251709 -0.967773 0.002441 10.126273 -4.758128 -31.964863 111625834174.000000
-0.252197 -0.964844 -0.002686 10.004270 -4.331117 -32.269871 111625835975.000000
-0.243652 -0.964111 0.001221 10.126273 -4.148112 -32.513878 111625837784.000000
-0.240967 -0.966064 -0.000977 10.004270 -4.087110 -32.757884 111625839586.000000
-0.236572 -0.959961 -0.003662 10.187275 -3.965107 -33.245898 111625841387.000000
-0.238281 -0.960693 -0.010986 9.516257 -3.843104 -33.245898 111625843187.000000
-0.240234 -0.955566 -0.005859 9.516257 -3.477094 -33.550906 111625845011.000000
-0.242432 -0.963379 -0.003174 9.516257 -3.355091 -33.611908 111625846813.000000
-0.242188 -0.957764 -0.003418 9.455255 -3.355091 -33.550906 111625848614.000000
-0.249023 -0.958496 -0.002441 9.150247 -3.355091 -33.672909 111625850414.000000
-0.249512 -0.960938 -0.005859 9.089245 -3.599097 -33.672909 111625852215.000000
-0.250000 -0.962158 -0.010498 9.028244 -3.538096 -33.794912 111625854021.000000
-0.246826 -0.965820 -0.000244 8.906240 -3.599097 -33.611908 111625855819.000000
-0.248779 -0.972900 -0.000244 9.089245 -3.355091 -33.855914 111625857620.000000
-0.247803 -0.973633 0.003662 8.784237 -3.538096 -33.977917 111625859422.000000
-0.248779 -0.973877 0.000488 9.150247 -3.782102 -34.038919 111625861223.000000
-0.246826 -0.975830 0.006592 9.089245 -3.843104 -34.099921 111625863023.000000
-0.239502 -0.979248 0.003418 9.516257 -4.270115 -34.343927 111625864826.000000
-0.239258 -0.983398 0.003174 8.967242 -4.575124 -34.404929 111625866627.000000
-0.246582 -0.979492 0.002197 8.845239 -4.392119 -34.526932 111625868428.000000
-0.242676 -0.981201 -0.007568 8.662234 -4.514122 -34.465931 111625870229.000000
-0.243896 -0.977051 0.005859 8.357226 -4.453120 -34.648936 111625872029.000000
-0.242188 -0.974609 -0.001709 8.235222 -4.575124 -34.526932 111625873842.000000
-0.237061 -0.978516 -0.001221 8.174221 -4.392119 -34.465931 111625875647.000000
-0.236572 -0.979004 0.002197 8.418227 -4.697127 -34.526932 111625877449.000000
-0.240234 -0.981201 0.001465 8.235222 -4.697127 -34.160922 111625879254.000000
-0.237549 -0.980713 0.008545 8.235222 -4.575124 -33.977917 111625881052.000000
-0.238770 -0.982178 0.004395 8.174221 -4.941133 -34.282926 111625882850.000000
-0.240967 -0.973389 0.019043 8.357226 -4.575124 -34.221924 111625884648.000000
-0.240723 -0.972412 0.011475 8.296224 -4.575124 -33.977917 111625886447.000000
-0.239990 -0.976807 0.008545 8.113219 -4.819130 -33.855914 111625888245.000000
-0.240479 -0.972412 0.014648 8.418227 -4.819130 -33.611908 111625890043.000000
-0.244141 -0.968018 0.013428 8.235222 -4.758128 -34.038919 111625891840.000000
-0.246582 -0.963379 0.012695 7.991216 -4.697127 -33.611908 111625893639.000000
-0.242676 -0.960449 0.003662 7.808211 -4.636125 -33.367901 111625895438.000000
-0.246582 -0.964600 0.010498 7.991216 -4.636125 -33.306899 111625897235.000000
-0.245605 -0.965088 0.012939 7.808211 -4.392119 -33.184896 111625899033.000000
-0.244385 -0.961670 0.012451 7.747209 -3.843104 -32.940889 111625900832.000000
-0.247070 -0.960449 0.014648 7.930214 -3.721100 -32.818886 111625902630.000000
-0.252197 -0.957031 0.017090 7.381199 -3.355091 -32.269871 111625904427.000000
-0.245605 -0.955322 0.016357 7.320198 -2.745074 -31.964863 111625906224.000000
-0.245361 -0.957764 0.015625 7.259196 -2.684072 -31.781858 111625908022.000000
-0.248291 -0.953613 0.018311 7.442201 -2.196059 -31.293845 111625909820.000000
-0.246582 -0.953857 0.014160 7.015189 -1.464040 -30.988837 111625911617.000000
-0.247803 -0.956299 0.018799 6.649180 -1.098030 -30.744830 111625913415.000000
-0.244385 -0.960693 0.013672 6.588178 -0.183005 -30.378820 111625915214.000000
-0.243896 -0.955566 0.006836 6.283170 0.671018 -30.073812 111625917011.000000
-0.244873 -0.952881 0.015625 6.161166 1.464040 -29.707802 111625918809.000000
-0.245850 -0.949219 0.011475 6.283170 2.135058 -29.341792 111625920610.000000
-0.240234 -0.957275 0.012451 6.039163 2.989081 -28.975782 111625922408.000000
-0.242920 -0.954102 0.015137 5.673153 3.355091 -28.609772 111625924210.000000
-0.242676 -0.952881 0.021240 5.917160 4.026109 -28.365766 111625926012.000000
-0.242432 -0.959717 0.015869 5.734155 4.758128 -28.121759 111625927814.000000
-0.253662 -0.963135 0.014893 5.490148 5.307143 -27.755749 111625929615.000000
-0.255127 -0.960938 0.020508 5.856158 5.734155 -27.267736 111625931416.000000
-0.254395 -0.962402 0.012207 5.124138 6.100165 -27.084731 111625933220.000000
-0.255615 -0.958496 0.015625 5.124138 6.649180 -26.657720 111625935044.000000
-0.259277 -0.961426 0.011230 5.063137 6.954188 -26.352712 111625936846.000000
-0.262695 -0.964844 0.017578 4.880132 7.015189 -26.169707 111625938650.000000
-0.264648 -0.966553 0.016846 4.758128 6.771183 -25.864698 111625940451.000000
-0.265137 -0.972656 0.010986 4.941133 6.893186 -25.803697 111625942252.000000
-0.264160 -0.973633 0.021729 4.575124 7.198194 -25.315684 111625944058.000000
-0.268555 -0.973633 0.014648 4.331117 6.893186 -25.254682 111625945857.000000
-0.270752 -0.982910 0.014893 3.965107 6.771183 -25.193680 111625947658.000000
-0.270264 -0.978760 0.005615 4.026109 6.588178 -24.766669 111625949459.000000
-0.280029 -0.981689 0.012939 3.843104 5.917160 -24.583664 111625951260.000000
-0.279785 -0.984619 0.009277 3.660099 5.795156 -24.339657 111625953061.000000
-0.279297 -0.980225 0.021240 3.843104 5.307143 -23.851644 111625954868.000000
-0.274414 -0.980713 0.016602 3.416092 4.880132 -23.851644 111625956671.000000
-0.275391 -0.984131 0.015625 3.599097 4.880132 -23.729641 111625958472.000000
-0.278564 -0.979980 0.019043 3.355091 4.270115 -23.729641 111625960273.000000
-0.278320 -0.983887 0.016602 2.928079 3.782102 -23.424632 111625962073.000000
-0.287109 -0.986572 0.016357 2.806076 3.111084 -23.363631 111625963877.000000
-0.285645 -0.986816 0.015869 3.111084 2.867077 -23.119624 111625965677.000000
-0.278320 -0.990967 0.015381 2.623071 2.135058 -22.997621 111625967478.000000
-0.279053 -0.983643 0.023193 2.501068 1.708046 -22.814616 111625969278.000000
-0.278076 -0.985107 0.025146 2.623071 1.525041 -22.814616 111625971080.000000
-0.279785 -0.991943 0.020020 2.318063 1.403038 -22.387604 111625972881.000000
-0.281250 -0.989014 0.014404 2.013054 1.220033 -21.899591 111625974688.000000
-0.281738 -0.989502 0.020508 1.952053 0.854023 -21.899591 111625976488.000000
-0.277344 -0.989258 0.015625 2.013054 0.549015 -21.777588 111625978289.000000
-0.277344 -0.986572 0.015137 1.586043 0.488013 -21.777588 111625980087.000000
-0.277100 -0.987061 0.023438 1.769048 0.244007 -21.716586 111625981892.000000
-0.275146 -0.987305 0.024902 1.708046 0.000000 -21.106570 111625983691.000000
-0.279053 -0.981689 0.032471 1.403038 -0.122003 -21.045568 111625985490.000000
-0.273438 -0.983887 0.031494 1.037028 -0.244007 -21.106570 111625987287.000000
-0.273682 -0.986816 0.034180 0.915025 -0.610016 -20.435552 111625989084.000000
-0.268555 -0.981934 0.033936 0.793021 -0.671018 -20.252547 111625990882.000000
-0.272217 -0.981445 0.034424 0.793021 -0.366010 -20.130544 111625992679.000000
-0.270508 -0.977539 0.034180 0.549015 -0.427012 -19.581529 111625994481.000000
-0.272217 -0.975830 0.036621 0.732020 -0.305008 -19.581529 111625996281.000000
-0.268799 -0.976074 0.040527 0.305008 -0.305008 -19.459525 111625998079.000000
-0.275391 -0.975098 0.047607 0.244007 -0.549015 -19.337522 111625999880.000000
-0.269043 -0.965820 0.051758 0.427012 -0.793021 -18.910511 111626001678.000000
-0.266357 -0.967041 0.041504 0.427012 -0.305008 -18.544501 111626003477.000000
-0.272217 -0.967773 0.055176 0.183005 -0.610016 -18.605502 111626005276.000000
-0.270264 -0.965820 0.058838 0.061002 -0.671018 -18.483499 111626007074.000000
-0.275879 -0.965332 0.054932 -0.305008 -1.159031 -18.056488 111626008871.000000
-0.272217 -0.960205 0.051514 -0.061002 -1.403038 -17.995486 111626010668.000000
-0.274170 -0.961670 0.056641 -0.122003 -1.708046 -18.300494 111626012466.000000
-0.277588 -0.954102 0.066895 -0.061002 -2.196059 -18.056488 111626014266.000000
-0.274658 -0.959961 0.067139 -0.061002 -2.745074 -17.995486 111626016064.000000
-0.272705 -0.958984 0.062500 -0.183005 -3.599097 -17.751479 111626017862.000000
-0.277344 -0.959961 0.071533 -0.122003 -4.392119 -17.629476 111626019659.000000
-0.272949 -0.955078 0.067627 -0.244007 -4.941133 -17.568474 111626021457.000000
-0.273926 -0.951904 0.062256 -0.488013 -5.795156 -17.568474 111626023276.000000
-0.272217 -0.953369 0.060059 -0.305008 -6.710181 -17.202464 111626025081.000000
-0.271729 -0.956543 0.063721 -0.427012 -7.442201 -17.202464 111626026884.000000
-0.267334 -0.956055 0.065186 -0.549015 -8.357226 -17.385469 111626028686.000000
-0.266846 -0.948975 0.063232 -0.366010 -9.028244 -17.446471 111626030491.000000
-0.266357 -0.951416 0.064697 -0.305008 -9.699262 -17.385469 111626032292.000000
-0.268066 -0.950928 0.062500 -0.427012 -10.797292 -17.080461 111626034096.000000
-0.263916 -0.950195 0.074463 -0.061002 -11.346306 -17.019460 111626035895.000000
-0.262451 -0.949219 0.071533 -0.488013 -12.200329 -17.202464 111626037696.000000
-0.268066 -0.950684 0.063965 -0.366010 -13.176356 -17.202464 111626039497.000000
-0.261475 -0.955811 0.069824 -0.488013 -14.274385 -17.263466 111626041298.000000
-0.262695 -0.952393 0.064453 -0.488013 -15.067407 -17.263466 111626043099.000000
-0.261230 -0.953857 0.068359 -0.244007 -16.226438 -17.263466 111626044901.000000
-0.256348 -0.955078 0.056641 -0.122003 -17.080461 -17.751479 111626046702.000000
-0.262939 -0.955811 0.057373 -0.305008 -18.117489 -17.751479 111626048503.000000
-0.263428 -0.960938 0.058838 -0.305008 -19.459525 -17.812481 111626050305.000000
-0.261230 -0.967041 0.057373 -0.793021 -20.984567 -18.361496 111626052105.000000
-0.260742 -0.965332 0.051758 -0.244007 -22.387604 -18.361496 111626053918.000000
-0.262695 -0.972656 0.057373 -0.366010 -23.912646 -18.666504 111626055717.000000
-0.265625 -0.974121 0.055420 -0.183005 -25.315684 -18.971512 111626057518.000000
-0.259277 -0.978760 0.053711 0.305008 -26.718721 -19.276520 111626059319.000000
-0.257813 -0.982178 0.055420 0.305008 -28.975782 -19.642530 111626061121.000000
-0.259521 -0.986572 0.054199 0.366010 -30.683828 -19.825535 111626062922.000000
-0.256836 -0.987793 0.052490 0.793021 -32.330873 -20.069542 111626064730.000000
-0.255371 -0.990723 0.046875 1.098030 -33.733911 -20.313548 111626066531.000000
-0.246094 -0.993164 0.053711 1.037028 -35.563960 -20.923565 111626068333.000000
-0.249756 -0.998047 0.050537 0.976026 -37.455011 -21.167572 111626070135.000000
-0.244629 -0.994629 0.049316 1.159031 -39.407064 -21.655585 111626071939.000000
-0.236572 -1.003174 0.047363 1.342036 -40.871104 -22.021595 111626073744.000000
-0.231201 -1.000244 0.051025 1.647044 -42.335143 -22.631611 111626075544.000000
-0.225830 -1.002930 0.052734 2.013054 -44.409199 -22.936619 111626077345.000000
-0.220703 -1.005859 0.048828 1.891051 -46.117245 -23.302629 111626079143.000000
-0.215820 -1.001221 0.058105 2.318063 -47.520283 -23.912646 111626080941.000000
-0.208984 -1.008789 0.054932 2.440066 -49.045324 -24.644665 111626082740.000000
-0.203125 -1.009521 0.052246 2.379064 -50.326359 -24.827670 111626084537.000000
-0.192627 -1.010010 0.050537 2.806076 -51.851400 -25.193680 111626086336.000000
-0.190918 -1.011475 0.046143 2.562069 -53.376441 -25.986702 111626088133.000000
-0.184326 -1.007324 0.050537 2.745074 -54.291466 -26.413713 111626089930.000000
-0.181396 -1.013916 0.051025 2.684072 -55.450497 -26.474715 111626091727.000000
-0.173340 -1.013672 0.048340 2.745074 -56.426524 -26.962728 111626093526.000000
-0.171143 -1.017090 0.054932 3.233087 -57.341548 -27.206735 111626095326.000000
-0.167969 -1.017090 0.055176 3.294089 -58.073568 -27.755749 111626097124.000000
-0.163574 -1.020020 0.055176 3.233087 -58.622583 -28.182761 111626098922.000000
-0.152344 -1.018311 0.051270 3.416092 -59.049594 -28.487769 111626100719.000000
-0.146484 -1.022949 0.047852 3.111084 -59.293601 -28.792777 111626102517.000000
-0.145996 -1.019531 0.060791 3.660099 -59.354603 -28.792777 111626104314.000000
-0.141113 -1.023193 0.051758 3.782102 -59.293601 -29.219789 111626106112.000000
-0.131348 -1.022949 0.059326 3.843104 -59.110596 -29.707802 111626107909.000000
-0.125244 -1.017578 0.054443 4.148112 -58.805588 -29.829805 111626109707.000000
-0.123047 -1.022217 0.059082 3.965107 -58.256573 -30.195815 111626111506.000000
-0.124268 -1.020752 0.050781 3.965107 -58.256573 -30.439822 111626113304.000000
-0.122070 -1.018555 0.060303 4.148112 -57.646556 -30.561825 111626115103.000000
-0.120605 -1.020020 0.051758 4.026109 -56.792533 -30.988837 111626116901.000000
-0.114502 -1.016602 0.050293 3.782102 -56.243519 -30.988837 111626118698.000000
-0.114502 -1.013184 0.058350 4.209114 -55.450497 -31.354847 111626120496.000000
-0.115967 -1.014893 0.049561 3.843104 -54.962484 -31.232843 111626122292.000000
-0.118408 -1.014893 0.054688 4.026109 -54.169463 -31.293845 111626124092.000000
-0.115479 -1.016113 0.051514 3.782102 -53.376441 -31.720856 111626125902.000000
-0.114990 -1.016846 0.044922 3.721100 -52.705423 -31.903861 111626127704.000000
-0.109863 -1.012939 0.052002 3.355091 -52.095407 -31.964863 111626129505.000000
-0.114502 -1.010254 0.052002 3.172086 -51.241384 -32.147868 111626131305.000000
-0.115967 -1.010010 0.055664 3.233087 -50.570365 -32.208870 111626133106.000000
-0.114990 -1.010254 0.048828 3.294089 -50.204356 -32.269871 111626134909.000000
-0.114990 -1.008301 0.051025 3.233087 -49.655341 -32.391875 111626136710.000000
-0.116455 -1.012451 0.051270 3.233087 -48.557311 -32.391875 111626138511.000000
-0.117676 -1.006104 0.056641 3.111084 -47.947295 -32.696883 111626140311.000000
-0.115234 -1.005127 0.053955 3.172086 -47.581285 -32.513878 111626142113.000000
-0.117188 -0.999023 0.059570 3.477094 -46.727262 -32.635881 111626143919.000000
-0.115723 -0.998291 0.050781 3.172086 -46.178247 -32.513878 111626145719.000000
-0.114990 -0.993652 0.046875 3.416092 -45.263222 -32.391875 111626147520.000000
-0.114502 -0.997803 0.058838 3.355091 -44.409199 -32.757884 111626149321.000000
-0.114014 -0.996338 0.060547 3.294089 -43.799183 -32.818886 111626151122.000000
-0.111816 -0.997070 0.057861 3.233087 -43.311169 -32.757884 111626152924.000000
-0.115479 -0.994141 0.058105 3.172086 -42.396145 -33.184896 111626154727.000000
-0.113037 -0.988281 0.062744 3.599097 -42.030135 -32.879888 111626156528.000000
-0.113281 -0.986816 0.061768 3.416092 -41.542122 -32.879888 111626158329.000000
-0.112305 -0.986328 0.068115 3.721100 -41.115110 -32.940889 111626160130.000000
-0.112549 -0.981445 0.068604 3.599097 -40.871104 -33.001891 111626161931.000000
-0.116943 -0.981934 0.072021 3.721100 -40.261087 -32.879888 111626163736.000000
-0.120361 -0.978271 0.080078 4.026109 -39.956079 -33.001891 111626165534.000000
-0.119629 -0.981689 0.084229 4.270115 -39.773074 -33.306899 111626167336.000000
-0.117920 -0.979004 0.082520 3.843104 -40.017080 -33.245898 111626169137.000000
-0.114502 -0.976807 0.077393 4.148112 -40.017080 -33.489904 111626170937.000000
-0.114014 -0.979248 0.082764 4.026109 -39.773074 -33.550906 111626172739.000000
-0.114258 -0.977051 0.080078 4.087110 -40.200085 -33.611908 111626174540.000000
-0.112549 -0.974854 0.081055 4.392119 -40.322089 -33.916916 111626176339.000000
-0.114746 -0.974365 0.086426 4.514122 -40.200085 -34.038919 111626178140.000000
-0.111328 -0.972412 0.086182 4.209114 -40.261087 -34.038919 111626179944.000000
-0.110352 -0.964355 0.097168 4.514122 -40.932105 -34.038919 111626181750.000000
-0.102539 -0.968994 0.081787 4.575124 -40.627097 -34.404929 111626183549.000000
-0.096924 -0.962891 0.088135 4.758128 -40.505094 -34.038919 111626185347.000000
-0.093018 -0.964844 0.087646 4.697127 -40.078082 -33.977917 111626187145.000000
-0.089844 -0.961914 0.101807 5.002135 -40.017080 -34.160922 111626188944.000000
-0.081299 -0.963379 0.089600 4.941133 -39.712072 -34.099921 111626190741.000000
-0.072021 -0.964111 0.089844 4.819130 -39.285061 -34.099921 111626192538.000000
-0.064697 -0.964111 0.094482 5.124138 -38.431038 -33.977917 111626194340.000000
-0.067627 -0.960205 0.090820 5.063137 -37.577015 -34.099921 111626196139.000000
-0.061523 -0.960693 0.088379 5.185140 -36.844995 -33.916916 111626197937.000000
-0.055664 -0.950928 0.082275 5.246142 -35.807967 -33.794912 111626199735.000000
-0.051270 -0.947754 0.089844 5.368145 -34.709937 -33.428903 111626201532.000000
-0.045410 -0.949219 0.090820 5.246142 -33.611908 -33.245898 111626203330.000000
-0.042236 -0.954102 0.088867 5.307143 -32.269871 -33.062893 111626205129.000000
-0.037842 -0.947754 0.094971 5.246142 -31.049838 -32.940889 111626206926.000000
-0.036377 -0.951904 0.090820 5.185140 -29.890807 -32.635881 111626208723.000000
-0.034912 -0.951172 0.098389 4.880132 -28.487769 -32.452876 111626210521.000000
-0.030273 -0.950439 0.097900 4.941133 -26.840725 -32.208870 111626212318.000000
-0.031250 -0.948975 0.091309 5.063137 -25.010675 -31.903861 111626214135.000000
-0.033691 -0.951904 0.094482 5.124138 -23.546636 -31.476850 111626215933.000000
-0.034668 -0.948730 0.101074 4.697127 -22.082596 -30.927835 111626217731.000000
-0.032959 -0.952637 0.096680 4.880132 -20.679558 -30.866833 111626219528.000000
-0.032959 -0.949707 0.095703 4.819130 -19.337522 -30.500824 111626221325.000000
-0.037354 -0.948975 0.092529 4.880132 -17.995486 -30.195815 111626223126.000000
-0.041992 -0.952881 0.094482 5.124138 -16.836455 -30.195815 111626224928.000000
-0.043213 -0.948975 0.099609 4.941133 -15.494418 -29.524797 111626226730.000000
-0.050049 -0.949951 0.101074 5.063137 -14.640395 -29.097786 111626228531.000000
-0.054932 -0.952881 0.092285 4.880132 -13.420362 -28.853779 111626230332.000000
-0.052490 -0.951416 0.095947 4.636125 -11.773318 -28.548771 111626232133.000000
-0.048584 -0.947021 0.093262 4.575124 -10.797292 -27.816751 111626233938.000000
-0.053223 -0.956055 0.095703 4.819130 -9.272250 -27.511743 111626235737.000000
-0.049316 -0.954346 0.088623 4.392119 -8.174221 -27.206735 111626237540.000000
-0.048828 -0.956299 0.085205 4.087110 -6.832184 -26.535716 111626239341.000000
-0.055176 -0.955811 0.081543 4.270115 -5.246142 -25.864698 111626241143.000000
-0.054688 -0.956299 0.079590 3.782102 -4.026109 -25.498688 111626242944.000000
-0.056885 -0.959229 0.076172 3.599097 -2.379064 -24.705667 111626245340.000000
-0.057617 -0.965088 0.074951 3.416092 -0.610016 -24.156652 111626247160.000000
-0.060547 -0.962402 0.068115 2.989081 0.915025 -23.668639 111626248963.000000
-0.060303 -0.962158 0.075439 3.355091 2.318063 -22.753614 111626250765.000000
-0.065186 -0.972412 0.070557 3.233087 3.477094 -22.448606 111626252567.000000
-0.065674 -0.969482 0.073242 3.233087 5.368145 -21.594583 111626254370.000000
-0.068359 -0.967041 0.064941 2.806076 6.832184 -21.045568 111626256171.000000
-0.074951 -0.970215 0.062256 2.562069 7.747209 -20.313548 111626257980.000000
-0.075684 -0.970703 0.064209 2.623071 9.028244 -19.703532 111626259781.000000
-0.083984 -0.971436 0.058105 2.318063 10.065272 -18.849509 111626261583.000000
-0.087402 -0.975098 0.055908 1.952053 11.285305 -18.361496 111626263390.000000
-0.084229 -0.975098 0.054199 1.952053 12.078326 -18.178491 111626265193.000000
-0.086182 -0.975342 0.046631 1.342036 12.993351 -17.141463 111626266994.000000
-0.090332 -0.978271 0.048584 1.220033 13.664369 -16.531446 111626268795.000000
-0.101563 -0.979004 0.049072 1.159031 14.274385 -15.982432 111626270596.000000
-0.101318 -0.982422 0.052002 0.732020 15.006405 -15.067407 111626272396.000000
-0.102295 -0.981445 0.051270 0.610016 15.799427 -14.457390 111626274203.000000
-0.107910 -0.977539 0.051025 0.488013 16.226438 -13.969377 111626276010.000000
-0.113525 -0.982910 0.040527 0.488013 16.592448 -13.359361 111626277811.000000
-0.113281 -0.982666 0.041992 0.000000 16.714451 -12.688343 111626279612.000000
-0.115723 -0.976563 0.044434 -0.183005 17.324468 -11.956323 111626281410.000000
-0.120605 -0.979004 0.042725 -0.122003 17.446471 -11.224303 111626283207.000000
-0.120850 -0.975830 0.043945 -0.793021 17.568474 -10.858293 111626285054.000000
-0.125977 -0.977051 0.041016 -1.037028 17.629476 -9.760264 111626286853.000000
-0.128906 -0.975098 0.041260 -1.220033 17.385469 -9.211249 111626288650.000000
-0.132080 -0.971191 0.035400 -1.403038 17.568474 -8.723236 111626290447.000000
-0.135254 -0.967773 0.039063 -2.013054 17.507473 -7.991216 111626292292.000000
-0.132813 -0.966797 0.040283 -2.196059 17.629476 -7.442201 111626294755.000000
-0.134033 -0.962402 0.038574 -2.684072 16.897456 -6.283170 111626297666.000000
-0.130615 -0.957764 0.040039 -3.111084 16.714451 -5.307143 111626300574.000000
-0.132080 -0.958984 0.041016 -3.599097 16.287440 -4.148112 111626303482.000000
-0.128662 -0.954590 0.039795 -4.026109 15.860428 -3.660099 111626306389.000000
-0.134033 -0.952393 0.034668 -4.209114 15.433417 -2.623071 111626309297.000000
-0.133789 -0.952148 0.032715 -4.819130 15.311413 -1.708046 111626312203.000000
-0.134277 -0.955078 0.041748 -5.368145 14.518392 -0.976026 111626315113.000000
-0.132080 -0.955078 0.043701 -5.551150 14.152382 0.000000 111626318027.000000
-0.131348 -0.960693 0.047852 -5.734155 13.298359 0.427012 111626320934.000000
-0.134033 -0.961426 0.048340 -6.161166 12.810346 1.281035 111626323846.000000
-0.131348 -0.958984 0.048584 -6.710181 11.956323 1.708046 111626326760.000000
-0.132324 -0.968506 0.048584 -7.076191 11.285305 2.196059 111626329675.000000
-0.135010 -0.971680 0.051514 -7.320198 10.309278 2.867077 111626332599.000000
-0.136719 -0.974854 0.049072 -7.381199 9.699262 3.355091 111626335525.000000
-0.135010 -0.978760 0.050293 -7.686208 9.028244 3.904105 111626338441.000000
-0.128174 -0.987305 0.046387 -8.052217 8.357226 4.514122 111626341356.000000
-0.121338 -0.988770 0.052246 -8.052217 8.052217 5.063137 111626344285.000000
-0.123535 -0.991699 0.056396 -8.052217 7.869212 5.307143 111626347203.000000
-0.119629 -0.997314 0.053955 -8.357226 7.381199 6.161166 111626350119.000000
-0.122803 -1.009521 0.049072 -8.418227 7.869212 6.588178 111626353034.000000
-0.126465 -1.009521 0.052002 -8.418227 7.930214 6.954188 111626355966.000000
-0.126953 -1.011963 0.051514 -8.662234 8.479229 7.442201 111626358895.000000
-0.126953 -1.015137 0.045898 -8.662234 8.540231 7.625206 111626361810.000000
-0.126221 -1.018799 0.044678 -9.028244 8.784237 7.991216 111626364736.000000
-0.131104 -1.021729 0.047119 -8.906240 9.089245 8.357226 111626367652.000000
-0.128906 -1.025635 0.048340 -8.906240 9.760264 8.662234 111626370569.000000
-0.126221 -1.026123 0.042725 -8.967242 10.431282 8.967242 111626373491.000000
-0.128174 -1.036621 0.044434 -9.089245 11.163301 9.272250 111626376411.000000
-0.132568 -1.033691 0.043945 -9.028244 11.895321 9.516257 111626379324.000000
-0.125488 -1.034668 0.043945 -9.150247 12.871348 9.577259 111626382232.000000
-0.125244 -1.041748 0.038330 -9.150247 14.213384 10.126273 111626385140.000000
-0.128662 -1.040771 0.040283 -9.089245 15.433417 10.126273 111626388049.000000
-0.131104 -1.044922 0.046631 -9.089245 16.470445 10.248277 111626390971.000000
-0.131836 -1.050293 0.038574 -8.967242 17.812481 10.553285 111626393908.000000
-0.131104 -1.044189 0.036377 -9.028244 18.788507 10.614287 111626396818.000000
-0.136475 -1.035400 0.038574 -9.394254 19.703532 10.797292 111626399725.000000
-0.139404 -1.039307 0.031006 -9.577259 20.435552 10.797292 111626402631.000000
-0.145020 -1.036621 0.025635 -9.638260 21.106570 10.797292 111626405547.000000
-0.150635 -1.037354 0.026611 -10.004270 21.411578 10.736290 111626408456.000000
-0.155518 -1.028320 0.028076 -9.943268 21.228573 10.431282 111626411366.000000
-0.165771 -1.025879 0.020020 -10.248277 20.862563 10.431282 111626414277.000000
-0.166504 -1.024414 0.019775 -10.309278 20.496553 10.187275 111626417190.000000
-0.173096 -1.016602 0.021973 -10.187275 19.520527 10.004270 111626420100.000000
-0.174072 -1.011963 0.019287 -10.675288 18.422497 9.821265 111626423020.000000
-0.177002 -1.003906 0.025391 -10.492283 17.690478 9.577259 111626425936.000000
-0.183838 -0.998535 0.021973 -10.919295 16.470445 9.760264 111626428852.000000
-0.185791 -0.987793 0.019043 -10.736290 15.616422 9.150247 111626431768.000000
-0.184326 -0.979980 0.026367 -11.163301 14.640395 9.150247 111626434694.000000
-0.181152 -0.972900 0.029785 -10.736290 13.786372 8.845239 111626437610.000000
-0.184326 -0.965332 0.033691 -11.224303 12.810346 8.601232 111626440524.000000
-0.184082 -0.960449 0.031250 -10.797292 12.322333 8.540231 111626443450.000000
-0.179932 -0.954834 0.040527 -11.224303 11.651315 8.479229 111626446367.000000
-0.185303 -0.952637 0.037109 -10.675288 11.102300 8.357226 111626449281.000000
-0.179688 -0.947266 0.051025 -10.736290 10.431282 8.235222 111626452196.000000
-0.179688 -0.940674 0.050293 -10.431282 9.943268 8.052217 111626455122.000000
-0.177490 -0.941406 0.050537 -10.187275 9.638260 7.930214 111626458036.000000
-0.178223 -0.935547 0.058105 -10.187275 9.150247 7.747209 111626460950.000000
-0.173828 -0.931152 0.064209 -10.248277 8.845239 7.808211 111626463872.000000
-0.178223 -0.930664 0.071289 -10.004270 8.235222 7.625206 111626466789.000000
-0.174316 -0.925293 0.068359 -10.126273 7.930214 7.503203 111626469703.000000
-0.173828 -0.921875 0.077148 -10.004270 7.320198 7.198194 111626472615.000000
-0.176758 -0.920654 0.072998 -10.065272 6.771183 7.137193 111626475540.000000
-0.176270 -0.918701 0.076904 -9.577259 5.856158 6.771183 111626478458.000000
-0.178711 -0.920410 0.071045 -9.760264 5.185140 6.710181 111626481373.000000
-0.190430 -0.922119 0.073730 -9.821265 4.148112 6.344171 111626484283.000000
-0.188232 -0.920654 0.074951 -9.516257 3.050082 5.856158 111626487192.000000
-0.190186 -0.919922 0.067871 -9.394254 1.830049 5.490148 111626490099.000000
-0.192139 -0.919922 0.066406 -9.760264 0.427012 5.307143 111626493033.000000
-0.194824 -0.923828 0.062744 -9.333252 -0.976026 4.819130 111626495943.000000
-0.195068 -0.923096 0.062012 -9.333252 -2.196059 4.453120 111626498855.000000
-0.199707 -0.926514 0.058838 -8.906240 -3.782102 3.904105 111626501763.000000
-0.197998 -0.934814 0.058838 -9.028244 -5.185140 3.477094 111626504719.000000
-0.201904 -0.939697 0.051025 -9.211249 -6.649180 2.867077 111626507628.000000
-0.199219 -0.940918 0.054932 -9.089245 -8.296224 2.379064 111626510536.000000
-0.204834 -0.948730 0.042725 -9.028244 -9.211249 2.440066 111626513446.000000
-0.196533 -0.961426 0.042480 -8.540231 -10.065272 1.769048 111626516355.000000
-0.195313 -0.958984 0.048584 -8.723236 -11.590313 1.403038 111626519263.000000
-0.194336 -0.964844 0.041504 -8.235222 -11.712316 0.854023 111626522175.000000
-0.197021 -0.970703 0.040771 -8.357226 -13.176356 0.122003 111626525091.000000
-0.189209 -0.975098 0.034912 -8.357226 -14.030379 -0.122003 111626528006.000000
-0.188965 -0.978516 0.033447 -8.418227 -14.945404 -0.671018 111626530927.000000
-0.183594 -0.984619 0.034424 -8.235222 -15.921430 -0.854023 111626533848.000000
-0.180908 -0.987305 0.027588 -8.052217 -16.470445 -1.342036 111626536767.000000
-0.186279 -0.987793 0.027832 -8.174221 -16.958458 -1.769048 111626539683.000000
-0.185059 -0.999512 0.024414 -7.930214 -18.239492 -1.891051 111626542599.000000
-0.179199 -1.004150 0.014648 -7.869212 -19.886537 -2.928079 111626550312.000000
-0.177246 -1.006836 0.012695 -7.686208 -21.045568 -3.294089 111626553469.000000
-0.175293 -1.012451 0.011475 -7.747209 -21.533581 -3.599097 111626556426.000000
-0.171631 -1.005859 0.010742 -7.747209 -22.387604 -3.660099 111626559353.000000
-0.177979 -1.011230 0.003662 -7.442201 -23.058623 -3.965107 111626562374.000000
-0.172607 -1.009277 0.004639 -7.808211 -23.973647 -4.148112 111626565368.000000
-0.173340 -1.012207 0.010498 -7.686208 -24.461660 -4.453120 111626568300.000000
-0.174316 -1.007324 0.005127 -7.442201 -25.315684 -4.453120 111626571215.000000
-0.169189 -1.008057 0.003906 -7.076191 -26.291710 -4.575124 111626574135.000000
-0.165771 -1.007080 0.005859 -7.808211 -26.901726 -4.636125 111626577057.000000
-0.170410 -1.007080 0.000244 -7.381199 -27.633746 -4.636125 111626580025.000000
-0.165283 -1.005859 0.002930 -7.686208 -28.365766 -4.697127 111626582981.000000
-0.162354 -1.006348 0.005127 -7.259196 -29.097786 -4.575124 111626585893.000000
-0.160645 -1.006836 0.004639 -7.747209 -29.951809 -4.392119 111626588819.000000
-0.157715 -1.003906 0.005615 -7.442201 -30.439822 -4.697127 111626591739.000000
-0.157959 -1.006104 0.001465 -7.686208 -30.866833 -4.575124 111626594747.000000
-0.154541 -1.000000 0.007324 -7.564204 -31.720856 -4.392119 111626597662.000000
-0.153076 -1.001953 0.010254 -7.564204 -32.330873 -4.453120 111626600580.000000
-0.155273 -1.002686 0.004639 -7.503203 -32.879888 -4.575124 111626603510.000000
-0.151123 -1.000732 0.007324 -7.564204 -33.855914 -4.148112 111626606423.000000
-0.153564 -0.998291 0.003174 -7.869212 -34.709937 -4.270115 111626609338.000000
-0.153809 -1.000000 0.002930 -7.747209 -35.502959 -4.087110 111626612252.000000
-0.150391 -0.999756 0.003662 -7.930214 -36.234978 -4.209114 111626615166.000000
-0.147705 -0.995850 0.004639 -8.113219 -37.211005 -4.148112 111626618077.000000
-0.145996 -0.994873 -0.000244 -8.174221 -38.065028 -4.087110 111626621007.000000
-0.145020 -0.991943 -0.001465 -8.479229 -38.736046 -3.721100 111626623926.000000
-0.142334 -0.997803 0.009766 -8.235222 -39.529067 -3.904105 111626626844.000000
-0.135254 -0.996338 0.005859 -8.235222 -39.956079 -3.782102 111626629761.000000
-0.136475 -0.995361 -0.001953 -8.357226 -40.627097 -3.721100 111626632677.000000
-0.132080 -0.991699 0.006592 -8.296224 -40.993107 -3.660099 111626635601.000000
-0.129150 -0.990967 0.006592 -8.723236 -41.969133 -3.660099 111626638520.000000
-0.127441 -0.996338 0.004883 -8.601232 -42.335143 -3.477094 111626641441.000000
-0.125488 -0.991211 0.001953 -8.845239 -42.457146 -3.477094 111626644364.000000
-0.119385 -0.992920 0.006104 -8.906240 -43.006161 -2.989081 111626647288.000000
-0.115479 -0.990479 -0.003418 -8.784237 -43.372171 -3.111084 111626650209.000000
-0.109375 -0.993896 0.010010 -8.784237 -42.945160 -3.233087 111626653126.000000
-0.106689 -0.998291 0.012695 -8.723236 -43.067163 -2.745074 111626656042.000000
-0.105957 -1.001465 0.010742 -8.906240 -43.250168 -2.745074 111626658964.000000
-0.105469 -0.997070 0.010742 -8.540231 -43.433173 -2.684072 111626661890.000000
-0.105469 -0.997803 0.015137 -8.418227 -43.311169 -2.196059 111626664808.000000
-0.102539 -1.001709 0.017334 -8.479229 -43.128164 -2.440066 111626667723.000000
-0.097656 -1.000244 0.014648 -8.479229 -43.494174 -2.257061 111626670646.000000
-0.100098 -1.004150 0.016846 -8.235222 -43.311169 -2.196059 111626673565.000000
-0.093262 -1.000732 0.017822 -7.991216 -43.433173 -2.135058 111626676482.000000
-0.092041 -0.998047 0.019531 -8.235222 -43.128164 -1.769048 111626679399.000000
-0.092773 -0.995605 0.018066 -7.991216 -43.067163 -1.708046 111626682329.000000
-0.085938 -0.996826 0.017822 -7.869212 -42.640151 -1.525041 111626685243.000000
-0.085938 -0.993652 0.022705 -7.869212 -42.396145 -1.281035 111626688155.000000
-0.083252 -0.992920 0.018555 -7.686208 -41.908132 -1.220033 111626691064.000000
-0.076416 -0.995117 0.020264 -8.113219 -41.176112 -1.037028 111626693991.000000
-0.076904 -0.996094 0.018311 -7.869212 -40.383090 -0.854023 111626696196.000000
-0.072266 -0.992432 0.020264 -7.747209 -40.139084 -0.793021 111626697997.000000
-0.070313 -0.995605 0.018799 -7.625206 -39.590069 -0.610016 111626699795.000000
-0.067139 -0.997314 0.022217 -7.747209 -39.163057 -0.366010 111626701599.000000
-0.068115 -0.995850 0.021240 -7.625206 -38.553041 -0.305008 111626703399.000000
-0.068359 -0.994629 0.020996 -7.442201 -37.943024 -0.183005 111626705218.000000
-0.067871 -0.995117 0.014893 -7.625206 -37.455011 -0.122003 111626707156.000000
-0.067627 -0.993408 0.020752 -7.625206 -36.722992 0.061002 111626709093.000000
-0.066895 -0.992920 0.012451 -7.625206 -36.173977 0.305008 111626711000.000000
-0.063721 -0.992188 0.013184 -7.320198 -35.685964 0.366010 111626712849.000000
-0.064209 -0.999268 0.017822 -7.442201 -34.892942 0.549015 111626714650.000000
-0.064697 -0.993896 0.013184 -7.625206 -34.221924 0.671018 111626716452.000000
-0.062744 -0.994141 0.008545 -7.503203 -33.672909 0.671018 111626718251.000000
-0.064453 -0.994629 0.010498 -7.686208 -33.062893 1.098030 111626720053.000000
-0.062500 -0.992676 0.007813 -7.686208 -32.086866 1.342036 111626721851.000000
-0.059082 -0.994141 0.007568 -7.747209 -31.659855 1.220033 111626723652.000000
-0.060547 -0.992920 0.010010 -7.625206 -31.110840 1.159031 111626725455.000000
-0.057373 -0.993408 0.004395 -7.625206 -29.890807 1.464040 111626727257.000000
-0.058594 -0.991211 0.006104 -7.747209 -29.402794 1.708046 111626729058.000000
-0.059326 -0.992188 0.002441 -7.686208 -28.548771 1.891051 111626730864.000000
-0.058350 -0.993164 0.006836 -7.503203 -27.999756 1.891051 111626732666.000000
-0.060303 -0.994385 0.003174 -7.991216 -27.206735 1.830049 111626734468.000000
-0.057129 -0.996826 0.009033 -7.747209 -26.291710 2.318063 111626736266.000000
-0.057617 -0.996338 0.002930 -7.747209 -25.620692 2.318063 111626738065.000000
-0.056641 -0.994873 0.003662 -7.869212 -24.766669 2.440066 111626739862.000000
-0.056152 -0.992676 0.001709 -7.686208 -24.217654 2.501068 111626741660.000000
-0.059814 -0.995117 0.001953 -7.930214 -23.607637 2.745074 111626743462.000000
-0.055420 -0.996094 0.008545 -8.052217 -22.631611 2.928079 111626745265.000000
-0.055664 -0.998535 0.001953 -7.808211 -22.021595 2.928079 111626747071.000000
-0.058350 -1.000000 0.000488 -7.808211 -21.533581 3.233087 111626748880.000000
-0.058350 -0.999023 -0.001221 -7.991216 -20.740560 2.989081 111626750682.000000
-0.060303 -1.000977 -0.002686 -7.747209 -20.252547 3.233087 111626752484.000000
-0.062012 -0.999756 -0.000732 -7.991216 -19.886537 3.355091 111626754287.000000
-0.064209 -0.999512 -0.000732 -8.052217 -19.093516 3.599097 111626756085.000000
-0.062744 -1.000000 -0.004639 -7.625206 -18.727506 3.355091 111626757899.000000
-0.065674 -1.001465 -0.004883 -7.686208 -18.239492 3.599097 111626759697.000000
-0.065186 -0.998779 -0.006592 -7.991216 -17.751479 3.416092 111626761494.000000
-0.065430 -1.001465 -0.003174 -7.747209 -17.263466 3.416092 111626763296.000000
-0.064453 -0.999512 -0.003418 -7.930214 -16.958458 3.599097 111626765098.000000
-0.063721 -1.001465 -0.005127 -7.747209 -16.531446 3.416092 111626766903.000000
-0.066895 -1.000977 -0.008301 -7.808211 -16.287440 3.294089 111626768705.000000
-0.069824 -1.001221 -0.000977 -7.686208 -15.921430 3.172086 111626770507.000000
-0.066895 -1.000732 -0.005615 -7.808211 -15.616422 3.355091 111626772309.000000
-0.067383 -1.001221 -0.003906 -7.503203 -15.433417 3.355091 111626774111.000000
-0.067871 -0.998047 -0.010254 -7.930214 -15.189410 3.355091 111626775916.000000
-0.067139 -0.999023 -0.009277 -7.747209 -14.884402 3.355091 111626777722.000000
-0.064941 -1.001221 -0.009033 -7.808211 -14.640395 3.355091 111626779525.000000
-0.068848 -1.001221 -0.008301 -7.686208 -14.335387 3.355091 111626781328.000000
-0.069580 -0.999268 -0.009033 -7.808211 -14.213384 2.928079 111626783129.000000
-0.065186 -0.996094 -0.005371 -7.686208 -13.908376 3.111084 111626784931.000000
-0.068115 -0.993896 -0.010010 -7.686208 -13.664369 3.172086 111626786737.000000
-0.064453 -0.996338 -0.012207 -7.625206 -13.603367 2.867077 111626788540.000000
-0.063965 -1.000488 -0.011719 -7.564204 -13.237357 2.623071 111626790342.000000
-0.066650 -0.999756 -0.009033 -7.747209 -12.932349 2.745074 111626792144.000000
-0.064209 -0.997314 -0.014893 -7.686208 -13.115354 2.745074 111626793947.000000
-0.068115 -0.994141 -0.015137 -7.808211 -13.054352 2.806076 111626795748.000000
-0.065430 -0.994873 -0.002686 -7.930214 -12.688343 2.379064 111626797550.000000
-0.066406 -0.992676 -0.015869 -7.625206 -12.566339 2.501068 111626799352.000000
-0.066162 -0.994873 -0.013672 -7.686208 -12.505338 2.379064 111626801154.000000
-0.064697 -0.993652 -0.010986 -7.686208 -12.627341 2.196059 111626802955.000000
-0.064209 -0.991211 -0.017334 -8.052217 -12.444336 2.379064 111626804757.000000
-0.065430 -0.991699 -0.019531 -7.747209 -12.017324 2.196059 111626806564.000000
-0.062500 -0.987549 -0.021484 -7.564204 -11.712316 2.257061 111626808366.000000
-0.062744 -0.987305 -0.015381 -7.747209 -11.468310 1.830049 111626810167.000000
-0.062012 -0.988770 -0.011963 -7.808211 -11.285305 1.952053 111626811968.000000
-0.064941 -0.988525 -0.017822 -7.808211 -11.102300 1.769048 111626813779.000000
-0.061523 -0.987305 -0.005127 -7.869212 -10.919295 1.891051 111626815583.000000
-0.064697 -0.981934 -0.017090 -8.235222 -10.858293 1.830049 111626817388.000000
-0.062256 -0.980225 -0.016113 -7.991216 -10.492283 1.464040 111626819189.000000
-0.063477 -0.980957 -0.012695 -8.113219 -10.187275 1.403038 111626820993.000000
-0.064209 -0.982666 -0.012939 -7.869212 -9.882267 1.281035 111626822794.000000
-0.066406 -0.979248 -0.011230 -8.113219 -9.516257 1.403038 111626824597.000000
-0.066162 -0.977783 -0.013428 -8.052217 -9.455255 1.281035 111626826399.000000
-0.064941 -0.976318 -0.009277 -8.235222 -8.845239 1.159031 111626828203.000000
-0.065918 -0.979736 -0.015137 -8.113219 -8.479229 1.342036 111626830004.000000
-0.064453 -0.977051 -0.019287 -8.357226 -8.357226 1.342036 111626831806.000000
-0.063477 -0.981201 -0.016357 -8.418227 -8.174221 1.037028 111626833611.000000
-0.065430 -0.972900 -0.009521 -8.174221 -7.686208 1.281035 111626835410.000000
-0.067871 -0.973389 -0.013428 -8.235222 -7.259196 1.220033 111626837217.000000
-0.063965 -0.976318 -0.018555 -8.235222 -7.076191 1.220033 111626839019.000000
-0.072998 -0.969971 -0.012207 -8.235222 -7.076191 1.220033 111626840820.000000
-0.067139 -0.971680 -0.019043 -8.418227 -6.527176 0.976026 111626842622.000000
-0.070313 -0.972168 -0.015381 -8.540231 -6.405173 0.976026 111626844425.000000
-0.070068 -0.975098 -0.020752 -8.845239 -5.978161 1.037028 111626846227.000000
-0.070557 -0.972656 -0.019775 -8.662234 -5.856158 0.793021 111626848029.000000
-0.073975 -0.968750 -0.015381 -8.784237 -5.551150 0.732020 111626849830.000000
-0.073242 -0.967773 -0.021240 -8.784237 -5.063137 1.037028 111626851631.000000
-0.072754 -0.965088 -0.025146 -9.028244 -4.819130 0.854023 111626853437.000000
-0.070801 -0.968750 -0.014648 -9.089245 -4.636125 0.793021 111626855236.000000
-0.070068 -0.968262 -0.015625 -9.150247 -4.392119 0.854023 111626857038.000000
-0.078369 -0.968506 -0.019287 -9.028244 -4.331117 0.610016 111626858843.000000
-0.079346 -0.970215 -0.012451 -9.150247 -4.148112 0.427012 111626860644.000000
-0.078369 -0.967773 -0.010742 -8.845239 -4.087110 0.305008 111626862445.000000
-0.084717 -0.970703 -0.015869 -8.784237 -4.087110 0.488013 111626864249.000000
-0.084961 -0.970947 -0.016846 -8.662234 -3.843104 0.427012 111626866050.000000
-0.084717 -0.970459 -0.010986 -8.906240 -3.782102 0.183005 111626867851.000000
-0.087402 -0.973877 -0.004639 -8.784237 -4.026109 -0.061002 111626869657.000000
-0.085693 -0.972900 -0.013184 -8.906240 -4.148112 0.244007 111626871457.000000
-0.087158 -0.975098 -0.007813 -8.845239 -3.965107 0.000000 111626873262.000000
-0.086426 -0.976807 -0.004639 -8.784237 -4.209114 -0.244007 111626875061.000000
-0.089111 -0.979492 -0.002686 -8.601232 -4.392119 -0.244007 111626876870.000000
-0.089111 -0.977295 0.000000 -8.601232 -4.453120 -0.671018 111626878672.000000
-0.090820 -0.972900 -0.005859 -8.479229 -4.880132 -0.488013 111626880477.000000
-0.093994 -0.978271 -0.006836 -8.418227 -4.453120 -0.793021 111626882279.000000
-0.094482 -0.980225 -0.004883 -8.784237 -4.819130 -0.915025 111626884083.000000
-0.092285 -0.982178 -0.006836 -8.418227 -5.002135 -0.793021 111626885889.000000
-0.091309 -0.982910 -0.011963 -8.540231 -5.063137 -0.671018 111626887686.000000
-0.093018 -0.980225 -0.011963 -8.723236 -5.002135 -0.793021 111626889484.000000
-0.094238 -0.980225 -0.004150 -8.723236 -4.941133 -1.098030 111626891282.000000
-0.092773 -0.980469 -0.007324 -8.540231 -4.880132 -1.098030 111626893080.000000
-0.097412 -0.983398 -0.010498 -8.174221 -5.063137 -1.098030 111626894885.000000
-0.098145 -0.981934 -0.007080 -8.357226 -4.758128 -1.098030 111626896694.000000
-0.097412 -0.983887 -0.009277 -8.723236 -4.758128 -1.037028 111626898500.000000
-0.093994 -0.983887 -0.007813 -8.540231 -4.636125 -1.037028 111626900310.000000
-0.092285 -0.982666 -0.005127 -8.662234 -4.148112 -1.342036 111626902113.000000
-0.091553 -0.987793 -0.002930 -8.357226 -4.270115 -1.342036 111626903916.000000
-0.096191 -0.988037 0.001709 -8.601232 -4.087110 -1.464040 111626905718.000000
-0.093506 -0.987061 -0.005615 -8.113219 -3.904105 -1.342036 111626907520.000000
-0.094238 -0.990723 -0.004395 -8.601232 -3.538096 -1.220033 111626909322.000000
-0.094971 -0.990234 -0.003418 -8.357226 -3.721100 -1.464040 111626911124.000000
-0.101074 -0.988770 -0.005615 -8.357226 -3.477094 -1.586043 111626912932.000000
-0.099854 -0.991943 -0.004883 -8.357226 -3.233087 -1.403038 111626914735.000000
-0.100342 -0.990967 -0.002930 -8.174221 -2.928079 -1.342036 111626916536.000000
-0.101563 -0.996094 0.002930 -8.052217 -2.867077 -1.586043 111626918338.000000
-0.104492 -0.996826 0.002197 -8.174221 -2.562069 -1.525041 111626920139.000000
-0.106445 -0.997070 0.002197 -7.930214 -2.562069 -1.586043 111626921941.000000
-0.105225 -0.997070 0.001465 -7.503203 -2.440066 -1.464040 111626923743.000000
-0.108643 -0.996094 0.003174 -7.869212 -2.318063 -1.464040 111626925546.000000
-0.110107 -1.000488 -0.001953 -7.930214 -2.074056 -1.342036 111626927352.000000
-0.111084 -1.000732 -0.001221 -7.869212 -2.013054 -1.281035 111626929153.000000
-0.109131 -0.996094 -0.000488 -7.747209 -1.830049 -1.403038 111626930953.000000
-0.107178 -0.999023 0.008301 -7.442201 -1.403038 -1.281035 111626932754.000000
-0.107178 -0.996582 0.006592 -7.503203 -1.525041 -1.281035 111626934566.000000
-0.108154 -0.996582 0.006104 -7.442201 -1.159031 -1.220033 111626936373.000000
-0.108643 -0.999756 0.010254 -7.381199 -1.037028 -1.037028 111626938174.000000
-0.107910 -0.994873 0.009033 -7.137193 -0.610016 -1.281035 111626939976.000000
-0.111816 -0.997803 0.012207 -7.076191 -0.610016 -1.281035 111626941785.000000
-0.112793 -0.992432 0.007813 -7.137193 -0.183005 -1.220033 111626943590.000000
-0.113281 -0.994873 0.004883 -6.893186 -0.061002 -0.793021 111626945389.000000
-0.111572 -0.994873 0.008789 -6.893186 0.427012 -0.915025 111626947190.000000
-0.108643 -0.998291 0.011963 -6.832184 0.732020 -0.793021 111626948992.000000
-0.114502 -0.995605 0.011475 -6.771183 1.159031 -0.549015 111626950793.000000
-0.112793 -0.998779 0.009766 -7.015189 1.037028 -0.671018 111626952594.000000
-0.113525 -0.996826 0.012451 -6.405173 1.403038 -0.854023 111626954403.000000
-0.114258 -0.998779 0.014160 -6.466175 1.769048 -0.549015 111626956208.000000
-0.115234 -1.002197 0.015625 -6.405173 2.013054 -0.427012 111626958010.000000
-0.113525 -0.998535 0.017822 -6.161166 2.379064 -0.305008 111626959811.000000
-0.117432 -0.999512 0.013672 -6.344171 2.135058 -0.244007 111626961613.000000
-0.115479 -1.002930 0.019287 -5.978161 2.196059 0.061002 111626963418.000000
-0.115967 -1.002441 0.016113 -6.222168 2.623071 0.000000 111626965218.000000
-0.116211 -1.000732 0.017334 -6.039163 2.989081 0.061002 111626967020.000000
