0.023682 -1.014648 -0.004639 -0.366010 0.549015 0.366010 110923756079.000000
0.024414 -1.019531 -0.009766 -0.671018 0.427012 -0.061002 110923758998.000000
0.027588 -1.015625 -0.008789 -0.427012 0.305008 0.183005 110923761918.000000
0.026367 -1.017090 -0.009277 -0.427012 0.366010 0.366010 110923764836.000000
0.024658 -1.010986 -0.009277 -0.610016 0.183005 0.305008 110923767755.000000
0.025391 -1.015869 -0.004395 -0.671018 -0.183005 0.427012 110923770672.000000
0.029541 -1.017090 -0.008545 -0.732020 -0.366010 0.427012 110923773597.000000
0.024902 -1.016357 -0.009277 -0.854023 -0.366010 0.366010 110923776515.000000
0.028564 -1.013672 -0.014893 -0.976026 -0.549015 0.122003 110923779432.000000
0.028564 -1.014648 -0.013916 -1.098030 -0.732020 0.427012 110923782356.000000
0.028320 -1.015137 -0.012451 -1.098030 -0.732020 0.488013 110923785276.000000
0.028320 -1.015381 -0.007080 -0.976026 -0.915025 0.305008 110923788193.000000
0.023926 -1.016113 -0.008057 -0.793021 -1.342036 0.366010 110923791123.000000
0.024170 -1.019287 -0.013672 -1.037028 -1.281035 0.183005 110923794083.000000
0.027100 -1.019043 -0.012207 -1.159031 -1.464040 0.183005 110923797003.000000
0.024414 -1.017334 -0.008301 -1.159031 -1.647044 0.122003 110923799921.000000
0.023193 -1.016846 -0.010010 -1.586043 -1.769048 0.305008 110923802849.000000
0.022217 -1.009277 -0.002686 -1.769048 -1.525041 0.061002 110923805767.000000
0.023438 -1.014893 -0.002686 -2.257061 -1.830049 0.000000 110923808684.000000
0.020264 -1.011230 -0.001465 -2.623071 -2.013054 -0.061002 110923811609.000000
0.021973 -1.005371 -0.004883 -2.806076 -1.891051 0.244007 110923814530.000000
0.021484 -1.009521 -0.001221 -2.989081 -1.708046 0.366010 110923817447.000000
0.022705 -1.007813 0.007080 -3.050082 -1.830049 0.183005 110923820365.000000
0.023438 -1.009766 -0.004639 -3.050082 -1.830049 0.122003 110923823292.000000
0.019531 -1.014893 -0.000977 -2.684072 -1.647044 0.305008 110923826216.000000
0.023682 -1.011475 -0.012207 -2.501068 -1.647044 0.244007 110923829133.000000
0.027100 -1.015869 -0.008301 -2.013054 -1.830049 0.427012 110923832054.000000
0.029541 -1.015869 -0.010742 -1.403038 -1.708046 0.305008 110923834973.000000
0.027100 -1.016357 -0.007813 -1.220033 -2.135058 0.366010 110923837890.000000
0.023926 -1.014893 -0.016113 -0.854023 -2.013054 0.549015 110923840807.000000
0.023193 -1.025635 -0.018799 -0.488013 -2.135058 0.427012 110923843729.000000
0.023438 -1.020996 -0.014160 -0.183005 -2.196059 0.244007 110923846647.000000
0.026367 -1.018311 -0.006592 -0.549015 -2.379064 0.305008 110923849564.000000
0.025635 -1.017578 -0.009033 -0.488013 -2.196059 0.305008 110923852492.000000
0.025879 -1.020752 -0.014404 -0.610016 -2.440066 0.122003 110923855417.000000
0.024170 -1.020752 -0.007813 -1.037028 -2.196059 0.610016 110923858342.000000
0.024414 -1.017334 -0.014404 -1.281035 -2.135058 0.610016 110923861263.000000
0.028564 -1.014648 -0.010254 -1.647044 -2.074056 0.549015 110923864181.000000
0.023682 -1.020508 -0.002930 -2.013054 -1.769048 0.793021 110923867099.000000
0.022217 -1.013672 -0.008057 -2.318063 -1.708046 0.549015 110923870016.000000
0.022949 -1.019287 -0.013916 -2.135058 -1.403038 0.549015 110923872936.000000
0.026367 -1.016602 -0.009766 -2.501068 -1.586043 0.549015 110923875855.000000
0.025879 -1.016357 -0.009277 -2.257061 -1.342036 0.366010 110923878773.000000
0.025391 -1.014160 -0.012451 -1.647044 -1.525041 0.793021 110923881699.000000
0.022949 -1.020996 -0.006104 -1.281035 -1.464040 0.671018 110923884628.000000
0.024170 -1.020020 -0.002441 -1.464040 -1.891051 0.793021 110923887548.000000
0.023193 -1.020996 -0.009521 -1.281035 -1.830049 0.671018 110923890468.000000
0.024902 -1.020508 -0.012207 -1.464040 -1.891051 0.549015 110923893396.000000
0.020508 -1.022461 -0.007080 -1.098030 -2.013054 0.793021 110923896315.000000
0.030029 -1.016846 -0.010986 -0.793021 -2.257061 0.915025 110923899233.000000
0.024170 -1.020020 -0.016602 -0.732020 -2.013054 0.732020 110923902157.000000
0.025146 -1.017578 -0.013916 -0.671018 -2.013054 0.732020 110923905080.000000
0.028320 -1.019287 -0.013428 -0.549015 -2.074056 0.976026 110923907999.000000
0.027344 -1.016357 -0.013916 -0.366010 -2.318063 0.488013 110923910916.000000
0.025146 -1.015625 -0.016357 -0.122003 -2.196059 0.915025 110923913839.000000
0.028320 -1.016846 -0.015625 0.061002 -2.562069 0.732020 110923916754.000000
0.026367 -1.017334 -0.014404 0.122003 -2.379064 0.610016 110923919671.000000
0.023926 -1.014404 -0.016846 -0.061002 -2.257061 0.976026 110923922635.000000
0.028320 -1.017578 -0.011230 0.183005 -2.684072 0.671018 110923925557.000000
0.029297 -1.011475 -0.009033 -0.427012 -2.562069 0.793021 110923928476.000000
0.029297 -1.014160 -0.013428 -0.244007 -2.745074 0.610016 110923931396.000000
0.025635 -1.010254 -0.013184 -0.183005 -2.928079 0.915025 110923934313.000000
0.027588 -1.014160 -0.005127 -0.122003 -2.379064 0.854023 110923937231.000000
0.022217 -1.014893 -0.002930 -0.244007 -2.989081 0.793021 110923940148.000000
0.028564 -1.016357 -0.008545 -0.488013 -2.562069 0.976026 110923943067.000000
0.024902 -1.018555 -0.003662 -0.305008 -2.867077 0.732020 110923945988.000000
0.020752 -1.014893 -0.012695 -0.488013 -2.684072 0.732020 110923948906.000000
0.027344 -1.020264 -0.006104 -0.427012 -2.501068 1.098030 110923951833.000000
0.025635 -1.013672 -0.005615 -0.183005 -2.623071 0.976026 110923954752.000000
0.024170 -1.018066 -0.011963 -0.183005 -2.684072 1.098030 110923957668.000000
0.021973 -1.019775 -0.009521 0.244007 -2.806076 1.159031 110923960585.000000
0.020264 -1.019287 -0.011230 -0.061002 -2.806076 1.220033 110923963507.000000
0.023926 -1.023682 -0.016357 0.488013 -2.501068 1.159031 110923966424.000000
0.027344 -1.023193 -0.015381 0.671018 -2.440066 1.159031 110923969344.000000
0.024414 -1.024170 -0.012939 0.854023 -2.684072 1.220033 110923972266.000000
0.024902 -1.022217 -0.015137 1.037028 -2.379064 1.159031 110923975184.000000
0.024902 -1.023926 -0.024170 1.464040 -2.440066 1.342036 110923978102.000000
0.023193 -1.023926 -0.021484 1.891051 -2.318063 1.342036 110923981018.000000
0.025391 -1.023682 -0.019287 2.074056 -2.135058 1.342036 110923983947.000000
0.020996 -1.026611 -0.026855 2.623071 -2.135058 1.525041 110923986873.000000
0.024902 -1.026611 -0.020752 2.928079 -1.769048 1.525041 110923989797.000000
0.026123 -1.026855 -0.017334 3.538096 -2.074056 1.586043 110923992722.000000
0.029785 -1.031250 -0.029541 3.599097 -1.891051 1.464040 110923995643.000000
0.031006 -1.030029 -0.027832 4.331117 -1.952053 1.769048 110923998563.000000
0.031494 -1.029785 -0.029541 4.819130 -1.769048 1.464040 110924001487.000000
0.032959 -1.033203 -0.032227 5.307143 -1.830049 1.647044 110924004408.000000
0.032959 -1.030273 -0.030029 5.429147 -1.891051 1.525041 110924007326.000000
0.031006 -1.029541 -0.030518 5.978161 -1.708046 1.281035 110924010246.000000
0.034424 -1.028809 -0.032959 6.039163 -1.708046 1.159031 110924013168.000000
0.026611 -1.030029 -0.030518 6.039163 -1.464040 1.281035 110924016088.000000
0.028076 -1.029541 -0.036621 6.527176 -1.586043 1.220033 110924019007.000000
0.028809 -1.027588 -0.033936 6.039163 -1.220033 1.464040 110924021932.000000
0.025879 -1.028076 -0.029297 6.222168 -1.281035 1.220033 110924024855.000000
0.025146 -1.027832 -0.028564 5.856158 -1.159031 1.403038 110924027773.000000
0.027100 -1.029053 -0.026855 5.429147 -1.037028 1.464040 110924030690.000000
0.025391 -1.027100 -0.024658 5.795156 -1.098030 1.647044 110924033612.000000
0.024170 -1.027344 -0.025391 5.307143 -0.976026 1.830049 110924036539.000000
0.027344 -1.033936 -0.019531 5.307143 -0.427012 2.074056 110924039540.000000
0.028320 -1.025879 -0.020996 5.368145 -0.427012 2.196059 110924042465.000000
0.023193 -1.031738 -0.023682 5.368145 -0.915025 2.196059 110924045385.000000
0.026611 -1.037598 -0.020508 5.368145 -1.098030 2.501068 110924048304.000000
0.024658 -1.034912 -0.015381 5.490148 -1.159031 2.745074 110924051224.000000
0.019775 -1.036621 -0.015869 5.307143 -1.708046 2.684072 110924054142.000000
0.027588 -1.036621 -0.017578 5.673153 -2.013054 3.050082 110924057059.000000
0.016113 -1.038330 -0.006592 5.734155 -2.501068 2.806076 110924059981.000000
0.019775 -1.041504 -0.012451 5.795156 -3.233087 3.050082 110924062901.000000
0.016357 -1.041260 -0.004883 6.222168 -3.843104 2.745074 110924065820.000000
0.009766 -1.042236 -0.004883 6.222168 -4.575124 3.050082 110924068739.000000
0.009521 -1.042236 -0.005859 6.466175 -4.880132 2.745074 110924071660.000000
0.005615 -1.041016 -0.008057 6.405173 -5.673153 2.684072 110924074580.000000
0.005371 -1.034668 -0.002930 6.893186 -6.039163 3.050082 110924077498.000000
0.009033 -1.031006 0.002197 6.954188 -6.527176 2.867077 110924080416.000000
0.008301 -1.027832 0.005371 6.954188 -6.893186 2.501068 110924083338.000000
0.004150 -1.019287 -0.001221 6.405173 -7.137193 2.806076 110924086257.000000
0.007324 -1.013428 0.001953 5.795156 -7.503203 3.172086 110924089175.000000
0.006348 -1.008545 0.006104 5.429147 -7.381199 2.745074 110924092100.000000
0.007813 -1.008789 -0.005371 4.636125 -7.564204 2.745074 110924095022.000000
0.012207 -1.009033 -0.002930 3.660099 -7.625206 2.989081 110924097941.000000
0.007813 -1.005371 0.005127 2.623071 -7.747209 3.355091 110924100859.000000
0.009766 -1.003418 0.005371 1.708046 -7.686208 3.294089 110924103787.000000
0.009033 -1.006592 -0.001709 0.854023 -7.564204 3.477094 110924106706.000000
0.010986 -1.002441 -0.006836 -0.122003 -7.564204 3.538096 110924109625.000000
0.010742 -1.007568 -0.003418 -1.037028 -7.320198 3.660099 110924112545.000000
0.013428 -1.010254 -0.006592 -1.891051 -7.503203 4.026109 110924115464.000000
0.017822 -1.007324 -0.005859 -2.135058 -7.503203 4.148112 110924118381.000000
0.015137 -1.011719 -0.004395 -2.013054 -7.320198 3.965107 110924121305.000000
0.014648 -1.020508 -0.000488 -2.196059 -7.503203 4.575124 110924124229.000000
0.019775 -1.020264 -0.001709 -1.708046 -7.198194 4.392119 110924127146.000000
0.017334 -1.026123 0.002441 -1.159031 -7.686208 4.514122 110924130066.000000
0.017090 -1.030518 0.000000 -0.793021 -7.625206 4.697127 110924132988.000000
0.019775 -1.032471 0.003174 -0.122003 -7.808211 4.697127 110924135908.000000
0.013184 -1.035156 -0.006836 0.671018 -7.930214 4.514122 110924138828.000000
0.016113 -1.035400 -0.007568 1.586043 -7.381199 4.148112 110924141777.000000
0.016846 -1.032715 -0.012695 2.196059 -7.808211 4.270115 110924144698.000000
0.018799 -1.032715 -0.005615 2.745074 -7.625206 3.904105 110924147615.000000
0.017822 -1.025635 -0.005127 3.294089 -7.320198 3.965107 110924150534.000000
0.019287 -1.026855 -0.004639 3.843104 -7.381199 3.843104 110924153456.000000
0.023926 -1.023438 0.000977 3.965107 -6.954188 3.965107 110924156376.000000
0.029053 -1.022217 -0.003906 4.453120 -6.954188 3.660099 110924159294.000000
0.026367 -1.026855 -0.001953 4.514122 -6.954188 3.294089 110924162216.000000
0.032715 -1.018799 0.000488 4.270115 -6.771183 3.233087 110924165133.000000
0.032959 -1.013184 0.004150 3.538096 -6.893186 3.599097 110924168051.000000
0.034912 -1.015869 0.000732 2.745074 -6.893186 2.989081 110924170970.000000
0.036377 -1.011230 0.002441 2.745074 -6.649180 3.111084 110924173892.000000
0.037598 -1.013672 0.004150 1.647044 -6.710181 2.989081 110924176810.000000
0.033447 -1.010742 0.000244 1.098030 -6.832184 2.928079 110924179727.000000
0.033203 -1.006592 0.001709 0.000000 -6.893186 2.684072 110924182645.000000
0.032471 -1.011719 0.000732 -0.915025 -7.015189 2.989081 110924185563.000000
0.033936 -1.013916 0.001221 -1.525041 -6.893186 3.050082 110924188480.000000
0.036133 -1.014648 -0.002197 -2.257061 -6.893186 2.989081 110924191401.000000
0.034180 -1.013672 -0.000244 -2.806076 -7.015189 3.050082 110924194322.000000
0.036865 -1.014160 -0.000977 -3.111084 -6.893186 3.477094 110924197240.000000
0.036133 -1.020752 -0.007324 -3.416092 -6.954188 3.111084 110924200157.000000
0.028809 -1.026611 -0.006348 -3.599097 -6.588178 3.416092 110924203077.000000
0.030273 -1.027588 -0.005615 -3.965107 -6.649180 3.538096 110924205996.000000
0.029053 -1.031494 -0.010742 -3.904105 -6.161166 3.355091 110924208915.000000
0.025146 -1.039063 -0.009521 -3.660099 -5.917160 3.599097 110924211841.000000
0.027100 -1.041260 -0.005371 -3.782102 -5.673153 3.721100 110924214763.000000
0.024902 -1.045410 -0.006348 -3.233087 -5.246142 3.660099 110924217682.000000
0.027100 -1.044922 -0.006348 -2.684072 -4.880132 3.599097 110924220602.000000
0.018799 -1.049561 -0.006348 -2.013054 -4.819130 3.355091 110924223537.000000
0.016357 -1.046143 -0.008057 -1.403038 -4.148112 3.965107 110924226458.000000
0.019775 -1.049561 -0.002930 -0.061002 -3.721100 3.721100 110924229381.000000
0.013916 -1.041992 0.000244 0.488013 -3.843104 3.843104 110924232303.000000
0.010254 -1.040039 0.002197 1.403038 -3.355091 4.209114 110924235227.000000
0.011719 -1.037109 0.007568 1.891051 -3.233087 4.026109 110924238146.000000
0.010010 -1.035645 0.008057 2.257061 -3.172086 3.843104 110924241092.000000
0.007813 -1.031006 0.011719 2.806076 -2.928079 4.087110 110924244062.000000
0.008057 -1.022949 0.017334 2.928079 -2.745074 3.965107 110924246983.000000
0.004395 -1.014893 0.019775 3.233087 -2.745074 3.904105 110924249901.000000
0.009033 -1.010010 0.026367 3.965107 -2.440066 3.904105 110924252820.000000
0.005859 -1.006592 0.022217 3.355091 -2.623071 3.843104 110924255739.000000
0.007813 -1.002441 0.031250 3.233087 -2.440066 3.843104 110924258656.000000
0.012207 -0.995850 0.028076 2.867077 -2.745074 3.782102 110924261576.000000
0.011719 -0.990723 0.032715 1.769048 -3.050082 3.599097 110924264497.000000
0.011719 -0.981445 0.033936 1.342036 -3.538096 3.660099 110924267413.000000
0.009766 -0.980957 0.033447 -0.122003 -3.721100 3.477094 110924270330.000000
0.010254 -0.974854 0.037109 -1.281035 -4.453120 3.599097 110924273251.000000
0.012451 -0.974365 0.026855 -2.867077 -4.941133 3.538096 110924276169.000000
0.005127 -0.971680 0.035645 -3.843104 -5.795156 3.050082 110924279088.000000
0.003662 -0.973633 0.033447 -4.880132 -6.222168 3.111084 110924282013.000000
0.000977 -0.974365 0.025879 -6.222168 -6.954188 2.623071 110924284931.000000
-0.005859 -0.981934 0.018555 -6.710181 -7.015189 2.135058 110924287852.000000
-0.004883 -0.980713 0.022949 -7.564204 -7.442201 1.952053 110924290771.000000
-0.006104 -0.975586 0.015381 -8.235222 -7.442201 0.976026 110924293699.000000
-0.010498 -0.984375 0.006348 -8.540231 -7.381199 0.549015 110924296618.000000
-0.006836 -0.983887 -0.000977 -8.479229 -7.076191 0.000000 110924299535.000000
-0.014160 -0.992676 -0.008545 -7.991216 -6.649180 -0.976026 110924302459.000000
-0.019775 -0.992432 -0.020996 -7.625206 -6.466175 -1.037028 110924305382.000000
-0.021484 -0.992188 -0.028076 -6.466175 -5.734155 -1.220033 110924308303.000000
-0.032959 -1.002686 -0.040039 -5.856158 -5.551150 -1.220033 110924311228.000000
-0.027344 -0.998535 -0.050293 -5.124138 -5.246142 -1.708046 110924314144.000000
-0.031982 -0.999268 -0.058350 -4.026109 -4.819130 -1.708046 110924317061.000000
-0.038574 -0.998535 -0.067627 -3.782102 -4.575124 -1.891051 110924319979.000000
-0.035156 -0.998535 -0.070068 -3.050082 -4.758128 -1.891051 110924322905.000000
-0.034424 -0.994629 -0.070313 -2.867077 -4.453120 -1.830049 110924325823.000000
-0.033447 -0.991943 -0.071777 -3.477094 -4.453120 -1.647044 110924328748.000000
-0.032715 -0.984131 -0.072754 -3.172086 -4.026109 -1.525041 110924331674.000000
-0.025391 -0.986084 -0.066406 -3.721100 -4.148112 -1.220033 110924334604.000000
-0.020996 -0.977783 -0.060303 -4.209114 -4.148112 -1.281035 110924337521.000000
-0.021973 -0.973389 -0.046143 -4.819130 -4.209114 -0.915025 110924340445.000000
-0.020020 -0.969238 -0.036377 -5.124138 -4.270115 -0.671018 110924343367.000000
-0.017578 -0.969727 -0.035645 -5.551150 -4.087110 -0.488013 110924346285.000000
-0.019043 -0.967773 -0.026123 -6.527176 -4.697127 -0.488013 110924349203.000000
-0.020264 -0.970215 -0.028076 -7.137193 -5.124138 -0.183005 110924352131.000000
-0.015381 -0.968506 -0.017090 -8.174221 -5.429147 -0.244007 110924355053.000000
-0.019043 -0.971436 -0.017334 -9.211249 -6.344171 0.122003 110924357973.000000
-0.009521 -0.965332 -0.018311 -10.370280 -6.649180 0.061002 110924360892.000000
-0.019531 -0.964600 -0.024414 -11.468310 -7.564204 0.000000 110924363813.000000
-0.020020 -0.962158 -0.020752 -12.810346 -8.540231 -0.061002 110924366731.000000
-0.019287 -0.959229 -0.012695 -13.725371 -9.516257 -0.793021 110924369649.000000
-0.027100 -0.960449 -0.020996 -14.945404 -10.126273 -0.915025 110924372588.000000
-0.031494 -0.972168 -0.021240 -15.494418 -11.041298 -1.220033 110924375526.000000
-0.034424 -0.971924 -0.020264 -16.409443 -11.651315 -1.708046 110924378465.000000
-0.028564 -0.980225 -0.025879 -16.775453 -11.895321 -2.562069 110924381386.000000
-0.029785 -0.987305 -0.037354 -17.568474 -12.688343 -3.355091 110924384307.000000
-0.037354 -0.989014 -0.036377 -17.507473 -12.810346 -3.660099 110924387224.000000
-0.037598 -0.995850 -0.042725 -17.629476 -12.932349 -4.026109 110924391368.000000
-0.038086 -1.004883 -0.046631 -17.507473 -11.956323 -4.697127 110924394361.000000
-0.039795 -0.995850 -0.052002 -17.568474 -11.224303 -4.636125 110924397289.000000
-0.037842 -1.000244 -0.054688 -17.141463 -10.492283 -4.453120 110924400206.000000
-0.031982 -1.005371 -0.062256 -16.592448 -9.333252 -4.331117 110924403138.000000
-0.028809 -1.008301 -0.055176 -16.104435 -8.235222 -4.148112 110924406054.000000
-0.016113 -1.009521 -0.069580 -15.616422 -7.015189 -4.270115 110924408970.000000
-0.012207 -1.009521 -0.061768 -14.884402 -6.222168 -3.721100 110924411894.000000
-0.003906 -1.008789 -0.060791 -13.969377 -4.880132 -3.355091 110924414814.000000
0.002197 -1.019287 -0.057129 -12.871348 -3.965107 -3.233087 110924417731.000000
0.010742 -1.010986 -0.047119 -11.773318 -2.989081 -3.111084 110924420649.000000
0.012695 -1.016357 -0.050537 -11.041298 -2.196059 -2.684072 110924423578.000000
0.011719 -1.015381 -0.043701 -9.577259 -1.464040 -2.501068 110924426508.000000
0.019531 -1.015869 -0.035889 -8.784237 -1.220033 -2.379064 110924429423.000000
0.021484 -1.018066 -0.021484 -7.320198 0.122003 -2.318063 110924432342.000000
0.024170 -1.016602 -0.024170 -6.466175 0.244007 -2.318063 110924435274.000000
0.027100 -1.014893 -0.005859 -5.734155 0.854023 -2.257061 110924438191.000000
0.032715 -1.019531 -0.004395 -5.307143 0.976026 -2.196059 110924441107.000000
0.033691 -1.017822 -0.003174 -4.514122 1.159031 -1.830049 110924444103.000000
0.034912 -1.016113 0.007324 -4.148112 1.159031 -1.769048 110924447022.000000
0.037354 -1.017090 0.020752 -3.843104 1.220033 -1.830049 110924449940.000000
0.037109 -1.023682 0.018311 -3.599097 0.976026 -1.647044 110924452859.000000
0.038330 -1.024902 0.027588 -3.599097 1.403038 -1.769048 110924455777.000000
0.034424 -1.024414 0.032715 -3.050082 1.403038 -2.013054 110924458693.000000
0.035400 -1.029541 0.035645 -3.355091 0.976026 -1.891051 110924461610.000000
0.035400 -1.037354 0.038574 -3.294089 1.037028 -2.013054 110924464525.000000
0.035645 -1.038086 0.042480 -3.111084 1.098030 -2.013054 110924467441.000000
0.031006 -1.041504 0.043213 -2.989081 1.403038 -1.830049 110924470357.000000
0.027832 -1.043701 0.048340 -2.928079 1.464040 -2.013054 110924473275.000000
0.023926 -1.052002 0.053711 -3.355091 1.830049 -2.196059 110924476191.000000
0.022461 -1.052246 0.052490 -2.806076 1.891051 -2.135058 110924479105.000000
0.019043 -1.059814 0.050293 -3.050082 2.318063 -1.952053 110924482033.000000
0.013428 -1.064941 0.048340 -3.172086 2.928079 -1.952053 110924484948.000000
0.010498 -1.065674 0.045898 -3.355091 3.721100 -2.135058 110924487866.000000
0.007568 -1.067871 0.041016 -3.843104 4.636125 -2.013054 110924490783.000000
-0.000977 -1.070801 0.040771 -3.904105 5.612152 -1.525041 110924493711.000000
-0.005859 -1.067139 0.032715 -4.270115 6.771183 -1.769048 110924496629.000000
-0.004395 -1.065430 0.028809 -4.514122 8.662234 -1.220033 110924499545.000000
-0.002197 -1.065430 0.035645 -4.819130 9.882267 -1.281035 110924502469.000000
-0.005859 -1.061523 0.028076 -4.575124 11.163301 -1.159031 110924505388.000000
0.000244 -1.053223 0.026367 -4.270115 12.322333 -1.037028 110924508305.000000
0.000977 -1.054688 0.027100 -3.721100 13.237357 -0.732020 110924511222.000000
0.007324 -1.049072 0.010742 -3.294089 13.481364 -0.610016 110924514140.000000
0.005615 -1.050781 0.014893 -2.379064 13.481364 -0.427012 110924517055.000000
0.010742 -1.040527 0.014160 -1.769048 12.932349 -0.183005 110924519972.000000
0.012695 -1.041260 0.012207 -0.793021 12.932349 -0.244007 110924522901.000000
0.010254 -1.042725 0.001465 -0.488013 12.139328 0.061002 110924525819.000000
0.005859 -1.034424 0.000000 -0.427012 11.285305 -0.122003 110924528748.000000
0.002441 -1.031250 -0.002441 -0.305008 10.492283 0.244007 110924531672.000000
-0.002441 -1.027100 -0.003662 -0.366010 9.394254 0.061002 110924534592.000000
-0.007324 -1.014648 -0.004639 -0.732020 8.418227 0.244007 110924537511.000000
-0.015137 -1.009766 -0.004883 -1.037028 7.808211 0.305008 110924540426.000000
-0.025879 -1.012695 -0.008301 -1.159031 6.893186 0.549015 110924543371.000000
-0.033447 -1.005371 -0.009277 -2.013054 6.100165 0.366010 110924546302.000000
-0.033203 -1.002686 -0.004883 -2.135058 5.612152 0.305008 110924549217.000000
-0.038086 -1.006836 -0.006104 -2.440066 5.124138 0.183005 110924552137.000000
-0.045410 -1.010498 0.006836 -2.684072 4.697127 -0.061002 110924555055.000000
-0.052979 -1.017334 0.003174 -2.928079 4.270115 -0.244007 110924557970.000000
-0.052002 -1.013184 0.003418 -2.745074 3.538096 0.000000 110924560899.000000
-0.057129 -1.014648 0.006104 -2.318063 3.843104 0.000000 110924563820.000000
-0.055908 -1.015869 0.013672 -2.013054 3.782102 0.244007 110924566737.000000
-0.050293 -1.016846 0.011963 -1.586043 3.660099 0.549015 110924569652.000000
-0.050781 -1.024902 0.002930 -0.793021 4.087110 0.488013 110924572570.000000
-0.043213 -1.023193 0.007568 -0.488013 4.819130 0.793021 110924575497.000000
-0.041992 -1.025391 0.009521 0.122003 5.063137 1.037028 110924578426.000000
-0.040039 -1.025391 0.008057 0.854023 5.551150 1.098030 110924581345.000000
-0.028564 -1.025391 0.008789 1.586043 5.978161 1.159031 110924584263.000000
-0.033936 -1.024658 0.004150 1.708046 6.344171 1.220033 110924587179.000000
-0.025879 -1.025879 0.000244 2.196059 6.405173 1.708046 110924590093.000000
-0.021484 -1.027588 -0.008057 2.135058 7.076191 1.769048 110924593025.000000
-0.015137 -1.015137 -0.007568 1.891051 7.015189 1.769048 110924595943.000000
-0.018311 -1.025146 -0.013916 2.013054 7.015189 1.464040 110924598859.000000
-0.020020 -1.017334 -0.011963 1.830049 7.259196 1.647044 110924601782.000000
-0.018799 -1.018555 -0.010498 1.769048 7.076191 2.013054 110924604703.000000
-0.018066 -1.013184 -0.014160 1.769048 6.832184 1.830049 110924607628.000000
-0.014648 -1.009277 -0.009766 1.647044 6.100165 1.525041 110924610543.000000
-0.018799 -1.001709 -0.020752 1.403038 6.222168 1.403038 110924613469.000000
-0.012207 -0.993652 -0.020996 1.281035 5.673153 1.342036 110924616385.000000
-0.013672 -0.994385 -0.018066 0.549015 4.270115 1.281035 110924619300.000000
-0.010742 -0.989990 -0.020508 0.427012 4.392119 1.342036 110924622224.000000
-0.014404 -0.983887 -0.030029 0.061002 3.660099 1.037028 110924625145.000000
-0.014893 -0.987305 -0.017578 -0.366010 2.562069 1.403038 110924628064.000000
-0.014404 -0.990967 -0.011230 0.122003 1.891051 0.976026 110924630980.000000
-0.016113 -0.988525 -0.020020 -0.793021 0.732020 0.549015 110924633900.000000
-0.019043 -1.000488 -0.014893 -0.427012 0.183005 0.366010 110924636817.000000
-0.020508 -1.006836 -0.005615 -0.427012 -0.244007 0.610016 110924639733.000000
-0.027588 -1.009033 -0.006348 -0.183005 -0.488013 0.488013 110924642651.000000
-0.020752 -1.017822 -0.007324 0.061002 -1.159031 0.488013 110924645594.000000
-0.024902 -1.024414 -0.001221 0.061002 -0.915025 0.183005 110924648512.000000
-0.018799 -1.029541 0.004395 0.610016 -0.732020 0.061002 110924651432.000000
-0.014160 -1.028564 0.008545 1.037028 -0.732020 0.000000 110924654348.000000
-0.013184 -1.035156 0.009277 1.647044 0.061002 -0.061002 110924657264.000000
-0.010498 -1.038086 0.010010 2.501068 0.427012 -0.122003 110924660181.000000
-0.006104 -1.036621 0.008301 2.806076 0.366010 0.244007 110924663099.000000
-0.011963 -1.031250 0.012695 2.806076 0.976026 0.000000 110924666017.000000
-0.013672 -1.033203 0.009277 2.989081 1.342036 0.305008 110924668932.000000
-0.012695 -1.030518 0.010010 2.562069 1.403038 0.244007 110924671850.000000
-0.018066 -1.024170 -0.001221 2.257061 2.257061 0.427012 110924674767.000000
-0.020264 -1.021240 -0.001221 1.952053 2.379064 0.549015 110924677682.000000
-0.020508 -1.022217 -0.005127 1.708046 2.623071 0.610016 110924680598.000000
-0.022705 -1.015381 -0.015625 0.976026 2.562069 0.549015 110924683516.000000
-0.029053 -1.013428 -0.009766 0.488013 2.196059 0.671018 110924686431.000000
-0.025879 -1.010742 -0.009033 0.183005 2.257061 0.610016 110924689346.000000
-0.024658 -1.007813 -0.016602 -0.183005 2.013054 0.854023 110924692268.000000
-0.031494 -1.004395 -0.018066 -0.183005 1.952053 0.854023 110924695188.000000
-0.030518 -1.005859 -0.018799 -0.061002 1.891051 0.488013 110924698106.000000
-0.023926 -1.001465 -0.014893 -0.244007 1.708046 0.488013 110924701023.000000
-0.017578 -1.006836 -0.018311 -0.183005 1.525041 0.427012 110924703949.000000
-0.013672 -1.008545 -0.019043 0.183005 1.464040 0.000000 110924706866.000000
-0.008545 -1.008301 -0.003906 0.366010 1.342036 -0.244007 110924709782.000000
-0.005371 -1.012207 -0.013916 0.793021 1.464040 -0.671018 110924712709.000000
0.000000 -1.012939 -0.005371 1.037028 1.586043 -0.671018 110924715625.000000
0.005127 -1.011963 -0.010498 1.037028 1.708046 -1.037028 110924718541.000000
0.016113 -1.024902 -0.004395 1.525041 2.623071 -1.159031 110924726187.000000
0.021973 -1.027588 -0.007568 1.952053 2.867077 -1.403038 110924729319.000000
0.020508 -1.023682 -0.000732 1.891051 3.416092 -1.647044 110924732250.000000
0.022217 -1.028076 0.001221 2.379064 4.209114 -1.220033 110924735173.000000
0.024170 -1.025879 -0.007080 2.501068 5.002135 -1.220033 110924738203.000000
0.023926 -1.029053 -0.002441 2.745074 5.124138 -0.915025 110924741255.000000
0.020996 -1.029541 -0.003906 2.684072 5.490148 -0.610016 110924744230.000000
0.019775 -1.029297 -0.001953 2.684072 6.039163 -0.671018 110924747150.000000
0.017090 -1.030518 -0.013184 2.745074 5.978161 -0.305008 110924750062.000000
0.021973 -1.029541 -0.012207 2.440066 5.612152 -0.244007 110924752977.000000
0.018799 -1.029785 -0.018555 2.562069 5.612152 0.000000 110924755893.000000
0.026367 -1.028320 -0.026855 2.379064 5.124138 -0.427012 110924758804.000000
0.031250 -1.026367 -0.025391 2.623071 5.002135 -0.671018 110924761740.000000
0.032471 -1.031006 -0.036133 2.440066 5.002135 -0.366010 110924764655.000000
0.036133 -1.023682 -0.038574 2.623071 4.941133 -0.793021 110924767568.000000
0.033691 -1.022949 -0.046631 2.501068 4.941133 -0.671018 110924770492.000000
0.031494 -1.025635 -0.030518 2.562069 4.880132 -0.915025 110924773403.000000
0.029297 -1.023682 -0.034424 2.501068 4.575124 -0.671018 110924776317.000000
0.028809 -1.027344 -0.033691 2.196059 4.270115 -1.037028 110924779236.000000
0.024170 -1.019043 -0.038818 1.830049 4.331117 -0.976026 110924782156.000000
0.020508 -1.026611 -0.031982 1.769048 3.904105 -1.525041 110924785070.000000
0.015869 -1.023682 -0.025146 2.074056 3.843104 -1.464040 110924787979.000000
0.011719 -1.025146 -0.025391 2.562069 3.416092 -1.891051 110924790888.000000
0.010986 -1.025146 -0.020508 2.623071 2.684072 -2.013054 110924793800.000000
0.008301 -1.028320 -0.015381 3.294089 2.440066 -1.891051 110924796715.000000
0.002686 -1.028076 -0.021240 3.965107 2.379064 -1.525041 110924799625.000000
-0.003174 -1.024902 -0.009277 4.148112 1.281035 -1.159031 110924802539.000000
-0.002197 -1.019775 -0.002441 4.148112 0.488013 -0.976026 110924805451.000000
-0.010498 -1.022705 -0.012939 4.209114 0.183005 -1.159031 110924808361.000000
-0.010742 -1.014404 -0.002930 4.270115 -0.366010 -0.976026 110924811278.000000
-0.015137 -1.020264 0.000732 4.575124 -0.427012 -0.610016 110924814200.000000
-0.022949 -1.019775 0.000732 4.636125 -0.671018 -0.427012 110924817119.000000
-0.025879 -1.023682 0.019287 4.880132 -1.159031 -0.366010 110924820038.000000
-0.027344 -1.023438 0.008301 5.063137 -1.464040 -0.061002 110924822959.000000
-0.039551 -1.023438 0.008545 5.551150 -0.854023 -0.244007 110924825880.000000
-0.041748 -1.027832 0.008057 5.734155 -0.732020 0.061002 110924828799.000000
-0.044678 -1.025391 0.003418 5.917160 -0.793021 0.183005 110924831721.000000
-0.045898 -1.030762 0.016846 6.039163 -0.122003 0.305008 110924834642.000000
-0.049072 -1.031250 0.015381 6.649180 0.244007 0.610016 110924837580.000000
-0.045898 -1.028076 0.014648 7.259196 0.915025 0.305008 110924840499.000000
-0.048584 -1.027832 0.007324 7.503203 0.854023 0.671018 110924843421.000000
-0.039063 -1.027832 0.013428 7.991216 1.281035 0.671018 110924846426.000000
-0.037109 -1.017578 0.007813 8.296224 1.464040 0.854023 110924849407.000000
-0.032715 -1.014648 0.003174 8.601232 1.281035 0.793021 110924852331.000000
-0.027344 -1.013672 0.003662 8.845239 1.037028 0.610016 110924855251.000000
-0.021973 -1.004883 0.001465 9.028244 1.586043 0.976026 110924858172.000000
-0.016846 -1.001709 -0.012939 8.967242 1.586043 0.610016 110924861096.000000
-0.008545 -0.994141 -0.018311 8.845239 1.769048 0.244007 110924864052.000000
-0.003418 -0.995361 -0.000488 8.967242 1.403038 0.122003 110924866978.000000
0.006348 -0.992188 -0.008789 8.784237 0.915025 -0.488013 110924869905.000000
0.020264 -0.987793 -0.007568 8.906240 1.037028 -0.915025 110924872837.000000
0.025635 -0.985840 0.001465 8.967242 1.220033 -1.098030 110924875758.000000
0.022949 -0.989014 -0.003906 8.479229 1.159031 -1.525041 110924878677.000000
0.025146 -0.993896 -0.001221 8.479229 0.305008 -1.647044 110924881600.000000
0.027832 -0.995605 -0.000488 8.479229 0.671018 -1.891051 110924884518.000000
0.022705 -1.007568 -0.000244 7.991216 0.061002 -1.769048 110924887434.000000
0.016602 -1.015625 -0.006592 7.320198 -0.610016 -2.379064 110924890374.000000
0.011475 -1.018066 0.002197 7.320198 -2.013054 -2.806076 110924893293.000000
0.010498 -1.020264 0.003418 6.588178 -1.281035 -2.562069 110924896212.000000
0.001953 -1.029053 0.003662 6.100165 -1.830049 -2.562069 110924899259.000000
0.001221 -1.031006 0.008057 6.039163 -1.769048 -2.440066 110924902368.000000
-0.002441 -1.029785 0.008057 6.344171 -1.037028 -2.562069 110924905447.000000
-0.002197 -1.045898 0.000488 6.161166 -1.098030 -2.074056 110924908477.000000
-0.002686 -1.043701 -0.005615 6.466175 -0.061002 -1.769048 110924911420.000000
-0.006348 -1.049805 0.001709 6.527176 0.305008 -1.891051 110924914366.000000
-0.007324 -1.045410 0.000000 6.588178 0.427012 -1.647044 110924917283.000000
-0.010254 -1.047607 -0.006348 7.320198 0.915025 -1.403038 110924920201.000000
-0.008057 -1.043213 -0.008301 7.076191 0.976026 -1.037028 110924923119.000000
-0.008545 -1.043213 -0.011719 7.564204 1.098030 -1.037028 110924926034.000000
-0.006104 -1.032227 -0.014160 7.442201 1.647044 -0.854023 110924928954.000000
-0.008057 -1.026855 -0.028076 7.320198 1.769048 -0.305008 110924931874.000000
-0.010498 -1.022949 -0.026123 6.832184 2.074056 0.244007 110924934791.000000
-0.009277 -1.020752 -0.028320 6.161166 1.891051 0.488013 110924937709.000000
-0.007568 -1.010498 -0.028320 6.405173 2.196059 0.793021 110924940624.000000
-0.002686 -1.011475 -0.033691 5.917160 1.769048 0.915025 110924943543.000000
-0.007813 -1.001221 -0.023193 5.856158 1.098030 0.854023 110924946473.000000
-0.005615 -0.995850 -0.017578 5.734155 0.549015 0.976026 110924949389.000000
-0.007568 -0.994629 -0.017090 5.978161 0.122003 0.915025 110924952312.000000
-0.008789 -0.990967 -0.011230 5.917160 -0.549015 0.610016 110924955228.000000
-0.011230 -0.983154 0.003174 5.673153 -1.281035 0.244007 110924958144.000000
-0.015625 -0.985596 0.001709 5.673153 -0.976026 0.183005 110924961070.000000
-0.018066 -0.981934 0.007080 5.490148 -0.488013 0.122003 110924964029.000000
-0.016846 -0.974121 0.015381 5.185140 -0.183005 -0.122003 110924966946.000000
-0.018066 -0.979248 0.016357 5.002135 0.366010 -0.366010 110924969864.000000
-0.013428 -0.984863 0.029785 4.758128 0.244007 -1.220033 110924972791.000000
-0.008057 -0.982422 0.028076 4.697127 1.037028 -1.220033 110924975708.000000
-0.012695 -0.992676 0.025146 4.209114 1.159031 -1.525041 110924978625.000000
-0.003906 -0.987793 0.027344 4.026109 1.708046 -1.708046 110924981550.000000
-0.003174 -1.002930 0.018311 3.660099 2.196059 -2.135058 110924984468.000000
-0.000488 -1.004395 0.016846 3.294089 2.623071 -2.318063 110924987384.000000
0.009033 -1.007568 0.018799 3.172086 3.599097 -1.525041 110924990301.000000
0.010254 -1.010742 0.009033 2.867077 5.307143 -2.013054 110924993219.000000
0.012207 -1.007813 0.006104 1.830049 6.222168 -1.220033 110924996137.000000
0.013428 -1.011475 0.007813 1.342036 7.259196 -1.037028 110924999054.000000
0.016113 -1.013428 -0.009277 0.610016 8.052217 -0.427012 110925001974.000000
0.018066 -1.019043 -0.007813 -0.061002 9.028244 -0.183005 110925004892.000000
0.015381 -1.014893 -0.004150 -0.793021 9.516257 0.183005 110925007808.000000
0.015869 -1.010986 0.000244 -1.403038 9.333252 0.610016 110925010726.000000
0.015137 -1.017090 -0.016113 -1.159031 10.980296 0.976026 110925013645.000000
0.016113 -1.023926 -0.012451 -1.098030 11.529311 1.220033 110925016561.000000
0.015869 -1.020752 -0.018555 -0.671018 11.590313 1.586043 110925019478.000000
0.010254 -1.022705 -0.013428 0.122003 11.712316 1.586043 110925022403.000000
0.016846 -1.025879 -0.016602 0.488013 11.773318 1.952053 110925025322.000000
0.011475 -1.020020 -0.019775 1.403038 11.712316 2.257061 110925028246.000000
0.011963 -1.017578 -0.014893 2.074056 11.895321 2.440066 110925031165.000000
0.003662 -1.017090 -0.020508 2.440066 11.834320 2.379064 110925034126.000000
0.005371 -1.012451 -0.016602 2.440066 11.529311 2.562069 110925037043.000000
-0.000244 -1.009277 -0.013916 2.684072 11.834320 2.135058 110925039960.000000
-0.005859 -1.008789 -0.003174 2.867077 11.590313 2.379064 110925042882.000000
-0.010742 -1.010742 -0.006104 3.050082 11.102300 2.562069 110925045798.000000
-0.016846 -1.007813 0.002197 2.867077 10.431282 2.074056 110925048715.000000
-0.019775 -1.008057 -0.000732 2.989081 9.943268 2.257061 110925051634.000000
-0.035400 -1.009033 0.006104 3.050082 9.211249 2.135058 110925054544.000000
-0.036133 -1.013672 0.010498 3.050082 8.540231 2.562069 110925057460.000000
-0.037354 -1.018555 0.013184 3.233087 7.686208 2.318063 110925060369.000000
-0.043457 -1.020752 0.011475 2.928079 6.954188 2.501068 110925063287.000000
-0.036133 -1.023193 0.017822 2.623071 6.893186 2.623071 110925066207.000000
-0.031494 -1.018555 0.012939 2.501068 6.222168 2.867077 110925069128.000000
-0.029785 -1.026611 0.020508 2.318063 6.222168 2.867077 110925072056.000000
-0.021240 -1.031006 0.024902 2.440066 6.344171 3.172086 110925074973.000000
-0.021729 -1.027588 0.023682 2.196059 6.588178 3.294089 110925077897.000000
-0.010254 -1.036377 0.025146 2.074056 7.198194 3.416092 110925080814.000000
-0.007813 -1.032471 0.030762 1.891051 7.686208 3.538096 110925083735.000000
0.001953 -1.029053 0.034424 2.013054 8.174221 3.416092 110925086652.000000
0.001709 -1.028076 0.025879 2.257061 8.967242 3.538096 110925089569.000000
0.004395 -1.024658 0.028564 2.440066 9.577259 3.294089 110925092487.000000
-0.002930 -1.025391 0.023682 2.440066 9.821265 3.416092 110925095409.000000
-0.002930 -1.020996 0.021729 2.440066 10.675288 2.989081 110925098340.000000
-0.003906 -1.014160 0.015137 1.891051 10.736290 3.233087 110925101258.000000
-0.010254 -1.013916 0.009766 2.257061 11.102300 2.989081 110925104174.000000
-0.003906 -1.013428 0.007568 2.135058 11.041298 2.806076 110925107094.000000
-0.010010 -1.007080 0.004150 1.464040 11.102300 2.745074 110925110028.000000
-0.002441 -1.010986 0.005127 1.769048 11.346306 2.562069 110925112949.000000
-0.001465 -1.016846 0.008789 1.586043 11.529311 2.074056 110925115872.000000
-0.005127 -1.020996 0.012939 1.647044 11.529311 1.952053 110925118795.000000
-0.001709 -1.024170 0.010498 1.220033 12.078326 1.891051 110925121728.000000
-0.001953 -1.026367 0.012451 1.708046 11.834320 1.403038 110925124650.000000
-0.006104 -1.030518 0.019775 1.647044 11.651315 1.342036 110925127567.000000
-0.002930 -1.024902 0.023193 2.257061 11.773318 1.403038 110925130502.000000
-0.007324 -1.025146 0.025635 2.379064 11.468310 1.037028 110925133437.000000
-0.005859 -1.023438 0.023926 2.684072 11.041298 1.525041 110925136356.000000
-0.010986 -1.017090 0.026855 3.355091 11.102300 1.769048 110925139274.000000
-0.010010 -1.012695 0.017578 3.050082 10.858293 1.830049 110925142198.000000
-0.016113 -1.003906 0.009521 3.416092 10.919295 2.013054 110925145115.000000
-0.013916 -0.997803 0.006348 2.806076 11.102300 2.440066 110925148034.000000
-0.015625 -0.983643 -0.000732 2.379064 11.529311 2.440066 110925150950.000000
-0.015137 -0.970947 -0.004639 1.769048 12.200329 2.257061 110925153870.000000
-0.012939 -0.967285 0.004639 0.671018 12.993351 2.562069 110925156794.000000
-0.016113 -0.961914 0.003662 -0.122003 13.908376 2.318063 110925159710.000000
-0.014160 -0.960205 0.008057 -1.159031 15.006405 1.952053 110925162628.000000
-0.014893 -0.956299 0.009521 -2.379064 15.921430 1.708046 110925165544.000000
-0.007813 -0.966553 0.013916 -3.111084 16.836455 1.281035 110925168465.000000
-0.005127 -0.968750 0.021973 -4.270115 17.385469 1.220033 110925171390.000000
-0.003174 -0.975830 0.030518 -5.124138 17.751479 0.854023 110925174306.000000
-0.001221 -0.989990 0.032471 -4.636125 17.751479 0.610016 110925177229.000000
-0.005859 -1.005859 0.028320 -4.514122 17.568474 0.488013 110925180144.000000
-0.012939 -1.016357 0.034668 -3.660099 16.958458 0.610016 110925183064.000000
-0.008789 -1.029053 0.033936 -2.623071 16.409443 0.183005 110925185983.000000
-0.013672 -1.038330 0.019775 -1.464040 16.043433 0.366010 110925188900.000000
-0.017822 -1.045410 0.019043 -0.183005 15.799427 0.366010 110925191820.000000
-0.018066 -1.051514 0.012939 0.793021 14.701397 0.122003 110925194736.000000
-0.020996 -1.048584 -0.002197 1.464040 14.579394 0.427012 110925197652.000000
-0.022461 -1.046387 -0.006836 1.647044 14.152382 0.854023 110925200569.000000
-0.023926 -1.038574 -0.013184 1.830049 13.725371 1.281035 110925203488.000000
-0.028320 -1.034424 -0.013672 1.891051 13.420362 1.586043 110925206402.000000
-0.027588 -1.027100 -0.017578 1.281035 13.542366 2.318063 110925209319.000000
-0.029297 -1.010498 -0.016846 0.671018 13.054352 2.196059 110925212243.000000
-0.033936 -1.003906 -0.030029 -0.061002 12.993351 2.562069 110925215162.000000
-0.032471 -1.001709 -0.020996 -0.915025 12.993351 2.745074 110925218080.000000
-0.032959 -1.004395 -0.024170 -1.830049 13.054352 2.562069 110925220996.000000
-0.040527 -0.996582 -0.015381 -2.379064 12.810346 2.623071 110925223925.000000
-0.046387 -1.006836 -0.011719 -3.172086 12.444336 2.257061 110925226845.000000
-0.051025 -1.006836 -0.010986 -3.538096 12.200329 2.196059 110925229761.000000
-0.057861 -1.010742 -0.006348 -3.843104 12.078326 2.257061 110925232688.000000
-0.058838 -1.020264 -0.002686 -3.355091 12.322333 1.952053 110925235604.000000
-0.058105 -1.021484 0.000000 -3.050082 12.200329 2.196059 110925238519.000000
-0.062012 -1.030518 0.003418 -2.440066 12.383334 1.952053 110925241438.000000
-0.058350 -1.037842 0.003418 -1.891051 12.688343 1.952053 110925244354.000000
-0.053223 -1.038086 0.001953 -0.976026 13.237357 1.891051 110925247269.000000
-0.052246 -1.044678 0.002930 -0.488013 13.420362 2.013054 110925250185.000000
-0.048096 -1.043945 0.005127 0.061002 14.030379 2.440066 110925253103.000000
-0.041748 -1.043701 0.002930 0.549015 14.274385 2.440066 110925256019.000000
-0.041504 -1.048096 0.001221 1.159031 14.640395 2.745074 110925258936.000000
-0.041748 -1.052490 0.009033 1.159031 14.945404 3.111084 110925261853.000000
-0.040527 -1.042969 0.002686 1.525041 14.884402 3.294089 110925264772.000000
-0.041992 -1.034668 0.009521 1.647044 14.701397 3.477094 110925267691.000000
-0.039307 -1.031982 0.009766 1.403038 14.518392 3.721100 110925270606.000000
-0.038086 -1.026123 0.006592 1.708046 14.396389 3.904105 110925273532.000000
-0.036621 -1.015381 0.009277 1.525041 13.908376 3.965107 110925276449.000000
-0.038330 -1.016846 -0.000732 1.647044 13.176356 3.904105 110925279365.000000
-0.035645 -1.008301 0.008789 0.976026 12.688343 3.599097 110925282295.000000
-0.033447 -1.004639 -0.000244 0.915025 11.834320 3.172086 110925285211.000000
-0.033936 -0.999268 0.011475 0.549015 11.346306 3.111084 110925288127.000000
-0.029053 -0.997559 0.010010 0.000000 10.980296 2.989081 110925291045.000000
-0.026611 -0.995361 0.013184 -0.671018 9.882267 2.745074 110925293971.000000
-0.025879 -0.990234 0.017578 -1.098030 9.516257 2.562069 110925296899.000000
-0.024902 -0.984131 0.023682 -1.464040 8.723236 2.806076 110925299815.000000
-0.022705 -0.986084 0.029053 -1.830049 8.357226 2.501068 110925302742.000000
-0.024902 -0.981445 0.037598 -2.562069 7.869212 2.196059 110925305661.000000
-0.030518 -0.985352 0.041504 -3.050082 8.174221 2.318063 110925308577.000000
-0.034180 -0.983398 0.040039 -3.233087 7.869212 2.074056 110925311510.000000
-0.040527 -0.992188 0.039307 -3.904105 7.930214 1.769048 110925314443.000000
-0.046631 -0.989990 0.046631 -4.453120 7.686208 1.769048 110925317357.000000
-0.049805 -0.987061 0.052490 -4.514122 8.113219 1.281035 110925320272.000000
-0.054688 -0.995361 0.048096 -4.941133 8.235222 1.098030 110925323199.000000
-0.052246 -0.992188 0.053223 -5.246142 8.174221 0.610016 110925326113.000000
-0.052002 -0.993164 0.052246 -5.368145 8.174221 0.610016 110925329040.000000
-0.055420 -0.996582 0.047607 -5.612152 8.662234 0.488013 110925331964.000000
-0.054688 -0.998291 0.045898 -5.612152 8.540231 0.000000 110925334884.000000
-0.051514 -1.001953 0.040283 -5.795156 8.723236 -0.061002 110925337803.000000
-0.053223 -1.008789 0.034424 -5.673153 8.418227 -0.122003 110925340727.000000
-0.053223 -1.009521 0.031738 -5.856158 8.235222 -0.671018 110925343645.000000
-0.049316 -1.015137 0.016846 -5.795156 8.662234 -0.488013 110925346562.000000
-0.052490 -1.017334 0.007813 -6.100165 8.723236 -0.610016 110925349476.000000
-0.047852 -1.018066 0.002686 -6.405173 8.418227 -0.732020 110925352401.000000
-0.044678 -1.019775 -0.005615 -6.283170 9.089245 -0.671018 110925355316.000000
-0.042236 -1.017578 -0.015869 -6.222168 9.333252 -0.244007 110925358232.000000
-0.033691 -1.018066 -0.020264 -6.039163 9.760264 -0.549015 110925361148.000000
-0.026123 -1.010742 -0.032959 -6.283170 10.004270 0.061002 110925364104.000000
-0.013672 -1.006836 -0.035645 -6.222168 10.309278 0.061002 110925367018.000000
-0.010254 -1.005371 -0.049072 -6.161166 10.675288 0.244007 110925369933.000000
-0.000977 -1.002197 -0.050049 -6.039163 10.675288 0.732020 110925372849.000000
0.006592 -1.000488 -0.053223 -6.161166 10.980296 0.488013 110925375765.000000
0.014893 -1.000488 -0.058838 -6.344171 10.980296 0.610016 110925378678.000000
0.019043 -1.005615 -0.058838 -6.161166 11.163301 0.305008 110925381594.000000
0.027832 -1.002930 -0.059082 -6.283170 10.248277 0.183005 110925384510.000000
0.031494 -1.000732 -0.044922 -5.612152 10.126273 0.061002 110925387424.000000
0.037598 -1.004395 -0.043945 -5.185140 10.126273 0.244007 110925390337.000000
0.035889 -1.004395 -0.029297 -4.941133 9.821265 0.183005 110925393253.000000
0.040039 -1.003174 -0.019043 -5.063137 10.004270 0.366010 110925396167.000000
0.037354 -1.004395 -0.021973 -5.124138 10.126273 0.671018 110925399081.000000
0.036133 -1.001221 -0.006104 -5.246142 10.187275 0.793021 110925401997.000000
0.032959 -1.007813 -0.002686 -5.124138 10.248277 0.854023 110925404913.000000
0.029297 -1.010742 0.002930 -4.941133 10.004270 0.732020 110925407827.000000
0.024658 -1.017334 0.016846 -5.124138 9.760264 0.671018 110925410741.000000
0.019531 -1.017334 0.020996 -4.880132 9.882267 0.671018 110925413666.000000
0.009766 -1.013184 0.023438 -5.002135 9.760264 0.244007 110925416583.000000
-0.002930 -1.014893 0.034912 -5.002135 9.699262 -0.244007 110925419497.000000
-0.016602 -1.009033 0.034668 -5.307143 9.699262 -0.244007 110925422423.000000
-0.026611 -1.006348 0.034912 -5.429147 9.455255 -0.122003 110925425341.000000
-0.038818 -1.008057 0.039307 -5.795156 9.699262 -0.244007 110925428257.000000
-0.044922 -1.004395 0.045410 -6.039163 9.089245 -0.488013 110925431170.000000
-0.053467 -1.008057 0.039551 -5.673153 9.089245 -0.671018 110925434124.000000
-0.055908 -1.012695 0.045898 -5.856158 8.662234 -0.793021 110925437039.000000
-0.056152 -1.014893 0.044189 -5.185140 7.686208 -0.976026 110925439953.000000
-0.060791 -1.018555 0.055176 -4.392119 7.076191 -1.342036 110925442871.000000
-0.056641 -1.021973 0.047363 -3.538096 6.283170 -1.342036 110925445784.000000
-0.063477 -1.017578 0.051025 -2.135058 5.978161 -1.464040 110925448701.000000
-0.054688 -1.022705 0.051270 -0.915025 5.673153 -1.830049 110925451625.000000
-0.060547 -1.029785 0.050781 0.671018 5.673153 -1.586043 110925454539.000000
-0.051514 -1.024170 0.053711 2.013054 5.856158 -1.647044 110925457454.000000
-0.048340 -1.024414 0.049561 3.538096 6.222168 -1.647044 110925460367.000000
-0.043701 -1.021484 0.044922 4.575124 6.405173 -1.525041 110925463286.000000
-0.044434 -1.020020 0.040283 5.673153 6.893186 -1.586043 110925466204.000000
-0.034912 -1.016113 0.040283 6.710181 7.747209 -1.342036 110925469119.000000
-0.029053 -1.008057 0.028320 7.808211 8.540231 -0.976026 110925472037.000000
-0.015381 -0.999512 0.017822 8.479229 9.272250 -0.366010 110925474952.000000
-0.004883 -0.997803 0.006836 9.272250 10.736290 0.000000 110925477866.000000
0.000732 -0.999023 -0.002197 10.004270 11.651315 0.122003 110925480780.000000
0.007568 -1.000488 -0.001709 10.065272 12.932349 0.366010 110925483696.000000
0.013916 -1.002197 -0.006592 10.309278 13.664369 0.183005 110925486610.000000
0.021484 -1.006104 -0.012939 10.370280 13.725371 0.549015 110925489524.000000
0.025635 -1.011230 -0.005859 10.309278 13.908376 0.305008 110925492450.000000
0.029297 -1.011963 0.008545 10.004270 13.359361 0.244007 110925495373.000000
0.029297 -1.014160 0.015625 9.882267 13.054352 0.305008 110925498301.000000
0.030518 -1.012451 0.028320 9.333252 12.688343 0.366010 110925501218.000000
0.026367 -1.014648 0.044189 9.394254 12.078326 0.305008 110925504133.000000
0.022461 -1.013184 0.059814 8.357226 11.895321 0.183005 110925507049.000000
0.014160 -1.007813 0.057373 8.113219 11.590313 0.183005 110925509963.000000
0.011719 -1.013916 0.073242 7.808211 11.468310 -0.061002 110925512891.000000
0.005615 -1.017822 0.063721 7.198194 10.919295 -0.244007 110925515805.000000
0.002686 -1.019287 0.066650 6.466175 10.309278 -0.671018 110925518725.000000
-0.001709 -1.017578 0.057617 6.344171 9.760264 -1.098030 110925521643.000000
-0.007813 -1.017090 0.047852 5.734155 8.723236 -1.647044 110925524558.000000
-0.013428 -1.014648 0.042725 5.429147 7.747209 -2.318063 110925527483.000000
-0.018555 -1.012207 0.029541 5.002135 7.015189 -2.806076 110925530398.000000
-0.021729 -1.012207 0.022217 5.002135 6.710181 -3.172086 110925533326.000000
-0.026855 -1.006592 0.010498 4.575124 7.015189 -3.233087 110925536241.000000
-0.029053 -1.010010 0.013428 4.026109 7.625206 -3.416092 110925539159.000000
-0.042480 -1.004150 0.003418 3.111084 8.174221 -3.721100 110925542075.000000
-0.042725 -1.003418 0.001709 2.562069 8.601232 -3.599097 110925544989.000000
-0.043701 -1.011475 -0.004150 2.196059 9.699262 -3.477094 110925547903.000000
-0.040771 -1.011230 0.006592 1.708046 10.370280 -3.538096 110925550895.000000
-0.042725 -1.010986 0.007080 1.403038 10.919295 -3.355091 110925553813.000000
-0.043213 -1.015381 0.016846 1.708046 11.346306 -3.172086 110925556730.000000
-0.042236 -1.015869 0.013672 2.135058 11.285305 -3.050082 110925559647.000000
-0.043213 -1.018311 0.010986 2.379064 11.712316 -3.294089 110925562566.000000
-0.040527 -1.014893 0.022217 2.989081 12.200329 -3.416092 110925565493.000000
-0.037109 -1.018311 0.013916 2.989081 12.505338 -3.538096 110925568423.000000
-0.033203 -1.020996 0.019531 3.416092 12.139328 -3.538096 110925571340.000000
-0.033203 -1.021973 0.009033 3.416092 12.383334 -3.721100 110925574255.000000
-0.027100 -1.018799 0.024414 3.294089 12.078326 -3.843104 110925577170.000000
-0.022705 -1.020264 0.022705 3.111084 12.078326 -3.843104 110925580084.000000
-0.017822 -1.016602 0.023438 3.233087 11.712316 -3.782102 110925583001.000000
-0.010254 -1.017822 0.035400 3.477094 11.407308 -3.721100 110925585925.000000
-0.008301 -1.012451 0.030029 3.843104 10.980296 -3.233087 110925588840.000000
-0.004150 -1.011230 0.028076 3.782102 11.102300 -3.294089 110925591757.000000
-0.000732 -1.013184 0.024170 3.721100 11.285305 -2.928079 110925594673.000000
0.006104 -1.011719 0.022949 3.538096 11.102300 -2.806076 110925597586.000000
-0.000732 -1.006836 0.027588 2.745074 11.102300 -2.440066 110925600500.000000
0.008057 -1.002686 0.031250 2.257061 11.346306 -2.684072 110925603416.000000
0.009277 -1.002686 0.027832 1.769048 11.407308 -2.562069 110925606330.000000
0.009277 -1.002686 0.030762 1.525041 11.163301 -2.745074 110925609248.000000
0.008301 -1.005615 0.035400 1.464040 10.675288 -3.050082 110925612170.000000
0.002441 -0.999756 0.040039 1.159031 10.370280 -3.233087 110925615087.000000
-0.004639 -1.005371 0.030029 0.793021 9.943268 -3.599097 110925618002.000000
-0.010010 -1.006348 0.034424 0.610016 9.455255 -3.843104 110925620917.000000
-0.019043 -1.004395 0.028076 0.732020 9.516257 -4.270115 110925623844.000000
-0.022461 -1.014893 0.037109 0.244007 9.211249 -4.331117 110925626759.000000
-0.031006 -1.011475 0.025391 0.183005 9.333252 -5.124138 110925629674.000000
-0.034180 -1.015869 0.023193 0.366010 9.394254 -5.429147 110925632627.000000
-0.041992 -1.014648 0.023438 0.488013 9.638260 -5.978161 110925635543.000000
-0.045898 -1.014893 0.017334 0.976026 10.126273 -5.795156 110925638459.000000
-0.043701 -1.023193 0.023926 0.793021 10.431282 -6.710181 110925641377.000000
-0.046875 -1.020508 0.020508 1.159031 10.675288 -6.771183 110925644293.000000
-0.047119 -1.017822 0.012695 1.708046 11.224303 -7.076191 110925647208.000000
-0.049316 -1.014893 0.016113 1.647044 11.529311 -6.771183 110925650123.000000
-0.046143 -1.007324 0.017090 1.647044 11.712316 -6.771183 110925653041.000000
-0.044678 -1.008057 0.017334 2.135058 11.956323 -6.771183 110925655956.000000
-0.041016 -1.001221 0.020752 2.379064 12.444336 -6.954188 110925658871.000000
-0.041260 -1.001221 0.016113 2.562069 12.322333 -6.222168 110925661787.000000
-0.036865 -0.998047 0.009521 3.111084 12.017324 -6.283170 110925664703.000000
-0.032715 -1.004395 0.012207 2.684072 11.468310 -5.978161 110925667619.000000
-0.036621 -1.004883 0.011475 2.989081 10.919295 -5.917160 110925670532.000000
-0.037842 -1.006836 0.014160 2.562069 10.248277 -6.100165 110925673448.000000
-0.036133 -1.000977 0.020996 2.989081 9.394254 -5.795156 110925676364.000000
-0.038574 -1.006592 0.019043 3.233087 8.418227 -5.734155 110925679278.000000
-0.042236 -1.013428 0.020264 2.928079 7.747209 -5.490148 110925682194.000000
-0.044678 -1.004639 0.032227 2.989081 6.771183 -5.429147 110925685115.000000
-0.051025 -1.003662 0.039307 2.562069 6.161166 -5.307143 110925688031.000000
-0.052734 -1.002197 0.043213 2.135058 5.063137 -4.819130 110925690946.000000
-0.056885 -1.011230 0.044434 1.403038 4.026109 -4.575124 110925693871.000000
-0.061523 -1.011963 0.046875 0.549015 3.233087 -4.270115 110925696785.000000
-0.064209 -1.018311 0.047607 0.488013 2.135058 -4.270115 110925699702.000000
-0.059082 -1.021484 0.058350 0.183005 1.159031 -4.087110 110925702620.000000
-0.066162 -1.019043 0.059814 -0.061002 0.061002 -4.209114 110925705536.000000
-0.069092 -1.023926 0.061523 0.305008 -1.098030 -4.209114 110925708451.000000
-0.072266 -1.026611 0.054688 -0.122003 -1.952053 -4.514122 110925711374.000000
-0.067139 -1.025879 0.052490 -0.061002 -2.318063 -4.819130 110925714306.000000
-0.069092 -1.021729 0.052246 0.183005 -2.501068 -5.307143 110925717221.000000
-0.075684 -1.021973 0.049561 -0.061002 -2.806076 -5.612152 110925720136.000000
-0.082520 -1.027100 0.039063 -0.610016 -2.867077 -5.978161 110925723063.000000
-0.082031 -1.021973 0.034424 -0.549015 -2.379064 -6.466175 110925725979.000000
-0.082031 -1.027832 0.029541 -0.488013 -2.135058 -6.466175 110925728905.000000
-0.080322 -1.027344 0.024658 -0.854023 -2.013054 -6.710181 110925731827.000000
-0.084473 -1.028809 0.016357 -0.366010 -1.769048 -6.771183 110925734744.000000
-0.079834 -1.034424 0.015137 -0.610016 -1.769048 -6.954188 110925737660.000000
-0.072021 -1.030029 0.006592 -0.061002 -1.952053 -6.527176 110925740576.000000
-0.064209 -1.030762 0.006592 0.061002 -2.257061 -7.137193 110925743503.000000
-0.057373 -1.026855 -0.001465 0.610016 -1.952053 -6.832184 110925746433.000000
-0.058350 -1.026855 -0.003418 0.976026 -2.318063 -6.649180 110925749346.000000
-0.047363 -1.020752 -0.005371 2.013054 -1.708046 -6.344171 110925752262.000000
-0.048340 -1.021973 -0.007324 2.257061 -1.586043 -6.222168 110925755176.000000
-0.037109 -1.017578 -0.002930 2.562069 -2.196059 -6.100165 110925758089.000000
-0.028320 -1.017090 -0.001709 3.416092 -1.525041 -6.222168 110925761021.000000
-0.024902 -1.018799 -0.002441 3.660099 -0.854023 -6.039163 110925763938.000000
-0.012451 -1.018066 0.010010 4.270115 -1.037028 -6.405173 110925766853.000000
-0.010010 -1.008789 0.024170 4.148112 -0.854023 -5.978161 110925769768.000000
-0.013428 -1.007324 0.020752 4.575124 -0.854023 -5.856158 110925772685.000000
-0.016846 -1.000488 0.030029 4.270115 -0.854023 -5.673153 110925775610.000000
-0.015137 -1.002197 0.037109 4.209114 -1.220033 -5.307143 110925778524.000000
-0.017822 -1.001465 0.039307 3.843104 -1.830049 -4.758128 110925781441.000000
-0.027832 -1.001953 0.041504 3.355091 -2.379064 -4.514122 110925784362.000000
-0.032471 -1.000488 0.043213 3.172086 -3.477094 -4.087110 110925787278.000000
-0.033691 -1.010010 0.045166 2.928079 -4.880132 -3.904105 110925790193.000000
-0.042236 -1.007080 0.046631 2.745074 -5.734155 -3.782102 110925793111.000000
-0.045898 -1.009766 0.038086 2.928079 -6.649180 -3.965107 110925796027.000000
-0.049561 -1.014404 0.044189 2.562069 -7.381199 -4.087110 110925798942.000000
-0.062256 -1.006592 0.031738 2.379064 -8.235222 -4.331117 110925801865.000000
-0.066406 -1.001709 0.030273 2.623071 -7.564204 -4.209114 110925804784.000000
-0.072021 -0.999023 0.031738 2.135058 -7.686208 -4.148112 110925807698.000000
-0.073486 -0.991699 0.027832 1.464040 -6.283170 -4.087110 110925810612.000000
-0.080322 -0.987305 0.020752 0.366010 -6.222168 -4.270115 110925813539.000000
-0.074219 -0.979980 0.017090 -0.854023 -5.673153 -4.026109 110925816453.000000
-0.074951 -0.979248 0.004639 -1.952053 -5.063137 -3.721100 110925819367.000000
-0.066895 -0.971436 0.000977 -2.928079 -4.697127 -3.416092 110925822283.000000
-0.064941 -0.965820 -0.003906 -3.965107 -4.392119 -3.172086 110925825198.000000
-0.063477 -0.970459 -0.020264 -4.697127 -3.904105 -2.806076 110925828112.000000
-0.053711 -0.974609 -0.023682 -5.063137 -3.233087 -2.501068 110925831031.000000
-0.046875 -0.979492 -0.027344 -5.612152 -3.233087 -2.318063 110925833949.000000
-0.039795 -0.986084 -0.030518 -5.490148 -1.586043 -1.952053 110925836864.000000
-0.034180 -0.995605 -0.031738 -5.246142 -1.525041 -2.074056 110925839779.000000
-0.025146 -0.997803 -0.012695 -5.917160 -2.623071 -2.806076 110925842696.000000
-0.014893 -1.003662 -0.011963 -5.673153 -1.830049 -2.745074 110925845611.000000
-0.009521 -1.013916 -0.007568 -5.307143 -1.525041 -2.867077 110925848526.000000
-0.005371 -1.013672 -0.006592 -5.673153 -2.257061 -3.904105 110925851444.000000
-0.000732 -1.022461 0.005371 -5.185140 -2.684072 -4.209114 110925854358.000000
-0.001709 -1.025879 0.004395 -5.002135 -1.220033 -4.209114 110925858391.000000
-0.005859 -1.043457 0.007813 -4.636125 -0.122003 -4.941133 110925861343.000000
-0.008301 -1.046631 0.011963 -3.843104 0.671018 -4.758128 110925864262.000000
-0.015381 -1.053223 0.006592 -2.440066 2.196059 -4.880132 110925867179.000000
-0.020508 -1.055176 0.014648 -2.257061 0.671018 -5.124138 110925870093.000000
-0.017334 -1.050293 0.016602 -1.098030 0.244007 -5.368145 110925873021.000000
-0.023682 -1.052002 0.009766 0.244007 0.732020 -5.429147 110925875936.000000
-0.036133 -1.051025 0.005127 1.647044 0.244007 -4.392119 110925878849.000000
-0.042480 -1.054199 0.008789 3.233087 0.427012 -4.209114 110925881779.000000
-0.047607 -1.045410 0.002686 4.880132 0.122003 -3.904105 110925884693.000000
-0.050049 -1.030273 -0.011719 5.429147 -0.854023 -3.843104 110925887619.000000
-0.053711 -1.028076 -0.022461 6.466175 -1.342036 -3.477094 110925890541.000000
-0.054688 -1.011719 -0.020020 6.710181 -2.501068 -3.660099 110925893458.000000
-0.072021 -1.001221 -0.029541 6.771183 -3.233087 -4.148112 110925896372.000000
-0.078857 -0.993652 -0.036377 6.588178 -3.660099 -3.599097 110925899287.000000
-0.087891 -0.989258 -0.028809 6.100165 -4.636125 -3.782102 110925902207.000000
-0.093994 -0.991455 -0.029053 5.917160 -5.551150 -3.477094 110925905127.000000
-0.092285 -0.978760 -0.030762 6.039163 -6.222168 -3.965107 110925908041.000000
-0.089355 -0.967285 -0.028564 5.429147 -7.015189 -3.843104 110925910955.000000
-0.080566 -0.961182 -0.035645 4.758128 -7.625206 -4.270115 110925913871.000000
-0.082031 -0.962402 -0.034668 4.331117 -8.784237 -4.331117 110925916786.000000
-0.077393 -0.970215 -0.023926 3.599097 -9.882267 -4.209114 110925919701.000000
-0.073486 -0.981689 -0.012695 3.172086 -10.553285 -4.514122 110925922629.000000
-0.065186 -0.990479 -0.006592 3.111084 -11.346306 -5.185140 110925925544.000000
-0.066406 -0.994385 -0.013916 2.440066 -12.139328 -5.917160 110925928461.000000
-0.074707 -1.014404 -0.005127 2.684072 -13.115354 -6.283170 110925931383.000000
-0.075439 -1.027588 -0.006104 2.867077 -13.847374 -6.527176 110925934301.000000
-0.080078 -1.054199 -0.002441 2.867077 -14.030379 -6.527176 110925937215.000000
-0.081299 -1.049072 -0.008057 3.111084 -13.969377 -6.649180 110925940130.000000
-0.075928 -1.057861 -0.011719 3.477094 -14.457390 -6.710181 110925943046.000000
-0.080811 -1.056152 -0.013428 3.599097 -14.640395 -6.222168 110925945962.000000
-0.081787 -1.069824 -0.008301 3.965107 -14.823400 -5.429147 110925948876.000000
-0.070557 -1.080566 -0.007568 4.880132 -15.372415 -4.453120 110925951793.000000
-0.055908 -1.072998 -0.015381 5.246142 -15.555420 -4.575124 110925954709.000000
-0.050293 -1.064453 -0.028320 5.002135 -16.836455 -4.453120 110925957624.000000
-0.057129 -1.075195 -0.032471 5.124138 -17.690478 -3.294089 110925960539.000000
-0.041016 -1.077148 -0.028076 5.673153 -18.666504 -2.684072 110925963456.000000
-0.031006 -1.058594 -0.032715 5.673153 -19.459525 -2.745074 110925966370.000000
-0.025635 -1.049072 -0.039307 4.697127 -19.947539 -3.050082 110925969284.000000
-0.021240 -1.046143 -0.040283 4.697127 -20.496553 -2.745074 110925972201.000000
-0.023926 -1.037354 -0.033447 3.904105 -21.228573 -2.074056 110925975115.000000
-0.012207 -1.029785 -0.022705 3.721100 -21.899591 -2.135058 110925978029.000000
-0.010986 -1.017822 -0.026123 2.196059 -21.838590 -1.830049 110925980943.000000
-0.004883 -1.006592 -0.026123 1.159031 -22.509608 -2.135058 110925983859.000000
0.002441 -0.997559 -0.019287 -0.427012 -22.570609 -1.769048 110925986782.000000
0.011963 -0.986084 -0.027832 -2.135058 -22.692613 -1.464040 110925989702.000000
0.017822 -0.983398 -0.032715 -3.843104 -22.814616 -1.586043 110925992627.000000
0.030762 -0.980469 -0.026367 -5.124138 -22.082596 -1.037028 110925995544.000000
0.039551 -0.980713 -0.030029 -5.917160 -22.265601 -1.403038 110925998457.000000
0.055664 -0.982910 -0.034180 -6.649180 -21.838590 -1.830049 110926001379.000000
0.059082 -0.985840 -0.037598 -7.381199 -21.350576 -2.074056 110926004298.000000
0.074463 -0.988281 -0.030273 -7.930214 -20.435552 -2.135058 110926007220.000000
0.076172 -0.992188 -0.036377 -8.418227 -20.008540 -2.867077 110926010135.000000
0.082031 -1.001221 -0.039795 -8.845239 -19.215519 -2.928079 110926013053.000000
0.086670 -1.006836 -0.047119 -9.211249 -18.117489 -3.050082 110926015969.000000
0.088623 -1.020508 -0.036133 -9.089245 -17.141463 -2.989081 110926018887.000000
0.090332 -1.026855 -0.041992 -9.455255 -15.921430 -2.745074 110926021809.000000
0.092041 -1.041504 -0.034912 -9.150247 -14.823400 -2.562069 110926024728.000000
0.097656 -1.047119 -0.039795 -9.211249 -13.603367 -2.074056 110926027642.000000
0.098389 -1.063477 -0.043213 -7.991216 -12.810346 -1.891051 110926030556.000000
0.089355 -1.067627 -0.049805 -7.442201 -12.139328 -1.769048 110926033475.000000
0.095947 -1.072510 -0.043701 -7.076191 -11.529311 -0.854023 110926036389.000000
0.087402 -1.077393 -0.032227 -5.673153 -11.468310 -0.610016 110926039306.000000
0.092773 -1.070313 -0.036865 -4.880132 -11.224303 -0.549015 110926042222.000000
0.089355 -1.080078 -0.040039 -3.416092 -10.553285 -0.305008 110926045136.000000
0.091553 -1.078857 -0.030273 -1.952053 -9.882267 0.122003 110926048050.000000
0.096924 -1.071045 -0.028320 -0.976026 -9.272250 0.427012 110926050964.000000
0.098633 -1.066162 -0.029053 -0.610016 -8.723236 0.732020 110926053911.000000
0.103760 -1.061035 -0.017334 0.305008 -7.808211 1.464040 110926056828.000000
0.109619 -1.058838 -0.002197 0.915025 -6.527176 1.708046 110926059753.000000
0.113037 -1.049561 -0.000732 0.549015 -5.856158 2.135058 110926062671.000000
0.118408 -1.046387 0.007324 0.854023 -4.636125 2.135058 110926065586.000000
0.119141 -1.038818 0.016357 0.427012 -3.721100 2.196059 110926068502.000000
0.127686 -1.031006 0.022949 0.061002 -2.684072 2.196059 110926071420.000000
0.125732 -1.027832 0.027344 -0.305008 -1.403038 1.830049 110926074350.000000
0.122314 -1.024414 0.027344 -0.915025 -0.610016 1.525041 110926077266.000000
0.121094 -1.018555 0.035156 -1.037028 0.793021 1.525041 110926080182.000000
0.123291 -1.018555 0.034668 -1.159031 1.891051 1.220033 110926083099.000000
0.118896 -1.016357 0.032715 -1.281035 2.928079 0.549015 110926086014.000000
0.117676 -1.014648 0.034180 -1.586043 3.904105 0.305008 110926088931.000000
0.117676 -1.013916 0.032471 -2.074056 4.758128 0.061002 110926091862.000000
0.117188 -1.006348 0.024658 -2.501068 5.612152 0.000000 110926094780.000000
0.114502 -1.006348 0.014893 -2.684072 5.978161 -0.183005 110926097695.000000
0.115479 -1.006592 0.017822 -3.111084 6.161166 -0.488013 110926100611.000000
0.113525 -1.008301 0.006104 -3.172086 6.710181 -0.671018 110926103537.000000
0.106201 -1.011963 0.003662 -3.172086 6.283170 -0.793021 110926106467.000000
0.098389 -1.012207 0.009277 -3.233087 6.466175 -0.854023 110926109383.000000
0.088623 -1.019775 0.004639 -2.501068 6.771183 -0.671018 110926112300.000000
0.077637 -1.024170 0.011230 -2.440066 6.893186 -0.915025 110926115215.000000
0.067627 -1.023438 0.010254 -1.830049 7.198194 -0.549015 110926118129.000000
0.060303 -1.028809 0.011963 -1.159031 7.137193 -0.732020 110926121049.000000
0.048584 -1.028320 0.012451 -0.488013 7.259196 -0.732020 110926123976.000000
0.040771 -1.029297 0.025635 0.305008 7.381199 -0.793021 110926126891.000000
0.033936 -1.028564 0.024414 0.854023 7.564204 -0.732020 110926129808.000000
0.022461 -1.024170 0.030029 1.403038 7.808211 -0.488013 110926132733.000000
0.017578 -1.023682 0.028809 1.952053 7.808211 -0.183005 110926135649.000000
0.014404 -1.021729 0.038086 2.745074 8.357226 0.366010 110926138564.000000
0.008545 -1.013184 0.041748 2.867077 8.479229 0.671018 110926141481.000000
0.011963 -1.015137 0.044434 3.416092 8.967242 1.037028 110926144396.000000
0.010010 -1.009277 0.047363 4.087110 9.028244 1.464040 110926147310.000000
0.009521 -1.003662 0.055420 4.514122 9.577259 1.159031 110926150224.000000
0.009033 -1.004639 0.057373 4.514122 9.943268 1.220033 110926153170.000000
0.003418 -1.002441 0.065674 4.331117 10.126273 1.220033 110926156087.000000
0.005127 -1.003418 0.061279 4.392119 10.736290 1.281035 110926159002.000000
-0.002197 -1.004639 0.062256 4.514122 10.980296 1.037028 110926161920.000000
0.000977 -1.002441 0.065186 4.087110 11.163301 1.159031 110926164834.000000
-0.003174 -1.003418 0.070068 3.294089 11.407308 1.159031 110926167749.000000
0.000977 -1.004639 0.064209 3.111084 11.590313 1.220033 110926170664.000000
-0.000244 -1.002686 0.069092 2.257061 11.163301 0.854023 110926173579.000000
0.004395 -1.006104 0.060547 2.013054 10.919295 0.854023 110926176496.000000
0.009277 -1.001953 0.052490 1.830049 10.675288 1.037028 110926179411.000000
0.010498 -1.004639 0.061279 1.037028 10.248277 1.159031 110926182329.000000
0.016113 -1.001709 0.056885 0.793021 9.943268 0.915025 110926185244.000000
0.021729 -1.005615 0.047363 -0.793021 9.028244 1.342036 110926192833.000000
0.022949 -1.004395 0.045410 -2.074056 9.394254 0.854023 110926195994.000000
0.025879 -0.997070 0.045166 -3.477094 8.662234 0.549015 110926198929.000000
0.018311 -0.996094 0.039307 -4.697127 9.333252 0.793021 110926201860.000000
0.023438 -1.000244 0.041504 -5.856158 9.760264 0.671018 110926204890.000000
0.019531 -1.002686 0.055176 -6.954188 9.760264 1.037028 110926207894.000000
0.016113 -1.002686 0.054688 -8.174221 11.041298 0.854023 110926210808.000000
0.019775 -1.008301 0.058594 -8.845239 9.394254 0.183005 110926213720.000000
0.013428 -1.015625 0.078125 -8.723236 8.906240 0.183005 110926216637.000000
0.016113 -1.019043 0.068604 -8.479229 9.882267 -0.244007 110926219547.000000
0.020508 -1.010010 0.059326 -9.272250 9.455255 -0.610016 110926222487.000000
0.027344 -1.022217 0.060547 -8.845239 9.699262 -0.793021 110926225420.000000
0.023193 -1.020508 0.062500 -8.052217 9.577259 -0.610016 110926228333.000000
0.030518 -1.017578 0.053223 -7.991216 9.272250 -1.159031 110926231257.000000
0.037354 -1.014893 0.052246 -7.808211 9.333252 -1.586043 110926234177.000000
0.042480 -1.014160 0.047119 -7.808211 9.699262 -1.647044 110926237088.000000
0.045166 -1.014648 0.038818 -7.503203 9.455255 -1.952053 110926240004.000000
0.046875 -1.012451 0.031982 -7.137193 9.943268 -1.830049 110926242924.000000
0.050781 -1.018555 0.030518 -7.198194 10.736290 -1.525041 110926245834.000000
0.054199 -1.017334 0.034180 -7.015189 11.407308 -1.830049 110926248745.000000
0.058594 -1.003418 0.019287 -6.893186 11.224303 -2.013054 110926251655.000000
0.049805 -1.005859 0.022217 -6.893186 11.895321 -2.074056 110926254662.000000
0.046875 -1.016357 0.021484 -6.222168 12.261331 -2.074056 110926257576.000000
0.049316 -1.010254 0.016846 -5.978161 12.383334 -2.074056 110926260485.000000
0.052246 -1.008545 0.015137 -5.734155 12.627341 -2.623071 110926263423.000000
0.041016 -1.016357 0.014648 -5.429147 13.115354 -2.562069 110926266360.000000
0.041992 -1.016846 0.012451 -4.941133 13.542366 -2.562069 110926269275.000000
0.035645 -1.014648 0.004639 -4.880132 12.993351 -2.806076 110926272196.000000
0.031982 -1.017334 0.003662 -4.758128 12.749344 -2.928079 110926275115.000000
0.029541 -1.019043 0.014893 -4.819130 12.871348 -2.989081 110926278037.000000
0.029297 -1.016602 0.004883 -4.758128 12.566339 -3.233087 110926280952.000000
0.022705 -1.010986 0.001953 -4.697127 12.688343 -3.660099 110926283880.000000
0.024414 -1.016357 0.007080 -4.575124 13.237357 -3.660099 110926286796.000000
0.024658 -1.008057 0.005127 -4.514122 12.810346 -3.599097 110926289712.000000
0.019775 -1.013672 -0.001465 -4.453120 13.115354 -4.087110 110926292664.000000
0.017334 -1.011719 0.007324 -4.575124 12.932349 -4.148112 110926295583.000000
0.020264 -1.011963 0.007324 -4.026109 12.993351 -4.331117 110926298517.000000
0.018311 -1.011230 0.006592 -3.477094 12.688343 -3.904105 110926301440.000000
0.021484 -1.015137 0.001953 -3.050082 12.322333 -3.843104 110926304367.000000
0.022217 -1.016113 0.000977 -2.867077 11.773318 -4.087110 110926307286.000000
0.025635 -1.018799 -0.002930 -2.318063 11.224303 -3.538096 110926310200.000000
0.032959 -1.011963 -0.003418 -2.013054 10.309278 -3.294089 110926313125.000000
0.031250 -1.012451 -0.005371 -1.891051 9.882267 -3.294089 110926316044.000000
0.030762 -1.015137 -0.005371 -2.013054 9.394254 -3.660099 110926318967.000000
0.033203 -1.013428 -0.002930 -2.257061 9.211249 -3.172086 110926321886.000000
0.032227 -1.016357 -0.000977 -2.074056 8.784237 -3.477094 110926324819.000000
0.033447 -1.013672 -0.005371 -2.623071 8.601232 -3.416092 110926327736.000000
0.031250 -1.014404 0.004639 -2.074056 8.540231 -3.599097 110926330652.000000
0.031494 -1.007324 0.002197 -2.135058 8.357226 -3.660099 110926333570.000000
0.025391 -1.007568 0.010010 -2.013054 8.113219 -3.538096 110926336509.000000
0.023438 -1.015869 0.013428 -1.647044 8.174221 -3.416092 110926339430.000000
0.026367 -1.014648 0.013428 -1.525041 7.930214 -3.416092 110926342355.000000
0.026367 -1.013428 0.020752 -0.854023 7.686208 -3.599097 110926345274.000000
0.023926 -1.015869 0.021729 -1.220033 7.808211 -3.477094 110926348190.000000
0.024658 -1.013916 0.016846 -0.915025 7.930214 -3.416092 110926351106.000000
0.023438 -1.018066 0.020508 -0.793021 7.686208 -3.721100 110926354126.000000
