0.312256 -0.933838 0.353027 -21.106570 9.943268 7.808211 164520898652.000000
0.311035 -0.932861 0.348633 -21.960593 10.492283 7.930214 164520901570.000000
0.305176 -0.934326 0.348633 -22.265601 11.163301 8.479229 164520904487.000000
0.308838 -0.934326 0.355469 -22.692613 11.407308 8.723236 164520907401.000000
0.305420 -0.936523 0.354248 -22.875618 12.261331 8.967242 164520910318.000000
0.308594 -0.932129 0.351563 -23.180626 12.627341 9.394254 164520913233.000000
0.310547 -0.935059 0.351074 -23.485634 12.749344 9.760264 164520916148.000000
0.308594 -0.935059 0.352295 -23.851644 13.298359 10.187275 164520919066.000000
0.308838 -0.937012 0.353027 -24.034649 14.091380 10.370280 164520921982.000000
0.308594 -0.943604 0.357910 -24.644665 15.006405 11.651315 164520929549.000000
0.310791 -0.946045 0.354248 -25.193680 15.006405 12.017324 164520932709.000000
0.311035 -0.942383 0.351563 -25.498688 15.433417 12.200329 164520935647.000000
0.311768 -0.943604 0.348389 -25.742695 15.799427 12.383334 164520938564.000000
0.313721 -0.945068 0.347412 -25.620692 16.470445 12.749344 164520941567.000000
0.321777 -0.950928 0.343506 -26.108705 16.531446 12.810346 164520944569.000000
0.318848 -0.949219 0.342041 -26.108705 17.080461 13.176356 164520947501.000000
0.320313 -0.955322 0.343994 -26.047703 16.958458 13.237357 164520950423.000000
0.324463 -0.958740 0.333252 -26.108705 17.629476 13.603367 164520953342.000000
0.315674 -0.957764 0.333008 -26.352712 17.690478 13.908376 164520956253.000000
0.321777 -0.961914 0.330811 -26.596718 18.910511 14.396389 164520959165.000000
0.325439 -0.959473 0.328369 -26.596718 19.337522 14.579394 164520962077.000000
0.320557 -0.963135 0.324219 -26.840725 20.130544 14.701397 164520965005.000000
0.322998 -0.964111 0.321289 -27.023730 20.679558 15.128408 164520967921.000000
0.320801 -0.968262 0.319336 -27.328738 21.167572 15.494418 164520970833.000000
0.322266 -0.971436 0.320801 -27.023730 21.838590 15.372415 164520973746.000000
0.320557 -0.969971 0.313721 -27.267736 22.631611 15.433417 164520976659.000000
0.327393 -0.968506 0.313477 -27.084731 22.753614 15.799427 164520979570.000000
0.326416 -0.972412 0.309326 -27.572744 23.790642 15.860428 164520982483.000000
0.329834 -0.966797 0.303711 -27.511743 24.461660 15.616422 164520985406.000000
0.333008 -0.962646 0.301270 -27.816751 25.437687 15.799427 164520988325.000000
0.335938 -0.958008 0.291748 -27.694748 26.230708 15.982432 164520991263.000000
0.338623 -0.958496 0.286865 -28.121759 26.840725 15.677423 164520994181.000000
0.339600 -0.954590 0.290283 -28.426768 27.633746 15.433417 164520997091.000000
0.343750 -0.950439 0.286133 -28.243763 28.060758 15.860428 164521000012.000000
0.339111 -0.953125 0.288330 -28.487769 28.914781 15.433417 164521002953.000000
0.340088 -0.952637 0.287354 -28.670774 29.585799 15.067407 164521005876.000000
0.343262 -0.949707 0.284424 -28.853779 30.073812 14.579394 164521008816.000000
0.334717 -0.942871 0.277832 -28.853779 31.659855 14.274385 164521011862.000000
0.340088 -0.939453 0.278076 -29.097786 31.598853 13.786372 164521014791.000000
0.333984 -0.937988 0.278809 -28.853779 32.391875 13.603367 164521017721.000000
0.326904 -0.938232 0.281738 -29.036784 32.879888 13.176356 164521020647.000000
0.328125 -0.935547 0.281738 -29.158787 33.611908 12.505338 164521023565.000000
0.319092 -0.940674 0.274170 -28.914781 33.733911 12.383334 164521026480.000000
0.319336 -0.940430 0.271484 -28.853779 33.611908 12.139328 164521029400.000000
0.308350 -0.936523 0.281494 -28.609772 33.672909 12.261331 164521032320.000000
0.301025 -0.937500 0.281982 -28.609772 33.367901 11.651315 164521035238.000000
0.302246 -0.941162 0.275879 -28.548771 33.428903 11.590313 164521038158.000000
0.299805 -0.937500 0.277100 -28.365766 33.184896 11.163301 164521041089.000000
0.300537 -0.939697 0.275391 -28.548771 32.940889 10.980296 164521044008.000000
0.299316 -0.942139 0.277344 -28.243763 32.696883 10.614287 164521046925.000000
0.304199 -0.941406 0.265625 -28.487769 32.635881 10.309278 164521049845.000000
0.307373 -0.943115 0.265137 -28.121759 32.025865 10.248277 164521052769.000000
0.303955 -0.945068 0.264160 -27.999756 31.659855 10.309278 164521055698.000000
0.304688 -0.946289 0.261963 -27.755749 31.537852 9.699262 164521058616.000000
0.305420 -0.945313 0.261230 -27.694748 31.171842 9.577259 164521061535.000000
0.306885 -0.947266 0.258301 -27.328738 31.476850 9.699262 164521064461.000000
0.308105 -0.949951 0.252930 -26.779723 30.988837 9.211249 164521067378.000000
0.317139 -0.952393 0.254639 -27.084731 31.293845 9.272250 164521070297.000000
0.319336 -0.957520 0.239746 -26.779723 31.232843 8.967242 164521073222.000000
0.318848 -0.958496 0.244385 -26.474715 31.110840 8.967242 164521076139.000000
0.320313 -0.961914 0.247803 -25.925700 31.293845 8.967242 164521079061.000000
0.317871 -0.964844 0.255127 -25.681693 31.293845 8.540231 164521081980.000000
0.320557 -0.973633 0.247070 -25.132679 31.537852 8.601232 164521084899.000000
0.313232 -0.979736 0.250488 -24.705667 31.903861 8.540231 164521087825.000000
0.320068 -0.984131 0.245850 -23.973647 32.208870 8.662234 164521090788.000000
0.326660 -0.984375 0.246338 -23.485634 32.391875 8.601232 164521093741.000000
0.326660 -0.984863 0.244629 -23.180626 32.635881 8.418227 164521096665.000000
0.327637 -0.983887 0.250244 -22.570609 33.367901 8.174221 164521099625.000000
0.326660 -0.989990 0.242920 -21.899591 33.733911 8.296224 164521102756.000000
0.328369 -0.987305 0.250244 -21.167572 34.282926 8.357226 164521105835.000000
0.325439 -0.992920 0.245361 -20.679558 34.465931 8.052217 164521108918.000000
0.322510 -0.990479 0.244141 -19.886537 34.892942 8.113219 164521111891.000000
0.321777 -0.993164 0.244873 -19.276520 35.258952 7.503203 164521114809.000000
0.317139 -0.987793 0.243896 -18.605502 35.319954 7.259196 164521117725.000000
0.317871 -0.988037 0.241455 -18.056488 35.563960 7.320198 164521120645.000000
0.314209 -0.988037 0.241211 -17.263466 35.441957 6.710181 164521123564.000000
0.311523 -0.989502 0.240967 -16.958458 34.953944 6.466175 164521126480.000000
0.305176 -0.989746 0.235107 -16.104435 34.831940 5.856158 164521129398.000000
0.301758 -0.990479 0.238281 -15.616422 33.916916 5.307143 164521132313.000000
0.292725 -0.993896 0.239990 -14.945404 33.245898 5.063137 164521135229.000000
0.288818 -0.995850 0.242920 -14.457390 32.574880 4.575124 164521138144.000000
0.287354 -0.998779 0.234863 -13.847374 31.232843 4.026109 164521141061.000000
0.281250 -1.002441 0.238770 -13.054352 29.768804 3.965107 164521143977.000000
0.277100 -1.003906 0.239014 -12.688343 28.487769 3.233087 164521146893.000000
0.272461 -1.007080 0.239746 -11.712316 27.023730 2.928079 164521149811.000000
0.271240 -1.015137 0.237061 -11.346306 25.437687 2.318063 164521152726.000000
0.268799 -1.017090 0.241699 -10.675288 23.912646 1.891051 164521155641.000000
0.270752 -1.018311 0.244629 -10.065272 21.777588 1.342036 164521158557.000000
0.267822 -1.019287 0.248779 -9.333252 19.825535 1.281035 164521161475.000000
0.265381 -1.022217 0.245850 -8.845239 17.995486 0.915025 164521164405.000000
0.264893 -1.019043 0.239990 -8.174221 15.982432 0.427012 164521167335.000000
0.261475 -1.022461 0.239258 -7.625206 13.420362 -0.061002 164521170254.000000
0.260010 -1.026855 0.244141 -7.015189 11.651315 -0.183005 164521173172.000000
0.261230 -1.027588 0.242676 -6.588178 9.516257 -0.915025 164521176088.000000
0.259521 -1.024902 0.248535 -6.039163 6.832184 -1.159031 164521179004.000000
0.260254 -1.024658 0.246094 -5.673153 4.758128 -1.769048 164521181935.000000
0.260498 -1.027832 0.238525 -4.941133 2.257061 -2.379064 164521184855.000000
0.254883 -1.027100 0.243896 -4.453120 0.122003 -2.501068 164521187772.000000
0.249512 -1.021973 0.246826 -3.965107 -1.891051 -3.416092 164521190692.000000
0.251221 -1.023193 0.245605 -3.782102 -4.148112 -3.538096 164521193612.000000
0.250244 -1.023438 0.236328 -3.294089 -6.588178 -3.904105 164521196528.000000
0.252686 -1.016113 0.245605 -3.172086 -8.479229 -4.575124 164521199459.000000
0.250732 -1.010254 0.234863 -3.172086 -10.492283 -4.758128 164521202374.000000
0.256104 -1.004883 0.240479 -2.745074 -12.200329 -4.880132 164521205290.000000
0.251465 -0.999023 0.229248 -2.928079 -13.603367 -5.307143 164521208205.000000
0.252686 -0.993896 0.228027 -2.806076 -14.945404 -5.551150 164521211123.000000
0.258545 -0.988037 0.231445 -2.989081 -16.104435 -5.734155 164521214059.000000
0.259033 -0.984619 0.223389 -2.928079 -16.897456 -5.978161 164521216974.000000
0.260742 -0.981445 0.233643 -3.355091 -17.934484 -6.161166 164521219892.000000
0.265625 -0.981689 0.232910 -3.477094 -18.483499 -6.527176 164521222806.000000
0.265381 -0.976318 0.224609 -3.782102 -19.337522 -6.466175 164521225722.000000
0.271484 -0.976074 0.229004 -3.782102 -19.459525 -6.893186 164521228642.000000
0.272461 -0.978516 0.241211 -4.148112 -19.703532 -6.771183 164521231570.000000
0.271729 -0.979980 0.232666 -4.209114 -19.825535 -6.710181 164521234484.000000
0.274902 -0.977295 0.230713 -4.697127 -19.886537 -6.588178 164521237401.000000
0.273193 -0.978027 0.236084 -4.697127 -19.276520 -6.222168 164521240327.000000
0.274414 -0.973877 0.231689 -5.185140 -19.093516 -5.978161 164521243240.000000
0.278564 -0.973145 0.232178 -5.917160 -18.849509 -5.673153 164521246157.000000
0.277344 -0.967529 0.244873 -6.161166 -18.056488 -5.551150 164521249079.000000
0.275146 -0.967041 0.247314 -6.283170 -17.568474 -5.002135 164521251996.000000
0.272217 -0.962891 0.246826 -6.832184 -16.775453 -4.575124 164521254909.000000
0.275635 -0.958252 0.250000 -6.771183 -16.348441 -3.904105 164521257823.000000
0.274170 -0.945557 0.251953 -7.198194 -15.372415 -3.660099 164521260975.000000
0.278809 -0.945313 0.247559 -7.625206 -14.335387 -2.989081 164521263898.000000
0.274658 -0.942139 0.252930 -7.686208 -13.481364 -2.928079 164521266814.000000
0.271484 -0.934570 0.253662 -8.296224 -12.383334 -2.501068 164521269738.000000
0.272949 -0.925049 0.253418 -8.601232 -11.041298 -2.074056 164521272658.000000
0.276123 -0.926025 0.250488 -8.784237 -9.821265 -1.464040 164521275573.000000
0.279053 -0.920166 0.259277 -9.394254 -8.479229 -0.976026 164521278488.000000
0.275879 -0.913086 0.254395 -9.516257 -6.832184 -0.549015 164521281414.000000
0.277344 -0.908203 0.254150 -10.309278 -5.368145 -0.122003 164521284332.000000
0.272217 -0.903809 0.256836 -10.736290 -3.721100 0.427012 164521287248.000000
0.276367 -0.900635 0.253906 -11.285305 -1.952053 1.281035 164521290165.000000
0.274658 -0.900879 0.262207 -11.651315 0.000000 1.708046 164521293082.000000
0.279541 -0.899658 0.264404 -12.322333 1.647044 2.135058 164521295996.000000
0.281006 -0.895752 0.255127 -12.566339 3.599097 2.562069 164521298922.000000
0.283691 -0.889648 0.251221 -13.542366 5.673153 3.050082 164521301837.000000
0.281006 -0.891357 0.251221 -13.908376 7.869212 3.538096 164521304753.000000
0.281738 -0.890625 0.248047 -14.152382 9.333252 3.965107 164521307669.000000
0.282715 -0.888428 0.249023 -14.396389 11.407308 4.331117 164521310587.000000
0.282715 -0.882813 0.249268 -15.006405 12.871348 5.002135 164521313503.000000
0.282227 -0.885010 0.250977 -15.494418 14.762399 5.368145 164521316417.000000
0.281494 -0.886719 0.249023 -15.738425 16.470445 5.978161 164521319349.000000
0.280762 -0.888672 0.246094 -16.104435 17.812481 6.588178 164521322264.000000
0.279541 -0.890381 0.240967 -16.409443 19.947539 7.320198 164521325179.000000
0.279297 -0.895264 0.247314 -16.287440 21.045568 7.625206 164521328094.000000
0.280518 -0.898682 0.244629 -16.653450 22.448606 8.540231 164521331010.000000
0.279053 -0.904297 0.247559 -16.958458 23.790642 8.967242 164521333926.000000
0.274902 -0.904053 0.247314 -17.019460 25.193680 9.638260 164521336841.000000
0.279541 -0.904297 0.249512 -16.836455 26.291710 10.370280 164521339758.000000
0.275146 -0.912842 0.243408 -17.019460 27.084731 10.919295 164521342673.000000
0.279297 -0.916016 0.243164 -16.836455 28.243763 11.651315 164521345587.000000
0.274658 -0.921875 0.249023 -16.897456 29.524797 12.383334 164521348511.000000
0.276123 -0.919189 0.240234 -16.897456 30.378820 12.871348 164521351442.000000
0.273438 -0.925293 0.244629 -16.592448 30.866833 13.420362 164521354356.000000
0.279053 -0.927979 0.239502 -16.470445 32.025865 14.213384 164521357270.000000
0.275146 -0.927246 0.237549 -16.348441 32.208870 14.823400 164521360193.000000
0.278809 -0.928955 0.233887 -16.043433 33.001891 15.433417 164521363108.000000
0.276367 -0.927002 0.242676 -16.043433 33.855914 15.982432 164521366035.000000
0.274414 -0.931396 0.238281 -15.982432 33.916916 16.592448 164521368956.000000
0.278564 -0.933105 0.240967 -15.616422 34.404929 17.019460 164521371873.000000
0.275146 -0.935059 0.236816 -15.372415 34.892942 17.507473 164521374789.000000
0.269775 -0.931396 0.240479 -14.884402 35.014945 18.056488 164521377712.000000
0.270020 -0.934814 0.238037 -14.701397 35.075947 18.422497 164521380641.000000
0.263184 -0.939697 0.236084 -14.335387 34.648936 18.727506 164521383562.000000
0.261475 -0.937988 0.237793 -13.969377 34.587934 18.971512 164521386476.000000
0.261963 -0.937500 0.240234 -14.091380 34.221924 19.215519 164521389393.000000
0.261963 -0.939697 0.232422 -13.725371 33.733911 19.398524 164521392309.000000
0.256592 -0.939453 0.232178 -13.115354 33.306899 19.764534 164521395223.000000
0.257813 -0.942871 0.229736 -12.627341 32.330873 20.496553 164521398141.000000
0.257568 -0.947266 0.229980 -12.383334 31.903861 20.191545 164521401058.000000
0.258301 -0.944092 0.232422 -11.773318 30.622827 20.923565 164521403972.000000
0.255127 -0.944824 0.234619 -11.590313 30.195815 20.862563 164521406886.000000
0.258789 -0.943848 0.227051 -10.980296 29.036784 21.228573 164521409804.000000
0.251465 -0.942871 0.234131 -10.614287 28.426768 21.411578 164521412718.000000
0.254395 -0.940674 0.239014 -10.004270 27.633746 21.289575 164521415633.000000
0.257324 -0.940186 0.229248 -9.943268 26.474715 21.472580 164521418550.000000
0.257813 -0.940186 0.227783 -9.577259 25.803697 21.655585 164521421468.000000
0.262207 -0.943115 0.232666 -8.906240 24.583664 21.472580 164521424383.000000
0.263916 -0.941406 0.225586 -8.479229 24.095651 21.350576 164521427297.000000
0.263916 -0.947266 0.231445 -8.174221 22.936619 21.045568 164521430213.000000
0.261475 -0.941406 0.235352 -7.564204 22.082596 20.618557 164521433127.000000
0.264160 -0.941406 0.230957 -7.198194 21.228573 20.984567 164521436042.000000
0.261719 -0.943359 0.228027 -6.588178 20.313548 21.045568 164521438960.000000
0.259521 -0.937988 0.227539 -5.978161 19.276520 20.435552 164521441876.000000
0.262695 -0.941406 0.228271 -5.734155 18.422497 20.313548 164521444791.000000
0.264648 -0.940430 0.231934 -5.124138 17.629476 20.008540 164521447706.000000
0.260254 -0.936035 0.226074 -4.697127 16.775453 19.764534 164521450631.000000
0.260498 -0.935547 0.227051 -4.026109 15.494418 19.032514 164521453547.000000
0.264648 -0.931152 0.222412 -3.782102 14.884402 18.605502 164521456461.000000
0.259521 -0.934814 0.222900 -3.233087 13.725371 18.300494 164521459390.000000
0.259277 -0.933350 0.218262 -2.806076 13.115354 17.934484 164521462309.000000
0.260010 -0.931152 0.214355 -2.501068 12.200329 17.385469 164521465225.000000
0.258545 -0.932861 0.214111 -2.257061 11.346306 16.775453 164521468141.000000
0.258545 -0.933594 0.212402 -1.525041 10.553285 16.348441 164521471066.000000
0.261963 -0.934570 0.207275 -1.525041 9.516257 15.738425 164521473981.000000
0.261475 -0.934570 0.202881 -0.976026 8.723236 14.945404 164521476903.000000
0.260986 -0.934814 0.203125 -0.610016 7.869212 14.640395 164521479827.000000
0.259277 -0.934082 0.197021 -0.427012 7.137193 13.847374 164521482744.000000
0.263428 -0.938965 0.198486 -0.183005 6.527176 13.359361 164521485659.000000
0.264404 -0.938477 0.199951 0.061002 5.673153 12.871348 164521488575.000000
0.262207 -0.933838 0.197266 0.793021 5.063137 12.078326 164521491492.000000
0.264160 -0.941162 0.195313 0.732020 4.636125 11.651315 164521494409.000000
0.261230 -0.935547 0.196289 1.159031 4.026109 10.980296 164521497323.000000
0.264648 -0.935059 0.194824 1.220033 3.477094 10.492283 164521500240.000000
0.262695 -0.934326 0.194580 1.342036 2.867077 9.699262 164521503156.000000
0.267090 -0.939697 0.190186 1.586043 2.501068 9.333252 164521506071.000000
0.263184 -0.939941 0.192139 1.586043 2.196059 8.662234 164521508990.000000
0.264648 -0.941162 0.195313 1.464040 1.525041 7.991216 164521511905.000000
0.264404 -0.941162 0.188232 1.708046 1.464040 7.503203 164521514820.000000
0.265869 -0.946777 0.194580 1.891051 1.281035 7.137193 164521517735.000000
0.264893 -0.948730 0.185547 2.074056 0.488013 6.588178 164521520652.000000
0.266113 -0.951172 0.186035 1.830049 0.183005 6.222168 164521523568.000000
0.268799 -0.956055 0.186035 1.891051 0.000000 5.917160 164521526483.000000
0.272217 -0.955566 0.184814 1.952053 -0.183005 5.368145 164521529401.000000
0.270752 -0.956787 0.190918 1.830049 -0.549015 5.063137 164521532318.000000
0.273438 -0.953613 0.187256 1.830049 -0.610016 4.697127 164521535233.000000
0.275635 -0.959229 0.191406 1.891051 -0.854023 4.392119 164521538147.000000
0.277588 -0.957764 0.180420 1.952053 -0.793021 4.270115 164521541065.000000
0.270264 -0.957275 0.188721 1.830049 -1.037028 3.721100 164521543988.000000
0.273193 -0.955811 0.184814 1.403038 -0.610016 3.355091 164521546903.000000
0.276123 -0.958496 0.179443 1.708046 -1.037028 2.989081 164521549827.000000
0.276123 -0.951416 0.182373 1.708046 -1.159031 3.050082 164521552745.000000
0.276855 -0.949707 0.179932 1.220033 -0.976026 2.440066 164521555666.000000
0.271484 -0.947021 0.177002 1.586043 -0.732020 2.257061 164521558581.000000
0.269775 -0.942627 0.176758 0.976026 -0.183005 2.196059 164521561499.000000
0.272217 -0.936035 0.179688 0.732020 -0.305008 1.464040 164521564414.000000
0.273926 -0.933350 0.183105 0.427012 -0.061002 1.220033 164521567345.000000
0.269043 -0.933838 0.180664 0.244007 0.427012 0.854023 164521570307.000000
0.274170 -0.926758 0.170410 -0.488013 0.915025 0.488013 164521573224.000000
0.274170 -0.926270 0.180420 -0.732020 1.281035 0.183005 164521576152.000000
0.273926 -0.921875 0.171875 -1.159031 1.830049 -0.061002 164521579076.000000
0.269531 -0.922119 0.176270 -1.159031 2.257061 -0.610016 164521581996.000000
0.271973 -0.919678 0.180420 -1.647044 2.928079 -0.732020 164521584918.000000
0.274414 -0.918457 0.179443 -1.952053 3.416092 -1.342036 164521587833.000000
0.278320 -0.915039 0.187256 -2.196059 4.270115 -1.220033 164521590766.000000
0.270752 -0.917725 0.184326 -2.440066 4.575124 -1.769048 164521593690.000000
0.270264 -0.915039 0.181885 -2.745074 5.246142 -1.952053 164521596622.000000
0.274658 -0.916504 0.185303 -2.867077 5.734155 -2.318063 164521599542.000000
0.266846 -0.913086 0.191162 -2.867077 6.161166 -2.684072 164521602459.000000
0.270264 -0.911621 0.190186 -3.172086 7.015189 -2.684072 164521605375.000000
0.267578 -0.909180 0.184082 -3.294089 7.686208 -3.416092 164521608290.000000
0.265625 -0.910645 0.192139 -3.355091 7.808211 -3.721100 164521611206.000000
0.270264 -0.906494 0.190186 -3.416092 8.296224 -4.209114 164521614121.000000
0.262695 -0.905762 0.188721 -3.660099 8.906240 -4.270115 164521617036.000000
0.262695 -0.905762 0.185303 -3.355091 8.784237 -5.002135 164521619955.000000
0.259033 -0.901855 0.190430 -3.477094 9.699262 -5.002135 164521622875.000000
0.257080 -0.901855 0.183594 -3.538096 9.699262 -5.551150 164521625790.000000
0.256836 -0.892334 0.180176 -3.477094 10.187275 -5.734155 164521628705.000000
0.251953 -0.887695 0.180908 -3.355091 10.431282 -6.344171 164521631621.000000
0.253662 -0.887451 0.182861 -3.416092 10.614287 -6.710181 164521634536.000000
0.249023 -0.879150 0.182129 -3.355091 10.858293 -7.015189 164521637452.000000
0.249512 -0.876709 0.179443 -3.050082 11.102300 -7.991216 164521640368.000000
0.251465 -0.871338 0.179688 -3.233087 11.102300 -7.991216 164521643282.000000
0.245361 -0.869385 0.171143 -3.294089 11.468310 -8.662234 164521646198.000000
0.244873 -0.862793 0.180176 -3.538096 11.285305 -9.211249 164521649120.000000
0.238037 -0.862305 0.171143 -3.538096 11.346306 -9.943268 164521652037.000000
0.231445 -0.858643 0.170410 -3.416092 11.346306 -10.065272 164521654958.000000
0.233643 -0.862305 0.174561 -3.416092 11.529311 -11.102300 164521657873.000000
0.233643 -0.852539 0.177979 -3.111084 11.102300 -11.224303 164521660791.000000
0.225586 -0.852783 0.174805 -3.172086 10.553285 -11.468310 164521663707.000000
0.219727 -0.851074 0.170898 -3.294089 9.943268 -12.200329 164521666622.000000
0.222656 -0.850830 0.180176 -2.928079 9.638260 -12.444336 164521669546.000000
0.214355 -0.853760 0.180908 -3.233087 8.845239 -13.054352 164521672464.000000
0.216064 -0.861572 0.181396 -2.806076 8.052217 -13.542366 164521675378.000000
0.214844 -0.867432 0.181152 -2.867077 7.442201 -13.908376 164521678293.000000
0.213623 -0.876709 0.188232 -2.562069 6.649180 -14.396389 164521681218.000000
0.213135 -0.886719 0.181885 -2.257061 5.673153 -14.701397 164521684133.000000
0.213379 -0.898438 0.194824 -2.196059 5.002135 -15.006405 164521687049.000000
0.217285 -0.914795 0.191895 -1.769048 3.721100 -15.128408 164521689967.000000
0.221924 -0.933838 0.194336 -1.281035 2.867077 -15.250412 164521692960.000000
0.218750 -0.945557 0.194336 -0.854023 1.647044 -15.433417 164521695880.000000
0.224609 -0.961182 0.197754 -0.183005 0.976026 -15.250412 164521698795.000000
0.224121 -0.980713 0.198730 0.427012 0.000000 -15.006405 164521701753.000000
0.229736 -0.999023 0.195557 1.098030 -0.610016 -14.823400 164521704670.000000
0.231689 -1.010986 0.190430 1.647044 -1.525041 -14.518392 164521707586.000000
0.239258 -1.025879 0.191406 2.318063 -1.586043 -14.213384 164521710503.000000
0.241699 -1.039795 0.191650 3.233087 -2.318063 -13.969377 164521713419.000000
0.241943 -1.053223 0.186523 4.026109 -2.440066 -13.786372 164521716332.000000
0.244629 -1.061523 0.194824 4.819130 -2.867077 -13.115354 164521719249.000000
0.250000 -1.070557 0.181641 5.917160 -3.111084 -12.383334 164521722171.000000
0.247314 -1.076416 0.182129 6.832184 -3.416092 -11.895321 164521725087.000000
0.249756 -1.084961 0.184814 7.625206 -3.599097 -11.468310 164521728002.000000
0.249268 -1.087158 0.177979 8.906240 -3.721100 -10.797292 164521730921.000000
0.243896 -1.095947 0.175537 9.699262 -4.148112 -9.943268 164521733840.000000
0.245361 -1.088623 0.170166 10.370280 -4.392119 -9.577259 164521736757.000000
0.244873 -1.090088 0.170166 11.346306 -4.880132 -8.845239 164521739675.000000
0.241211 -1.074219 0.171387 12.017324 -5.429147 -8.418227 164521742591.000000
0.239990 -1.071045 0.162598 12.627341 -6.100165 -7.747209 164521745506.000000
0.236572 -1.064697 0.158936 13.481364 -6.527176 -7.625206 164521748419.000000
0.237305 -1.059082 0.161377 13.786372 -7.381199 -6.954188 164521751359.000000
0.236328 -1.053955 0.159912 14.213384 -8.357226 -6.344171 164521754280.000000
0.230225 -1.048340 0.159912 14.579394 -9.089245 -5.612152 164521757195.000000
0.231445 -1.043213 0.152100 14.823400 -10.004270 -5.612152 164521760119.000000
0.226074 -1.040283 0.153564 15.189410 -10.980296 -5.002135 164521763038.000000
0.229736 -1.037109 0.160645 15.006405 -12.017324 -4.819130 164521765952.000000
0.230469 -1.037842 0.155762 15.189410 -13.054352 -4.270115 164521768903.000000
0.225586 -1.037354 0.161865 15.006405 -14.213384 -3.904105 164521771822.000000
0.226563 -1.037842 0.159424 14.945404 -14.945404 -3.599097 164521774739.000000
0.228516 -1.036621 0.166016 14.762399 -16.531446 -3.111084 164521777654.000000
0.222900 -1.033691 0.166504 14.701397 -17.629476 -2.562069 164521780580.000000
0.227051 -1.031738 0.167725 14.762399 -18.788507 -2.745074 164521783508.000000
0.225830 -1.032959 0.172119 14.823400 -20.618557 -2.013054 164521786422.000000
0.219482 -1.030518 0.169678 14.884402 -21.899591 -1.586043 164521789343.000000
0.219971 -1.028076 0.175537 15.006405 -23.302629 -1.403038 164521792269.000000
0.219971 -1.027100 0.182129 14.823400 -25.071677 -1.037028 164521795214.000000
0.220215 -1.019043 0.178711 14.762399 -26.169707 -1.342036 164521798131.000000
0.218994 -1.018799 0.184570 14.762399 -27.755749 -0.976026 164521801052.000000
0.222656 -1.015625 0.184570 14.762399 -28.975782 -0.610016 164521803974.000000
0.225586 -1.005371 0.183838 14.823400 -30.378820 -0.793021 164521806890.000000
0.223145 -1.002930 0.188721 14.274385 -31.293845 -0.610016 164521809808.000000
0.230713 -0.995605 0.183594 14.518392 -32.086866 -0.549015 164521812723.000000
0.229248 -0.993164 0.181152 14.213384 -33.123894 -1.220033 164521815638.000000
0.232666 -0.988770 0.181885 14.274385 -33.489904 -0.610016 164521818552.000000
0.238037 -0.987549 0.179443 13.725371 -33.977917 -1.159031 164521821470.000000
0.241699 -0.984863 0.180664 13.420362 -33.611908 -1.525041 164521824385.000000
0.244385 -0.986084 0.177246 13.298359 -34.099921 -1.342036 164521827301.000000
0.246582 -0.984375 0.179443 13.054352 -33.367901 -1.525041 164521830220.000000
0.247803 -0.991455 0.177002 12.932349 -33.001891 -1.769048 164521833135.000000
0.253906 -1.000000 0.178955 12.261331 -32.025865 -1.647044 164521836051.000000
0.258545 -1.001221 0.175293 12.200329 -31.354847 -1.464040 164521838968.000000
0.259766 -1.009766 0.174072 11.590313 -30.500824 -1.464040 164521841884.000000
0.255371 -1.016602 0.175537 11.407308 -29.463796 -1.708046 164521844801.000000
0.262695 -1.020996 0.175049 11.468310 -28.670774 -1.159031 164521847717.000000
0.261719 -1.026611 0.177734 11.468310 -27.755749 -0.915025 164521850649.000000
0.264648 -1.026123 0.180176 10.980296 -26.718721 -1.098030 164521853565.000000
0.261475 -1.030273 0.187256 11.163301 -25.864698 -0.671018 164521856479.000000
0.262695 -1.032227 0.187256 10.919295 -24.949674 -0.488013 164521859400.000000
0.265381 -1.034424 0.192871 10.919295 -24.278656 0.000000 164521862318.000000
0.266357 -1.035400 0.196777 10.980296 -23.729641 -0.244007 164521865232.000000
0.261475 -1.031006 0.194580 10.858293 -23.180626 -0.183005 164521868146.000000
0.259033 -1.025635 0.203125 11.041298 -22.570609 0.122003 164521871072.000000
0.261963 -1.022461 0.202393 11.163301 -21.899591 0.061002 164521873989.000000
0.259766 -1.020752 0.205811 11.102300 -21.838590 0.061002 164521876904.000000
0.258301 -1.014404 0.212158 11.346306 -20.984567 0.000000 164521879827.000000
0.258789 -1.013428 0.218994 11.590313 -20.557555 0.000000 164521882747.000000
0.259766 -1.011475 0.213867 11.102300 -20.191545 -0.183005 164521885670.000000
0.253906 -1.005127 0.217041 11.346306 -19.581529 -0.244007 164521888587.000000
0.258057 -1.004150 0.217529 11.285305 -19.154517 -0.610016 164521891513.000000
0.255859 -0.996826 0.214355 11.529311 -18.666504 -0.610016 164521894457.000000
0.254639 -0.986572 0.221436 11.224303 -17.873483 -0.976026 164521897376.000000
0.257568 -0.989502 0.219482 11.224303 -17.202464 -0.976026 164521900293.000000
0.255859 -0.982666 0.226563 11.224303 -15.921430 -1.464040 164521903209.000000
0.258057 -0.978271 0.220703 10.980296 -15.128408 -1.403038 164521906123.000000
0.249023 -0.976807 0.220703 10.919295 -14.274385 -1.586043 164521909040.000000
0.250488 -0.970459 0.225098 10.553285 -13.359361 -1.952053 164521911955.000000
0.253906 -0.962891 0.222656 10.431282 -12.383334 -2.196059 164521914872.000000
0.252197 -0.952637 0.225342 10.187275 -11.041298 -2.684072 164521917788.000000
0.250977 -0.947754 0.234375 9.760264 -10.309278 -2.745074 164521920708.000000
0.244873 -0.948242 0.229004 9.699262 -9.211249 -2.684072 164521923621.000000
0.244141 -0.941406 0.236328 9.333252 -7.991216 -2.928079 164521926536.000000
0.249512 -0.941650 0.243164 9.150247 -7.442201 -2.867077 164521929452.000000
0.244141 -0.940186 0.247803 9.028244 -6.649180 -3.233087 164521932366.000000
0.245605 -0.937012 0.249268 8.662234 -5.673153 -2.989081 164521935280.000000
0.244629 -0.936035 0.247559 8.845239 -5.124138 -2.806076 164521938194.000000
0.246582 -0.939697 0.260498 8.418227 -4.392119 -2.623071 164521941113.000000
0.243408 -0.940186 0.261963 8.479229 -4.026109 -2.745074 164521944028.000000
0.242676 -0.940430 0.263916 8.235222 -3.477094 -2.074056 164521946943.000000
0.240967 -0.940918 0.267334 8.357226 -3.111084 -2.196059 164521949872.000000
0.244385 -0.947021 0.274658 8.479229 -2.806076 -1.830049 164521952791.000000
0.240723 -0.943115 0.277588 8.906240 -2.440066 -1.647044 164521955706.000000
0.245117 -0.949951 0.287109 9.211249 -2.440066 -1.403038 164521958622.000000
0.245605 -0.952148 0.288086 9.394254 -2.318063 -1.159031 164521961550.000000
0.247314 -0.958496 0.288330 10.004270 -1.952053 -0.732020 164521964465.000000
0.250977 -0.963867 0.294189 10.370280 -2.135058 -0.793021 164521967401.000000
0.251709 -0.966309 0.290039 10.980296 -2.196059 -0.122003 164521970326.000000
0.248535 -0.970947 0.294678 11.712316 -2.135058 0.061002 164521973242.000000
0.254639 -0.970947 0.298828 12.383334 -2.318063 0.488013 164521976157.000000
0.254150 -0.980225 0.297607 13.054352 -2.257061 0.488013 164521979078.000000
0.255127 -0.979736 0.295410 13.847374 -2.013054 0.732020 164521981999.000000
0.249268 -0.986084 0.296387 14.213384 -2.257061 1.220033 164521984920.000000
0.256836 -0.987305 0.292236 15.250412 -1.891051 1.525041 164521987837.000000
0.258057 -0.991699 0.294189 15.921430 -1.952053 1.464040 164521990764.000000
0.254883 -0.990723 0.289063 16.470445 -2.196059 1.891051 164521993679.000000
0.256348 -0.992676 0.291504 17.568474 -2.013054 1.708046 164521996631.000000
0.254883 -0.991943 0.284912 17.934484 -2.074056 2.318063 164521999552.000000
0.256104 -0.990967 0.281494 18.727506 -2.135058 2.196059 164522002464.000000
0.252197 -0.989258 0.283691 19.398524 -2.135058 2.562069 164522005380.000000
0.252930 -0.989258 0.279541 19.886537 -2.013054 2.196059 164522008296.000000
0.253662 -0.988770 0.273682 20.557555 -2.013054 2.318063 164522011213.000000
0.258545 -0.984375 0.277832 21.106570 -1.830049 2.440066 164522014129.000000
0.253906 -0.980225 0.268311 21.594583 -2.257061 2.318063 164522017044.000000
0.256348 -0.976563 0.267822 22.082596 -2.074056 2.501068 164522019961.000000
0.250488 -0.972900 0.270264 22.570609 -2.684072 2.257061 164522022878.000000
0.247803 -0.971924 0.269531 22.631611 -2.928079 2.135058 164522025793.000000
0.242920 -0.971680 0.265869 23.363631 -2.989081 1.952053 164522028708.000000
0.240479 -0.968994 0.272217 23.607637 -3.355091 1.891051 164522031626.000000
0.241211 -0.972900 0.276855 23.912646 -3.782102 1.586043 164522034541.000000
0.240967 -0.965088 0.266602 24.217654 -4.575124 1.281035 164522037463.000000
0.239990 -0.966553 0.278320 24.278656 -5.368145 1.403038 164522040384.000000
0.239502 -0.966064 0.269775 24.461660 -6.161166 0.671018 164522043298.000000
0.233154 -0.968994 0.272705 24.827670 -6.832184 0.427012 164522046213.000000
0.229492 -0.973145 0.275879 24.888672 -7.747209 0.793021 164522049136.000000
0.236816 -0.977539 0.271729 25.193680 -8.662234 0.732020 164522052054.000000
0.236328 -0.980225 0.275879 25.498688 -9.455255 0.366010 164522054971.000000
0.230713 -0.988037 0.282959 25.864698 -10.675288 0.610016 164522057887.000000
0.234131 -0.992432 0.282715 25.803697 -12.078326 0.366010 164522061918.000000
0.233154 -0.990723 0.275879 26.230708 -13.603367 0.488013 164522064864.000000
0.236572 -0.996338 0.288330 26.779723 -14.701397 0.305008 164522067784.000000
0.241943 -0.997803 0.290771 27.084731 -15.921430 0.549015 164522070711.000000
0.237305 -1.002930 0.294434 27.267736 -17.263466 0.366010 164522073626.000000
0.239502 -0.994873 0.297119 27.816751 -18.361496 0.488013 164522076541.000000
0.242188 -0.994629 0.294434 28.060758 -19.581529 0.366010 164522079481.000000
0.242920 -0.993164 0.296143 28.365766 -20.740560 0.122003 164522082411.000000
0.239014 -0.987793 0.296387 28.731776 -21.777588 -0.305008 164522085326.000000
0.241211 -0.982178 0.304199 29.097786 -22.814616 -0.305008 164522088247.000000
0.240967 -0.981201 0.300049 29.402794 -23.180626 -0.854023 164522091174.000000
0.247314 -0.974121 0.302002 29.158787 -24.461660 -0.976026 164522094092.000000
0.244873 -0.968750 0.300049 29.524797 -24.949674 -1.342036 164522097043.000000
0.245361 -0.961914 0.297363 29.585799 -25.437687 -1.830049 164522099965.000000
0.243408 -0.949463 0.296875 30.012810 -26.108705 -2.196059 164522102883.000000
0.245117 -0.941650 0.293213 29.768804 -26.108705 -2.745074 164522105799.000000
0.247559 -0.937500 0.291016 29.829805 -26.535716 -3.599097 164522108714.000000
0.246094 -0.930176 0.294434 29.890807 -26.535716 -3.782102 164522111631.000000
0.250244 -0.914063 0.290283 29.707802 -26.169707 -4.392119 164522114546.000000
0.251709 -0.913086 0.286621 29.768804 -26.169707 -4.941133 164522117461.000000
0.251221 -0.904541 0.292725 29.524797 -25.803697 -5.673153 164522120383.000000
0.252197 -0.904053 0.286377 29.524797 -25.010675 -6.283170 164522123300.000000
0.250000 -0.899902 0.288330 29.585799 -24.400659 -6.405173 164522126216.000000
0.258301 -0.898193 0.287109 28.853779 -23.363631 -6.954188 164522129133.000000
0.255615 -0.889893 0.291260 29.097786 -22.753614 -7.564204 164522132058.000000
0.254639 -0.892578 0.282227 28.914781 -21.533581 -8.052217 164522134975.000000
0.251953 -0.896484 0.284912 28.792777 -20.496553 -8.662234 164522137890.000000
0.252441 -0.892090 0.289551 28.609772 -19.581529 -8.906240 164522140806.000000
0.258301 -0.892090 0.285889 28.182761 -18.361496 -9.272250 164522143720.000000
0.256104 -0.897461 0.287842 28.304764 -17.202464 -9.699262 164522146637.000000
0.254883 -0.895508 0.297852 28.121759 -16.470445 -9.699262 164522149558.000000
0.255615 -0.895264 0.288574 28.121759 -15.616422 -10.187275 164522152477.000000
0.255371 -0.895020 0.296875 28.365766 -15.006405 -10.431282 164522155392.000000
0.252930 -0.898682 0.301025 28.487769 -13.969377 -10.797292 164522158309.000000
0.249756 -0.895020 0.293213 28.426768 -13.542366 -10.980296 164522161228.000000
0.250732 -0.895264 0.302490 28.487769 -13.115354 -11.041298 164522164141.000000
0.250000 -0.895508 0.306152 28.670774 -12.627341 -11.285305 164522167057.000000
0.244141 -0.888916 0.305176 28.914781 -12.932349 -11.468310 164522169980.000000
0.242676 -0.883301 0.313232 29.463796 -12.749344 -11.590313 164522172900.000000
0.237305 -0.880615 0.306152 29.341792 -12.627341 -11.773318 164522175816.000000
0.235596 -0.873535 0.312256 29.646800 -13.054352 -12.139328 164522178731.000000
0.234619 -0.869629 0.316650 29.829805 -13.603367 -12.078326 164522181658.000000
0.224365 -0.863037 0.318848 29.951809 -13.664369 -12.444336 164522184574.000000
0.222656 -0.860107 0.313965 30.256817 -13.969377 -12.383334 164522187496.000000
0.223145 -0.855957 0.321289 30.500824 -14.335387 -13.115354 164522190421.000000
0.222412 -0.845215 0.317627 30.744830 -14.701397 -12.871348 164522193338.000000
0.227295 -0.842285 0.316162 31.110840 -14.762399 -13.664369 164522196288.000000
0.222412 -0.839111 0.316162 31.110840 -15.067407 -13.542366 164522199207.000000
0.224121 -0.836426 0.311035 31.232843 -15.494418 -14.152382 164522202123.000000
0.221680 -0.840820 0.314209 31.354847 -15.372415 -14.152382 164522205038.000000
0.225342 -0.840820 0.312500 31.354847 -15.799427 -14.213384 164522207955.000000
0.222900 -0.847900 0.311768 31.659855 -15.677423 -14.457390 164522210872.000000
0.229492 -0.857178 0.315186 31.842860 -16.287440 -14.396389 164522213795.000000
0.226807 -0.864502 0.312256 31.903861 -16.287440 -14.823400 164522216710.000000
0.228760 -0.879639 0.305176 31.720856 -16.348441 -14.762399 164522219626.000000
0.227051 -0.892578 0.309082 31.720856 -16.775453 -14.579394 164522222540.000000
0.230713 -0.907227 0.304932 32.025865 -17.080461 -14.884402 164522225454.000000
0.229980 -0.918701 0.309326 31.781858 -17.446471 -14.762399 164522228366.000000
0.229736 -0.938965 0.309814 32.330873 -18.300494 -14.457390 164522231283.000000
0.229248 -0.955078 0.306885 32.147868 -18.910511 -14.152382 164522234199.000000
0.228027 -0.969482 0.307373 32.513878 -20.008540 -13.603367 164522237116.000000
0.231201 -0.984619 0.309814 32.818886 -21.045568 -13.237357 164522240033.000000
0.224609 -1.009277 0.308105 33.123894 -21.716586 -12.810346 164522242948.000000
0.225586 -1.021729 0.306152 33.123894 -23.302629 -12.505338 164522245863.000000
0.221680 -1.042969 0.306885 33.611908 -25.254682 -11.773318 164522248778.000000
0.218506 -1.063232 0.306641 33.916916 -26.657720 -11.285305 164522251741.000000
0.215332 -1.077393 0.304932 34.160922 -28.548771 -10.004270 164522254658.000000
0.214600 -1.091553 0.310059 34.465931 -31.415848 -9.455255 164522257572.000000
0.213623 -1.104248 0.311035 35.136949 -33.794912 -8.601232 164522260706.000000
0.207520 -1.112305 0.309814 35.197950 -36.295980 -7.503203 164522263631.000000
0.206055 -1.114258 0.310547 35.502959 -39.407064 -6.832184 164522266547.000000
0.199463 -1.118652 0.302490 36.051973 -42.640151 -5.795156 164522269471.000000
0.200195 -1.109375 0.308350 36.112975 -45.629232 -5.002135 164522272390.000000
0.194336 -1.107422 0.305176 36.539987 -48.862319 -4.209114 164522275305.000000
0.196777 -1.095703 0.305908 36.600988 -52.461416 -3.599097 164522278221.000000
0.202881 -1.086670 0.304443 36.600988 -55.816507 -2.806076 164522281147.000000
0.200928 -1.077148 0.297852 36.417983 -59.049594 -2.257061 164522284064.000000
0.198242 -1.065430 0.302002 36.539987 -62.038675 -1.891051 164522286979.000000
0.204346 -1.051514 0.291748 36.234978 -64.905752 -1.342036 164522289901.000000
0.206299 -1.034668 0.296143 35.746965 -67.162813 -0.915025 164522292821.000000
0.212158 -1.021729 0.285645 34.953944 -69.602879 -0.976026 164522295746.000000
0.220703 -1.009033 0.291992 34.465931 -72.103947 -0.793021 164522298692.000000
0.224121 -0.991943 0.287354 33.733911 -73.567986 -0.427012 164522301619.000000
0.219482 -0.983398 0.299561 32.818886 -75.032026 -0.305008 164522304535.000000
0.229492 -0.979004 0.300537 31.720856 -75.947051 -0.427012 164522307451.000000
0.236816 -0.972900 0.291260 31.110840 -76.740072 -0.122003 164522310370.000000
0.237549 -0.962402 0.293213 29.951809 -76.923077 -0.183005 164522313285.000000
0.243896 -0.960205 0.295410 28.792777 -77.106082 -0.061002 164522316202.000000
0.253174 -0.958252 0.301270 27.755749 -76.679070 -0.122003 164522319119.000000
0.251465 -0.955078 0.307129 26.413713 -76.374062 0.305008 164522322035.000000
0.262451 -0.949463 0.300537 25.559690 -75.459037 0.244007 164522324958.000000
0.261719 -0.949707 0.308105 24.400659 -74.239004 0.732020 164522327875.000000
0.269043 -0.952637 0.310791 23.424632 -73.018972 0.610016 164522330791.000000
0.275391 -0.953613 0.315186 22.570609 -71.371927 0.854023 164522333706.000000
0.278809 -0.956299 0.324219 21.533581 -69.907888 1.281035 164522336620.000000
0.280273 -0.956055 0.323730 20.740560 -67.162813 1.586043 164522339536.000000
0.294922 -0.954102 0.328369 19.642530 -64.783749 1.952053 164522342451.000000
0.297119 -0.956299 0.339111 19.154517 -62.160678 2.013054 164522345366.000000
0.305908 -0.953857 0.323486 17.934484 -59.171598 2.806076 164522348280.000000
0.303955 -0.952148 0.336914 17.141463 -55.938510 2.867077 164522351208.000000
0.310547 -0.946045 0.345947 16.043433 -52.583420 3.477094 164522354126.000000
0.312988 -0.945313 0.342041 15.433417 -48.984323 3.782102 164522357042.000000
