0.158936 -0.894043 0.067383 25.498688 -14.945404 24.217654 111827479445.000000
0.156738 -0.889893 0.072754 24.278656 -13.786372 23.607637 111827482367.000000
0.152588 -0.895996 0.073486 23.851644 -12.627341 23.302629 111827485280.000000
0.141113 -0.892578 0.081299 23.546636 -11.590313 23.058623 111827488190.000000
0.137939 -0.897217 0.082275 22.936619 -11.041298 22.509608 111827491121.000000
0.133057 -0.905273 0.081787 22.143598 -10.431282 22.082596 111827494047.000000
0.123779 -0.913330 0.085693 21.533581 -9.760264 21.594583 111827496956.000000
0.121338 -0.913330 0.097412 21.167572 -9.699262 20.984567 111827499864.000000
0.106445 -0.915039 0.094238 20.740560 -9.882267 20.557555 111827502823.000000
0.106934 -0.911621 0.092041 19.764534 -9.821265 19.642530 111827505734.000000
0.104248 -0.912109 0.086670 18.422497 -9.455255 19.154517 111827508643.000000
0.097412 -0.911133 0.091797 17.385469 -9.516257 18.178491 111827511560.000000
0.101074 -0.912354 0.092285 16.592448 -9.577259 17.385469 111827514476.000000
0.094238 -0.910889 0.086914 15.372415 -9.394254 16.531446 111827517385.000000
0.095703 -0.914551 0.088623 14.640395 -9.333252 15.921430 111827520297.000000
0.090332 -0.910889 0.094727 13.481364 -9.577259 15.250412 111827523209.000000
0.091309 -0.910889 0.087891 12.688343 -9.821265 14.518392 111827526117.000000
0.093018 -0.911865 0.096680 11.956323 -9.577259 13.542366 111827529033.000000
0.091797 -0.911865 0.093750 11.041298 -9.760264 13.176356 111827531951.000000
0.090332 -0.925781 0.108887 9.882267 -9.699262 12.627341 111827534877.000000
0.087891 -0.927002 0.103516 9.516257 -9.394254 11.590313 111827537794.000000
0.089844 -0.926270 0.114502 9.089245 -8.967242 11.407308 111827540716.000000
0.092285 -0.931152 0.107422 8.540231 -8.845239 10.187275 111827543633.000000
0.094482 -0.931396 0.113281 7.320198 -8.601232 10.126273 111827546550.000000
0.095459 -0.936279 0.111572 7.076191 -8.113219 9.516257 111827549466.000000
0.095947 -0.930176 0.114502 6.466175 -7.442201 8.540231 111827552384.000000
0.098877 -0.925781 0.126221 6.405173 -6.832184 7.808211 111827555302.000000
0.098389 -0.926514 0.130127 5.490148 -6.527176 7.076191 111827558222.000000
0.101074 -0.922119 0.125244 4.880132 -6.039163 7.076191 111827560663.000000
0.098389 -0.916260 0.131836 4.514122 -5.551150 6.588178 111827562482.000000
0.100830 -0.915527 0.138184 4.148112 -5.246142 6.100165 111827564289.000000
0.100342 -0.911865 0.134521 3.294089 -4.880132 5.917160 111827566091.000000
0.102783 -0.905273 0.124268 2.928079 -4.209114 5.429147 111827567894.000000
0.108154 -0.904297 0.131836 2.135058 -3.721100 5.185140 111827569697.000000
0.106445 -0.896240 0.125977 1.769048 -3.172086 4.819130 111827571499.000000
0.107178 -0.894531 0.126709 1.281035 -2.684072 4.453120 111827573299.000000
0.108887 -0.892090 0.124756 0.793021 -2.013054 4.331117 111827575098.000000
0.108643 -0.889893 0.130615 0.183005 -1.159031 4.331117 111827576898.000000
0.104492 -0.891846 0.123535 -0.671018 -0.793021 3.965107 111827578700.000000
0.107910 -0.886719 0.118164 -0.915025 0.061002 3.660099 111827580501.000000
0.105713 -0.889404 0.118652 -1.464040 0.793021 3.538096 111827582306.000000
0.112305 -0.882324 0.115234 -2.196059 1.769048 3.172086 111827584109.000000
0.107910 -0.885742 0.115723 -2.745074 2.745074 3.050082 111827585912.000000
0.106689 -0.884277 0.117676 -3.233087 3.416092 2.562069 111827587714.000000
0.106201 -0.886719 0.116211 -3.721100 4.087110 2.501068 111827589517.000000
0.106934 -0.883789 0.117432 -4.392119 5.002135 2.501068 111827591318.000000
0.098633 -0.886475 0.122070 -5.063137 5.856158 2.318063 111827593155.000000
0.094727 -0.887207 0.120605 -5.490148 7.137193 2.013054 111827595125.000000
0.093750 -0.888672 0.112061 -6.466175 8.052217 2.013054 111827598205.000000
0.090820 -0.890625 0.108154 -7.503203 9.516257 1.830049 111827601221.000000
0.093994 -0.890381 0.115479 -8.357226 10.736290 1.586043 111827604202.000000
0.087646 -0.900391 0.114014 -9.089245 12.200329 1.159031 111827607121.000000
0.082764 -0.899902 0.116943 -9.943268 13.237357 1.281035 111827610059.000000
0.076172 -0.895264 0.117188 -10.675288 14.640395 0.854023 111827612967.000000
0.078125 -0.899902 0.122070 -11.468310 15.677423 0.915025 111827615876.000000
0.071533 -0.901611 0.119141 -12.566339 16.958458 0.366010 111827618785.000000
0.060791 -0.907227 0.135010 -13.359361 18.056488 0.244007 111827621701.000000
0.058105 -0.904785 0.137451 -13.786372 19.215519 0.244007 111827624627.000000
0.066162 -0.901123 0.127441 -14.640395 20.313548 0.061002 111827627544.000000
0.065430 -0.899170 0.129883 -15.677423 21.533581 -0.244007 111827630463.000000
0.070068 -0.892334 0.125000 -16.592448 22.631611 -0.427012 111827633371.000000
0.064697 -0.895508 0.137207 -17.141463 23.790642 -0.610016 111827636279.000000
0.064941 -0.888672 0.131348 -17.507473 25.010675 -1.037028 111827639198.000000
0.062500 -0.885254 0.128174 -18.666504 25.986702 -1.403038 111827642114.000000
0.061035 -0.878906 0.131592 -19.337522 27.023730 -1.891051 111827645030.000000
0.054443 -0.870850 0.127686 -20.069542 28.365766 -2.257061 111827647947.000000
0.051025 -0.867920 0.137695 -20.801562 29.097786 -2.745074 111827650864.000000
0.054443 -0.862549 0.143311 -21.228573 29.951809 -3.172086 111827653771.000000
0.051270 -0.853760 0.134766 -22.265601 30.744830 -3.843104 111827656678.000000
0.051514 -0.847168 0.138916 -23.485634 31.415848 -4.575124 111827659601.000000
0.052246 -0.843506 0.137207 -23.973647 32.086866 -4.880132 111827662520.000000
0.047607 -0.834229 0.142822 -25.010675 32.330873 -5.734155 111827665441.000000
0.047607 -0.823486 0.134766 -25.620692 33.062893 -6.283170 111827668365.000000
0.044189 -0.822510 0.134277 -26.962728 33.428903 -6.771183 111827671284.000000
0.051025 -0.814941 0.130859 -28.121759 33.794912 -7.747209 111827674193.000000
0.048340 -0.815918 0.136475 -28.792777 34.038919 -8.418227 111827677100.000000
0.052734 -0.813477 0.120361 -29.951809 34.282926 -9.272250 111827680012.000000
0.056396 -0.805176 0.113770 -31.293845 34.282926 -10.004270 111827682927.000000
0.054443 -0.797607 0.111084 -32.635881 34.526932 -10.431282 111827685843.000000
0.056641 -0.791504 0.103516 -33.672909 34.526932 -11.041298 111827688758.000000
0.057373 -0.785645 0.093994 -34.709937 34.526932 -11.773318 111827691674.000000
0.055176 -0.776123 0.072266 -36.051973 34.648936 -12.444336 111827694584.000000
0.064453 -0.773438 0.061768 -38.126029 34.770939 -13.481364 111827697492.000000
0.075439 -0.760986 0.040771 -40.383090 34.587934 -13.969377 111827700406.000000
0.078125 -0.756592 0.040283 -42.335143 34.709937 -15.128408 111827703323.000000
0.083740 -0.754150 0.026855 -43.799183 34.404929 -15.677423 111827706247.000000
0.085938 -0.747314 0.011230 -45.507229 34.404929 -16.531446 111827709161.000000
0.088867 -0.746582 -0.007080 -47.581285 34.587934 -17.324468 111827712088.000000
0.085938 -0.748779 -0.013184 -49.533337 34.709937 -18.178491 111827715004.000000
0.085693 -0.751221 -0.035645 -50.997377 34.587934 -19.032514 111827717925.000000
0.085693 -0.764404 -0.043945 -52.827426 34.587934 -19.520527 111827720852.000000
0.088379 -0.769043 -0.064453 -54.657476 34.587934 -20.557555 111827723772.000000
0.095947 -0.779053 -0.081543 -56.731532 34.160922 -21.655585 111827726693.000000
0.086670 -0.789063 -0.078857 -58.134570 34.160922 -22.509608 111827729611.000000
0.087402 -0.794434 -0.078125 -59.659611 33.062893 -23.607637 111827732538.000000
0.091797 -0.801514 -0.091064 -60.635637 32.757884 -25.132679 111827735455.000000
0.088867 -0.802490 -0.107422 -62.953700 32.086866 -26.291710 111827738371.000000
0.081299 -0.796143 -0.109619 -64.722748 31.415848 -27.328738 111827741294.000000
0.078857 -0.803467 -0.108643 -66.064784 30.622827 -27.938754 111827744215.000000
0.068604 -0.804688 -0.125000 -67.833832 30.012810 -29.158787 111827747131.000000
0.062256 -0.805176 -0.127686 -69.236869 29.097786 -29.951809 111827750054.000000
0.057129 -0.803955 -0.146240 -71.554932 28.243763 -30.866833 111827752973.000000
0.050293 -0.804443 -0.142334 -73.079973 26.596718 -32.574880 111827755889.000000
0.047363 -0.812256 -0.151123 -74.361008 24.888672 -33.672909 111827758803.000000
0.038086 -0.819580 -0.159668 -75.520039 22.936619 -35.624962 111827761723.000000
0.034912 -0.824951 -0.160889 -76.679070 20.313548 -37.272006 111827764647.000000
0.034424 -0.839355 -0.166992 -78.631123 17.629476 -38.980052 111827767565.000000
0.032471 -0.849854 -0.180176 -79.424144 15.067407 -40.810102 111827770482.000000
0.034668 -0.870605 -0.186523 -80.644177 12.261331 -42.884158 111827773396.000000
0.032959 -0.891602 -0.190430 -81.681205 9.211249 -44.226194 111827776320.000000
0.032959 -0.899170 -0.204834 -83.206247 6.283170 -46.239248 111827779236.000000
0.044678 -0.924805 -0.209473 -84.304276 3.294089 -47.703288 111827782157.000000
0.046143 -0.954834 -0.215088 -85.402306 0.915025 -49.472336 111827785075.000000
0.056396 -0.987305 -0.223633 -86.927347 -1.586043 -50.936375 111827787996.000000
0.070557 -1.020020 -0.249756 -88.452388 -3.355091 -52.217410 111827790921.000000
0.087891 -1.060547 -0.270264 -90.526444 -4.514122 -53.193436 111827793836.000000
0.093994 -1.101074 -0.296143 -92.234490 -4.941133 -54.230464 111827796752.000000
0.114014 -1.158691 -0.326904 -94.674556 -5.307143 -55.267492 111827799666.000000
0.119385 -1.226563 -0.358643 -96.626609 -4.270115 -55.938510 111827802585.000000
0.129639 -1.302002 -0.388672 -98.517660 -3.050082 -55.938510 111827805499.000000
0.135254 -1.395508 -0.414307 -100.347709 -1.159031 -56.670530 111827808414.000000
0.138184 -1.487793 -0.432861 -101.506741 1.098030 -56.731532 111827811372.000000
0.145996 -1.577881 -0.453369 -102.543769 3.416092 -56.975538 111827814292.000000
0.148926 -1.630859 -0.466064 -103.641798 6.283170 -57.219545 111827817209.000000
0.150146 -1.690430 -0.455811 -103.885805 8.784237 -56.914537 111827820132.000000
0.155762 -1.743896 -0.442627 -104.312816 11.834320 -56.609528 111827823051.000000
0.151367 -1.760742 -0.410400 -103.397792 14.762399 -56.182517 111827825980.000000
0.147217 -1.753662 -0.370850 -102.421765 18.483499 -55.389496 111827828896.000000
0.141357 -1.713135 -0.325928 -101.994754 23.241628 -54.169463 111827831823.000000
0.132324 -1.652588 -0.280762 -101.689746 27.694748 -52.461416 111827834741.000000
0.122559 -1.575928 -0.217773 -100.591716 33.123894 -51.119380 111827837656.000000
0.104248 -1.497070 -0.179443 -100.347709 38.248033 -49.106326 111827840579.000000
0.096436 -1.418701 -0.131348 -99.981700 43.494174 -48.069298 111827843498.000000
0.087402 -1.344971 -0.084473 -99.615690 48.862319 -46.971268 111827846413.000000
0.078857 -1.269531 -0.041260 -98.578662 53.620448 -46.300250 111827849328.000000
0.068115 -1.207031 0.008057 -96.870616 58.073568 -46.300250 111827852255.000000
0.065186 -1.162842 0.034912 -94.979564 62.404685 -46.178247 111827855173.000000
0.061035 -1.096436 0.076416 -92.661502 66.247789 -46.971268 111827858103.000000
0.050049 -1.039307 0.109619 -90.892454 69.968889 -47.276276 111827861027.000000
0.046875 -0.976318 0.127197 -89.123406 73.018972 -47.764290 111827863949.000000
0.041260 -0.926758 0.144775 -88.269383 75.154029 -47.825291 111827866869.000000
0.044189 -0.893555 0.161865 -86.500336 77.838102 -48.069298 111827869784.000000
0.046387 -0.858643 0.166504 -84.853291 80.827182 -47.764290 111827872702.000000
0.051514 -0.827393 0.164307 -83.572256 83.633258 -47.398280 111827875622.000000
0.051270 -0.811035 0.155762 -82.901238 86.256329 -46.788263 111827878544.000000
0.046631 -0.797363 0.140869 -82.474227 88.879400 -46.239248 111827881465.000000
0.049805 -0.795410 0.138916 -81.193192 91.258464 -45.324224 111827884382.000000
0.052246 -0.795410 0.129639 -80.339169 94.369548 -44.836211 111827887298.000000
0.047852 -0.797852 0.100342 -78.631123 96.870616 -43.921186 111827890217.000000
0.044922 -0.791748 0.081787 -78.326115 99.981700 -43.616178 111827893131.000000
0.044434 -0.792969 0.052734 -77.350088 102.970780 -42.945160 111827896048.000000
0.045410 -0.802246 0.021729 -76.252059 105.837858 -42.274141 111827898965.000000
0.047119 -0.813477 -0.015625 -75.642042 109.253950 -42.030135 111827901883.000000
0.044922 -0.835205 -0.058594 -75.459037 112.670042 -41.542122 111827904808.000000
0.052979 -0.858643 -0.100830 -75.947051 115.537120 -41.664125 111827907724.000000
0.054688 -0.882568 -0.152100 -74.849021 118.709205 -42.091136 111827910643.000000
0.070068 -0.907959 -0.202393 -74.910023 122.003294 -43.006161 111827913560.000000
0.070801 -0.934082 -0.267334 -76.130056 125.053376 -44.348197 111827916475.000000
0.072266 -0.968750 -0.304199 -76.984079 127.127432 -45.568230 111827919391.000000
0.072510 -1.013916 -0.330322 -76.557067 128.957482 -46.788263 111827922309.000000
0.064941 -1.054443 -0.369629 -75.703044 130.238516 -48.496309 111827925227.000000
0.075684 -1.093506 -0.416504 -76.069054 131.702556 -50.692369 111827928143.000000
0.072510 -1.110352 -0.454590 -76.984079 132.800586 -52.339413 111827931071.000000
0.071533 -1.147705 -0.477783 -77.472092 133.959617 -53.986458 111827933990.000000
0.076660 -1.177979 -0.515381 -78.204112 135.118648 -55.816507 111827936906.000000
0.065186 -1.203369 -0.530029 -79.180138 135.911670 -56.731532 111827939822.000000
0.049561 -1.235107 -0.530273 -79.546148 135.789666 -57.646556 111827942787.000000
0.045166 -1.262451 -0.549805 -79.851156 134.813640 -57.951565 111827945705.000000
0.036865 -1.285156 -0.559326 -80.217166 134.874642 -58.805588 111827948636.000000
0.021484 -1.310303 -0.562988 -80.461172 133.654609 -58.866589 111827951571.000000
-0.017822 -1.333252 -0.553711 -79.668151 132.068566 -58.256573 111827954494.000000
-0.027344 -1.346436 -0.540527 -79.851156 129.567498 -58.439578 111827957417.000000
-0.034424 -1.357178 -0.545166 -80.522174 127.371439 -59.354603 111827960343.000000
-0.052979 -1.370850 -0.517822 -80.217166 123.711340 -60.635637 111827963269.000000
-0.084717 -1.373779 -0.471924 -78.692125 118.831208 -62.038675 111827966193.000000
-0.086914 -1.370117 -0.447754 -77.838102 113.829073 -63.380711 111827969109.000000
-0.114258 -1.361572 -0.434570 -76.191057 108.155920 -65.698774 111827972038.000000
-0.139160 -1.350098 -0.396240 -74.666016 101.445739 -67.528823 111827974958.000000
-0.154785 -1.326904 -0.366943 -73.811993 93.881535 -68.992863 111827977887.000000
-0.172607 -1.298096 -0.358887 -73.445983 86.622339 -70.700909 111827980805.000000
-0.180664 -1.274170 -0.343262 -73.384981 78.570121 -73.140975 111827983721.000000
-0.185059 -1.251465 -0.322754 -73.201976 70.456902 -75.459037 111827986638.000000
-0.186279 -1.230469 -0.302002 -72.652962 62.160678 -77.167084 111827989552.000000
-0.188232 -1.206543 -0.289307 -72.652962 54.108461 -78.875130 111827992481.000000
-0.178467 -1.185059 -0.278320 -72.469957 45.934240 -80.522174 111827995399.000000
-0.172363 -1.166992 -0.268555 -72.225950 38.126029 -82.230220 111827998313.000000
-0.150635 -1.149414 -0.256348 -71.432929 30.988837 -83.877265 111828001232.000000
-0.136230 -1.138916 -0.247314 -71.066919 24.156652 -85.097298 111828004148.000000
-0.115234 -1.120361 -0.245361 -70.639907 18.300494 -86.256329 111828007074.000000
-0.099854 -1.111084 -0.235352 -70.151894 12.932349 -87.110352 111828010000.000000
-0.082520 -1.089844 -0.234131 -69.175868 8.967242 -87.842372 111828012917.000000
-0.058105 -1.077881 -0.223389 -68.687855 5.185140 -88.025377 111828015834.000000
-0.036133 -1.064209 -0.218506 -67.833832 3.111084 -88.147380 111828018750.000000
-0.012695 -1.053223 -0.209961 -67.345818 1.098030 -88.147380 111828021677.000000
0.010742 -1.041016 -0.209229 -66.430794 0.671018 -87.964375 111828024612.000000
0.033691 -1.022461 -0.198730 -65.088757 0.671018 -87.964375 111828027528.000000
0.063965 -1.013672 -0.197266 -64.478741 1.891051 -87.598365 111828030452.000000
0.082764 -1.004395 -0.204346 -63.929726 4.453120 -87.415360 111828033373.000000
0.104492 -0.993896 -0.201904 -63.136705 6.893186 -86.744342 111828036291.000000
0.130371 -0.986084 -0.202148 -62.526688 10.980296 -86.256329 111828039218.000000
0.149658 -0.978516 -0.222168 -61.794668 15.372415 -85.402306 111828042145.000000
0.164063 -0.974365 -0.229736 -61.977673 20.740560 -84.304276 111828045062.000000
0.182129 -0.972900 -0.227295 -61.428659 26.169707 -83.328250 111828047977.000000
0.192383 -0.969238 -0.230469 -60.940645 32.025865 -82.230220 111828050901.000000
0.206055 -0.967285 -0.239502 -60.879644 38.980052 -81.254194 111828053821.000000
0.220459 -0.968018 -0.253906 -60.818642 45.812237 -79.607149 111828056737.000000
0.235596 -0.961182 -0.266357 -60.574636 52.705423 -78.204112 111828059655.000000
0.250488 -0.964844 -0.271484 -60.086622 60.330629 -76.862075 111828062576.000000
0.264404 -0.965088 -0.290283 -60.330629 67.833832 -75.337034 111828065493.000000
0.277100 -0.964844 -0.290039 -60.330629 75.215031 -73.628988 111828068411.000000
0.282959 -0.967773 -0.314941 -60.574636 83.206247 -72.347953 111828071367.000000
0.283447 -0.968750 -0.322998 -60.635637 90.526444 -70.517904 111828074285.000000
0.287598 -0.973145 -0.328369 -60.513634 97.785640 -69.114866 111828077199.000000
0.290039 -0.975098 -0.343262 -60.818642 105.166840 -67.223815 111828080115.000000
0.287842 -0.982178 -0.354736 -60.391631 112.121027 -65.271762 111828083030.000000
0.286133 -0.988037 -0.363037 -60.330629 118.221192 -63.868724 111828085945.000000
0.285889 -0.989258 -0.374756 -60.330629 124.016348 -61.916672 111828088861.000000
0.284668 -0.997070 -0.375977 -59.781614 129.628500 -60.757640 111828091779.000000
0.276611 -0.999756 -0.385986 -59.781614 134.508632 -59.415604 111828094696.000000
0.266113 -1.003174 -0.398682 -59.781614 138.839749 -57.951565 111828097612.000000
0.256836 -1.010742 -0.406738 -59.415604 142.865857 -56.426524 111828100532.000000
0.241699 -1.014404 -0.418701 -59.354603 146.220948 -55.328494 111828103450.000000
0.230957 -1.018799 -0.416504 -58.927591 148.783017 -54.230464 111828106366.000000
0.221680 -1.023682 -0.424072 -58.988593 150.857073 -53.315440 111828109282.000000
0.212646 -1.025146 -0.423828 -58.622583 152.077106 -52.156408 111828112210.000000
0.195801 -1.028564 -0.434570 -58.439578 152.931129 -51.485390 111828115126.000000
0.182129 -1.030273 -0.440674 -58.317575 153.358141 -50.814372 111828118040.000000
0.164551 -1.035889 -0.429688 -57.951565 152.748124 -50.204356 111828120964.000000
0.153809 -1.039307 -0.437500 -57.280547 151.772098 -49.838346 111828123884.000000
0.143799 -1.040527 -0.439209 -56.914537 150.247057 -49.289331 111828126799.000000
0.129395 -1.039795 -0.438232 -56.304520 148.417007 -49.228329 111828129716.000000
0.114258 -1.039063 -0.435059 -55.450497 145.488928 -49.106326 111828132634.000000
0.098389 -1.042725 -0.439453 -54.657476 142.255841 -48.923321 111828135549.000000
0.088135 -1.036133 -0.431885 -53.986458 138.595742 -48.984323 111828138464.000000
0.081543 -1.039795 -0.428711 -53.071433 134.325627 -49.167328 111828141392.000000
0.073486 -1.035645 -0.426514 -51.973403 129.811505 -49.899347 111828144314.000000
0.061279 -1.030029 -0.424072 -50.997377 124.321357 -50.570365 111828147230.000000
0.049561 -1.027344 -0.421143 -50.265357 118.709205 -50.814372 111828150164.000000
0.034912 -1.024170 -0.428223 -48.984323 112.853047 -51.607393 111828153084.000000
0.025146 -1.027588 -0.419678 -48.313304 106.569877 -51.973403 111828155999.000000
0.022705 -1.021729 -0.415771 -46.849265 100.347709 -52.583420 111828158920.000000
0.017090 -1.014160 -0.414795 -45.751235 93.332520 -53.193436 111828161839.000000
0.012451 -1.013184 -0.410889 -44.531202 86.683340 -53.803453 111828164756.000000
0.008057 -0.999756 -0.396973 -43.006161 79.668151 -54.230464 111828167673.000000
0.011963 -0.999756 -0.393555 -41.725127 72.957970 -54.901482 111828170592.000000
0.012695 -0.996582 -0.387695 -40.505094 66.186787 -55.389496 111828173507.000000
0.013672 -0.988525 -0.380859 -38.736046 59.720612 -55.572500 111828176423.000000
0.022705 -0.980713 -0.369629 -37.211005 53.681449 -56.060514 111828179339.000000
0.024658 -0.972656 -0.375000 -36.051973 47.886293 -56.243519 111828182257.000000
0.030029 -0.961914 -0.367920 -34.709937 42.335143 -56.304520 111828185172.000000
0.042725 -0.952637 -0.367432 -33.428903 37.272006 -55.999512 111828188086.000000
0.048828 -0.936279 -0.361572 -32.269871 32.757884 -55.755505 111828191003.000000
0.051514 -0.929199 -0.344971 -30.988837 28.426768 -55.450497 111828193932.000000
0.060303 -0.922607 -0.348877 -30.012810 24.583664 -54.779479 111828196847.000000
0.070313 -0.916992 -0.342285 -28.609772 21.167572 -54.352468 111828199766.000000
0.073975 -0.908203 -0.334961 -27.755749 17.995486 -53.437443 111828202697.000000
0.087891 -0.905518 -0.341064 -26.413713 15.616422 -52.522418 111828205613.000000
0.094238 -0.891357 -0.329590 -25.620692 12.932349 -51.607393 111828208529.000000
0.102783 -0.883789 -0.322998 -24.888672 10.980296 -50.448362 111828211456.000000
0.118652 -0.880859 -0.309326 -23.790642 9.638260 -49.411334 111828214372.000000
0.124268 -0.874268 -0.312012 -23.119624 8.052217 -48.191301 111828217287.000000
0.131104 -0.871826 -0.312256 -22.143598 6.832184 -46.788263 111828220212.000000
0.139160 -0.864502 -0.301514 -21.045568 6.283170 -45.507229 111828223126.000000
0.149414 -0.860107 -0.305908 -20.557555 5.612152 -44.043189 111828226054.000000
0.149658 -0.855957 -0.294189 -19.459525 4.880132 -42.396145 111828228968.000000
0.159668 -0.850586 -0.302979 -19.032514 4.880132 -41.359117 111828231893.000000
0.166992 -0.847900 -0.303223 -17.934484 4.697127 -39.529067 111828234809.000000
0.165039 -0.847656 -0.295654 -17.324468 4.819130 -37.943024 111828237724.000000
0.176025 -0.845703 -0.305176 -16.653450 5.002135 -36.539987 111828240649.000000
0.177734 -0.844727 -0.301270 -16.043433 4.697127 -35.014945 111828243570.000000
0.184570 -0.841797 -0.293457 -15.555420 5.063137 -33.001891 111828246485.000000
0.186279 -0.843994 -0.300781 -14.701397 5.429147 -31.415848 111828249401.000000
0.188232 -0.842529 -0.303467 -13.969377 5.429147 -29.829805 111828252327.000000
0.190186 -0.843506 -0.301025 -12.871348 5.551150 -28.060758 111828255244.000000
0.195801 -0.841797 -0.309326 -12.383334 5.551150 -26.474715 111828258160.000000
0.190186 -0.848877 -0.301270 -11.773318 5.856158 -24.888672 111828261078.000000
0.190674 -0.851318 -0.301270 -10.553285 5.734155 -23.180626 111828264074.000000
0.191895 -0.847900 -0.303955 -10.126273 5.429147 -21.411578 111828266994.000000
0.190186 -0.850098 -0.313477 -9.211249 5.551150 -19.825535 111828269911.000000
0.194092 -0.852783 -0.311768 -8.601232 5.307143 -18.361496 111828272862.000000
0.197998 -0.856201 -0.314697 -7.747209 4.941133 -16.653450 111828275777.000000
0.202637 -0.855957 -0.313477 -6.832184 4.880132 -15.250412 111828278692.000000
0.197754 -0.870605 -0.313721 -6.222168 4.819130 -13.481364 111828281610.000000
0.196289 -0.871826 -0.311768 -5.246142 4.270115 -12.017324 111828284525.000000
0.198486 -0.879150 -0.316406 -4.392119 3.904105 -10.248277 111828287442.000000
0.199707 -0.879883 -0.316895 -3.782102 3.721100 -8.601232 111828290360.000000
0.200439 -0.883789 -0.318848 -2.806076 3.416092 -7.076191 111828293274.000000
0.199707 -0.887939 -0.323730 -1.647044 2.867077 -5.490148 111828296190.000000
0.200684 -0.888428 -0.322754 -0.854023 2.318063 -3.904105 111828299105.000000
0.200684 -0.892822 -0.322754 -0.183005 1.769048 -2.379064 111828302022.000000
0.198975 -0.887939 -0.310791 0.854023 1.159031 -0.610016 111828304938.000000
0.202637 -0.894775 -0.306641 1.891051 0.488013 0.976026 111828307852.000000
0.199463 -0.896973 -0.307617 2.867077 -0.183005 2.257061 111828310775.000000
0.201172 -0.893311 -0.306152 3.721100 -0.915025 3.904105 111828313697.000000
0.199707 -0.893799 -0.312256 4.514122 -1.525041 5.368145 111828316614.000000
0.201660 -0.891846 -0.308594 5.490148 -2.684072 6.771183 111828319531.000000
0.197266 -0.894531 -0.312500 6.588178 -3.111084 8.052217 111828322458.000000
0.198730 -0.889648 -0.308350 7.259196 -3.904105 9.455255 111828325373.000000
0.201172 -0.892334 -0.304199 8.479229 -5.185140 11.041298 111828328292.000000
0.196289 -0.884033 -0.305664 9.333252 -5.612152 12.139328 111828331216.000000
0.200928 -0.892822 -0.308105 10.492283 -6.893186 13.725371 111828334137.000000
0.200195 -0.888916 -0.309326 11.102300 -7.808211 14.579394 111828337054.000000
0.200439 -0.891113 -0.305176 12.322333 -8.784237 15.799427 111828339978.000000
0.199463 -0.893799 -0.304443 13.359361 -9.638260 17.141463 111828342897.000000
0.199219 -0.892334 -0.302979 14.152382 -10.736290 18.361496 111828345813.000000
0.204834 -0.893799 -0.307129 15.311413 -11.468310 19.276520 111828348729.000000
0.199463 -0.897705 -0.308350 16.775453 -12.749344 20.435552 111828351655.000000
0.203613 -0.900635 -0.300781 17.385469 -13.542366 21.716586 111828354571.000000
0.199707 -0.901367 -0.298340 18.544501 -14.518392 22.448606 111828357486.000000
0.199707 -0.898682 -0.304932 19.520527 -15.433417 23.729641 111828360407.000000
0.200439 -0.900391 -0.299072 20.740560 -15.860428 25.071677 111828363322.000000
0.205811 -0.906006 -0.300293 21.777588 -16.897456 25.925700 111828366268.000000
0.205566 -0.903564 -0.308105 22.448606 -17.568474 27.084731 111828369185.000000
0.201172 -0.903320 -0.310303 23.912646 -18.117489 28.365766 111828372104.000000
0.203369 -0.903809 -0.301270 24.827670 -18.483499 29.463796 111828375018.000000
0.208252 -0.907959 -0.305908 25.376685 -18.971512 30.805832 111828377948.000000
0.209961 -0.911133 -0.292725 26.657720 -19.276520 32.086866 111828380865.000000
0.205566 -0.906982 -0.298828 27.511743 -19.520527 33.062893 111828383779.000000
0.204590 -0.908691 -0.302490 28.487769 -19.520527 34.160922 111828386696.000000
0.204590 -0.912598 -0.305908 29.158787 -19.581529 35.380955 111828389612.000000
0.209717 -0.917480 -0.308594 29.890807 -19.215519 36.356982 111828392531.000000
0.211182 -0.913818 -0.307373 31.171842 -19.215519 37.638016 111828395459.000000
0.213379 -0.921143 -0.303467 31.964863 -18.422497 38.980052 111828398375.000000
0.205078 -0.924316 -0.312012 32.574880 -18.117489 39.956079 111828401292.000000
0.209229 -0.927979 -0.311523 33.489904 -17.324468 41.054108 111828404210.000000
0.208740 -0.932617 -0.305176 34.221924 -16.714451 42.518148 111828407127.000000
0.208496 -0.936035 -0.309570 35.014945 -16.226438 43.677179 111828410059.000000
0.203857 -0.935303 -0.305664 35.868968 -15.433417 44.836211 111828412974.000000
0.200439 -0.937988 -0.307129 36.417983 -15.006405 45.995242 111828415890.000000
0.203369 -0.941650 -0.312012 37.272006 -14.274385 47.093272 111828418805.000000
0.195557 -0.937744 -0.314453 37.821021 -14.152382 48.130300 111828421730.000000
0.195068 -0.941162 -0.309326 38.248033 -12.993351 49.228329 111828424647.000000
0.189697 -0.937500 -0.312012 39.163057 -12.383334 50.387360 111828427562.000000
0.187012 -0.943848 -0.302734 39.895077 -11.590313 51.546392 111828430484.000000
0.187500 -0.946289 -0.302979 40.444092 -10.980296 52.278412 111828433403.000000
0.182129 -0.947021 -0.304443 41.359117 -10.370280 53.437443 111828436318.000000
0.182129 -0.947266 -0.301270 41.725127 -9.455255 54.535472 111828439232.000000
0.172363 -0.957031 -0.300049 42.213140 -9.028244 55.511499 111828442158.000000
0.167969 -0.955566 -0.295410 43.372171 -8.357226 56.304520 111828445074.000000
0.168213 -0.956787 -0.295898 44.104191 -7.747209 57.524553 111828447991.000000
0.166016 -0.964111 -0.283936 45.141219 -7.442201 58.195571 111828450913.000000
0.166504 -0.965088 -0.284668 45.751235 -6.710181 59.415604 111828453831.000000
0.153809 -0.971924 -0.283447 46.544257 -6.222168 60.025621 111828456748.000000
0.156494 -0.973877 -0.290039 47.032270 -5.612152 60.757640 111828459663.000000
0.154541 -0.977539 -0.287842 47.520283 -5.490148 61.855670 111828462583.000000
0.149414 -0.976807 -0.287842 48.435308 -5.002135 62.526688 111828465536.000000
0.144287 -0.979004 -0.286377 49.228329 -4.453120 63.502715 111828468453.000000
0.141113 -0.985107 -0.278564 49.716342 -4.087110 64.295736 111828471373.000000
0.127197 -0.993408 -0.281982 50.875374 -3.721100 65.027756 111828474290.000000
0.125732 -0.992920 -0.273682 51.973403 -3.477094 66.064784 111828477205.000000
0.114746 -1.006104 -0.276367 52.400415 -3.599097 66.857805 111828480124.000000
0.107178 -1.008057 -0.272461 53.376441 -3.782102 67.833832 111828483042.000000
0.100586 -1.007813 -0.268799 54.413469 -4.087110 68.931861 111828485957.000000
0.093262 -1.009033 -0.263184 54.596474 -4.880132 69.480876 111828488872.000000
0.084229 -1.004150 -0.254883 55.877509 -5.612152 70.090892 111828491789.000000
0.077393 -1.007324 -0.253174 56.670530 -6.344171 71.066919 111828494704.000000
0.068359 -1.010010 -0.244141 57.524553 -7.198194 71.615934 111828497621.000000
0.058350 -1.015381 -0.243896 58.561581 -8.601232 72.042945 111828500545.000000
0.055176 -1.019287 -0.230713 59.964619 -9.882267 72.652962 111828503462.000000
0.044678 -1.030273 -0.225098 61.062649 -11.346306 73.201976 111828506379.000000
0.033203 -1.044189 -0.215576 62.831696 -13.054352 73.323980 111828509293.000000
0.025879 -1.055908 -0.199707 64.722748 -14.823400 73.872995 111828512210.000000
0.014648 -1.068359 -0.189209 66.186787 -17.751479 74.239004 111828515126.000000
0.006592 -1.077637 -0.181641 68.077838 -20.374550 74.361008 111828518041.000000
0.009033 -1.084229 -0.181152 69.541878 -23.119624 74.544013 111828520964.000000
0.002197 -1.093994 -0.196777 70.700909 -26.108705 74.666016 111828523889.000000
-0.003174 -1.102539 -0.201660 71.432929 -29.036784 74.910023 111828526803.000000
-0.004150 -1.116699 -0.209473 72.164948 -32.086866 74.788019 111828529719.000000
-0.010254 -1.148926 -0.228271 73.506985 -34.770939 75.032026 111828532646.000000
-0.010010 -1.181152 -0.255615 73.750991 -37.821021 75.032026 111828535563.000000
-0.020752 -1.213135 -0.266113 74.483011 -41.054108 75.337034 111828538480.000000
-0.020996 -1.259766 -0.297119 74.666016 -44.653206 75.337034 111828541405.000000
-0.024658 -1.315186 -0.314941 75.398036 -48.923321 75.459037 111828544321.000000
-0.028320 -1.378174 -0.343994 75.947051 -53.254438 75.520039 111828547237.000000
-0.026855 -1.437988 -0.370850 76.984079 -58.439578 75.459037 111828550159.000000
-0.018066 -1.490723 -0.387207 78.204112 -64.356738 75.459037 111828553079.000000
-0.012695 -1.537109 -0.404053 78.997133 -70.029891 75.642042 111828555994.000000
0.004395 -1.567627 -0.409424 80.644177 -76.679070 75.764046 111828558908.000000
0.011719 -1.583740 -0.395996 82.047215 -83.389252 76.252059 111828561831.000000
0.033691 -1.579346 -0.383789 83.816263 -89.489416 77.106082 111828565889.000000
0.062988 -1.545410 -0.357910 86.927347 -98.151650 78.997133 111828568840.000000
0.084473 -1.500732 -0.320801 88.330385 -103.458793 80.339169 111828571768.000000
0.104248 -1.451172 -0.296387 89.794424 -108.277924 82.108217 111828574686.000000
0.121094 -1.393555 -0.264404 90.770451 -112.731044 83.816263 111828577602.000000
0.129883 -1.329834 -0.231689 91.441469 -115.903129 84.975294 111828580522.000000
0.138428 -1.263428 -0.210693 91.014457 -118.587202 86.195327 111828583437.000000
0.139160 -1.221191 -0.198242 90.526444 -120.783261 87.781370 111828586355.000000
0.143555 -1.160645 -0.185303 89.611420 -122.430306 88.635393 111828589268.000000
0.144531 -1.098389 -0.159424 88.269383 -124.016348 88.940401 111828592186.000000
0.142578 -1.051758 -0.146973 87.537364 -125.358385 89.550418 111828595101.000000
0.144043 -1.006348 -0.130371 86.500336 -126.944427 88.879400 111828598015.000000
0.138428 -0.962402 -0.122314 85.280303 -128.530470 88.391387 111828600932.000000
0.131836 -0.928223 -0.100830 84.609284 -130.299518 87.598365 111828603851.000000
0.125488 -0.893799 -0.099365 83.633258 -132.800586 86.744342 111828606769.000000
0.132080 -0.878174 -0.096680 83.084243 -135.057647 85.097298 111828609696.000000
0.129395 -0.863770 -0.092529 82.169219 -137.436711 83.633258 111828612614.000000
0.131836 -0.856201 -0.088379 81.559202 -140.486793 81.559202 111828615531.000000
0.135498 -0.845947 -0.084961 81.498200 -143.475874 79.851156 111828618447.000000
0.139648 -0.853271 -0.087158 80.827182 -146.586958 77.594095 111828621369.000000
0.145508 -0.854004 -0.091797 80.461172 -149.576039 75.764046 111828624288.000000
0.156738 -0.867920 -0.098633 80.217166 -152.077106 74.056000 111828627204.000000
0.168213 -0.884277 -0.108398 79.973159 -155.005185 72.042945 111828630122.000000
0.177734 -0.899170 -0.113281 79.302141 -157.140243 70.517904 111828633038.000000
0.181396 -0.922363 -0.121338 79.729153 -158.726286 69.053864 111828635954.000000
0.196045 -0.940674 -0.125732 79.912158 -160.068322 67.528823 111828638868.000000
0.218506 -0.966064 -0.135010 79.729153 -160.495333 66.125785 111828641797.000000
0.240479 -0.980957 -0.151123 79.729153 -160.190325 65.149759 111828644713.000000
0.258301 -1.004883 -0.158691 79.546148 -159.214299 64.356738 111828647629.000000
0.275879 -1.013916 -0.163818 79.485146 -157.140243 63.502715 111828650552.000000
0.303711 -1.028809 -0.170898 79.180138 -153.846154 62.465687 111828653472.000000
0.324219 -1.041748 -0.186279 79.058135 -150.125053 61.977673 111828656386.000000
0.336182 -1.051514 -0.207764 77.106082 -144.573903 61.733667 111828659300.000000
0.338379 -1.072266 -0.187744 77.106082 -139.022754 62.221680 111828662217.000000
0.341309 -1.091553 -0.182861 77.533093 -132.495577 62.221680 111828665133.000000
0.364258 -1.108643 -0.215820 76.130056 -124.809370 61.977673 111828668083.000000
0.378906 -1.126221 -0.218262 75.032026 -117.611176 62.465687 111828671002.000000
0.380859 -1.138184 -0.222168 74.239004 -109.497956 62.587690 111828673933.000000
0.375244 -1.156006 -0.216797 73.201976 -101.811749 63.014701 111828676859.000000
0.373047 -1.169434 -0.208984 73.201976 -94.247545 63.197706 111828679776.000000
0.365723 -1.185547 -0.218262 72.530958 -86.439334 63.807723 111828682697.000000
0.366455 -1.193359 -0.223145 71.737937 -79.119136 64.112731 111828685613.000000
0.353027 -1.197754 -0.234131 71.249924 -72.530958 64.661746 111828688528.000000
0.337158 -1.206299 -0.223633 70.395901 -66.247789 65.454767 111828691447.000000
0.315186 -1.214355 -0.228027 69.480876 -60.635637 65.637772 111828694363.000000
0.304932 -1.218994 -0.219727 68.870860 -55.999512 66.064784 111828697278.000000
0.280029 -1.222168 -0.203857 68.321845 -52.644421 66.430794 111828700198.000000
0.258301 -1.226563 -0.194336 68.260843 -49.716342 66.125785 111828703113.000000
0.233398 -1.221436 -0.186768 67.223815 -48.740316 65.942780 111828706042.000000
0.210938 -1.212158 -0.177734 66.857805 -48.496309 65.454767 111828708957.000000
0.183838 -1.202881 -0.163330 65.820777 -49.838346 64.905752 111828711874.000000
0.164795 -1.184082 -0.156982 65.149759 -52.034405 63.929726 111828714791.000000
0.145752 -1.172363 -0.142090 64.478741 -54.718477 62.770695 111828717706.000000
0.123291 -1.163086 -0.130859 63.624718 -58.561581 61.855670 111828720642.000000
0.102051 -1.150879 -0.111084 62.953700 -63.014701 60.635637 111828723561.000000
0.091064 -1.143555 -0.091064 62.343683 -67.589825 59.354603 111828726477.000000
0.078857 -1.125977 -0.079102 62.282682 -72.652962 57.585555 111828729392.000000
0.069580 -1.111572 -0.072266 61.611664 -78.021107 56.365522 111828732317.000000
0.065186 -1.104736 -0.058838 61.123650 -83.023242 54.779479 111828735232.000000
0.065186 -1.093018 -0.062012 60.452632 -88.452388 53.132435 111828738147.000000
0.071045 -1.083984 -0.042969 60.086622 -93.027512 51.424388 111828741069.000000
0.069580 -1.076904 -0.040283 59.842616 -97.968645 50.326359 111828743988.000000
0.083252 -1.067871 -0.035645 59.842616 -101.811749 48.801318 111828746903.000000
0.093750 -1.062744 -0.031250 59.415604 -104.983835 47.276276 111828749817.000000
0.108887 -1.060059 -0.019775 59.964619 -107.545904 45.812237 111828752736.000000
0.114990 -1.057617 -0.016357 59.842616 -109.314952 44.409199 111828755655.000000
0.135498 -1.050781 -0.005859 60.574636 -110.473983 43.494174 111828758571.000000
0.148682 -1.047119 -0.002441 60.513634 -110.778991 42.213140 111828761498.000000
0.164307 -1.039307 0.004883 61.123650 -110.412981 41.237113 111828764414.000000
0.175781 -1.030273 0.012207 61.550662 -109.436955 40.322089 111828767356.000000
0.187256 -1.021240 0.019043 62.160678 -108.155920 39.651071 111828770277.000000
0.196045 -1.019043 0.016602 62.343683 -106.264869 39.285061 111828773193.000000
0.198975 -1.015869 0.030762 63.258708 -104.007808 38.370036 111828776108.000000
0.206055 -1.009766 0.042725 63.929726 -101.811749 38.004026 111828779024.000000
0.212402 -1.004883 0.038818 64.234734 -98.883670 37.760020 111828781941.000000
0.219238 -0.992920 0.034424 64.661746 -95.650583 37.333008 111828784857.000000
0.221924 -0.984131 0.035156 64.600744 -92.844507 37.089001 111828787771.000000
0.224121 -0.975586 0.035400 64.722748 -89.550418 37.089001 111828790689.000000
0.225098 -0.965576 0.037842 64.539743 -86.439334 36.905996 111828793605.000000
0.218994 -0.959473 0.031738 64.417739 -83.145245 36.661990 111828796519.000000
0.221191 -0.946289 0.034912 64.295736 -80.461172 36.661990 111828799437.000000
0.220215 -0.939941 0.031006 64.234734 -77.289087 36.417983 111828802354.000000
0.212891 -0.929932 0.031494 63.929726 -74.727018 36.295980 111828805268.000000
0.207520 -0.921387 0.025635 63.380711 -72.347953 36.295980 111828808183.000000
0.204834 -0.918457 0.018555 62.648692 -70.151894 35.929970 111828811100.000000
0.197998 -0.918213 0.013672 62.038675 -68.138840 35.502959 111828814014.000000
0.196045 -0.918457 0.018799 61.367657 -66.796804 35.563960 111828816929.000000
0.187500 -0.921631 0.015137 60.696639 -64.966754 35.075947 111828819843.000000
0.180420 -0.921631 0.007080 59.903617 -64.051729 34.526932 111828822799.000000
0.178711 -0.929688 0.008057 59.354603 -62.831696 34.038919 111828825726.000000
0.171631 -0.925781 0.009766 58.744586 -61.977673 33.428903 111828828643.000000
0.166504 -0.932861 0.001465 57.707558 -61.428659 33.001891 111828831570.000000
0.164551 -0.934570 -0.000732 56.670530 -60.696639 32.208870 111828834487.000000
0.164307 -0.938477 -0.009521 55.206491 -60.147624 31.293845 111828837402.000000
0.162109 -0.946777 -0.005615 54.108461 -59.903617 30.927835 111828840328.000000
0.159180 -0.952637 -0.006104 53.010431 -59.537608 29.829805 111828843247.000000
0.153076 -0.954590 -0.007324 51.729397 -59.415604 29.402794 111828846161.000000
0.145508 -0.958496 -0.004883 50.021351 -59.110596 28.792777 111828849077.000000
0.141357 -0.962891 -0.002197 48.496309 -58.988593 28.365766 111828852003.000000
0.145020 -0.969238 -0.012939 47.276276 -59.049594 27.816751 111828854924.000000
0.148438 -0.974365 -0.003174 46.727262 -58.988593 27.389740 111828857841.000000
0.156982 -0.974121 -0.004639 45.568230 -58.378576 26.413713 111828860765.000000
0.160156 -0.966309 -0.015869 44.653206 -57.707558 25.559690 111828863684.000000
0.165283 -0.963379 -0.018555 43.616178 -56.792533 24.888672 111828866599.000000
0.170166 -0.952148 -0.030518 42.274141 -55.999512 23.912646 111828869542.000000
0.172363 -0.947510 -0.029541 40.444092 -54.840481 23.363631 111828872474.000000
0.181641 -0.939453 -0.037598 39.346062 -53.559446 22.936619 111828875390.000000
0.183350 -0.942871 -0.043945 37.943024 -52.400415 22.082596 111828878307.000000
0.189941 -0.942139 -0.045898 36.844995 -50.936375 21.655585 111828881227.000000
0.197998 -0.939209 -0.048340 35.990972 -49.838346 21.167572 111828884143.000000
0.195313 -0.940918 -0.035156 34.648936 -48.618313 20.496553 111828887069.000000
0.197021 -0.945557 -0.041260 33.489904 -47.337278 20.313548 111828889988.000000
0.201904 -0.942627 -0.040283 33.062893 -46.239248 19.459525 111828892902.000000
0.202148 -0.944824 -0.033203 30.866833 -42.335143 18.788507 111828900546.000000
0.199951 -0.940918 -0.034424 29.463796 -40.871104 18.300494 111828903741.000000
0.198730 -0.936279 -0.015625 28.304764 -39.529067 17.812481 111828906699.000000
0.201416 -0.932129 -0.021973 27.511743 -38.370036 17.751479 111828909625.000000
0.201660 -0.927246 -0.015137 26.352712 -36.722992 17.202464 111828912649.000000
0.196533 -0.924316 -0.008545 25.193680 -35.441957 16.958458 111828915662.000000
0.204102 -0.912354 -0.014893 23.363631 -33.794912 16.714451 111828918592.000000
0.209717 -0.909912 -0.017090 21.899591 -32.513878 16.043433 111828921520.000000
0.214111 -0.898926 -0.006104 20.435552 -30.866833 16.043433 111828924432.000000
0.223145 -0.894043 -0.007324 19.459525 -29.158787 15.494418 111828927347.000000
0.221680 -0.880859 -0.013184 18.483499 -27.511743 15.372415 111828930270.000000
0.234863 -0.877197 -0.011963 17.141463 -25.864698 15.067407 111828933187.000000
0.237305 -0.868408 -0.021484 16.043433 -23.851644 14.579394 111828936113.000000
0.239014 -0.859619 -0.013428 15.189410 -22.082596 14.274385 111828939035.000000
0.247314 -0.861328 -0.019775 14.152382 -20.069542 13.481364 111828941946.000000
0.244629 -0.852051 -0.018311 13.298359 -18.300494 13.603367 111828944892.000000
0.247314 -0.851318 -0.020020 12.444336 -16.592448 12.749344 111828947803.000000
0.248535 -0.849609 -0.016846 11.285305 -14.823400 12.505338 111828950714.000000
0.241699 -0.844238 -0.014893 10.553285 -13.298359 11.956323 111828953627.000000
0.239990 -0.849365 -0.010254 9.882267 -11.895321 12.017324 111828956536.000000
0.236816 -0.849365 -0.006348 9.150247 -10.187275 11.285305 111828959453.000000
0.236328 -0.850586 -0.001953 8.601232 -8.540231 11.041298 111828962371.000000
0.227539 -0.851074 0.005371 7.564204 -7.381199 10.553285 111828965291.000000
0.223389 -0.853760 0.013184 6.588178 -5.917160 10.004270 111828968288.000000
0.223389 -0.852051 0.015381 5.917160 -4.758128 9.089245 111828971202.000000
0.220947 -0.850586 0.013916 4.941133 -3.599097 8.723236 111828974129.000000
0.222168 -0.846191 0.011719 2.806076 -2.196059 8.113219 111828977042.000000
0.220947 -0.847656 0.009033 0.915025 -0.976026 7.747209 111828979990.000000
0.218994 -0.846436 0.015625 0.000000 0.366010 7.015189 111828982905.000000
0.220459 -0.851563 0.015625 -1.403038 1.708046 6.954188 111828985824.000000
0.226318 -0.853027 0.019775 -2.562069 3.233087 6.283170 111828988741.000000
0.225830 -0.847900 0.010010 -4.209114 5.063137 5.734155 111828991661.000000
0.222656 -0.845459 0.005127 -5.307143 6.893186 5.917160 111828994591.000000
0.219727 -0.846680 0.011230 -6.222168 9.150247 5.490148 111828997510.000000
0.225830 -0.848145 0.013672 -6.893186 11.346306 4.941133 111829000437.000000
0.224854 -0.843994 0.014160 -8.113219 13.420362 4.575124 111829003356.000000
0.222656 -0.841309 0.010254 -8.967242 15.433417 3.904105 111829006279.000000
0.222168 -0.840820 0.007813 -10.126273 17.568474 3.904105 111829009197.000000
0.228027 -0.838623 0.020996 -10.675288 19.337522 3.233087 111829012128.000000
0.218262 -0.833496 0.016846 -11.468310 20.862563 2.867077 111829015047.000000
0.218750 -0.835205 0.016602 -12.688343 22.692613 2.318063 111829018015.000000
0.214844 -0.840088 0.022217 -13.176356 23.729641 1.830049 111829020940.000000
0.210938 -0.838623 0.021484 -13.542366 25.193680 0.976026 111829023859.000000
0.207520 -0.832520 0.024414 -14.091380 26.352712 0.732020 111829026777.000000
0.205811 -0.841553 0.028809 -15.067407 27.389740 -0.244007 111829029701.000000
0.203125 -0.836914 0.022461 -15.860428 28.182761 -0.915025 111829032631.000000
0.194336 -0.843018 0.029297 -16.531446 28.975782 -1.647044 111829035549.000000
0.192627 -0.842529 0.029785 -17.263466 29.585799 -2.074056 111829038465.000000
0.183838 -0.842529 0.031006 -18.483499 30.317819 -2.867077 111829041386.000000
0.180908 -0.844482 0.033447 -19.520527 30.500824 -3.721100 111829044312.000000
0.173828 -0.845703 0.040527 -21.106570 31.232843 -4.209114 111829047229.000000
0.166992 -0.853760 0.042725 -21.838590 31.720856 -4.514122 111829050149.000000
0.160400 -0.858887 0.045166 -23.180626 32.086866 -5.185140 111829053066.000000
0.158203 -0.866211 0.038086 -24.461660 32.757884 -5.612152 111829055990.000000
0.157715 -0.873535 0.052246 -25.376685 33.062893 -6.222168 111829058907.000000
0.148926 -0.884033 0.058350 -26.474715 33.428903 -7.076191 111829061827.000000
0.148438 -0.888184 0.055664 -27.511743 33.855914 -7.625206 111829064749.000000
0.148193 -0.896973 0.058594 -28.365766 34.587934 -8.296224 111829067674.000000
0.147217 -0.900879 0.046631 -29.646800 35.136949 -8.906240 111829070649.000000
0.150146 -0.909912 0.050293 -30.988837 35.868968 -8.967242 111829073762.000000
0.140869 -0.917480 0.052246 -32.025865 36.905996 -9.516257 111829076859.000000
0.147949 -0.921875 0.042969 -32.879888 38.004026 -9.821265 111829079880.000000
0.145020 -0.929443 0.049072 -34.099921 39.529067 -10.370280 111829082912.000000
0.153076 -0.932617 0.040527 -34.953944 40.444092 -10.675288 111829085846.000000
0.143311 -0.933594 0.050293 -35.868968 41.603123 -11.102300 111829088770.000000
0.139648 -0.937256 0.055420 -36.600988 42.762155 -11.407308 111829091691.000000
0.141846 -0.944824 0.056152 -36.783993 43.250168 -11.895321 111829094608.000000
0.134521 -0.946289 0.060303 -37.333008 44.226194 -12.444336 111829097524.000000
0.128662 -0.951660 0.060303 -38.126029 44.714207 -12.688343 111829100444.000000
0.121826 -0.958496 0.062500 -38.614043 45.263222 -13.176356 111829103361.000000
0.123047 -0.960693 0.065918 -39.285061 45.446227 -13.969377 111829106277.000000
0.117188 -0.966309 0.072021 -39.712072 45.507229 -14.579394 111829109192.000000
0.112793 -0.968750 0.062256 -39.956079 45.629232 -15.189410 111829112113.000000
0.110107 -0.966553 0.070557 -40.810102 45.446227 -15.616422 111829115037.000000
0.115234 -0.965820 0.068359 -41.298115 45.080217 -16.287440 111829117958.000000
0.113770 -0.963135 0.067627 -41.969133 44.958214 -16.775453 111829120876.000000
0.107666 -0.959961 0.069092 -42.518148 44.592204 -17.263466 111829123794.000000
0.112549 -0.951660 0.064453 -43.494174 44.348197 -17.751479 111829126709.000000
0.116943 -0.939941 0.062988 -44.348197 44.409199 -18.300494 111829129635.000000
0.121338 -0.934570 0.040527 -45.324224 44.409199 -18.849509 111829132553.000000
0.126221 -0.926514 0.032715 -46.605258 44.775209 -19.276520 111829135470.000000
0.135742 -0.914307 0.028076 -47.886293 45.263222 -19.764534 111829138387.000000
0.140625 -0.907227 0.013428 -48.740316 45.873239 -19.642530 111829141310.000000
0.151611 -0.900635 0.010010 -50.082352 46.544257 -20.496553 111829144236.000000
0.159912 -0.893066 -0.000488 -50.936375 47.703288 -20.801562 111829147154.000000
0.166260 -0.887451 -0.020752 -52.217410 48.374306 -21.228573 111829150070.000000
0.175537 -0.882080 -0.036865 -53.620448 49.594339 -21.472580 111829152987.000000
0.181152 -0.874756 -0.046631 -54.413469 50.448362 -21.899591 111829155903.000000
0.183105 -0.871826 -0.057373 -55.755505 52.278412 -22.021595 111829158826.000000
0.184570 -0.871582 -0.069336 -57.280547 53.437443 -22.387604 111829161756.000000
0.187500 -0.865723 -0.080078 -58.317575 54.657476 -22.570609 111829164673.000000
0.181396 -0.865234 -0.091553 -59.354603 55.755505 -22.814616 111829167589.000000
0.184082 -0.868896 -0.094727 -60.635637 56.975538 -23.119624 111829170508.000000
0.178223 -0.873535 -0.113281 -61.855670 58.439578 -23.302629 111829173431.000000
0.179688 -0.874268 -0.125732 -62.953700 59.232599 -23.424632 111829176349.000000
0.171143 -0.877197 -0.135254 -63.990728 60.696639 -23.973647 111829179272.000000
0.166016 -0.886963 -0.138916 -65.210761 61.489660 -23.729641 111829182191.000000
0.160889 -0.894287 -0.153564 -66.064784 62.343683 -24.461660 111829185108.000000
0.156494 -0.897949 -0.153564 -67.101812 63.075703 -24.888672 111829188025.000000
0.145508 -0.903076 -0.156006 -68.321845 63.807723 -25.132679 111829190950.000000
0.144531 -0.914795 -0.179688 -69.236869 63.868724 -25.559690 111829193866.000000
0.139404 -0.913818 -0.182129 -70.334899 64.112731 -25.986702 111829196781.000000
0.129395 -0.923096 -0.173828 -71.127920 64.478741 -26.596718 111829199699.000000
0.129150 -0.926025 -0.185059 -71.676935 64.783749 -27.206735 111829202618.000000
0.126709 -0.939697 -0.185059 -72.286952 64.539743 -27.755749 111829205534.000000
0.116699 -0.937744 -0.192383 -73.140975 64.600744 -28.243763 111829208454.000000
0.124512 -0.943359 -0.196045 -73.872995 64.783749 -29.036784 111829211373.000000
0.120361 -0.948975 -0.200195 -75.032026 64.600744 -29.402794 111829214288.000000
0.116943 -0.944580 -0.198975 -75.581041 64.478741 -30.134814 111829217204.000000
0.115723 -0.951416 -0.204590 -76.008052 63.929726 -30.622827 111829220127.000000
0.120361 -0.951660 -0.206543 -76.679070 63.990728 -30.866833 111829223047.000000
0.115479 -0.957275 -0.207520 -77.594095 63.563716 -31.598853 111829225978.000000
0.117920 -0.954834 -0.203369 -78.387116 63.319710 -31.781858 111829228895.000000
0.113770 -0.961426 -0.211182 -79.424144 63.075703 -32.391875 111829231815.000000
0.120605 -0.961182 -0.209473 -80.034161 62.831696 -33.001891 111829234731.000000
0.115723 -0.962891 -0.204834 -80.705179 62.526688 -33.184896 111829237651.000000
0.117676 -0.960693 -0.194092 -81.742207 62.404685 -33.367901 111829240577.000000
0.110107 -0.965332 -0.203613 -82.596230 61.977673 -33.855914 111829243496.000000
0.110352 -0.961426 -0.191162 -83.328250 61.672665 -33.916916 111829246419.000000
0.114014 -0.968994 -0.192871 -84.060270 61.184652 -34.221924 111829249335.000000
0.113281 -0.969727 -0.192139 -84.853291 61.062649 -34.343927 111829252262.000000
0.114746 -0.968994 -0.187256 -85.646312 60.757640 -34.770939 111829255196.000000
0.115723 -0.973145 -0.190674 -86.317331 60.696639 -34.831940 111829258112.000000
0.119629 -0.978516 -0.187744 -87.110352 60.818642 -35.380955 111829261032.000000
0.120361 -0.993896 -0.196533 -88.086378 61.245654 -35.624962 111829263952.000000
0.124023 -1.001709 -0.207764 -88.757396 61.550662 -35.441957 111829266873.000000
0.126465 -1.021729 -0.219238 -89.855426 62.160678 -36.051973 111829269791.000000
0.129395 -1.042969 -0.225342 -91.502471 63.014701 -36.417983 111829272718.000000
0.127930 -1.064453 -0.253174 -93.210517 64.051729 -36.478985 111829275634.000000
0.136230 -1.101074 -0.273438 -94.491551 65.454767 -36.905996 111829278550.000000
0.134766 -1.152344 -0.294678 -95.955591 67.040810 -37.211005 111829281468.000000
0.134521 -1.199951 -0.320313 -97.419630 68.626853 -38.004026 111829284384.000000
0.140869 -1.268799 -0.334473 -97.968645 70.334899 -38.126029 111829287301.000000
0.134277 -1.331299 -0.363770 -99.005673 72.408955 -38.797048 111829290220.000000
0.129883 -1.387207 -0.384033 -99.737693 73.811993 -39.346062 111829293138.000000
0.128418 -1.439941 -0.396729 -100.469713 76.252059 -39.529067 111829296054.000000
0.133789 -1.483887 -0.410889 -100.164704 77.899103 -39.834076 111829298972.000000
0.126221 -1.515137 -0.417969 -100.652718 79.912158 -40.017080 111829301889.000000
0.122314 -1.526123 -0.406982 -100.103703 82.169219 -40.017080 111829304806.000000
0.119141 -1.519043 -0.394287 -99.493686 84.487281 -39.712072 111829307723.000000
0.113281 -1.506836 -0.380371 -99.005673 86.866345 -39.285061 111829310641.000000
0.104492 -1.479248 -0.350342 -97.785640 89.855426 -38.675044 111829313566.000000
0.102539 -1.426758 -0.328369 -96.992619 92.966510 -37.821021 111829316485.000000
0.093018 -1.373779 -0.297852 -96.687611 96.199597 -37.272006 111829319402.000000
0.083984 -1.316162 -0.273193 -95.955591 99.981700 -35.990972 111829322329.000000
0.075928 -1.258301 -0.244141 -95.711584 103.153785 -35.868968 111829325252.000000
0.069092 -1.206299 -0.210693 -95.040566 107.057891 -35.746965 111829328167.000000
0.067627 -1.159424 -0.189453 -94.369548 110.412981 -35.807967 111829331091.000000
0.063721 -1.115967 -0.167725 -93.271518 114.256085 -36.722992 111829334009.000000
0.069580 -1.075439 -0.143799 -92.112487 117.611176 -37.760020 111829336926.000000
0.076416 -1.035889 -0.136230 -91.441469 120.661258 -38.919051 111829339843.000000
0.066406 -1.016846 -0.114502 -91.258464 123.223327 -39.895077 111829342814.000000
0.045166 -0.998047 -0.089844 -89.733423 124.870372 -40.383090 111829345732.000000
0.044189 -0.982666 -0.081299 -88.208382 126.334411 -41.054108 111829348649.000000
0.056152 -0.968506 -0.092285 -86.622339 127.859452 -42.030135 111829351576.000000
0.050293 -0.952148 -0.117188 -86.073324 129.140487 -42.457146 111829354493.000000
0.054932 -0.952148 -0.117432 -85.463308 130.421521 -42.518148 111829357409.000000
0.038086 -0.935547 -0.133789 -84.853291 131.763558 -43.372171 111829360342.000000
0.032227 -0.940918 -0.122803 -83.694260 132.190569 -42.762155 111829363262.000000
0.027344 -0.949951 -0.123047 -82.169219 132.800586 -43.250168 111829366177.000000
0.021973 -0.953125 -0.156982 -80.278168 133.715610 -43.433173 111829369094.000000
0.014648 -0.963135 -0.162842 -78.997133 135.240651 -43.433173 111829372013.000000
-0.010986 -0.970947 -0.182861 -77.594095 136.399683 -42.884158 111829374928.000000
-0.023193 -0.986328 -0.197510 -76.496065 137.253706 -42.762155 111829377850.000000
-0.043701 -1.004639 -0.218018 -75.337034 138.229732 -42.518148 111829380769.000000
-0.048828 -1.029541 -0.234131 -74.910023 138.351735 -43.067163 111829383685.000000
-0.056152 -1.040771 -0.241699 -72.896968 138.534740 -44.348197 111829386601.000000
-0.058105 -1.065186 -0.244141 -71.310925 138.168731 -46.239248 111829389516.000000
-0.086670 -1.088867 -0.247559 -69.053864 137.497712 -47.764290 111829392435.000000
-0.107178 -1.108887 -0.255127 -67.467822 136.399683 -49.167328 111829395352.000000
-0.129883 -1.116211 -0.284668 -66.003782 134.996645 -50.204356 111829398273.000000
-0.139160 -1.127930 -0.286865 -64.783749 132.800586 -51.607393 111829401191.000000
-0.146240 -1.140381 -0.298584 -63.441713 129.811505 -53.315440 111829404106.000000
-0.149414 -1.157227 -0.322266 -62.892698 126.456414 -55.145489 111829407030.000000
-0.154785 -1.164063 -0.324219 -61.794668 122.674312 -57.341548 111829409963.000000
-0.157471 -1.185791 -0.337158 -60.757640 118.343195 -59.110596 111829412885.000000
-0.154541 -1.203613 -0.337891 -59.354603 114.073080 -61.489660 111829415801.000000
-0.156006 -1.218018 -0.352539 -58.744586 108.826938 -63.075703 111829418721.000000
-0.150146 -1.227783 -0.356689 -57.707558 103.885805 -65.027756 111829421647.000000
-0.143555 -1.237305 -0.368164 -57.524553 98.761667 -66.613799 111829424570.000000
-0.137207 -1.247803 -0.383057 -56.853535 93.576527 -68.382846 111829427487.000000
-0.127686 -1.254883 -0.382813 -56.670530 88.574392 -69.907888 111829430407.000000
-0.114014 -1.272705 -0.391846 -56.304520 83.511255 -71.371927 111829433324.000000
-0.103516 -1.279541 -0.397217 -56.365522 78.509120 -72.591960 111829436239.000000
-0.090820 -1.286865 -0.404297 -56.304520 73.872995 -73.689990 111829439155.000000
-0.079346 -1.287842 -0.400635 -56.060514 69.053864 -74.788019 111829442093.000000
-0.064941 -1.292480 -0.401123 -56.060514 64.905752 -75.581041 111829445008.000000
-0.051025 -1.295166 -0.389404 -55.450497 60.391631 -76.435064 111829447930.000000
-0.039063 -1.293213 -0.381836 -55.145489 56.609528 -76.923077 111829450855.000000
-0.029541 -1.290283 -0.379395 -54.474471 52.644421 -77.594095 111829453774.000000
-0.010986 -1.279053 -0.369141 -54.169463 49.167328 -78.021107 111829456691.000000
-0.003174 -1.269531 -0.352295 -53.742451 46.483255 -78.326115 111829459607.000000
0.004883 -1.263184 -0.349121 -53.254438 43.555176 -78.265113 111829462533.000000
0.019043 -1.247070 -0.334717 -52.827426 40.993107 -78.265113 111829465450.000000
0.036133 -1.231689 -0.319336 -52.583420 38.980052 -78.509120 111829468366.000000
0.046387 -1.212402 -0.315430 -52.888428 37.516013 -78.448118 111829471284.000000
0.059326 -1.196045 -0.305176 -52.583420 36.112975 -78.265113 111829474201.000000
0.068359 -1.176514 -0.292725 -52.522418 35.075947 -78.204112 111829477116.000000
0.075195 -1.158203 -0.285156 -52.400415 34.343927 -77.716098 111829480034.000000
0.083252 -1.130371 -0.278320 -52.156408 34.404929 -77.167084 111829482953.000000
0.095215 -1.109131 -0.271729 -52.339413 34.404929 -76.740072 111829485868.000000
0.104980 -1.087891 -0.271729 -52.278412 34.709937 -76.252059 111829488783.000000
0.113281 -1.069580 -0.267578 -52.217410 35.258952 -75.947051 111829491709.000000
0.122803 -1.049072 -0.265625 -52.705423 36.600988 -75.276032 111829494624.000000
0.127686 -1.026367 -0.260254 -52.949430 37.455011 -74.605014 111829497540.000000
0.132324 -1.014648 -0.260986 -52.949430 38.797048 -74.300006 111829500459.000000
0.136963 -0.995361 -0.262207 -53.193436 40.322089 -73.567986 111829503382.000000
0.137939 -0.984375 -0.262451 -52.827426 42.335143 -73.018972 111829506299.000000
0.144775 -0.969482 -0.267822 -52.888428 44.287196 -72.164948 111829509214.000000
0.152588 -0.954590 -0.259033 -52.644421 45.934240 -71.432929 111829512133.000000
0.150879 -0.945313 -0.263428 -52.644421 48.252303 -70.456902 111829515055.000000
0.154297 -0.925049 -0.255615 -52.156408 50.631367 -69.663881 111829517970.000000
0.153564 -0.911377 -0.256104 -51.241384 53.071433 -68.626853 111829520894.000000
0.160400 -0.903076 -0.256104 -51.180382 55.633502 -67.467822 111829523814.000000
0.166992 -0.895264 -0.256836 -50.326359 58.744586 -66.552797 111829526729.000000
0.169189 -0.888916 -0.260498 -49.838346 61.611664 -65.454767 111829529644.000000
0.175293 -0.879395 -0.271973 -49.106326 64.844751 -64.539743 111829532570.000000
0.181396 -0.876953 -0.259277 -48.313304 68.016836 -63.685720 111829535494.000000
0.176514 -0.872070 -0.266357 -47.520283 71.371927 -63.014701 111829538410.000000
0.181152 -0.867676 -0.273438 -46.849265 74.361008 -62.160678 111829541367.000000
0.180908 -0.861816 -0.279785 -46.483255 77.777100 -60.879644 111829544286.000000
0.180908 -0.868896 -0.294678 -45.995242 80.827182 -60.513634 111829547204.000000
0.179688 -0.867432 -0.294922 -45.751235 83.938266 -59.720612 111829550126.000000
0.179199 -0.872803 -0.297852 -45.019216 86.561337 -58.622583 111829553047.000000
0.180908 -0.878906 -0.317139 -44.775209 88.940401 -58.134570 111829555961.000000
0.177002 -0.881104 -0.326416 -44.531202 91.502471 -57.402550 111829558877.000000
0.175049 -0.890625 -0.334473 -44.287196 93.454523 -56.792533 111829561804.000000
0.175537 -0.897217 -0.344971 -43.616178 94.857561 -56.548527 111829564722.000000
0.173340 -0.907227 -0.360352 -43.494174 96.321601 -56.060514 111829567640.000000
0.164795 -0.910889 -0.361084 -42.945160 97.114622 -55.267492 111829570557.000000
0.165039 -0.922607 -0.381348 -42.579150 97.968645 -54.901482 111829573472.000000
0.155762 -0.927246 -0.373291 -41.786128 98.151650 -54.291466 111829576391.000000
0.151367 -0.933838 -0.384521 -41.420118 98.090648 -53.864454 111829579306.000000
0.146729 -0.943359 -0.389404 -40.810102 97.968645 -53.071433 111829582223.000000
0.142090 -0.948975 -0.395996 -39.468066 97.114622 -52.583420 111829585152.000000
0.140625 -0.947021 -0.397949 -39.224059 96.260599 -51.851400 111829588070.000000
0.138672 -0.953125 -0.411621 -38.187031 95.040566 -51.546392 111829590987.000000
0.133789 -0.959473 -0.411621 -37.882023 93.271518 -51.363387 111829593918.000000
0.136230 -0.960449 -0.424561 -37.089001 91.624474 -51.058379 111829596838.000000
0.126709 -0.962402 -0.427246 -36.600988 89.489416 -50.570365 111829599755.000000
0.126953 -0.962402 -0.437744 -35.990972 87.415360 -50.631367 111829602672.000000
0.120850 -0.965088 -0.447998 -35.746965 84.975294 -50.448362 111829605592.000000
0.114990 -0.969482 -0.444336 -35.014945 82.108217 -50.265357 111829608509.000000
0.108154 -0.972168 -0.456055 -34.465931 79.058135 -49.960349 111829611428.000000
0.103516 -0.968262 -0.455078 -33.977917 75.337034 -49.533337 111829614343.000000
0.098633 -0.976563 -0.455322 -33.001891 71.859940 -48.984323 111829617264.000000
0.098389 -0.979248 -0.455811 -32.391875 67.467822 -48.862319 111829620187.000000
0.093018 -0.976074 -0.457520 -31.598853 63.258708 -48.374306 111829623107.000000
0.093994 -0.975342 -0.448486 -30.744830 58.500580 -48.191301 111829626036.000000
0.091553 -0.976318 -0.448975 -30.012810 53.803453 -48.008296 111829628951.000000
0.085693 -0.968994 -0.440186 -28.914781 49.228329 -47.947295 111829631870.000000
0.081055 -0.965576 -0.437744 -27.938754 43.677179 -47.642286 111829634787.000000
0.085693 -0.958252 -0.434326 -27.206735 38.675044 -47.581285 111829637701.000000
0.085205 -0.957764 -0.435547 -26.108705 33.123894 -47.337278 111829640634.000000
0.082520 -0.942871 -0.425781 -25.254682 28.182761 -46.971268 111829643554.000000
0.084961 -0.939941 -0.422363 -24.339657 22.631611 -46.788263 111829646467.000000
0.090576 -0.926514 -0.415039 -23.607637 17.385469 -46.361252 111829649383.000000
0.086670 -0.918457 -0.419922 -23.180626 12.505338 -45.812237 111829652308.000000
0.093262 -0.910156 -0.413574 -22.326603 7.320198 -45.690234 111829655224.000000
0.093750 -0.904541 -0.410400 -21.899591 2.623071 -45.385225 111829658141.000000
0.099854 -0.890625 -0.396240 -21.594583 -2.196059 -44.958214 111829661065.000000
0.109131 -0.886230 -0.411865 -20.801562 -6.649180 -44.714207 111829663984.000000
0.116211 -0.876953 -0.397949 -20.374550 -10.675288 -44.470201 111829666907.000000
0.120850 -0.871826 -0.394043 -20.252547 -14.640395 -44.165192 111829669822.000000
0.132080 -0.863770 -0.384766 -19.276520 -18.300494 -43.677179 111829672839.000000
0.147461 -0.852783 -0.390381 -18.971512 -21.655585 -43.189166 111829675828.000000
0.152100 -0.847656 -0.383057 -18.544501 -24.644665 -43.128164 111829678749.000000
0.164551 -0.844238 -0.383301 -17.568474 -26.901726 -42.274141 111829681670.000000
0.176758 -0.842529 -0.380127 -17.629476 -28.853779 -41.908132 111829684587.000000
0.187012 -0.832275 -0.376221 -16.653450 -30.500824 -41.176112 111829687504.000000
0.201172 -0.831055 -0.375732 -16.287440 -31.781858 -40.383090 111829690422.000000
0.210693 -0.829346 -0.372314 -15.555420 -33.062893 -39.285061 111829693337.000000
0.217773 -0.829590 -0.368652 -15.250412 -33.550906 -38.553041 111829696252.000000
0.231689 -0.827148 -0.368408 -14.884402 -33.672909 -37.028000 111829699168.000000
0.235840 -0.816406 -0.364990 -14.823400 -33.550906 -35.990972 111829702092.000000
0.244873 -0.815918 -0.363770 -13.969377 -33.306899 -34.709937 111829705010.000000
0.260498 -0.815430 -0.356934 -13.481364 -32.757884 -33.245898 111829707934.000000
0.270020 -0.821533 -0.360596 -13.298359 -31.720856 -31.781858 111829710855.000000
0.272461 -0.819092 -0.356445 -12.688343 -30.195815 -30.012810 111829713772.000000
0.279785 -0.815186 -0.354980 -12.810346 -29.097786 -28.426768 111829716694.000000
0.286621 -0.819336 -0.357666 -12.017324 -27.389740 -26.718721 111829719610.000000
0.289307 -0.823486 -0.360840 -11.712316 -26.047703 -25.071677 111829722538.000000
0.292725 -0.822510 -0.348877 -11.346306 -24.156652 -23.485634 111829725453.000000
0.292969 -0.829102 -0.348389 -10.919295 -22.448606 -21.533581 111829728370.000000
0.304688 -0.831299 -0.352051 -10.187275 -20.679558 -20.008540 111829731294.000000
0.307129 -0.834961 -0.351318 -9.394254 -19.032514 -17.934484 111829734213.000000
0.306152 -0.840576 -0.354004 -8.906240 -17.324468 -16.531446 111829737136.000000
0.302734 -0.844971 -0.353760 -8.540231 -15.555420 -14.762399 111829740062.000000
0.302490 -0.847168 -0.352051 -7.747209 -14.274385 -13.115354 111829742982.000000
0.302246 -0.856934 -0.353271 -7.381199 -12.688343 -11.285305 111829745914.000000
0.299316 -0.857910 -0.350586 -6.222168 -11.651315 -9.760264 111829748830.000000
0.294922 -0.863770 -0.344971 -5.185140 -10.614287 -7.808211 111829751757.000000
0.293213 -0.870117 -0.350830 -4.575124 -9.760264 -6.344171 111829754673.000000
0.288818 -0.868408 -0.350586 -3.721100 -8.662234 -4.758128 111829757587.000000
0.284180 -0.869873 -0.342773 -2.806076 -7.869212 -3.538096 111829760518.000000
0.281006 -0.868164 -0.345459 -1.769048 -7.686208 -1.769048 111829763451.000000
0.274170 -0.871582 -0.345947 -0.915025 -6.893186 -0.305008 111829766368.000000
0.268799 -0.872803 -0.338135 0.000000 -6.893186 1.220033 111829769286.000000
0.269287 -0.871826 -0.338623 0.854023 -6.588178 2.623071 111829772206.000000
0.262695 -0.870361 -0.340332 1.647044 -6.527176 4.087110 111829775152.000000
0.255615 -0.871338 -0.340332 2.928079 -6.527176 5.551150 111829778087.000000
0.255127 -0.870117 -0.337646 3.416092 -6.588178 6.649180 111829781006.000000
0.248291 -0.869873 -0.333984 4.697127 -6.832184 7.930214 111829783922.000000
0.249512 -0.873291 -0.336914 5.551150 -7.137193 9.272250 111829786838.000000
0.246094 -0.869385 -0.327393 6.405173 -7.198194 10.675288 111829789754.000000
0.242188 -0.867676 -0.327393 7.320198 -7.991216 11.834320 111829792675.000000
0.235107 -0.870361 -0.326172 8.113219 -8.235222 12.810346 111829795591.000000
0.239258 -0.870850 -0.326904 9.455255 -8.662234 14.152382 111829798507.000000
0.236084 -0.867188 -0.328125 9.943268 -9.333252 14.945404 111829801426.000000
0.232666 -0.871826 -0.316406 10.980296 -9.516257 15.982432 111829804350.000000
0.235352 -0.868652 -0.316650 11.956323 -10.553285 17.080461 111829807267.000000
0.229248 -0.866211 -0.323242 12.627341 -11.102300 18.056488 111829810186.000000
0.231445 -0.869141 -0.319580 13.359361 -11.163301 19.032514 111829813100.000000
0.228760 -0.867676 -0.319336 14.457390 -11.956323 20.069542 111829816017.000000
0.230225 -0.875488 -0.317871 14.884402 -12.322333 20.923565 111829818935.000000
0.224854 -0.877930 -0.318848 16.043433 -12.871348 21.960593 111829821861.000000
0.229004 -0.874023 -0.312988 16.714451 -13.359361 23.180626 111829824777.000000
0.227051 -0.877441 -0.312500 17.751479 -13.786372 23.973647 111829827693.000000
0.219971 -0.879639 -0.322266 18.788507 -13.969377 25.132679 111829830615.000000
0.222168 -0.883789 -0.314941 19.398524 -14.213384 26.230708 111829833536.000000
0.215088 -0.889160 -0.303955 20.435552 -14.823400 27.145733 111829836453.000000
0.217529 -0.890869 -0.308838 21.533581 -14.640395 28.426768 111829839370.000000
0.215088 -0.894531 -0.309082 22.204600 -15.128408 29.768804 111829842296.000000
0.209961 -0.897949 -0.308350 23.363631 -15.006405 30.744830 111829845211.000000
0.208740 -0.900146 -0.308350 24.278656 -15.372415 32.025865 111829848127.000000
0.205322 -0.904785 -0.303467 25.254682 -15.433417 33.428903 111829851051.000000
0.205811 -0.910156 -0.308594 26.413713 -15.494418 34.465931 111829853970.000000
0.200684 -0.913330 -0.307129 27.206735 -15.616422 35.807967 111829856890.000000
0.197266 -0.913330 -0.297852 28.548771 -15.433417 36.783993 111829859807.000000
0.202637 -0.922607 -0.299561 29.463796 -15.494418 37.821021 111829862724.000000
0.198730 -0.918701 -0.306641 30.622827 -15.006405 38.980052 111829865643.000000
0.197998 -0.924805 -0.295166 31.415848 -14.762399 40.139084 111829868561.000000
0.200928 -0.928711 -0.302246 32.452876 -14.579394 41.115110 111829871480.000000
0.191162 -0.935059 -0.299316 33.428903 -14.579394 42.640151 111829874396.000000
0.191406 -0.938721 -0.296387 34.587934 -14.152382 43.433173 111829877341.000000
0.191162 -0.939941 -0.293457 35.563960 -13.969377 44.592204 111829880261.000000
0.195068 -0.936768 -0.299316 36.356982 -13.725371 45.812237 111829883177.000000
0.192383 -0.944580 -0.296143 37.150003 -12.993351 46.849265 111829886092.000000
0.194580 -0.943604 -0.298828 37.699018 -12.993351 47.764290 111829889007.000000
0.194580 -0.941650 -0.295654 38.248033 -12.261331 48.923321 111829891925.000000
0.192627 -0.944580 -0.299805 38.919051 -11.895321 50.143354 111829894840.000000
0.187988 -0.946289 -0.296631 39.102056 -11.346306 51.119380 111829897766.000000
0.183350 -0.949463 -0.298340 39.773074 -10.858293 52.339413 111829900683.000000
0.183105 -0.948242 -0.306396 40.566095 -10.614287 53.193436 111829903599.000000
0.182129 -0.949951 -0.309082 40.871104 -9.882267 54.352468 111829906516.000000
0.177246 -0.954590 -0.306396 41.054108 -9.699262 55.084487 111829909431.000000
0.176025 -0.953613 -0.305420 41.481120 -9.150247 55.999512 111829912356.000000
0.167969 -0.959229 -0.305908 42.579150 -8.845239 56.853535 111829915274.000000
0.168213 -0.956055 -0.311768 42.640151 -8.662234 57.646556 111829918188.000000
0.160889 -0.962891 -0.315918 43.433173 -8.418227 58.317575 111829921111.000000
0.159424 -0.966309 -0.311279 44.043189 -8.113219 59.354603 111829924030.000000
0.155518 -0.964844 -0.301758 44.470201 -8.174221 59.720612 111829926946.000000
0.148926 -0.966797 -0.307129 44.958214 -8.052217 60.635637 111829929863.000000
0.147461 -0.973633 -0.307617 45.629232 -7.930214 61.306655 111829932822.000000
0.137207 -0.975098 -0.304443 46.178247 -7.747209 61.794668 111829935741.000000
0.134033 -0.975098 -0.309082 47.093272 -7.869212 62.648692 111829938657.000000
0.124756 -0.979492 -0.299561 47.459281 -7.930214 63.380711 111829941583.000000
0.117676 -0.980469 -0.302002 47.947295 -8.418227 63.807723 111829944509.000000
0.110840 -0.984863 -0.299316 48.862319 -8.235222 64.234734 111829947425.000000
0.104736 -0.985107 -0.299805 49.167328 -8.601232 64.844751 111829950350.000000
0.093262 -0.989502 -0.293701 49.960349 -9.150247 65.210761 111829953269.000000
0.087646 -0.991699 -0.296387 50.814372 -9.699262 65.759776 111829956184.000000
0.077148 -0.991699 -0.285889 51.607393 -10.065272 65.942780 111829959098.000000
0.079834 -0.995605 -0.289551 52.034405 -10.919295 66.186787 111829962038.000000
0.068359 -0.996826 -0.288818 53.132435 -11.712316 66.552797 111829964952.000000
0.059570 -0.995850 -0.271729 54.047459 -12.383334 66.735802 111829967868.000000
0.054199 -0.995117 -0.270996 54.901482 -13.542366 67.284817 111829970785.000000
0.051025 -0.992920 -0.262207 55.511499 -14.884402 67.223815 111829973701.000000
0.046875 -0.989258 -0.251953 56.243519 -15.921430 67.284817 111829976655.000000
0.046631 -0.989990 -0.260010 56.853535 -16.897456 67.589825 111829979573.000000
0.038086 -0.992920 -0.260742 57.890563 -18.178491 67.528823 111829982498.000000
0.037842 -1.000244 -0.256348 58.744586 -19.581529 67.528823 111829985415.000000
0.034668 -1.002441 -0.261719 59.781614 -20.740560 67.345818 111829988330.000000
0.030518 -1.010010 -0.264893 59.964619 -22.143598 67.894833 111829991249.000000
0.025146 -1.017090 -0.265625 61.184652 -23.607637 67.589825 111829994166.000000
0.019531 -1.037354 -0.267822 61.855670 -25.315684 68.077838 111829997083.000000
0.014648 -1.047119 -0.274658 63.014701 -27.328738 67.833832 111830000001.000000
0.008545 -1.066162 -0.281494 63.136705 -29.158787 67.772830 111830002924.000000
0.003662 -1.089844 -0.296875 63.685720 -31.415848 68.504850 111830005840.000000
-0.005615 -1.127441 -0.310791 65.088757 -33.306899 68.626853 111830008757.000000
-0.013916 -1.163330 -0.323730 65.393766 -36.295980 68.870860 111830011675.000000
-0.025146 -1.216064 -0.344971 66.491795 -39.468066 69.358873 111830014593.000000
-0.034668 -1.265137 -0.366943 67.162813 -42.823156 69.785884 111830017510.000000
-0.037842 -1.322998 -0.391602 68.138840 -47.337278 69.968889 111830020436.000000
-0.047363 -1.383545 -0.413330 69.358873 -52.034405 70.334899 111830023355.000000
-0.050049 -1.443848 -0.427246 70.212896 -57.341548 70.578906 111830026270.000000
-0.054199 -1.506104 -0.449951 70.761911 -62.770695 70.944916 111830029185.000000
-0.056641 -1.560303 -0.456299 72.286952 -69.602879 70.883914 111830033285.000000
-0.045410 -1.610107 -0.473389 74.361008 -78.814128 70.883914 111830036246.000000
-0.035645 -1.623779 -0.475586 75.398036 -85.890319 70.639907 111830039169.000000
-0.025635 -1.627441 -0.461914 76.496065 -93.515525 71.615934 111830042116.000000
-0.019775 -1.611328 -0.459717 77.350088 -100.286708 72.225950 111830045034.000000
-0.005127 -1.586426 -0.432617 78.753126 -107.301897 73.262978 111830047950.000000
0.017578 -1.545410 -0.404541 79.729153 -113.829073 74.483011 111830050876.000000
0.033447 -1.481934 -0.382324 79.485146 -119.502227 75.581041 111830053796.000000
0.047852 -1.433350 -0.343018 79.790154 -124.504362 77.045080 111830056714.000000
0.063721 -1.369629 -0.310791 79.973159 -128.225462 77.838102 111830059629.000000
0.075439 -1.315918 -0.280518 80.156164 -131.824559 78.509120 111830062555.000000
0.080566 -1.257080 -0.244385 80.095163 -134.569633 78.936131 111830065476.000000
0.076416 -1.196289 -0.226318 79.546148 -137.558714 79.729153 111830068392.000000
0.082520 -1.135254 -0.198730 78.143110 -139.266760 79.790154 111830071312.000000
0.082275 -1.081787 -0.180420 77.472092 -141.401818 79.668151 111830074230.000000
0.089600 -1.040039 -0.159668 76.740072 -142.621851 78.997133 111830077186.000000
0.092773 -1.003662 -0.133301 76.923077 -144.085890 78.692125 111830080107.000000
0.085449 -0.973877 -0.111084 77.289087 -145.427927 77.777100 111830083025.000000
0.067627 -0.964600 -0.094238 78.448118 -146.769963 77.289087 111830085940.000000
0.068359 -0.959961 -0.065430 80.156164 -148.050997 76.496065 111830088873.000000
0.063232 -0.949463 -0.039795 83.145245 -149.637040 75.276032 111830091793.000000
0.071045 -0.939453 -0.019043 85.097298 -150.918075 74.056000 111830094712.000000
0.073975 -0.924072 -0.018066 86.805344 -151.772098 73.079973 111830097629.000000
0.081299 -0.900635 -0.024658 87.903373 -152.199109 71.676935 111830100548.000000
0.097900 -0.891113 -0.031006 88.879400 -151.833099 71.127920 111830103463.000000
0.120361 -0.878418 -0.041748 89.001403 -150.918075 70.334899 111830106377.000000
0.127197 -0.873779 -0.052979 89.001403 -148.905020 69.968889 111830109292.000000
0.144775 -0.880859 -0.060791 88.757396 -147.257976 69.602879 111830112210.000000
0.159912 -0.890137 -0.069092 88.391387 -144.329897 69.541878 111830115125.000000
0.173096 -0.900391 -0.075684 88.025377 -141.462819 69.297871 111830118040.000000
0.192139 -0.916504 -0.073486 88.086378 -138.290734 69.297871 111830120964.000000
0.204346 -0.935059 -0.088623 87.598365 -134.508632 69.419874 111830123883.000000
0.214844 -0.955078 -0.090332 87.842372 -130.116513 69.175868 111830126799.000000
0.228516 -0.971924 -0.095215 87.964375 -125.480388 68.931861 111830129715.000000
0.241943 -0.996338 -0.108398 88.513390 -120.966266 68.809858 111830132635.000000
0.261963 -1.013916 -0.123535 88.025377 -115.415116 68.626853 111830135554.000000
0.265869 -1.032471 -0.138916 88.269383 -109.863966 68.748856 111830138471.000000
0.275879 -1.035889 -0.178955 88.574392 -102.482767 69.236869 111830141397.000000
0.260010 -1.041992 -0.212402 87.293357 -95.711584 70.822912 111830144314.000000
0.231689 -1.049316 -0.214111 87.720368 -89.184408 72.957970 111830147231.000000
0.225342 -1.052734 -0.260498 85.768316 -82.657232 74.727018 111830150154.000000
0.173584 -1.079346 -0.236328 84.975294 -77.716098 77.289087 111830153083.000000
0.162842 -1.112305 -0.212158 86.744342 -73.811993 78.265113 111830156001.000000
0.196045 -1.135254 -0.284668 85.829317 -70.639907 77.167084 111830158916.000000
0.213135 -1.151611 -0.306641 84.304276 -68.199841 74.788019 111830161843.000000
0.184814 -1.167725 -0.313477 82.535228 -67.040810 72.652962 111830164761.000000
0.136719 -1.199463 -0.302734 83.877265 -66.735802 71.188922 111830167680.000000
0.090088 -1.244873 -0.271973 87.171354 -67.650827 69.907888 111830170597.000000
0.072021 -1.275146 -0.295898 88.025377 -69.480876 67.955835 111830173514.000000
0.061523 -1.299316 -0.320068 87.903373 -73.323980 65.515769 111830176429.000000
0.070313 -1.320068 -0.328369 87.476362 -77.960105 61.855670 111830179376.000000
0.070801 -1.333008 -0.314453 88.086378 -83.755261 57.524553 111830182295.000000
0.082031 -1.340576 -0.308350 87.903373 -90.282438 52.644421 111830185211.000000
0.094971 -1.350342 -0.297363 88.330385 -97.907644 47.764290 111830188128.000000
0.098145 -1.341553 -0.283447 87.842372 -106.203868 42.945160 111830191045.000000
0.095459 -1.342529 -0.254395 88.818398 -114.500092 38.797048 111830193976.000000
0.104492 -1.329834 -0.238281 89.550418 -123.162325 34.648936 111830196891.000000
0.116211 -1.313965 -0.227295 89.794424 -132.556579 31.110840 111830199808.000000
0.114502 -1.296875 -0.221191 89.062405 -141.462819 27.938754 111830202728.000000
0.126709 -1.268799 -0.203613 88.330385 -150.674068 25.071677 111830205645.000000
0.139160 -1.248291 -0.187988 87.903373 -159.275300 22.387604 111830208561.000000
0.150879 -1.222412 -0.163818 87.537364 -167.266516 20.313548 111830211479.000000
0.164063 -1.190430 -0.159180 86.500336 -174.647715 17.934484 111830214398.000000
0.173584 -1.158203 -0.152832 85.341304 -180.869883 16.958458 111830217314.000000
0.185547 -1.121094 -0.141357 84.426280 -185.933020 15.372415 111830220237.000000
0.202881 -1.088623 -0.131592 83.389252 -189.959129 14.640395 111830223156.000000
0.216797 -1.057129 -0.126953 82.535228 -192.277191 14.335387 111830226087.000000
0.239990 -1.030029 -0.124512 81.315196 -193.558226 13.908376 111830229002.000000
0.254639 -1.006836 -0.123047 80.400171 -192.887208 13.969377 111830231928.000000
0.272705 -0.981934 -0.111572 79.912158 -191.728177 14.152382 111830234844.000000
0.279541 -0.969971 -0.108887 79.729153 -188.556091 14.762399 111830237759.000000
0.302002 -0.954346 -0.110840 79.119136 -183.980967 15.250412 111830240683.000000
0.310059 -0.944580 -0.094727 78.936131 -178.612823 16.043433 111830243601.000000
0.327881 -0.932861 -0.089600 78.265113 -171.841640 16.531446 111830246516.000000
0.343262 -0.920410 -0.088623 78.692125 -164.582444 17.446471 111830249431.000000
0.361572 -0.916016 -0.072998 79.058135 -155.859208 18.300494 111830252353.000000
0.380127 -0.906494 -0.065918 79.485146 -147.074971 18.910511 111830255268.000000
0.400635 -0.905762 -0.066895 79.241140 -137.497712 19.581529 111830258182.000000
0.413818 -0.897217 -0.063477 79.363143 -126.578418 20.557555 111830261104.000000
0.421875 -0.889648 -0.056396 79.790154 -116.879156 21.777588 111830264024.000000
0.434082 -0.892578 -0.052490 79.912158 -106.325871 23.241628 111830266941.000000
0.439209 -0.885498 -0.048096 79.851156 -95.711584 24.400659 111830269859.000000
0.433350 -0.882813 -0.055664 79.912158 -85.280303 26.352712 111830272823.000000
0.427490 -0.888428 -0.049316 79.546148 -75.886049 27.755749 111830275741.000000
0.423340 -0.891357 -0.038574 79.485146 -66.613799 29.463796 111830278682.000000
0.416504 -0.899658 -0.047363 79.302141 -57.341548 31.232843 111830281604.000000
0.406494 -0.900879 -0.050537 78.692125 -49.411334 32.940889 111830284520.000000
0.386963 -0.910156 -0.049561 77.899103 -41.298115 34.709937 111830287437.000000
0.373779 -0.914551 -0.053711 76.862075 -34.831940 36.295980 111830290358.000000
0.353760 -0.917725 -0.053955 76.496065 -28.792777 37.760020 111830293276.000000
0.334473 -0.924805 -0.050537 75.947051 -23.180626 39.407064 111830296192.000000
0.317139 -0.921387 -0.060791 74.727018 -19.276520 40.749100 111830299108.000000
0.295654 -0.922363 -0.065674 73.628988 -15.189410 42.152138 111830302026.000000
0.280518 -0.924805 -0.073730 72.408955 -12.139328 43.250168 111830304942.000000
0.259521 -0.919434 -0.070801 71.493930 -10.309278 44.470201 111830307859.000000
0.238525 -0.921875 -0.065430 70.029891 -8.906240 45.141219 111830310777.000000
0.221680 -0.918945 -0.072998 68.504850 -8.357226 46.239248 111830313692.000000
0.209229 -0.921875 -0.077393 66.918807 -8.174221 46.849265 111830316609.000000
0.191650 -0.924561 -0.061523 66.186787 -8.906240 47.154273 111830319523.000000
0.176025 -0.924072 -0.067383 65.271762 -9.699262 47.215275 111830322449.000000
0.157227 -0.928223 -0.064453 63.685720 -11.346306 47.276276 111830325363.000000
0.147461 -0.934326 -0.060059 62.465687 -12.932349 47.520283 111830328278.000000
0.130615 -0.939209 -0.052490 61.794668 -15.372415 46.544257 111830331203.000000
0.114258 -0.943848 -0.045410 60.696639 -17.873483 46.239248 111830334122.000000
0.106445 -0.948242 -0.049805 59.598609 -20.740560 45.324224 111830337040.000000
0.101807 -0.956543 -0.045654 58.317575 -23.851644 44.531202 111830339963.000000
0.093994 -0.961914 -0.040039 57.585555 -26.718721 43.128164 111830342882.000000
0.089111 -0.960938 -0.045410 56.670530 -29.829805 41.908132 111830345798.000000
0.085693 -0.953369 -0.042480 55.633502 -32.818886 40.200085 111830348714.000000
0.085693 -0.953369 -0.043945 54.596474 -35.807967 38.370036 111830351652.000000
0.080078 -0.950684 -0.049805 53.254438 -38.553041 36.905996 111830354567.000000
0.083496 -0.946045 -0.041992 51.729397 -40.871104 35.136949 111830357482.000000
0.089111 -0.943604 -0.039063 50.143354 -43.311169 33.184896 111830360406.000000
0.105469 -0.918457 -0.041260 45.995242 -48.008296 29.402794 111830367884.000000
0.111084 -0.907959 -0.036865 43.982188 -49.167328 27.511743 111830371042.000000
0.120361 -0.907471 -0.029785 42.152138 -50.448362 26.230708 111830373989.000000
0.136963 -0.900391 -0.022217 40.505094 -51.424388 24.522662 111830376906.000000
0.142090 -0.898193 -0.020264 38.797048 -52.400415 23.302629 111830380029.000000
0.153564 -0.895264 -0.009277 37.150003 -52.888428 21.838590 111830383042.000000
0.157715 -0.900391 0.000977 36.295980 -53.498444 20.313548 111830386020.000000
0.172119 -0.896973 0.010010 34.770939 -53.559446 19.520527 111830388935.000000
0.177490 -0.896240 0.012207 33.245898 -53.498444 17.934484 111830391846.000000
0.176758 -0.890137 0.014648 31.842860 -53.620448 17.141463 111830394769.000000
0.181641 -0.892090 0.032471 30.317819 -53.498444 16.165436 111830397679.000000
0.187256 -0.889160 0.031982 29.097786 -53.010431 15.128408 111830400603.000000
0.193604 -0.885254 0.039307 27.816751 -52.461416 14.213384 111830403531.000000
0.199219 -0.879639 0.041504 26.169707 -51.729397 13.542366 111830406447.000000
0.196777 -0.874756 0.053467 24.766669 -50.692369 12.566339 111830409364.000000
0.197510 -0.869873 0.072998 23.912646 -49.533337 11.956323 111830412280.000000
0.204102 -0.861572 0.067627 22.631611 -48.069298 11.346306 111830415210.000000
0.209717 -0.857422 0.071777 20.984567 -46.239248 10.248277 111830418119.000000
0.209229 -0.851318 0.083008 19.764534 -44.226194 10.065272 111830421030.000000
0.208008 -0.842773 0.089111 18.361496 -42.884158 9.394254 111830423949.000000
0.205566 -0.844482 0.091064 17.507473 -40.444092 8.967242 111830426859.000000
0.208496 -0.835205 0.097168 16.104435 -38.431038 8.174221 111830429766.000000
0.211182 -0.834717 0.110352 14.884402 -36.234978 7.503203 111830432678.000000
0.202148 -0.825439 0.103516 13.359361 -33.550906 6.893186 111830435590.000000
0.203857 -0.821289 0.110596 12.078326 -31.232843 6.405173 111830438499.000000
0.202393 -0.816406 0.109619 10.309278 -28.853779 5.917160 111830441435.000000
0.202393 -0.810059 0.114990 8.906240 -26.291710 5.429147 111830444356.000000
0.204346 -0.809082 0.119873 7.747209 -23.424632 4.819130 111830447274.000000
0.201904 -0.808838 0.118164 5.734155 -20.862563 4.453120 111830450192.000000
0.205078 -0.804199 0.123535 4.209114 -18.666504 4.636125 111830453115.000000
0.205078 -0.804688 0.124512 3.111084 -15.677423 4.087110 111830456033.000000
0.207275 -0.801514 0.123047 1.037028 -12.871348 4.148112 111830458952.000000
0.211182 -0.802246 0.122559 0.549015 -10.004270 4.148112 111830461873.000000
0.210205 -0.810791 0.126221 -0.488013 -6.893186 3.904105 111830464790.000000
0.207764 -0.807617 0.127197 -2.135058 -3.843104 3.782102 111830467725.000000
0.208252 -0.811768 0.128418 -3.172086 -1.220033 3.721100 111830470658.000000
0.208740 -0.813721 0.124756 -4.575124 1.708046 3.904105 111830473579.000000
0.206299 -0.819580 0.123047 -5.124138 4.148112 3.782102 111830476512.000000
0.204346 -0.826660 0.120361 -5.551150 6.527176 3.294089 111830479433.000000
0.207031 -0.824463 0.122559 -6.527176 8.845239 3.538096 111830482354.000000
0.198486 -0.835938 0.115967 -7.503203 11.651315 3.538096 111830485277.000000
0.197021 -0.834961 0.113525 -7.747209 13.603367 3.355091 111830488196.000000
0.198486 -0.841309 0.122070 -8.662234 15.921430 3.111084 111830491115.000000
0.189453 -0.842529 0.114258 -9.455255 17.507473 3.111084 111830494033.000000
0.188965 -0.856201 0.115723 -9.943268 19.642530 2.806076 111830496953.000000
0.180664 -0.857178 0.104004 -10.919295 21.228573 2.623071 111830499873.000000
0.170654 -0.861572 0.105957 -12.261331 22.997621 2.318063 111830502837.000000
0.173584 -0.858154 0.097412 -12.627341 24.217654 2.135058 111830505755.000000
0.169678 -0.867432 0.082520 -14.030379 25.376685 1.891051 111830508673.000000
0.168945 -0.861328 0.087158 -15.189410 26.535716 1.403038 111830511593.000000
0.160645 -0.864258 0.082031 -16.287440 27.389740 1.159031 111830514521.000000
0.164795 -0.862061 0.085205 -17.141463 28.548771 0.976026 111830517438.000000
0.163086 -0.864502 0.082275 -18.300494 28.975782 0.488013 111830520357.000000
0.164063 -0.861816 0.066650 -19.886537 29.524797 0.244007 111830522248.000000
0.167725 -0.860840 0.060303 -21.106570 30.134814 -0.061002 111830524050.000000
0.167480 -0.857422 0.054443 -22.082596 30.561825 -0.427012 111830525852.000000
0.168457 -0.858887 0.053955 -23.119624 31.171842 -0.671018 111830527659.000000
0.167480 -0.854736 0.053467 -24.217654 31.659855 -1.159031 111830529482.000000
0.166748 -0.853271 0.048584 -25.620692 31.964863 -1.525041 111830531420.000000
0.167236 -0.855469 0.037354 -26.840725 32.269871 -1.708046 111830533366.000000
0.165771 -0.852051 0.035400 -28.243763 32.635881 -1.891051 111830535268.000000
0.165039 -0.853271 0.033203 -29.646800 32.818886 -2.440066 111830537129.000000
0.162842 -0.849121 0.032715 -30.927835 33.062893 -2.379064 111830538933.000000
0.171387 -0.849854 0.027588 -31.659855 33.489904 -2.806076 111830540738.000000
0.169678 -0.851807 0.029053 -32.452876 33.977917 -2.501068 111830542540.000000
0.165527 -0.851074 0.023926 -33.367901 33.916916 -2.867077 111830544343.000000
0.162354 -0.859131 0.026855 -33.977917 34.282926 -3.050082 111830546145.000000
0.163818 -0.862061 0.029053 -34.953944 34.526932 -3.416092 111830547947.000000
0.164307 -0.867676 0.030273 -35.868968 34.770939 -3.416092 111830549749.000000
0.164795 -0.870117 0.028809 -35.990972 34.648936 -3.904105 111830551554.000000
0.165771 -0.871826 0.028076 -36.417983 34.831940 -4.331117 111830553357.000000
0.166260 -0.872559 0.027588 -36.783993 35.319954 -4.880132 111830555159.000000
0.167236 -0.877930 0.020752 -37.211005 35.258952 -5.063137 111830556961.000000
0.165039 -0.869385 0.022705 -37.943024 35.502959 -5.490148 111830558762.000000
0.164551 -0.870850 0.016846 -38.736046 35.807967 -5.734155 111830560566.000000
0.163086 -0.867676 0.014648 -39.407064 35.807967 -6.344171 111830562368.000000
0.168945 -0.869141 0.024902 -39.956079 35.929970 -6.649180 111830564181.000000
0.165283 -0.866943 0.023438 -40.261087 36.234978 -7.015189 111830565984.000000
0.167236 -0.866943 0.022217 -40.810102 36.600988 -7.625206 111830567787.000000
0.166504 -0.871338 0.023926 -41.481120 36.722992 -7.930214 111830569590.000000
0.168701 -0.871582 0.026855 -41.908132 36.966998 -8.296224 111830571401.000000
0.169434 -0.870117 0.019531 -42.640151 37.211005 -8.784237 111830573203.000000
0.168945 -0.866455 0.016113 -42.945160 37.577015 -8.967242 111830575005.000000
0.170654 -0.868408 0.022217 -43.616178 38.126029 -9.394254 111830576815.000000
0.168457 -0.871338 0.017090 -44.226194 38.065028 -9.516257 111830578617.000000
0.166992 -0.874268 0.021240 -44.653206 38.492039 -9.821265 111830580420.000000
0.169434 -0.873047 0.030273 -45.263222 39.041054 -10.492283 111830582222.000000
0.172119 -0.873047 0.027588 -45.568230 39.285061 -10.980296 111830584024.000000
0.178955 -0.871582 0.022949 -45.995242 39.834076 -11.285305 111830585827.000000
0.181641 -0.870117 0.019775 -46.727262 40.444092 -11.590313 111830587630.000000
0.180420 -0.866455 0.019775 -46.971268 41.237113 -11.773318 111830589432.000000
0.183838 -0.868164 0.023682 -47.886293 41.908132 -12.261331 111830591236.000000
0.187988 -0.868652 0.026855 -48.496309 42.640151 -12.505338 111830593039.000000
0.185791 -0.865234 0.021240 -49.228329 43.555176 -12.688343 111830594841.000000
0.187012 -0.862793 0.019043 -49.411334 44.287196 -12.810346 111830596642.000000
0.194580 -0.860107 0.017578 -49.655341 45.080217 -12.993351 111830598443.000000
0.195557 -0.854980 0.021484 -50.265357 45.934240 -13.298359 111830600247.000000
0.197266 -0.861572 0.019043 -50.631367 46.788263 -13.481364 111830602050.000000
0.197021 -0.854248 0.017822 -51.058379 47.337278 -14.030379 111830603851.000000
0.204346 -0.859619 0.011963 -51.851400 48.557311 -14.030379 111830605658.000000
0.205566 -0.855225 0.011719 -52.522418 49.228329 -13.969377 111830607460.000000
0.204102 -0.853027 0.008545 -53.010431 50.448362 -14.152382 111830609264.000000
0.210205 -0.845459 0.011963 -53.559446 51.485390 -14.213384 111830611065.000000
0.207031 -0.849609 0.010498 -53.986458 52.705423 -14.579394 111830612863.000000
0.210938 -0.850830 0.014893 -54.840481 53.681449 -15.006405 111830614661.000000
0.218262 -0.843506 -0.001953 -55.389496 54.596474 -15.311413 111830616459.000000
0.220703 -0.841064 -0.000732 -55.877509 55.694504 -15.128408 111830618257.000000
0.219482 -0.841309 -0.007568 -56.365522 56.731532 -15.372415 111830620057.000000
0.224121 -0.837891 -0.019531 -57.646556 58.195571 -15.494418 111830621860.000000
0.228027 -0.830566 -0.024414 -58.439578 59.049594 -15.921430 111830623663.000000
0.228271 -0.835693 -0.024658 -59.537608 60.513634 -15.982432 111830625465.000000
0.229492 -0.831543 -0.031250 -60.208626 61.855670 -15.738425 111830627267.000000
0.230713 -0.833008 -0.041992 -61.001647 63.380711 -16.226438 111830629069.000000
0.230469 -0.830322 -0.052002 -61.916672 65.027756 -16.287440 111830630876.000000
0.232178 -0.829346 -0.063477 -63.197706 66.247789 -16.287440 111830632678.000000
0.230225 -0.835693 -0.070557 -64.539743 67.589825 -16.531446 111830634481.000000
0.228027 -0.836914 -0.072998 -65.393766 68.931861 -16.592448 111830636283.000000
0.228271 -0.840088 -0.080566 -66.613799 70.395901 -16.531446 111830638085.000000
0.231445 -0.845703 -0.080566 -67.711828 71.676935 -16.714451 111830639887.000000
0.230225 -0.843994 -0.093506 -68.748856 73.079973 -17.263466 111830641713.000000
0.232422 -0.845947 -0.104736 -69.785884 74.300006 -17.507473 111830643515.000000
0.234375 -0.852295 -0.117432 -70.883914 75.947051 -17.812481 111830645321.000000
0.234131 -0.852539 -0.118408 -72.164948 77.350088 -18.056488 111830647122.000000
0.216553 -0.854492 -0.134033 -73.445983 78.326115 -18.117489 111830648925.000000
0.213135 -0.860840 -0.137695 -74.666016 79.546148 -18.056488 111830650732.000000
0.208740 -0.863037 -0.138672 -76.008052 80.766181 -18.117489 111830652538.000000
0.210693 -0.867920 -0.143799 -76.801074 81.681205 -18.483499 111830654341.000000
0.203857 -0.870605 -0.143555 -77.777100 82.901238 -18.727506 111830656144.000000
0.200195 -0.873535 -0.150391 -78.875130 83.572256 -19.032514 111830657946.000000
0.197021 -0.882324 -0.152100 -79.668151 84.670286 -19.398524 111830659747.000000
0.185547 -0.886719 -0.155762 -80.766181 85.158299 -19.581529 111830661556.000000
0.177979 -0.892822 -0.160645 -81.498200 85.585311 -20.130544 111830663360.000000
0.178711 -0.894531 -0.160156 -82.779235 86.378332 -20.252547 111830665162.000000
0.172363 -0.893311 -0.164795 -83.511255 86.744342 -20.496553 111830666964.000000
0.167725 -0.893799 -0.165039 -84.548283 86.927347 -20.801562 111830668766.000000
0.162842 -0.903564 -0.170410 -85.463308 87.598365 -21.472580 111830670570.000000
0.155762 -0.902588 -0.173096 -86.500336 87.720368 -22.082596 111830672373.000000
0.152832 -0.902100 -0.176514 -87.110352 88.208382 -22.204600 111830674175.000000
0.146484 -0.907959 -0.182861 -88.025377 88.330385 -22.936619 111830675978.000000
0.147217 -0.911133 -0.190430 -89.550418 88.391387 -23.485634 111830677779.000000
0.140625 -0.916504 -0.197998 -90.648448 88.696395 -23.912646 111830679581.000000
0.133789 -0.922852 -0.208252 -91.563472 88.879400 -24.461660 111830681385.000000
0.133057 -0.926758 -0.208008 -92.600500 88.879400 -25.376685 111830683186.000000
0.131592 -0.934570 -0.219238 -93.759532 89.123406 -25.803697 111830684988.000000
0.125488 -0.941895 -0.220459 -94.674556 89.062405 -26.108705 111830686790.000000
0.114502 -0.961914 -0.227783 -95.406576 89.001403 -26.596718 111830688597.000000
0.115967 -0.971191 -0.236816 -96.687611 88.757396 -27.450741 111830690401.000000
0.110840 -0.976318 -0.236084 -97.480632 88.879400 -27.999756 111830692209.000000
0.111328 -0.992920 -0.241455 -98.700665 88.818398 -28.304764 111830694011.000000
0.103760 -1.011475 -0.254639 -99.371683 88.513390 -29.158787 111830695815.000000
0.106689 -1.034424 -0.269043 -100.225706 88.269383 -29.707802 111830697620.000000
0.099365 -1.053711 -0.277100 -101.323736 88.147380 -30.256817 111830699422.000000
0.098633 -1.065186 -0.283691 -102.421765 87.842372 -31.354847 111830701230.000000
0.099121 -1.089844 -0.303955 -103.641798 87.903373 -31.781858 111830703032.000000
0.090088 -1.117188 -0.330811 -105.044836 87.720368 -32.330873 111830704842.000000
0.083984 -1.148438 -0.344727 -105.959861 87.476362 -33.123894 111830706644.000000
0.078613 -1.190674 -0.365479 -107.118892 87.537364 -33.916916 111830708446.000000
0.073486 -1.236084 -0.390869 -108.277924 87.476362 -34.587934 111830710249.000000
0.071289 -1.255371 -0.395020 -109.192948 86.927347 -35.075947 111830712052.000000
0.067139 -1.307861 -0.415771 -110.473983 86.744342 -35.929970 111830713855.000000
0.063721 -1.358154 -0.436523 -111.633014 86.317331 -36.722992 111830715659.000000
0.056641 -1.411377 -0.451172 -112.426036 85.341304 -37.333008 111830717461.000000
0.042969 -1.466064 -0.458984 -112.853047 84.792289 -38.431038 111830719264.000000
0.042236 -1.490479 -0.465332 -113.280059 83.816263 -39.285061 111830721073.000000
0.035156 -1.540283 -0.476074 -113.524065 82.779235 -40.200085 111830722874.000000
0.038818 -1.576904 -0.472168 -113.463064 81.559202 -40.993107 111830724676.000000
0.032959 -1.605957 -0.471924 -113.707070 80.278168 -41.908132 111830726477.000000
0.027588 -1.628906 -0.460449 -113.524065 79.058135 -42.762155 111830728279.000000
0.023926 -1.640869 -0.449219 -113.097054 77.716098 -43.494174 111830730086.000000
0.024658 -1.641357 -0.422363 -112.975050 76.618069 -44.104191 111830731890.000000
0.018066 -1.634277 -0.412842 -112.060026 75.215031 -44.653206 111830733692.000000
0.013916 -1.611084 -0.384033 -111.633014 74.178003 -44.592204 111830735494.000000
0.005859 -1.580566 -0.362549 -111.572012 73.445983 -44.775209 111830737296.000000
0.007568 -1.559326 -0.341309 -110.839993 72.957970 -44.958214 111830739098.000000
0.002197 -1.520508 -0.307129 -110.534984 72.652962 -44.531202 111830740909.000000
-0.008545 -1.470459 -0.273926 -110.046971 73.140975 -44.836211 111830742711.000000
-0.008301 -1.418945 -0.245361 -109.680961 74.056000 -44.592204 111830744525.000000
-0.016846 -1.366455 -0.209229 -109.070945 75.459037 -44.287196 111830746334.000000
-0.016113 -1.340332 -0.197754 -108.582932 76.862075 -44.226194 111830748137.000000
-0.019775 -1.286133 -0.175293 -108.338925 78.936131 -44.165192 111830749948.000000
-0.025879 -1.238281 -0.138428 -108.277924 80.888184 -43.860184 111830751752.000000
-0.032715 -1.189209 -0.125977 -108.033917 83.511255 -44.226194 111830753561.000000
-0.030273 -1.147705 -0.097412 -107.606905 85.707314 -44.287196 111830755366.000000
-0.034180 -1.130615 -0.086914 -107.423900 87.903373 -44.592204 111830757171.000000
-0.034424 -1.082520 -0.063965 -106.874886 90.648448 -44.958214 111830758974.000000
-0.035889 -1.050781 -0.035889 -105.959861 92.905508 -45.690234 111830760781.000000
-0.047607 -1.033447 -0.034180 -105.410846 94.796560 -45.934240 111830762586.000000
-0.043457 -1.013184 -0.014648 -105.410846 96.687611 -46.300250 111830764388.000000
-0.048340 -0.990479 0.008057 -104.007808 98.334655 -47.032270 111830766191.000000
-0.051025 -0.991211 0.008545 -102.726774 99.798695 -47.947295 111830767995.000000
-0.050049 -0.974854 0.026123 -101.201732 101.506741 -48.923321 111830769798.000000
-0.048828 -0.960205 0.044922 -99.005673 102.604770 -49.960349 111830771601.000000
-0.049072 -0.943604 0.037354 -97.480632 103.885805 -50.814372 111830773403.000000
-0.056641 -0.938232 0.047363 -96.687611 105.105838 -51.424388 111830775206.000000
-0.055664 -0.934814 0.043945 -95.711584 106.691881 -52.217410 111830777008.000000
-0.067627 -0.923096 0.037598 -95.040566 107.545904 -52.461416 111830778810.000000
-0.064209 -0.924561 0.037354 -94.064540 108.521930 -52.949430 111830780611.000000
-0.066650 -0.927490 0.036621 -93.332520 109.924968 -53.193436 111830782413.000000
-0.075928 -0.937988 0.039063 -91.868480 110.900994 -53.620448 111830784218.000000
-0.067627 -0.942627 0.034912 -90.404441 111.755017 -53.986458 111830786020.000000
-0.082520 -0.951660 0.026123 -89.123406 112.670042 -54.291466 111830787822.000000
-0.085693 -0.957275 0.002686 -88.330385 113.585067 -54.657476 111830789625.000000
-0.090820 -0.972656 -0.007813 -87.598365 114.256085 -54.413469 111830791433.000000
-0.101318 -0.991943 -0.019287 -87.171354 115.415116 -54.474471 111830793236.000000
-0.103027 -0.997803 -0.018555 -85.707314 115.964131 -55.084487 111830795038.000000
-0.109619 -1.008301 -0.026611 -84.792289 116.818154 -55.145489 111830796841.000000
-0.114502 -1.018311 -0.031494 -83.206247 117.428171 -55.267492 111830798642.000000
-0.124512 -1.041016 -0.039551 -82.108217 117.916184 -55.694504 111830800446.000000
-0.129395 -1.053955 -0.055176 -81.376197 118.282194 -55.877509 111830802249.000000
-0.132324 -1.060547 -0.065918 -80.522174 118.831208 -56.243519 111830804052.000000
-0.140137 -1.068848 -0.070068 -79.424144 119.075215 -56.182517 111830805854.000000
-0.148193 -1.083496 -0.090820 -78.387116 119.197218 -56.792533 111830807656.000000
-0.151855 -1.096924 -0.095459 -77.655097 119.441225 -57.036540 111830809459.000000
-0.164307 -1.112061 -0.107422 -77.045080 119.380223 -57.341548 111830811262.000000
-0.164551 -1.122070 -0.109619 -76.008052 119.319222 -57.585555 111830813063.000000
-0.174561 -1.127686 -0.121338 -74.727018 119.136217 -58.073568 111830814864.000000
-0.176758 -1.143799 -0.136475 -73.750991 118.953212 -58.317575 111830816667.000000
-0.170410 -1.156006 -0.146973 -72.652962 118.404197 -58.561581 111830818470.000000
-0.156250 -1.162598 -0.170654 -71.981944 118.282194 -59.598609 111830820276.000000
