0.244873 -0.937012 -0.032227 -8.845239 51.424388 -11.773318 164604600581.000000
0.250244 -0.941406 -0.040039 -8.967242 50.997377 -11.651315 164604602379.000000
0.248779 -0.937500 -0.033936 -9.211249 50.387360 -11.651315 164604604177.000000
0.252197 -0.940918 -0.030029 -8.967242 50.021351 -11.651315 164604605976.000000
0.257813 -0.935547 -0.041504 -9.333252 49.411334 -11.712316 164604607774.000000
0.245117 -0.938965 -0.039063 -9.272250 49.045324 -11.285305 164604609573.000000
0.251221 -0.940918 -0.033203 -8.906240 48.557311 -11.224303 164604611371.000000
0.252686 -0.943848 -0.045898 -9.638260 48.496309 -11.041298 164604613169.000000
0.253906 -0.942383 -0.043945 -9.699262 47.886293 -10.675288 164604614967.000000
0.243164 -0.939209 -0.040283 -9.638260 47.520283 -10.065272 164604616768.000000
0.247803 -0.936035 -0.036133 -9.882267 47.337278 -9.516257 164604618566.000000
0.251465 -0.931885 -0.038086 -9.943268 47.093272 -9.211249 164604620369.000000
0.261719 -0.933594 -0.037109 -10.187275 46.910267 -8.601232 164604622168.000000
0.262451 -0.937744 -0.031494 -10.431282 46.483255 -8.296224 164604623969.000000
0.267090 -0.936768 -0.034912 -10.553285 46.483255 -8.052217 164604625766.000000
0.271729 -0.939697 -0.041016 -10.858293 46.666260 -7.930214 164604627569.000000
0.276367 -0.936768 -0.048340 -11.407308 46.361252 -7.320198 164604629368.000000
0.275879 -0.936035 -0.049805 -12.322333 46.300250 -7.381199 164604631165.000000
0.277344 -0.932129 -0.044434 -12.627341 46.178247 -6.893186 164604632962.000000
0.287109 -0.931152 -0.037109 -12.322333 46.544257 -6.649180 164604634760.000000
0.279297 -0.926514 -0.038086 -12.566339 46.483255 -6.405173 164604636560.000000
0.284668 -0.929443 -0.032227 -12.566339 46.178247 -6.344171 164604638364.000000
0.290283 -0.929932 -0.031006 -12.505338 46.056244 -6.344171 164604640166.000000
0.290283 -0.930908 -0.040527 -13.115354 45.629232 -6.222168 164604641966.000000
0.282715 -0.931152 -0.033203 -13.298359 45.385225 -5.917160 164604643768.000000
0.283691 -0.922119 -0.037354 -13.664369 45.202220 -5.673153 164604645570.000000
0.274658 -0.928467 -0.036621 -13.603367 44.653206 -5.612152 164604647369.000000
0.273926 -0.928467 -0.025391 -13.664369 44.287196 -5.368145 164604649167.000000
0.286621 -0.928955 -0.025391 -13.847374 44.104191 -5.551150 164604650965.000000
0.294922 -0.928223 -0.042725 -14.579394 43.677179 -5.673153 164604652764.000000
0.283447 -0.923828 -0.033203 -14.335387 43.738181 -5.307143 164604654562.000000
0.289307 -0.930908 -0.013428 -13.725371 43.921186 -5.307143 164604656360.000000
0.291504 -0.930664 -0.030273 -13.542366 43.433173 -5.429147 164604658159.000000
0.289307 -0.930420 -0.030518 -14.030379 43.006161 -5.368145 164604659958.000000
0.290527 -0.926025 -0.030273 -13.847374 42.579150 -5.185140 164604661757.000000
0.289307 -0.929932 -0.024658 -14.274385 42.152138 -5.185140 164604663555.000000
0.286865 -0.922363 -0.035400 -14.457390 41.725127 -5.124138 164604665352.000000
0.283691 -0.926270 -0.029541 -14.640395 41.359117 -5.246142 164604667150.000000
0.289063 -0.929199 -0.032471 -14.579394 40.993107 -5.368145 164604668948.000000
0.280762 -0.925049 -0.033203 -14.335387 40.383090 -5.185140 164604670747.000000
0.287109 -0.925781 -0.042480 -14.396389 39.956079 -5.307143 164604672544.000000
0.285400 -0.924561 -0.047119 -14.640395 39.529067 -5.124138 164604674342.000000
0.279541 -0.921143 -0.045654 -14.762399 38.980052 -5.002135 164604676139.000000
0.276123 -0.918213 -0.043945 -14.884402 38.370036 -5.124138 164604677944.000000
0.287842 -0.925293 -0.044434 -15.189410 37.882023 -5.124138 164604679746.000000
0.282959 -0.924072 -0.043213 -14.762399 37.150003 -5.246142 164604681552.000000
0.284180 -0.927002 -0.041992 -14.945404 36.478985 -5.246142 164604683357.000000
0.278809 -0.929688 -0.050293 -15.372415 35.868968 -5.124138 164604685159.000000
0.279297 -0.928955 -0.049805 -15.128408 35.075947 -5.124138 164604686964.000000
0.278076 -0.927002 -0.054688 -15.433417 34.770939 -5.063137 164604688770.000000
0.284180 -0.927246 -0.050293 -15.250412 33.855914 -4.697127 164604690572.000000
0.274414 -0.923340 -0.050049 -15.372415 33.794912 -4.819130 164604692375.000000
0.269043 -0.926514 -0.045654 -15.494418 33.062893 -4.575124 164604694177.000000
0.267578 -0.922607 -0.051270 -15.250412 32.391875 -4.087110 164604695979.000000
0.266846 -0.922607 -0.050537 -15.677423 31.537852 -4.148112 164604697784.000000
0.266846 -0.923584 -0.056152 -15.799427 30.622827 -3.782102 164604699588.000000
0.264160 -0.924561 -0.054199 -16.226438 30.317819 -3.660099 164604701390.000000
0.266602 -0.919922 -0.054199 -16.348441 29.768804 -3.538096 164604703192.000000
0.270508 -0.921631 -0.054443 -16.226438 29.097786 -3.172086 164604704993.000000
0.260498 -0.916748 -0.046143 -16.348441 28.487769 -2.806076 164604706794.000000
0.263672 -0.923584 -0.043213 -16.409443 28.121759 -2.745074 164604708599.000000
0.266113 -0.913574 -0.057617 -17.019460 27.572744 -2.684072 164604710401.000000
0.268311 -0.912354 -0.044678 -17.568474 26.596718 -2.806076 164604712202.000000
0.272217 -0.915771 -0.050537 -17.934484 26.291710 -2.562069 164604714004.000000
0.279541 -0.917236 -0.041016 -18.117489 26.169707 -2.318063 164604715806.000000
0.277100 -0.911865 -0.049072 -18.544501 25.803697 -2.501068 164604717612.000000
0.280518 -0.915039 -0.048340 -18.910511 25.498688 -2.379064 164604719411.000000
0.287598 -0.915527 -0.050049 -19.093516 25.254682 -2.440066 164604721213.000000
0.290771 -0.915283 -0.055176 -19.886537 25.132679 -2.440066 164604723015.000000
0.294434 -0.910889 -0.046875 -20.435552 24.644665 -2.196059 164604724817.000000
0.290771 -0.915283 -0.045898 -20.557555 25.010675 -1.952053 164604726619.000000
0.293701 -0.914063 -0.045410 -20.618557 24.766669 -1.952053 164604728427.000000
0.290283 -0.915283 -0.042480 -20.923565 24.522662 -1.952053 164604730229.000000
0.292236 -0.913574 -0.044189 -21.228573 24.522662 -1.586043 164604732030.000000
0.291016 -0.911865 -0.040527 -21.472580 24.705667 -1.525041 164604733832.000000
0.295166 -0.914307 -0.044678 -21.716586 24.339657 -1.281035 164604735637.000000
0.291992 -0.911621 -0.045166 -21.716586 24.278656 -1.098030 164604737443.000000
0.296631 -0.912354 -0.040039 -21.899591 24.278656 -0.793021 164604739242.000000
0.292236 -0.915283 -0.030518 -21.899591 24.400659 -0.732020 164604741047.000000
0.292480 -0.912109 -0.036377 -21.594583 24.461660 -0.793021 164604742851.000000
0.291504 -0.916016 -0.039307 -22.021595 24.217654 -0.244007 164604744655.000000
0.295654 -0.909180 -0.043457 -22.021595 24.217654 -0.244007 164604746457.000000
0.292725 -0.908936 -0.040039 -21.899591 24.217654 -0.061002 164604748260.000000
0.294434 -0.911377 -0.038086 -22.143598 24.400659 0.244007 164604750060.000000
0.293945 -0.912598 -0.043701 -21.960593 24.095651 0.183005 164604751858.000000
0.295654 -0.905518 -0.042480 -21.960593 23.912646 0.244007 164604753656.000000
0.292236 -0.903809 -0.041016 -21.899591 24.034649 0.549015 164604755455.000000
0.283936 -0.906250 -0.042236 -21.777588 23.790642 0.793021 164604757253.000000
0.285645 -0.904541 -0.041504 -21.838590 24.095651 0.854023 164604759073.000000
0.283447 -0.901367 -0.046875 -22.204600 23.912646 0.854023 164604760871.000000
0.293213 -0.900391 -0.055420 -22.204600 23.912646 1.037028 164604762668.000000
0.288574 -0.896240 -0.042236 -22.082596 23.790642 1.403038 164604764468.000000
0.289063 -0.892822 -0.044189 -21.960593 23.973647 1.525041 164604766265.000000
0.284912 -0.894287 -0.044434 -22.082596 24.034649 1.586043 164604768064.000000
0.283203 -0.894531 -0.044922 -22.448606 23.729641 1.525041 164604769862.000000
0.283936 -0.892334 -0.050293 -22.570609 23.790642 1.708046 164604771661.000000
0.280518 -0.894287 -0.049805 -22.143598 23.973647 1.830049 164604773459.000000
0.279541 -0.896484 -0.048584 -22.448606 24.095651 1.586043 164604775257.000000
0.275391 -0.899414 -0.046875 -22.204600 24.034649 2.257061 164604777054.000000
0.275391 -0.896973 -0.041748 -22.204600 23.912646 2.135058 164604778858.000000
0.280029 -0.891357 -0.044922 -22.143598 23.546636 2.196059 164604780661.000000
0.276855 -0.895752 -0.049316 -22.265601 23.302629 2.440066 164604782463.000000
0.279785 -0.899902 -0.058350 -22.631611 23.424632 2.501068 164604784265.000000
0.284912 -0.899414 -0.052490 -22.875618 23.302629 2.318063 164604786067.000000
0.283447 -0.901855 -0.046875 -22.936619 22.936619 2.745074 164604787873.000000
0.281738 -0.906006 -0.044678 -23.180626 22.875618 2.806076 164604789675.000000
0.271484 -0.903809 -0.046387 -23.119624 22.875618 2.806076 164604791477.000000
0.272461 -0.905518 -0.049316 -23.241628 22.570609 3.294089 164604793279.000000
0.274902 -0.907959 -0.054932 -23.424632 22.509608 3.294089 164604795080.000000
0.273193 -0.908203 -0.051514 -23.851644 22.631611 3.721100 164604796882.000000
0.278320 -0.908447 -0.039795 -23.851644 22.448606 4.209114 164604798685.000000
0.283691 -0.911133 -0.044678 -23.790642 22.326603 4.148112 164604800488.000000
0.285156 -0.913574 -0.042725 -23.790642 22.631611 4.453120 164604802290.000000
0.282959 -0.914795 -0.041992 -24.339657 22.814616 4.758128 164604804097.000000
0.289307 -0.913574 -0.045410 -24.583664 22.570609 5.246142 164604805903.000000
0.298828 -0.914795 -0.047852 -24.827670 22.631611 5.246142 164604807709.000000
0.298584 -0.914063 -0.046387 -25.071677 22.875618 5.490148 164604809509.000000
0.300049 -0.909912 -0.045898 -25.376685 23.058623 5.307143 164604811310.000000
0.298584 -0.904541 -0.043213 -25.803697 22.997621 5.917160 164604813119.000000
0.296631 -0.906250 -0.047119 -25.803697 23.180626 6.161166 164604814921.000000
0.297119 -0.909424 -0.041504 -25.803697 23.302629 6.649180 164604816723.000000
0.291504 -0.907959 -0.048096 -25.925700 23.241628 6.954188 164604818530.000000
0.288818 -0.906494 -0.043213 -26.169707 23.424632 7.259196 164604820333.000000
0.291260 -0.905029 -0.039551 -25.986702 23.363631 7.381199 164604822136.000000
0.286133 -0.909424 -0.045654 -25.742695 23.485634 7.869212 164604823937.000000
0.286377 -0.906982 -0.045898 -26.047703 23.607637 7.991216 164604825738.000000
0.283203 -0.906006 -0.043213 -25.742695 23.546636 8.113219 164604827542.000000
0.279785 -0.900879 -0.051270 -25.803697 23.241628 8.418227 164604829346.000000
0.275391 -0.898438 -0.059082 -25.925700 23.119624 8.662234 164604831148.000000
0.273438 -0.895508 -0.055664 -26.108705 22.997621 8.784237 164604832949.000000
0.270508 -0.893066 -0.056396 -26.291710 22.570609 8.967242 164604834751.000000
0.263916 -0.896240 -0.055664 -26.291710 22.204600 9.089245 164604836553.000000
0.264648 -0.896240 -0.062500 -26.047703 22.204600 9.394254 164604838361.000000
0.263672 -0.896973 -0.060547 -25.986702 21.655585 9.516257 164604840161.000000
0.259033 -0.895264 -0.065186 -26.413713 20.801562 9.516257 164604841962.000000
0.260010 -0.894531 -0.069580 -26.352712 20.496553 9.516257 164604843764.000000
0.258789 -0.885742 -0.070068 -26.596718 19.703532 9.455255 164604845566.000000
0.256348 -0.887451 -0.068115 -26.474715 19.032514 9.516257 164604847366.000000
0.251709 -0.887451 -0.074219 -26.718721 18.605502 9.699262 164604849166.000000
0.249512 -0.888428 -0.063232 -27.267736 17.934484 9.821265 164604850964.000000
0.248291 -0.889160 -0.065430 -26.901726 17.019460 9.760264 164604852762.000000
0.248535 -0.893066 -0.070313 -26.657720 16.653450 9.760264 164604854560.000000
0.250488 -0.894287 -0.071289 -26.840725 16.104435 10.065272 164604856358.000000
0.249756 -0.896729 -0.072021 -27.145733 15.067407 9.943268 164604858157.000000
0.247070 -0.891602 -0.078369 -26.962728 14.518392 9.821265 164604859956.000000
0.247559 -0.893799 -0.075684 -27.084731 13.725371 10.004270 164604861754.000000
0.252686 -0.894775 -0.067139 -26.840725 13.359361 9.943268 164604863553.000000
0.251709 -0.889404 -0.078857 -26.596718 12.505338 9.943268 164604865354.000000
0.253662 -0.894531 -0.078613 -27.206735 12.017324 10.431282 164604867151.000000
0.256592 -0.894531 -0.083984 -27.328738 11.407308 10.187275 164604868950.000000
0.258301 -0.896973 -0.085693 -27.206735 11.102300 10.065272 164604870748.000000
0.252686 -0.895996 -0.077881 -26.779723 10.614287 10.370280 164604872547.000000
0.252197 -0.897949 -0.082764 -27.267736 10.187275 10.370280 164604874344.000000
0.254150 -0.894531 -0.083496 -27.389740 9.821265 10.614287 164604876143.000000
0.257324 -0.898926 -0.091797 -27.755749 9.455255 10.858293 164604877944.000000
0.261963 -0.900879 -0.087158 -27.633746 9.638260 10.919295 164604879746.000000
0.262695 -0.898438 -0.086426 -27.877753 8.845239 10.919295 164604881548.000000
0.268799 -0.905029 -0.089111 -28.182761 8.662234 10.675288 164604883354.000000
0.272217 -0.903076 -0.091797 -28.304764 8.418227 10.980296 164604885158.000000
0.270752 -0.904053 -0.090332 -28.243763 8.479229 11.102300 164604886960.000000
0.271973 -0.906738 -0.093018 -28.365766 8.296224 11.041298 164604888763.000000
0.272949 -0.908203 -0.086426 -27.999756 8.540231 11.407308 164604890565.000000
0.273926 -0.912354 -0.094482 -28.182761 8.174221 11.407308 164604892368.000000
0.274414 -0.910889 -0.089844 -28.426768 8.540231 11.529311 164604894170.000000
0.272705 -0.909668 -0.091309 -28.731776 8.479229 11.834320 164604895971.000000
0.273193 -0.912354 -0.088135 -28.182761 8.235222 11.651315 164604897777.000000
0.266602 -0.914551 -0.082275 -28.182761 8.479229 11.956323 164604899577.000000
0.268799 -0.915771 -0.090332 -28.182761 8.296224 12.261331 164604901379.000000
0.265869 -0.916260 -0.090088 -28.060758 8.296224 12.139328 164604903180.000000
0.263428 -0.913574 -0.098877 -28.121759 8.174221 12.383334 164604904982.000000
0.260986 -0.911865 -0.096680 -27.999756 8.235222 12.627341 164604906783.000000
0.253662 -0.917480 -0.090332 -27.572744 7.991216 12.627341 164604908586.000000
0.257813 -0.911621 -0.089600 -27.389740 8.113219 12.871348 164604910388.000000
0.251465 -0.914795 -0.089600 -27.511743 7.930214 13.115354 164604912189.000000
0.239990 -0.900879 -0.084229 -27.145733 7.625206 13.481364 164604913992.000000
0.241455 -0.906738 -0.075195 -27.145733 7.625206 13.420362 164604915794.000000
0.245850 -0.908203 -0.095215 -27.633746 7.015189 13.542366 164604917599.000000
0.238037 -0.902832 -0.103516 -27.938754 6.588178 13.725371 164604919405.000000
0.231201 -0.908936 -0.093018 -27.450741 6.466175 13.359361 164604921206.000000
0.229248 -0.912109 -0.095947 -26.901726 6.039163 13.786372 164604923007.000000
0.227295 -0.912109 -0.101318 -27.023730 5.856158 13.847374 164604924809.000000
0.222412 -0.910156 -0.105469 -27.023730 5.185140 13.786372 164604926615.000000
0.214600 -0.904297 -0.102539 -26.718721 4.453120 13.908376 164604928424.000000
0.218018 -0.906982 -0.107666 -27.084731 3.843104 13.969377 164604930225.000000
0.221191 -0.898438 -0.120850 -27.450741 3.355091 14.213384 164604932028.000000
0.218018 -0.903564 -0.103760 -27.389740 3.416092 14.213384 164604933830.000000
0.216797 -0.903076 -0.102539 -27.206735 3.172086 14.091380 164604935631.000000
0.217041 -0.903564 -0.104248 -27.084731 2.684072 14.152382 164604937437.000000
0.219482 -0.903564 -0.116943 -27.450741 2.501068 14.030379 164604939245.000000
0.228027 -0.898193 -0.108398 -27.389740 2.257061 14.213384 164604941047.000000
0.221680 -0.904541 -0.113037 -27.694748 1.525041 14.274385 164604942852.000000
0.219971 -0.903564 -0.108398 -28.121759 1.769048 14.274385 164604944652.000000
0.229736 -0.899414 -0.107178 -27.938754 1.281035 14.152382 164604946453.000000
0.226563 -0.895020 -0.107178 -27.938754 1.525041 14.518392 164604948253.000000
0.224854 -0.900635 -0.104736 -27.999756 0.915025 14.518392 164604950052.000000
0.229004 -0.903320 -0.100342 -28.426768 0.793021 14.518392 164604951850.000000
0.227539 -0.904053 -0.100342 -28.304764 0.671018 14.701397 164604953647.000000
0.228760 -0.904541 -0.101807 -28.304764 0.549015 14.884402 164604955445.000000
0.228271 -0.905518 -0.102783 -27.877753 0.488013 15.067407 164604957243.000000
0.231445 -0.910156 -0.094238 -27.633746 0.915025 14.823400 164604959061.000000
0.224854 -0.904297 -0.102783 -27.511743 0.976026 15.067407 164604960860.000000
0.222168 -0.904053 -0.101563 -27.755749 0.549015 15.372415 164604962657.000000
0.229736 -0.906982 -0.094482 -27.938754 1.159031 15.250412 164604964455.000000
0.227783 -0.906250 -0.107178 -27.999756 0.610016 15.250412 164604966253.000000
0.229492 -0.906250 -0.101807 -27.816751 0.549015 15.555420 164604968052.000000
0.231201 -0.912109 -0.096191 -27.816751 0.488013 15.555420 164604969850.000000
0.228516 -0.910156 -0.103027 -27.755749 0.610016 15.433417 164604971647.000000
0.228027 -0.911377 -0.108887 -27.938754 0.610016 15.555420 164604973444.000000
0.229980 -0.917480 -0.103271 -27.694748 0.549015 15.738425 164604975242.000000
0.233154 -0.916504 -0.114746 -27.633746 0.610016 15.738425 164604977040.000000
0.227783 -0.924072 -0.107666 -27.877753 0.732020 16.287440 164604978842.000000
0.229248 -0.924072 -0.108398 -27.755749 0.549015 16.287440 164604980649.000000
0.233887 -0.929932 -0.108887 -27.023730 0.915025 16.409443 164604982451.000000
0.226807 -0.932861 -0.114014 -26.901726 0.976026 16.470445 164604984252.000000
0.226563 -0.939209 -0.115967 -27.084731 0.793021 16.897456 164604986053.000000
0.225342 -0.939941 -0.116455 -26.901726 0.976026 16.958458 164604987859.000000
0.224609 -0.939453 -0.124023 -26.962728 0.671018 17.080461 164604989663.000000
0.219482 -0.937012 -0.127441 -26.779723 0.671018 17.568474 164604991465.000000
0.215820 -0.945068 -0.115234 -26.657720 0.427012 17.812481 164604993266.000000
0.207031 -0.947021 -0.116211 -26.169707 0.549015 18.239492 164604995068.000000
0.207275 -0.940430 -0.118652 -26.169707 0.488013 18.727506 164604996870.000000
0.208252 -0.944824 -0.119629 -25.986702 0.122003 19.154517 164604998673.000000
0.204590 -0.938477 -0.117188 -25.986702 -0.305008 19.520527 164605000478.000000
0.198242 -0.940674 -0.113770 -26.169707 -0.183005 19.703532 164605002281.000000
0.199219 -0.934570 -0.112305 -25.742695 -0.366010 19.947539 164605004089.000000
0.195068 -0.931396 -0.112793 -25.620692 -0.671018 20.374550 164605005892.000000
0.192627 -0.931885 -0.107910 -25.315684 -0.793021 20.557555 164605007698.000000
0.194336 -0.925781 -0.114990 -25.559690 -1.159031 20.923565 164605009502.000000
0.187012 -0.920166 -0.106445 -25.620692 -1.342036 20.923565 164605011307.000000
0.185059 -0.925293 -0.110352 -25.864698 -1.708046 20.984567 164605013116.000000
0.180420 -0.915283 -0.112793 -25.925700 -2.684072 21.350576 164605014918.000000
0.179932 -0.916748 -0.110107 -26.047703 -2.806076 21.228573 164605016721.000000
0.179443 -0.916748 -0.097900 -25.498688 -2.928079 21.655585 164605018524.000000
0.177002 -0.912109 -0.102295 -25.193680 -3.355091 21.777588 164605020327.000000
0.172363 -0.902832 -0.101563 -25.437687 -3.965107 22.082596 164605022129.000000
0.167236 -0.908447 -0.095703 -25.376685 -4.392119 22.631611 164605023929.000000
0.171387 -0.906494 -0.099121 -25.498688 -4.575124 22.753614 164605025731.000000
0.169922 -0.898438 -0.106934 -25.864698 -5.063137 22.997621 164605027534.000000
0.174072 -0.894043 -0.094482 -25.742695 -5.734155 22.875618 164605029336.000000
0.177490 -0.902588 -0.091064 -25.620692 -5.673153 22.753614 164605031138.000000
0.188965 -0.895508 -0.101318 -25.681693 -6.100165 22.936619 164605032940.000000
0.188721 -0.893066 -0.104980 -25.864698 -6.222168 22.692613 164605034741.000000
0.189697 -0.892090 -0.103027 -26.047703 -6.527176 22.753614 164605036543.000000
0.195557 -0.890869 -0.096191 -26.352712 -6.893186 22.509608 164605038351.000000
0.194824 -0.890137 -0.098877 -26.474715 -7.198194 22.692613 164605040153.000000
0.196533 -0.887695 -0.096436 -26.779723 -7.747209 22.692613 164605041953.000000
0.204102 -0.891846 -0.102539 -26.840725 -7.686208 22.631611 164605043755.000000
0.212402 -0.893799 -0.101807 -26.779723 -7.625206 22.509608 164605045557.000000
0.209961 -0.890381 -0.109863 -27.206735 -7.564204 22.448606 164605047357.000000
0.210205 -0.898682 -0.105957 -27.389740 -7.320198 22.509608 164605049155.000000
0.211426 -0.902100 -0.104492 -27.206735 -7.442201 22.753614 164605050952.000000
0.215820 -0.901367 -0.113770 -27.328738 -7.259196 22.936619 164605052750.000000
0.217041 -0.906982 -0.119141 -27.572744 -6.832184 22.997621 164605054548.000000
0.213867 -0.905518 -0.114014 -27.206735 -6.771183 23.180626 164605056345.000000
0.218262 -0.913818 -0.113037 -27.267736 -6.527176 23.302629 164605058145.000000
0.221680 -0.911377 -0.115234 -27.450741 -6.405173 23.546636 164605059948.000000
0.218262 -0.916504 -0.117676 -27.511743 -5.917160 24.156652 164605061746.000000
0.220215 -0.916260 -0.120361 -27.206735 -5.917160 24.339657 164605063544.000000
0.216553 -0.916016 -0.120117 -27.450741 -5.673153 24.949674 164605065342.000000
0.222900 -0.917236 -0.135498 -27.450741 -5.307143 25.437687 164605067139.000000
0.210693 -0.908691 -0.128418 -27.511743 -5.124138 25.925700 164605068938.000000
0.209717 -0.913818 -0.124756 -27.206735 -4.697127 26.291710 164605070736.000000
0.209717 -0.915771 -0.128174 -27.511743 -4.514122 26.596718 164605072535.000000
0.217041 -0.906982 -0.137939 -27.877753 -4.087110 27.145733 164605074332.000000
0.208496 -0.905518 -0.139648 -28.121759 -3.782102 27.694748 164605076130.000000
0.197021 -0.904541 -0.123291 -27.816751 -3.599097 28.121759 164605077931.000000
0.203125 -0.901611 -0.128906 -27.938754 -3.294089 28.426768 164605079734.000000
0.200684 -0.897217 -0.137207 -27.694748 -2.867077 28.914781 164605081536.000000
0.197998 -0.899170 -0.132813 -27.633746 -2.623071 29.219789 164605083344.000000
0.186279 -0.899170 -0.124023 -27.572744 -2.135058 30.073812 164605085146.000000
0.191162 -0.886475 -0.128174 -27.450741 -1.708046 30.378820 164605086948.000000
0.202637 -0.885986 -0.124512 -27.877753 -1.403038 30.683828 164605088755.000000
0.206299 -0.889404 -0.125732 -28.121759 -1.342036 30.744830 164605090557.000000
0.202637 -0.875488 -0.133789 -28.365766 -0.793021 30.927835 164605092359.000000
0.199463 -0.867920 -0.120605 -27.938754 -0.183005 31.171842 164605094161.000000
0.197754 -0.866699 -0.125000 -27.999756 -0.427012 31.476850 164605095963.000000
0.204102 -0.863037 -0.141113 -28.426768 -0.183005 31.537852 164605097769.000000
0.200439 -0.857178 -0.141602 -28.853779 0.427012 31.781858 164605099582.000000
0.196533 -0.860107 -0.132324 -28.670774 0.366010 31.903861 164605101385.000000
0.197266 -0.850342 -0.123047 -28.792777 0.671018 31.964863 164605103189.000000
0.199951 -0.859863 -0.127930 -29.036784 0.976026 32.025865 164605104993.000000
0.203125 -0.851318 -0.137207 -28.670774 1.281035 32.330873 164605106794.000000
0.202637 -0.848877 -0.133057 -28.792777 1.342036 32.208870 164605108598.000000
0.199219 -0.852539 -0.122803 -28.853779 2.074056 32.208870 164605110400.000000
0.207031 -0.855225 -0.140137 -29.097786 1.830049 32.147868 164605112201.000000
0.198486 -0.849854 -0.133545 -29.219789 1.952053 32.269871 164605114003.000000
0.201416 -0.854492 -0.114502 -29.402794 2.684072 32.147868 164605115805.000000
0.200439 -0.856689 -0.123291 -29.036784 2.257061 32.147868 164605117610.000000
0.197998 -0.849365 -0.139160 -29.951809 2.623071 32.208870 164605119414.000000
0.197998 -0.863770 -0.124268 -29.219789 2.928079 32.269871 164605121215.000000
0.195313 -0.861328 -0.125488 -29.219789 2.684072 32.025865 164605123020.000000
0.200195 -0.866455 -0.134766 -29.707802 2.989081 31.964863 164605124822.000000
0.203369 -0.867676 -0.133057 -29.219789 2.867077 31.964863 164605126624.000000
0.193604 -0.870850 -0.138672 -28.792777 2.989081 32.086866 164605128428.000000
0.189941 -0.875488 -0.135986 -29.158787 2.928079 32.147868 164605130230.000000
0.197510 -0.879883 -0.145508 -28.975782 2.806076 31.903861 164605132033.000000
0.193848 -0.877197 -0.148926 -29.280791 2.562069 31.903861 164605133835.000000
0.193848 -0.895752 -0.146240 -29.463796 2.440066 31.720856 164605135636.000000
0.192139 -0.901611 -0.149414 -29.463796 2.623071 31.659855 164605137441.000000
0.185059 -0.898438 -0.145508 -29.402794 2.196059 31.964863 164605139239.000000
0.182373 -0.904785 -0.145752 -29.036784 2.501068 31.903861 164605141040.000000
0.183105 -0.908447 -0.154053 -29.097786 2.135058 31.964863 164605142841.000000
0.178467 -0.912842 -0.157959 -29.097786 2.196059 31.781858 164605144641.000000
0.180176 -0.916016 -0.161865 -29.219789 2.074056 32.269871 164605146443.000000
0.187012 -0.916504 -0.166748 -29.402794 2.074056 32.208870 164605148243.000000
0.192627 -0.922607 -0.171143 -30.073812 2.013054 31.842860 164605150042.000000
0.191650 -0.925049 -0.177734 -30.378820 1.830049 31.842860 164605151840.000000
0.196777 -0.924072 -0.169434 -30.134814 1.708046 31.781858 164605153637.000000
0.192627 -0.926025 -0.170410 -30.256817 1.769048 31.903861 164605155435.000000
0.203125 -0.935547 -0.180664 -30.195815 2.013054 31.720856 164605157233.000000
0.201904 -0.931396 -0.194336 -30.622827 1.769048 31.842860 164605159031.000000
0.196777 -0.936035 -0.181641 -30.927835 1.952053 31.781858 164605160829.000000
0.201660 -0.943115 -0.174316 -30.561825 1.891051 31.598853 164605162627.000000
0.200928 -0.941650 -0.184814 -31.110840 1.952053 31.659855 164605164424.000000
0.196777 -0.946289 -0.194580 -31.354847 2.135058 31.903861 164605166222.000000
0.197021 -0.951172 -0.198242 -31.354847 2.440066 31.842860 164605168021.000000
0.193115 -0.949463 -0.186523 -31.415848 2.379064 32.147868 164605169820.000000
0.193115 -0.957031 -0.200439 -31.476850 2.867077 32.269871 164605171619.000000
0.193359 -0.959229 -0.197266 -31.720856 3.111084 32.025865 164605173416.000000
0.197510 -0.966064 -0.199219 -31.842860 3.172086 32.025865 164605175213.000000
0.191650 -0.963135 -0.197266 -31.598853 3.660099 32.330873 164605189209.000000
0.177979 -0.977051 -0.213623 -31.537852 4.819130 31.842860 164605191163.000000
0.176514 -0.975342 -0.207275 -31.293845 4.819130 32.025865 164605192977.000000
0.171143 -0.981934 -0.203369 -31.171842 5.124138 31.903861 164605194781.000000
0.173340 -0.981201 -0.219971 -31.354847 5.124138 31.781858 164605196587.000000
0.170410 -0.982178 -0.225586 -31.049838 5.246142 31.598853 164605198403.000000
0.164307 -0.981445 -0.211914 -30.927835 5.612152 31.293845 164605200206.000000
0.167725 -0.987549 -0.211670 -30.866833 5.429147 31.354847 164605202009.000000
0.165771 -0.986328 -0.227051 -31.049838 5.490148 31.354847 164605203812.000000
0.159668 -0.992676 -0.214355 -30.927835 5.856158 31.171842 164605205614.000000
0.159912 -0.987061 -0.212646 -30.805832 5.978161 31.232843 164605207421.000000
0.160156 -0.991455 -0.219727 -30.439822 6.161166 30.988837 164605209225.000000
0.166992 -1.000977 -0.221924 -30.256817 6.283170 30.805832 164605211028.000000
0.167725 -1.003174 -0.219727 -30.439822 6.283170 30.805832 164605212830.000000
0.169189 -1.004639 -0.235840 -30.134814 6.466175 30.317819 164605214632.000000
0.168945 -1.004883 -0.236084 -30.256817 6.893186 30.561825 164605216434.000000
0.167725 -1.006348 -0.230713 -29.707802 6.954188 30.439822 164605218241.000000
0.166992 -1.014160 -0.233398 -29.951809 7.381199 30.195815 164605220043.000000
0.166992 -1.014404 -0.235840 -30.073812 7.869212 30.073812 164605221845.000000
0.167236 -1.012451 -0.243408 -30.256817 8.052217 29.768804 164605223646.000000
0.166260 -1.013672 -0.248291 -30.256817 8.479229 29.951809 164605225448.000000
0.163818 -1.017090 -0.241699 -29.829805 8.723236 29.890807 164605227250.000000
0.161133 -1.018311 -0.247314 -29.768804 9.211249 29.768804 164605229103.000000
0.157715 -1.024902 -0.247070 -29.707802 9.272250 29.890807 164605230906.000000
0.157959 -1.025635 -0.248291 -29.524797 9.699262 30.134814 164605232708.000000
0.156982 -1.030518 -0.245605 -29.219789 10.370280 30.195815 164605234509.000000
0.158691 -1.034912 -0.256348 -29.219789 10.736290 30.073812 164605236310.000000
0.150391 -1.026611 -0.252197 -28.975782 11.224303 30.073812 164605238115.000000
0.144531 -1.034668 -0.245361 -28.365766 11.407308 30.378820 164605239919.000000
0.154785 -1.033203 -0.252441 -28.304764 11.895321 30.500824 164605241720.000000
0.151611 -1.036621 -0.264648 -29.036784 11.956323 30.073812 164605243520.000000
0.144043 -1.033936 -0.259277 -28.792777 12.139328 30.195815 164605245321.000000
0.140137 -1.038574 -0.253906 -28.426768 12.505338 30.256817 164605247123.000000
0.135498 -1.038086 -0.248535 -28.487769 12.749344 30.195815 164605248923.000000
0.140869 -1.045898 -0.262207 -28.121759 12.871348 30.012810 164605250722.000000
0.143555 -1.039063 -0.264648 -27.877753 12.993351 30.134814 164605252675.000000
0.137451 -1.042725 -0.267822 -28.121759 13.176356 30.012810 164605255587.000000
0.140625 -1.054199 -0.262207 -27.938754 13.237357 29.707802 164605258502.000000
0.139893 -1.051514 -0.276123 -27.572744 14.030379 29.890807 164605261414.000000
0.137207 -1.059814 -0.265137 -27.023730 14.396389 29.707802 164605264325.000000
0.143555 -1.056885 -0.279297 -26.779723 14.457390 29.341792 164605267244.000000
0.139160 -1.066162 -0.270996 -26.962728 14.640395 28.792777 164605270200.000000
0.137695 -1.065674 -0.270020 -26.230708 14.762399 28.304764 164605273108.000000
0.140381 -1.071777 -0.279785 -25.803697 14.640395 28.304764 164605276017.000000
0.139404 -1.076904 -0.292236 -26.169707 14.762399 27.633746 164605278934.000000
0.139160 -1.082031 -0.290771 -25.986702 14.884402 27.206735 164605281851.000000
0.145752 -1.091797 -0.304199 -25.803697 15.311413 26.962728 164605284778.000000
0.140381 -1.094727 -0.310791 -25.986702 14.945404 26.779723 164605287697.000000
0.135498 -1.093506 -0.308838 -26.352712 15.677423 26.596718 164605290612.000000
0.142822 -1.105225 -0.324219 -26.169707 16.043433 26.596718 164605293528.000000
0.140625 -1.102539 -0.335449 -26.169707 16.348441 26.840725 164605296445.000000
0.135498 -1.108398 -0.314453 -26.108705 16.836455 26.779723 164605299373.000000
0.141846 -1.110352 -0.344727 -26.718721 17.141463 26.901726 164605302289.000000
0.133545 -1.113770 -0.331055 -26.108705 17.751479 27.267736 164605305204.000000
0.126221 -1.109619 -0.336670 -26.047703 18.117489 27.511743 164605308122.000000
0.113281 -1.105713 -0.332275 -25.437687 18.483499 27.877753 164605311037.000000
0.109131 -1.103516 -0.324463 -25.193680 19.032514 28.121759 164605313952.000000
0.092285 -1.098877 -0.322510 -24.339657 19.032514 28.609772 164605316868.000000
0.091064 -1.088135 -0.309814 -23.790642 19.154517 28.487769 164605319796.000000
0.086670 -1.080811 -0.314209 -23.973647 19.276520 28.548771 164605322713.000000
0.082275 -1.066895 -0.300293 -23.180626 18.849509 28.365766 164605325627.000000
0.085938 -1.054443 -0.314453 -23.729641 18.727506 27.572744 164605328550.000000
0.086670 -1.044434 -0.316650 -23.485634 18.788507 26.901726 164605331470.000000
0.077881 -1.040283 -0.302734 -23.424632 18.544501 25.681693 164605334385.000000
0.083496 -1.043213 -0.309326 -23.180626 18.788507 24.644665 164605337380.000000
0.077881 -1.039307 -0.319580 -22.448606 19.337522 23.546636 164605340298.000000
0.073730 -1.042236 -0.310059 -22.326603 19.520527 22.387604 164605343214.000000
0.087158 -1.048096 -0.330566 -22.143598 19.947539 21.411578 164605346128.000000
0.079102 -1.055908 -0.332275 -21.350576 21.045568 20.069542 164605349044.000000
0.083496 -1.073975 -0.334473 -20.679558 21.533581 19.337522 164605351980.000000
0.079346 -1.083008 -0.338379 -20.252547 22.082596 18.849509 164605354890.000000
0.075439 -1.100342 -0.350342 -19.459525 22.753614 18.117489 164605357802.000000
0.072266 -1.121582 -0.354736 -18.910511 23.546636 17.995486 164605360713.000000
0.065918 -1.131348 -0.356445 -17.568474 23.973647 17.751479 164605363621.000000
0.064941 -1.144775 -0.371582 -16.836455 24.156652 17.507473 164605366530.000000
0.057861 -1.157227 -0.372559 -15.738425 24.095651 17.568474 164605369440.000000
0.053467 -1.164795 -0.381104 -14.701397 24.034649 17.568474 164605372351.000000
0.046143 -1.166748 -0.379639 -13.664369 23.851644 17.263466 164605375260.000000
0.043457 -1.173828 -0.383057 -12.932349 22.936619 17.141463 164605378173.000000
0.037598 -1.175781 -0.385986 -12.139328 22.448606 16.653450 164605381089.000000
0.031982 -1.175049 -0.384766 -11.651315 21.106570 16.043433 164605384005.000000
0.033691 -1.170166 -0.375244 -10.797292 20.069542 15.433417 164605386920.000000
0.027344 -1.167969 -0.382080 -10.553285 18.483499 14.518392 164605389841.000000
0.020996 -1.161133 -0.376465 -9.943268 17.019460 13.908376 164605392758.000000
0.016357 -1.156494 -0.369629 -9.821265 15.311413 13.298359 164605395673.000000
0.015381 -1.157959 -0.375732 -9.638260 13.481364 12.749344 164605398598.000000
0.016602 -1.154541 -0.364746 -9.150247 11.651315 12.017324 164605401518.000000
0.020996 -1.150146 -0.370117 -8.906240 9.272250 11.102300 164605404434.000000
0.020996 -1.149658 -0.366699 -8.784237 7.198194 10.431282 164605407353.000000
0.016846 -1.143555 -0.365723 -8.418227 5.063137 9.760264 164605410269.000000
0.021729 -1.144531 -0.369385 -7.991216 2.867077 9.211249 164605413188.000000
0.025391 -1.138184 -0.364502 -8.235222 1.037028 8.540231 164605416106.000000
0.028076 -1.139893 -0.361572 -7.869212 -0.976026 8.113219 164605419032.000000
0.034668 -1.141357 -0.349365 -7.503203 -2.745074 7.381199 164605421948.000000
0.041748 -1.142334 -0.358154 -7.198194 -4.148112 7.137193 164605424866.000000
0.043701 -1.133545 -0.352295 -7.015189 -5.795156 6.771183 164605427786.000000
0.053711 -1.137695 -0.353027 -6.283170 -6.893186 6.405173 164605430703.000000
0.066650 -1.128662 -0.353516 -6.283170 -7.991216 6.039163 164605433620.000000
0.068848 -1.121094 -0.349854 -6.039163 -8.662234 5.795156 164605436536.000000
0.065674 -1.120361 -0.347900 -5.917160 -9.455255 5.490148 164605439462.000000
0.074219 -1.117676 -0.333740 -5.734155 -9.577259 5.246142 164605442391.000000
0.071533 -1.114990 -0.329590 -5.307143 -9.699262 5.002135 164605445307.000000
0.082764 -1.108398 -0.325195 -4.758128 -9.455255 5.063137 164605448224.000000
0.089600 -1.100098 -0.320557 -4.697127 -9.089245 4.758128 164605451133.000000
0.101807 -1.092773 -0.314453 -4.026109 -8.418227 4.148112 164605454086.000000
0.097412 -1.080811 -0.307617 -3.660099 -7.625206 3.904105 164605456997.000000
0.100830 -1.072021 -0.303223 -3.416092 -6.527176 3.538096 164605459907.000000
0.106445 -1.066162 -0.303711 -3.233087 -5.612152 3.538096 164605462817.000000
0.104736 -1.055420 -0.305176 -2.379064 -4.087110 3.172086 164605465724.000000
0.105469 -1.046387 -0.295654 -2.074056 -3.172086 2.562069 164605468645.000000
0.105225 -1.035645 -0.295654 -2.074056 -1.708046 2.318063 164605471553.000000
0.103760 -1.025879 -0.295654 -1.708046 -1.098030 1.952053 164605474460.000000
0.104004 -1.021729 -0.303955 -1.952053 0.305008 1.586043 164605477374.000000
0.111572 -1.015869 -0.306396 -1.647044 2.928079 0.061002 164605484954.000000
0.118164 -1.011963 -0.310059 -1.708046 3.843104 -0.122003 164605488128.000000
0.114746 -1.008301 -0.314453 -1.525041 4.941133 -0.305008 164605491107.000000
0.115723 -1.016602 -0.315430 -1.281035 5.917160 -0.366010 164605494068.000000
0.108154 -1.008789 -0.315186 -1.037028 7.137193 -0.793021 164605497082.000000
0.108154 -1.009766 -0.315186 -0.610016 7.930214 -0.610016 164605500081.000000
0.109863 -1.008301 -0.320313 -0.793021 8.479229 -1.037028 164605503015.000000
0.103271 -1.007568 -0.321045 -0.061002 9.089245 -1.159031 164605505929.000000
0.102295 -1.005371 -0.319580 -0.305008 9.943268 -1.403038 164605508847.000000
0.100098 -1.003662 -0.333008 -0.244007 10.309278 -1.830049 164605511767.000000
0.099365 -1.000488 -0.331299 0.122003 11.041298 -2.135058 164605514677.000000
0.094238 -0.999512 -0.335449 0.366010 11.163301 -2.379064 164605517588.000000
0.092529 -1.001465 -0.331543 0.671018 11.651315 -2.745074 164605520505.000000
0.088867 -1.003174 -0.322510 1.403038 12.078326 -3.111084 164605523413.000000
0.080566 -0.998291 -0.325439 1.708046 12.017324 -3.416092 164605526330.000000
0.081787 -1.001221 -0.327881 2.379064 12.017324 -3.599097 164605529247.000000
0.070068 -0.993896 -0.321045 3.172086 12.200329 -3.721100 164605532160.000000
0.072266 -0.993164 -0.315918 3.050082 11.651315 -4.026109 164605535073.000000
0.064697 -0.987305 -0.317383 3.782102 11.468310 -4.575124 164605537992.000000
0.062988 -0.979736 -0.314697 4.087110 11.102300 -5.124138 164605540917.000000
0.059082 -0.975586 -0.305176 4.270115 10.248277 -5.673153 164605543827.000000
0.055420 -0.973145 -0.306396 4.697127 9.821265 -6.039163 164605546744.000000
0.052979 -0.967529 -0.302490 4.819130 9.272250 -6.771183 164605549674.000000
0.043945 -0.964844 -0.303711 4.941133 8.662234 -6.832184 164605552590.000000
0.045166 -0.967773 -0.296631 5.002135 7.808211 -7.503203 164605555587.000000
0.048828 -0.966064 -0.299316 4.636125 7.015189 -7.808211 164605557485.000000
0.045410 -0.966309 -0.296875 4.880132 6.649180 -8.540231 164605559287.000000
0.049316 -0.965576 -0.297607 4.819130 6.039163 -8.601232 164605561086.000000
0.051758 -0.962158 -0.295410 4.636125 5.246142 -8.845239 164605562884.000000
0.049561 -0.961426 -0.295654 4.453120 4.453120 -9.455255 164605564687.000000
0.051270 -0.961670 -0.303711 4.392119 3.782102 -9.699262 164605566484.000000
0.049072 -0.962646 -0.302734 4.331117 2.989081 -9.699262 164605568285.000000
0.051025 -0.963379 -0.299805 4.514122 2.135058 -10.187275 164605570090.000000
0.052246 -0.965576 -0.307861 4.575124 1.708046 -10.309278 164605571888.000000
0.052734 -0.966797 -0.302246 4.331117 0.915025 -10.736290 164605573695.000000
0.055420 -0.964600 -0.307129 4.392119 0.183005 -11.041298 164605575495.000000
0.053711 -0.965332 -0.301758 4.270115 -0.122003 -11.285305 164605577331.000000
0.054932 -0.968506 -0.304688 3.904105 -0.854023 -11.468310 164605579137.000000
0.055664 -0.965820 -0.305908 4.209114 -1.586043 -11.895321 164605580944.000000
0.060547 -0.965576 -0.310059 3.843104 -1.952053 -12.017324 164605582748.000000
0.062500 -0.967529 -0.300293 3.965107 -2.684072 -12.200329 164605584551.000000
0.059082 -0.975342 -0.309570 4.148112 -3.111084 -12.200329 164605586354.000000
0.057617 -0.971436 -0.311768 3.843104 -3.660099 -12.383334 164605588158.000000
0.062988 -0.970459 -0.308594 4.270115 -4.026109 -12.322333 164605589964.000000
0.065918 -0.973389 -0.307373 4.453120 -4.392119 -12.505338 164605591766.000000
0.068848 -0.970703 -0.306396 4.209114 -4.880132 -12.749344 164605593572.000000
0.062988 -0.972412 -0.305420 4.575124 -5.185140 -12.688343 164605595377.000000
0.066406 -0.973633 -0.305420 4.636125 -5.307143 -12.505338 164605597180.000000
0.068848 -0.974121 -0.309570 4.331117 -5.673153 -12.627341 164605598984.000000
0.069092 -0.967285 -0.310059 4.819130 -5.795156 -12.993351 164605600790.000000
0.070313 -0.974609 -0.308594 4.697127 -5.734155 -12.810346 164605602596.000000
0.073242 -0.968018 -0.305176 4.636125 -5.917160 -12.871348 164605604431.000000
0.074219 -0.969238 -0.296875 4.880132 -6.222168 -13.115354 164605606379.000000
0.069580 -0.970215 -0.297607 4.758128 -6.222168 -13.298359 164605608319.000000
0.073730 -0.970459 -0.296387 5.124138 -6.100165 -13.237357 164605610229.000000
0.071777 -0.965332 -0.302979 5.490148 -6.100165 -13.237357 164605612102.000000
0.074463 -0.965820 -0.294922 5.551150 -5.978161 -13.176356 164605613906.000000
0.073486 -0.963867 -0.295654 5.185140 -5.734155 -13.237357 164605615709.000000
0.073975 -0.959717 -0.295898 5.551150 -5.612152 -13.359361 164605617513.000000
0.073730 -0.965332 -0.296143 5.734155 -5.368145 -13.420362 164605619320.000000
0.073975 -0.964355 -0.289551 5.673153 -5.368145 -13.298359 164605621129.000000
0.072021 -0.963135 -0.292236 5.917160 -5.307143 -13.359361 164605622931.000000
0.073975 -0.964355 -0.288330 5.978161 -5.185140 -13.481364 164605624736.000000
0.077393 -0.966309 -0.283936 6.344171 -4.880132 -13.420362 164605626538.000000
0.076416 -0.965820 -0.281982 6.222168 -4.819130 -13.603367 164605628342.000000
0.077393 -0.968018 -0.282715 6.405173 -4.758128 -13.481364 164605630144.000000
0.080322 -0.970459 -0.292236 6.161166 -4.697127 -13.786372 164605631946.000000
0.080078 -0.967529 -0.297607 5.978161 -4.575124 -13.969377 164605633751.000000
0.084961 -0.973633 -0.291748 6.100165 -4.331117 -14.030379 164605635554.000000
0.090820 -0.978271 -0.295410 6.466175 -4.209114 -13.847374 164605637362.000000
0.088623 -0.975342 -0.301758 6.100165 -3.904105 -14.091380 164605639165.000000
0.088135 -0.979980 -0.300537 6.344171 -3.355091 -14.152382 164605640966.000000
0.091064 -0.979492 -0.302734 6.161166 -3.294089 -14.030379 164605642768.000000
0.094238 -0.985107 -0.311279 6.100165 -3.233087 -14.091380 164605644571.000000
0.094727 -0.988037 -0.310547 6.283170 -3.050082 -14.213384 164605646380.000000
0.093994 -0.985107 -0.312256 6.344171 -2.928079 -14.396389 164605648184.000000
0.093506 -0.989014 -0.316895 6.405173 -2.501068 -14.274385 164605649986.000000
0.095215 -0.987793 -0.312988 6.405173 -2.318063 -14.335387 164605651790.000000
0.093262 -0.987305 -0.318848 6.283170 -1.952053 -14.213384 164605653592.000000
0.090576 -0.991211 -0.313477 6.283170 -1.647044 -14.030379 164605655397.000000
0.087891 -0.989502 -0.321777 5.978161 -1.708046 -14.457390 164605657203.000000
0.085693 -0.993164 -0.320801 6.344171 -1.769048 -14.457390 164605659006.000000
0.091797 -0.992432 -0.320801 6.283170 -1.525041 -14.640395 164605660811.000000
0.086670 -0.997070 -0.323730 6.100165 -1.525041 -14.640395 164605662613.000000
0.088623 -1.002197 -0.331787 6.344171 -1.403038 -14.518392 164605664419.000000
0.089844 -1.008545 -0.332031 6.161166 -1.220033 -14.823400 164605666221.000000
0.089111 -1.006104 -0.329346 6.283170 -0.915025 -14.762399 164605668024.000000
0.086670 -1.010498 -0.333008 6.466175 -0.915025 -14.884402 164605669827.000000
0.085205 -1.017334 -0.331055 6.222168 -0.854023 -15.067407 164605671629.000000
0.083740 -1.020508 -0.340332 6.466175 -0.732020 -15.189410 164605673430.000000
0.091064 -1.024414 -0.335938 6.649180 -0.488013 -15.067407 164605675236.000000
0.087646 -1.024658 -0.335938 6.466175 -0.488013 -14.945404 164605677038.000000
0.087158 -1.030762 -0.340820 6.832184 -0.183005 -15.372415 164605678841.000000
0.088867 -1.038330 -0.338867 7.015189 -0.244007 -15.433417 164605680644.000000
0.087158 -1.041992 -0.344482 7.381199 -0.122003 -15.311413 164605682446.000000
0.087891 -1.047119 -0.337646 7.320198 0.000000 -15.616422 164605684252.000000
0.089111 -1.048340 -0.335938 7.625206 0.122003 -15.921430 164605686054.000000
0.087158 -1.056641 -0.341064 7.869212 0.122003 -15.982432 164605687858.000000
0.087402 -1.057617 -0.343750 7.930214 0.427012 -15.860428 164605689661.000000
0.085449 -1.069580 -0.340332 7.808211 0.671018 -15.921430 164605691463.000000
0.089600 -1.071533 -0.346436 8.418227 0.610016 -15.921430 164605693266.000000
0.092529 -1.076172 -0.346436 8.479229 0.854023 -15.860428 164605695069.000000
0.091064 -1.078369 -0.345703 8.845239 0.793021 -15.982432 164605696871.000000
0.086426 -1.083740 -0.345947 8.723236 0.915025 -15.982432 164605698677.000000
0.086182 -1.091797 -0.350098 8.784237 0.854023 -15.982432 164605700480.000000
0.086670 -1.093994 -0.346680 9.089245 0.976026 -15.921430 164605702282.000000
0.088623 -1.099121 -0.348633 8.967242 1.159031 -16.104435 164605704084.000000
0.089600 -1.102051 -0.348877 9.089245 1.037028 -15.921430 164605705886.000000
0.093262 -1.108154 -0.349609 9.577259 0.854023 -15.921430 164605707690.000000
0.093994 -1.112061 -0.349365 9.577259 0.549015 -16.226438 164605709492.000000
0.089111 -1.114502 -0.350830 9.333252 0.793021 -16.226438 164605711294.000000
0.088379 -1.115723 -0.348877 9.516257 0.671018 -16.409443 164605713096.000000
0.090820 -1.120850 -0.351563 9.760264 0.061002 -16.409443 164605714901.000000
0.085938 -1.122070 -0.350098 9.577259 0.000000 -16.470445 164605716704.000000
0.079346 -1.123535 -0.352295 10.126273 -0.244007 -16.592448 164605718513.000000
0.080322 -1.128174 -0.351318 10.187275 -0.610016 -16.348441 164605720315.000000
0.079346 -1.129883 -0.352783 10.309278 -1.037028 -16.287440 164605722120.000000
0.080566 -1.131836 -0.348389 10.736290 -1.647044 -16.409443 164605723928.000000
0.079346 -1.141357 -0.344238 10.492283 -2.196059 -16.409443 164605725730.000000
0.078369 -1.142822 -0.348145 10.858293 -2.623071 -16.470445 164605727537.000000
0.076416 -1.140869 -0.341309 10.980296 -3.050082 -16.592448 164605729341.000000
0.078613 -1.140137 -0.348633 10.919295 -3.721100 -16.775453 164605731143.000000
0.078125 -1.141113 -0.348389 11.285305 -4.392119 -16.897456 164605732945.000000
0.077393 -1.144531 -0.344482 11.346306 -5.063137 -16.775453 164605734748.000000
0.078857 -1.141602 -0.340820 11.468310 -5.185140 -16.775453 164605736550.000000
0.079834 -1.144043 -0.338379 11.285305 -5.612152 -16.897456 164605738358.000000
0.077637 -1.143799 -0.335693 11.590313 -6.466175 -16.958458 164605740161.000000
0.076904 -1.145264 -0.335938 11.285305 -6.893186 -17.141463 164605741963.000000
0.084229 -1.140381 -0.332764 11.285305 -7.442201 -17.324468 164605743765.000000
0.080811 -1.136719 -0.333008 11.712316 -7.869212 -17.141463 164605745571.000000
0.084961 -1.135254 -0.335205 11.651315 -8.113219 -17.202464 164605747375.000000
0.087402 -1.137939 -0.334961 11.712316 -8.479229 -17.324468 164605749177.000000
0.087158 -1.135254 -0.335938 11.651315 -8.906240 -17.568474 164605750984.000000
0.089355 -1.135254 -0.332275 11.895321 -9.272250 -17.385469 164605752786.000000
0.088379 -1.134033 -0.323975 11.956323 -9.577259 -17.629476 164605754588.000000
0.092285 -1.128174 -0.325928 12.139328 -9.638260 -17.873483 164605756391.000000
0.093994 -1.130127 -0.325928 12.444336 -9.699262 -17.934484 164605758195.000000
0.094727 -1.130371 -0.324463 12.383334 -10.004270 -17.873483 164605759997.000000
0.093262 -1.126221 -0.330811 12.261331 -10.309278 -18.300494 164605761798.000000
0.095215 -1.128174 -0.321289 13.054352 -10.309278 -18.422497 164605763600.000000
0.091064 -1.125244 -0.316650 12.505338 -10.614287 -18.178491 164605765403.000000
0.097656 -1.124512 -0.319092 12.871348 -10.431282 -18.422497 164605767208.000000
0.097656 -1.121338 -0.319824 13.176356 -10.431282 -18.422497 164605769011.000000
0.092529 -1.128418 -0.319092 13.176356 -10.431282 -18.300494 164605770814.000000
0.101074 -1.122070 -0.314697 13.481364 -10.431282 -18.483499 164605772617.000000
0.100098 -1.118896 -0.312988 13.542366 -10.492283 -18.544501 164605774419.000000
0.099365 -1.115234 -0.311523 13.725371 -10.370280 -18.361496 164605776220.000000
0.104980 -1.116943 -0.316895 14.030379 -10.370280 -18.666504 164605778027.000000
0.106201 -1.118896 -0.315430 13.725371 -10.248277 -18.910511 164605779829.000000
0.105713 -1.113525 -0.309814 14.030379 -9.943268 -18.910511 164605781632.000000
0.107422 -1.115967 -0.311279 13.969377 -9.760264 -18.910511 164605783437.000000
0.109863 -1.115967 -0.304443 14.457390 -9.577259 -18.971512 164605785239.000000
0.115967 -1.115967 -0.308105 14.518392 -9.394254 -18.971512 164605787040.000000
0.118164 -1.116943 -0.313477 14.945404 -9.211249 -18.971512 164605788845.000000
0.114014 -1.117188 -0.315918 15.494418 -8.784237 -19.093516 164605790648.000000
0.117432 -1.113770 -0.304199 15.311413 -8.357226 -19.154517 164605792450.000000
0.115234 -1.115234 -0.310059 15.616422 -8.113219 -19.215519 164605794252.000000
0.121094 -1.109863 -0.313232 15.616422 -8.052217 -19.032514 164605796054.000000
0.120117 -1.112061 -0.310547 15.982432 -7.686208 -19.276520 164605797858.000000
0.114258 -1.108398 -0.311035 15.738425 -7.442201 -19.093516 164605799664.000000
0.112549 -1.106201 -0.301270 15.860428 -7.015189 -19.154517 164605801466.000000
0.112549 -1.104736 -0.295898 16.287440 -6.893186 -19.154517 164605803268.000000
0.119629 -1.104248 -0.305908 16.470445 -6.344171 -19.093516 164605805071.000000
0.119385 -1.103760 -0.305420 16.470445 -6.344171 -19.093516 164605806873.000000
0.116699 -1.105225 -0.303467 16.653450 -5.673153 -19.215519 164605808685.000000
0.116455 -1.105713 -0.296143 16.592448 -5.368145 -19.093516 164605810493.000000
0.116699 -1.103516 -0.299072 17.263466 -5.002135 -19.032514 164605812296.000000
0.124512 -1.103516 -0.302490 17.568474 -4.575124 -19.093516 164605814099.000000
0.123047 -1.099365 -0.298584 17.568474 -4.209114 -19.337522 164605815901.000000
0.124756 -1.100342 -0.297119 17.446471 -3.843104 -19.520527 164605817708.000000
0.122803 -1.101074 -0.292725 17.934484 -3.721100 -19.276520 164605819508.000000
0.117676 -1.096680 -0.296143 18.117489 -3.233087 -19.215519 164605821312.000000
0.119141 -1.099609 -0.295166 18.239492 -2.867077 -19.337522 164605823113.000000
0.118164 -1.102783 -0.295410 18.422497 -2.562069 -19.154517 164605824915.000000
0.118652 -1.101318 -0.290039 18.849509 -2.135058 -19.032514 164605826716.000000
0.115479 -1.094971 -0.288574 18.910511 -1.952053 -18.971512 164605828520.000000
0.114258 -1.097656 -0.287842 19.215519 -1.769048 -19.093516 164605830322.000000
0.114746 -1.092773 -0.282227 19.276520 -1.464040 -18.971512 164605832126.000000
0.114502 -1.093262 -0.282959 19.459525 -0.976026 -19.032514 164605833929.000000
0.115479 -1.092529 -0.277344 19.947539 -0.732020 -19.154517 164605835731.000000
0.123047 -1.088379 -0.277100 20.008540 -0.915025 -18.971512 164605837538.000000
0.115234 -1.090332 -0.279541 20.496553 -0.854023 -18.910511 164605839337.000000
0.114990 -1.086914 -0.274170 20.984567 -0.427012 -19.276520 164605841139.000000
0.118164 -1.082764 -0.275635 20.618557 -0.183005 -19.642530 164605842944.000000
0.121582 -1.078857 -0.279297 20.740560 -0.061002 -19.886537 164605844747.000000
0.126709 -1.079346 -0.284180 21.289575 0.122003 -20.313548 164605846549.000000
0.125488 -1.078125 -0.285156 21.472580 0.244007 -20.130544 164605848353.000000
0.124023 -1.071045 -0.279053 21.289575 0.244007 -20.435552 164605850158.000000
0.120850 -1.071045 -0.279053 21.899591 0.488013 -20.801562 164605851961.000000
0.119629 -1.067139 -0.281494 21.960593 0.366010 -20.923565 164605853764.000000
0.115234 -1.063477 -0.282715 22.143598 0.549015 -21.106570 164605855566.000000
0.117432 -1.063477 -0.277344 22.082596 0.610016 -21.411578 164605857369.000000
0.110352 -1.057617 -0.274902 22.265601 0.732020 -21.411578 164605859171.000000
0.109619 -1.054199 -0.276123 22.692613 0.793021 -21.716586 164605860981.000000
0.103760 -1.054199 -0.273438 22.936619 0.610016 -21.716586 164605862784.000000
0.106445 -1.047607 -0.273682 22.997621 0.732020 -21.899591 164605864586.000000
0.099121 -1.046631 -0.272217 23.363631 0.183005 -21.960593 164605866388.000000
0.100098 -1.046143 -0.270508 23.424632 0.061002 -22.143598 164605868192.000000
0.103271 -1.041748 -0.269531 23.546636 -0.244007 -22.204600 164605869994.000000
0.101318 -1.042480 -0.271973 23.546636 -0.366010 -22.387604 164605871797.000000
0.100098 -1.037598 -0.269775 23.851644 -0.610016 -22.570609 164605873599.000000
0.095215 -1.039551 -0.263428 23.973647 -1.342036 -22.692613 164605875402.000000
0.101074 -1.032471 -0.267090 24.156652 -1.037028 -23.241628 164605877205.000000
0.098389 -1.026855 -0.270996 23.912646 -1.708046 -23.180626 164605879008.000000
0.101807 -1.023193 -0.269531 24.156652 -1.952053 -23.424632 164605880809.000000
0.096436 -1.023438 -0.266113 24.583664 -2.013054 -23.607637 164605882611.000000
0.094238 -1.016846 -0.264893 24.522662 -2.806076 -23.668639 164605884414.000000
0.096191 -1.017578 -0.260010 24.217654 -3.111084 -24.034649 164605886216.000000
0.093750 -1.015381 -0.249512 24.766669 -3.416092 -24.095651 164605888021.000000
0.095215 -1.015625 -0.249512 24.827670 -3.782102 -24.156652 164605889825.000000
0.091064 -1.009033 -0.253662 25.010675 -4.148112 -24.522662 164605891627.000000
0.091064 -1.010986 -0.246338 25.193680 -4.392119 -24.705667 164605893430.000000
0.087646 -1.010254 -0.239990 25.620692 -4.636125 -24.583664 164605895232.000000
0.081787 -1.003174 -0.238770 26.047703 -5.429147 -24.705667 164605897034.000000
0.084473 -1.001465 -0.243896 25.864698 -5.978161 -24.949674 164605898837.000000
0.084961 -0.997314 -0.239746 26.352712 -6.588178 -24.888672 164605900640.000000
0.078369 -0.999512 -0.229736 26.474715 -6.954188 -24.949674 164605902442.000000
0.073975 -0.996826 -0.230957 26.779723 -7.198194 -24.705667 164605904249.000000
0.071777 -0.989746 -0.224854 27.084731 -7.686208 -24.766669 164605906051.000000
0.069824 -0.990479 -0.218994 27.633746 -8.113219 -24.644665 164605907854.000000
0.069824 -0.986572 -0.220459 27.694748 -8.540231 -24.888672 164605909660.000000
0.072266 -0.984131 -0.215820 27.755749 -8.967242 -24.949674 164605911462.000000
0.075195 -0.983643 -0.217041 27.572744 -9.760264 -25.071677 164605913264.000000
0.078125 -0.980957 -0.217285 27.511743 -9.882267 -24.888672 164605915065.000000
0.084961 -0.979736 -0.217285 28.182761 -9.577259 -25.071677 164605916868.000000
0.087158 -0.970947 -0.213867 28.182761 -10.065272 -25.132679 164605918677.000000
0.093750 -0.969727 -0.212402 28.060758 -10.309278 -25.620692 164605920479.000000
0.097900 -0.967041 -0.207764 28.487769 -10.492283 -25.498688 164605922281.000000
0.100830 -0.960693 -0.206055 28.304764 -10.675288 -25.925700 164605924090.000000
0.105225 -0.963135 -0.204590 28.426768 -10.797292 -26.230708 164605925895.000000
0.104736 -0.957764 -0.206299 28.426768 -11.041298 -26.352712 164605927701.000000
0.104248 -0.955566 -0.199463 28.609772 -10.858293 -26.413713 164605929501.000000
0.112793 -0.957031 -0.194336 29.219789 -11.102300 -26.596718 164605931304.000000
0.109375 -0.950928 -0.204346 29.097786 -11.102300 -26.962728 164605933118.000000
0.115479 -0.949707 -0.198486 29.341792 -11.102300 -27.084731 164605934920.000000
0.123047 -0.951904 -0.201416 29.219789 -10.797292 -27.694748 164605936723.000000
0.122070 -0.950195 -0.206543 29.097786 -11.102300 -27.938754 164605938531.000000
0.123535 -0.944336 -0.196777 29.890807 -10.858293 -28.060758 164605940335.000000
0.124512 -0.941406 -0.188721 29.951809 -10.980296 -28.670774 164605942136.000000
0.129150 -0.939697 -0.199463 29.951809 -10.736290 -28.975782 164605943938.000000
0.133789 -0.938232 -0.205322 30.012810 -10.492283 -29.158787 164605945741.000000
0.135254 -0.935303 -0.205811 29.890807 -10.309278 -29.219789 164605947545.000000
0.136475 -0.936768 -0.200928 30.012810 -10.309278 -29.463796 164605949348.000000
0.132568 -0.936035 -0.200684 29.951809 -9.882267 -29.768804 164605951149.000000
0.131348 -0.931152 -0.198975 29.707802 -10.309278 -29.890807 164605952951.000000
0.131592 -0.931885 -0.195557 30.012810 -10.065272 -30.256817 164605954752.000000
0.134521 -0.930176 -0.193604 30.439822 -10.370280 -30.317819 164605956554.000000
0.135986 -0.931641 -0.202881 30.378820 -10.614287 -30.622827 164605958358.000000
0.133789 -0.926025 -0.202393 30.317819 -10.492283 -30.927835 164605960164.000000
0.134033 -0.927002 -0.199707 30.378820 -10.919295 -31.110840 164605961966.000000
0.130371 -0.926025 -0.194580 30.439822 -11.346306 -31.171842 164605963769.000000
0.131104 -0.924072 -0.201660 30.683828 -11.590313 -31.354847 164605965574.000000
0.130859 -0.930664 -0.195801 30.622827 -12.200329 -31.720856 164605967378.000000
0.133057 -0.931641 -0.198975 30.378820 -12.383334 -31.781858 164605969180.000000
0.127930 -0.929443 -0.189209 30.500824 -12.749344 -31.903861 164605970982.000000
0.131836 -0.931152 -0.192627 30.744830 -13.176356 -32.086866 164605972784.000000
0.132568 -0.931396 -0.194824 30.683828 -13.664369 -32.147868 164605974587.000000
0.128906 -0.930908 -0.187500 30.683828 -14.030379 -32.086866 164605976391.000000
0.128662 -0.929443 -0.177734 31.049838 -14.335387 -32.147868 164605978195.000000
0.129150 -0.929932 -0.184082 31.232843 -14.945404 -31.903861 164605979997.000000
0.127441 -0.930420 -0.183105 30.927835 -15.860428 -31.903861 164605981800.000000
0.123291 -0.933594 -0.178955 31.171842 -16.470445 -31.842860 164605983602.000000
0.122803 -0.929199 -0.170166 30.805832 -17.019460 -31.781858 164605985407.000000
0.121826 -0.929932 -0.181885 30.805832 -17.995486 -31.476850 164605987215.000000
0.120605 -0.927734 -0.176514 31.110840 -18.544501 -31.537852 164605989020.000000
0.111084 -0.932129 -0.151855 30.927835 -19.642530 -31.293845 164605990822.000000
0.114746 -0.930908 -0.152588 31.110840 -20.435552 -30.622827 164605992624.000000
0.116943 -0.926270 -0.159180 30.866833 -21.960593 -30.622827 164605994426.000000
0.110840 -0.927979 -0.148682 31.293845 -22.814616 -30.378820 164605996229.000000
0.109619 -0.927979 -0.140137 31.293845 -24.095651 -29.951809 164605998035.000000
0.111572 -0.926514 -0.135254 31.171842 -24.949674 -29.646800 164605999835.000000
0.114258 -0.927979 -0.133545 30.866833 -26.352712 -29.646800 164606001641.000000
0.110352 -0.924316 -0.135254 30.744830 -27.267736 -29.341792 164606003445.000000
0.128906 -0.932373 -0.126953 30.866833 -28.365766 -29.341792 164606005247.000000
0.129150 -0.925781 -0.133545 30.622827 -29.585799 -29.097786 164606007050.000000
0.130859 -0.927490 -0.119873 30.683828 -30.317819 -29.341792 164606008858.000000
0.133789 -0.924316 -0.126221 30.683828 -31.476850 -29.036784 164606010661.000000
0.138916 -0.921387 -0.120361 30.134814 -32.391875 -29.280791 164606012463.000000
0.144287 -0.918945 -0.125244 30.195815 -33.306899 -29.524797 164606014266.000000
0.143311 -0.917480 -0.118408 29.402794 -34.404929 -29.463796 164606016068.000000
0.141113 -0.916992 -0.116699 28.914781 -35.136949 -29.402794 164606017878.000000
0.144531 -0.915527 -0.111572 29.402794 -35.868968 -29.219789 164606019684.000000
0.149170 -0.908936 -0.115479 29.219789 -36.661990 -29.219789 164606021487.000000
0.149902 -0.912842 -0.110352 28.792777 -37.638016 -29.341792 164606023289.000000
0.156982 -0.909668 -0.107178 28.670774 -38.126029 -28.975782 164606025095.000000
0.152588 -0.903320 -0.110107 28.243763 -38.858049 -28.792777 164606026896.000000
0.155029 -0.906006 -0.106934 27.877753 -39.346062 -28.487769 164606028700.000000
0.157959 -0.907715 -0.104736 28.243763 -40.322089 -28.182761 164606030504.000000
0.157227 -0.899658 -0.098877 27.694748 -41.115110 -28.243763 164606032306.000000
0.164063 -0.904053 -0.107178 27.145733 -41.542122 -28.365766 164606034108.000000
0.165283 -0.900879 -0.103516 26.962728 -42.518148 -28.121759 164606035911.000000
0.166992 -0.899170 -0.102539 26.413713 -43.006161 -28.060758 164606037718.000000
0.172119 -0.905762 -0.097412 26.474715 -43.799183 -28.121759 164606039523.000000
0.172852 -0.902588 -0.093262 26.047703 -44.043189 -27.694748 164606041325.000000
0.170410 -0.903076 -0.087402 25.925700 -44.653206 -27.511743 164606043127.000000
0.179199 -0.904541 -0.085693 25.986702 -45.202220 -27.328738 164606044934.000000
0.180664 -0.907227 -0.090820 25.559690 -45.385225 -27.145733 164606046737.000000
0.181641 -0.903320 -0.094482 25.437687 -45.873239 -26.962728 164606048549.000000
0.186279 -0.906982 -0.095215 25.071677 -46.056244 -26.657720 164606050353.000000
0.189453 -0.900635 -0.083740 25.071677 -46.422253 -26.291710 164606052158.000000
0.191650 -0.901611 -0.077148 25.132679 -46.422253 -26.169707 164606053960.000000
0.199707 -0.904541 -0.078857 24.949674 -46.361252 -25.803697 164606055763.000000
0.200195 -0.902100 -0.079346 24.644665 -46.666260 -25.376685 164606057567.000000
0.207764 -0.898926 -0.079834 24.339657 -46.422253 -25.254682 164606059370.000000
0.209717 -0.899902 -0.080078 23.912646 -46.178247 -24.888672 164606061172.000000
0.214111 -0.896484 -0.074951 23.546636 -46.178247 -24.583664 164606062975.000000
0.221680 -0.898926 -0.078125 23.790642 -45.568230 -24.095651 164606064777.000000
0.222168 -0.894287 -0.078125 23.546636 -45.202220 -23.973647 164606066578.000000
0.225830 -0.890869 -0.078125 23.119624 -44.714207 -23.790642 164606068382.000000
0.234131 -0.894531 -0.075928 23.180626 -44.165192 -23.485634 164606070184.000000
0.230957 -0.893311 -0.075928 22.814616 -43.494174 -22.936619 164606071987.000000
0.231445 -0.891846 -0.072754 23.119624 -42.579150 -22.570609 164606073789.000000
0.234131 -0.888428 -0.067627 23.058623 -41.969133 -22.448606 164606075591.000000
0.232178 -0.884521 -0.069824 22.631611 -41.237113 -21.777588 164606077395.000000
0.231934 -0.885254 -0.069824 22.631611 -40.383090 -21.228573 164606079197.000000
0.231445 -0.879150 -0.072021 22.448606 -39.651071 -20.923565 164606080999.000000
0.235596 -0.881348 -0.072998 22.448606 -38.736046 -20.496553 164606082801.000000
0.237061 -0.878174 -0.079346 22.143598 -37.882023 -19.947539 164606084604.000000
0.239990 -0.872070 -0.074463 22.021595 -36.844995 -19.581529 164606086410.000000
0.236572 -0.881836 -0.073486 22.082596 -35.807967 -19.032514 164606088213.000000
0.228271 -0.870361 -0.068115 21.899591 -34.953944 -18.117489 164606090016.000000
0.231689 -0.874756 -0.068604 21.655585 -34.038919 -17.812481 164606091818.000000
0.234375 -0.871582 -0.066162 21.716586 -33.184896 -17.141463 164606093621.000000
0.228760 -0.870117 -0.066650 21.228573 -32.025865 -16.470445 164606095423.000000
0.222900 -0.868652 -0.060303 21.228573 -30.988837 -15.555420 164606097224.000000
0.227295 -0.867676 -0.058838 21.289575 -29.951809 -15.006405 164606099033.000000
0.226318 -0.861572 -0.066895 20.496553 -28.914781 -14.030379 164606100837.000000
0.226807 -0.856201 -0.065918 20.313548 -27.938754 -13.420362 164606102639.000000
0.224121 -0.857422 -0.053711 20.618557 -26.901726 -12.810346 164606104441.000000
0.230713 -0.860840 -0.057373 20.252547 -25.498688 -12.078326 164606106242.000000
0.229980 -0.860107 -0.067139 19.764534 -24.095651 -11.224303 164606108046.000000
0.233887 -0.857178 -0.056885 19.642530 -23.302629 -10.736290 164606109849.000000
0.231201 -0.855713 -0.056641 19.581529 -21.960593 -10.126273 164606111655.000000
0.235107 -0.851318 -0.051025 19.093516 -20.496553 -9.516257 164606113457.000000
0.244629 -0.855957 -0.061035 19.032514 -19.398524 -9.211249 164606115260.000000
0.244629 -0.849121 -0.055176 18.849509 -18.178491 -8.662234 164606117062.000000
0.247070 -0.848389 -0.048340 18.971512 -16.775453 -8.174221 164606118866.000000
0.247803 -0.846924 -0.049561 18.788507 -15.372415 -7.869212 164606120669.000000
0.251953 -0.845215 -0.056641 17.812481 -13.786372 -7.686208 164606122470.000000
0.261230 -0.840820 -0.060547 17.751479 -12.566339 -7.503203 164606124272.000000
0.264404 -0.844971 -0.060791 17.324468 -11.102300 -7.198194 164606126074.000000
0.263916 -0.835938 -0.059326 17.141463 -9.760264 -7.198194 164606127880.000000
0.265625 -0.837891 -0.062256 16.714451 -8.052217 -7.198194 164606129680.000000
0.268555 -0.840088 -0.060791 16.287440 -6.588178 -7.015189 164606131482.000000
0.268555 -0.835938 -0.057373 16.287440 -5.429147 -6.954188 164606133284.000000
0.267334 -0.834229 -0.053223 16.104435 -3.782102 -6.893186 164606135086.000000
0.268311 -0.838867 -0.057129 15.921430 -2.440066 -6.771183 164606136888.000000
0.270752 -0.834473 -0.062744 15.616422 -1.098030 -6.954188 164606138692.000000
0.267090 -0.838623 -0.062500 15.311413 0.244007 -6.832184 164606140494.000000
0.269531 -0.838135 -0.066895 15.250412 1.586043 -6.710181 164606142297.000000
0.261963 -0.834473 -0.061523 15.189410 2.440066 -6.710181 164606144100.000000
0.262451 -0.832031 -0.061768 15.433417 3.355091 -6.222168 164606145901.000000
0.262451 -0.835938 -0.067139 15.189410 4.636125 -6.100165 164606147708.000000
0.259277 -0.835205 -0.065918 14.701397 5.795156 -5.917160 164606149510.000000
0.255371 -0.835449 -0.049805 14.884402 6.527176 -5.490148 164606151312.000000
0.248535 -0.831299 -0.061035 14.640395 7.442201 -5.368145 164606153114.000000
0.241211 -0.840576 -0.052979 14.457390 7.930214 -5.063137 164606154919.000000
0.243408 -0.835693 -0.061523 14.518392 8.845239 -4.392119 164606156722.000000
0.238281 -0.835938 -0.060303 14.396389 9.089245 -4.392119 164606158526.000000
0.235107 -0.833496 -0.045898 14.152382 9.394254 -4.026109 164606160328.000000
0.237549 -0.835205 -0.049072 14.274385 9.699262 -3.660099 164606162129.000000
0.230469 -0.836670 -0.055176 13.603367 10.248277 -3.477094 164606163932.000000
0.231201 -0.837158 -0.053955 13.603367 10.614287 -3.111084 164606165734.000000
0.226563 -0.839355 -0.051758 13.603367 10.736290 -2.867077 164606167537.000000
0.231689 -0.839111 -0.051514 13.237357 10.919295 -2.806076 164606169340.000000
0.227539 -0.839111 -0.052734 12.993351 10.980296 -2.379064 164606171142.000000
0.229004 -0.835938 -0.052490 12.749344 11.102300 -2.440066 164606172945.000000
0.233398 -0.841064 -0.059326 12.139328 11.346306 -2.135058 164606174747.000000
0.235107 -0.838623 -0.061035 11.956323 11.041298 -2.013054 164606176549.000000
0.236328 -0.833740 -0.059570 11.468310 10.797292 -1.891051 164606178352.000000
0.231689 -0.832031 -0.047363 11.041298 11.102300 -2.135058 164606180154.000000
0.233887 -0.833740 -0.054688 10.980296 10.919295 -1.708046 164606181956.000000
0.233154 -0.834473 -0.060059 10.797292 10.858293 -1.952053 164606183757.000000
0.229248 -0.835938 -0.055908 10.248277 10.492283 -1.708046 164606185559.000000
0.231689 -0.839355 -0.054199 10.126273 10.675288 -1.464040 164606187363.000000
0.229736 -0.836670 -0.046143 9.943268 10.919295 -1.281035 164606189166.000000
0.231934 -0.841797 -0.058594 10.004270 10.675288 -1.098030 164606190968.000000
0.236328 -0.841797 -0.053955 9.882267 10.675288 -0.854023 164606192770.000000
0.235840 -0.842773 -0.053955 9.699262 10.431282 -0.427012 164606194572.000000
0.233887 -0.843018 -0.057373 9.699262 10.614287 -0.061002 164606196375.000000
0.235840 -0.842773 -0.050049 9.394254 10.370280 0.244007 164606198182.000000
0.233154 -0.844238 -0.053955 8.845239 10.309278 0.549015 164606199983.000000
0.235107 -0.847656 -0.054199 8.723236 10.065272 0.976026 164606201785.000000
0.233643 -0.848877 -0.052734 9.028244 9.943268 1.525041 164606203587.000000
0.231201 -0.850342 -0.053955 8.723236 9.760264 2.257061 164606205390.000000
0.227539 -0.852783 -0.055176 8.418227 9.516257 2.501068 164606207192.000000
0.230713 -0.854980 -0.039795 8.906240 9.699262 3.355091 164606208999.000000
0.229980 -0.857666 -0.038818 8.540231 8.967242 3.721100 164606211433.000000
0.232666 -0.858887 -0.043457 8.418227 8.906240 4.270115 164606213263.000000
0.239990 -0.858887 -0.039307 8.479229 8.723236 4.941133 164606215067.000000
0.236816 -0.860352 -0.043213 8.235222 8.357226 5.063137 164606216869.000000
0.244873 -0.858398 -0.037109 7.991216 7.991216 5.185140 164606218678.000000
0.247314 -0.860352 -0.036621 7.930214 7.625206 5.551150 164606220481.000000
0.247559 -0.859131 -0.032959 7.625206 7.320198 5.612152 164606222284.000000
0.253662 -0.858398 -0.041992 7.625206 6.954188 5.307143 164606224087.000000
0.260498 -0.861328 -0.038818 7.442201 7.015189 5.429147 164606225888.000000
0.270020 -0.859619 -0.037354 7.503203 6.893186 5.124138 164606227693.000000
0.276123 -0.855713 -0.041748 6.588178 6.710181 4.819130 164606229495.000000
0.273193 -0.855713 -0.043457 6.344171 6.832184 4.758128 164606231297.000000
0.276123 -0.856934 -0.041016 6.527176 6.649180 4.392119 164606233098.000000
0.281006 -0.852539 -0.047363 6.161166 6.466175 3.965107 164606234901.000000
0.282471 -0.851318 -0.049561 5.917160 6.466175 3.904105 164606236704.000000
0.281250 -0.848145 -0.043213 5.917160 6.161166 3.416092 164606238508.000000
0.285156 -0.855957 -0.044189 5.429147 6.283170 3.050082 164606240310.000000
0.284424 -0.853027 -0.047119 4.819130 6.100165 2.867077 164606242112.000000
0.281738 -0.850586 -0.047852 4.575124 5.917160 2.928079 164606243914.000000
0.276123 -0.854980 -0.041992 4.575124 5.612152 2.745074 164606245717.000000
0.276611 -0.855713 -0.044434 4.575124 5.124138 2.318063 164606247522.000000
0.276611 -0.853271 -0.052734 4.636125 4.758128 2.196059 164606249324.000000
0.277588 -0.852295 -0.043213 4.270115 4.514122 2.135058 164606251126.000000
0.272461 -0.857910 -0.041260 4.026109 3.660099 2.074056 164606252928.000000
0.267334 -0.859619 -0.054199 3.782102 3.355091 2.562069 164606254730.000000
0.265869 -0.861084 -0.057129 3.965107 2.745074 2.135058 164606256532.000000
0.265625 -0.864746 -0.047852 3.965107 1.952053 2.562069 164606258335.000000
0.266602 -0.865967 -0.047607 4.087110 1.708046 2.806076 164606260289.000000
0.267578 -0.866943 -0.048584 3.721100 0.610016 2.989081 164606263209.000000
0.260986 -0.873047 -0.053223 3.355091 -0.305008 3.355091 164606266139.000000
0.260986 -0.878174 -0.052979 3.599097 -1.342036 3.599097 164606269060.000000
0.260986 -0.879883 -0.046631 3.355091 -2.379064 4.026109 164606271977.000000
0.252686 -0.882568 -0.049072 3.172086 -3.355091 4.575124 164606274902.000000
0.252930 -0.887939 -0.047852 2.928079 -4.270115 4.880132 164606277821.000000
0.238525 -0.890869 -0.051025 2.867077 -5.307143 5.673153 164606280739.000000
0.238525 -0.885742 -0.047852 3.172086 -6.649180 6.161166 164606283656.000000
0.229004 -0.889160 -0.050781 3.050082 -7.686208 6.893186 164606286573.000000
0.226563 -0.892090 -0.048340 2.989081 -9.394254 7.503203 164606289491.000000
0.219238 -0.888916 -0.039063 2.928079 -10.492283 7.930214 164606292408.000000
0.208740 -0.891846 -0.041748 3.111084 -12.078326 8.601232 164606295325.000000
0.209717 -0.899414 -0.043213 3.172086 -14.152382 8.906240 164606298245.000000
0.211914 -0.900146 -0.050781 3.233087 -15.494418 9.028244 164606301161.000000
0.215088 -0.908936 -0.048828 3.294089 -16.897456 8.784237 164606304079.000000
0.211426 -0.908691 -0.050293 3.355091 -18.666504 9.150247 164606306994.000000
0.213867 -0.911133 -0.048096 3.477094 -20.008540 8.845239 164606309913.000000
0.217773 -0.917969 -0.060059 3.172086 -21.228573 8.784237 164606312831.000000
0.214111 -0.920410 -0.062256 3.111084 -22.631611 8.723236 164606315746.000000
0.216309 -0.923340 -0.064209 3.294089 -23.851644 8.784237 164606318670.000000
0.216797 -0.930908 -0.058105 2.745074 -24.949674 8.723236 164606321590.000000
0.217773 -0.928467 -0.060791 2.928079 -26.596718 8.845239 164606324506.000000
0.214111 -0.940430 -0.056885 2.806076 -28.121759 8.540231 164606327429.000000
0.210449 -0.941895 -0.049805 2.806076 -29.463796 8.906240 164606330348.000000
0.202881 -0.943115 -0.059814 2.745074 -31.232843 9.089245 164606333264.000000
0.205566 -0.945801 -0.055908 2.562069 -32.330873 9.394254 164606336185.000000
