-0.017822 -1.006592 0.331055 2.562069 -13.664369 -12.322333 211915024624.000000
-0.017334 -1.000244 0.331787 2.501068 -13.542366 -12.322333 211915027702.000000
-0.012695 -1.006592 0.324951 2.745074 -13.420362 -12.688343 211915030794.000000
-0.010254 -1.002441 0.328369 2.806076 -14.213384 -12.200329 211915033916.000000
-0.006592 -1.002441 0.339111 3.782102 -14.335387 -11.834320 211915037011.000000
-0.003418 -0.993408 0.326660 3.965107 -14.396389 -12.017324 211915040111.000000
-0.001465 -0.989258 0.333008 4.209114 -14.457390 -11.956323 211915043208.000000
0.005615 -0.979492 0.328125 3.965107 -14.762399 -11.712316 211915046312.000000
0.007324 -0.982666 0.323975 4.148112 -14.579394 -12.444336 211915049413.000000
0.015625 -0.986328 0.322998 4.270115 -14.579394 -12.200329 211915052508.000000
0.021729 -0.989258 0.324707 3.965107 -14.518392 -11.895321 211915055615.000000
0.029785 -0.994629 0.322510 3.965107 -14.274385 -12.017324 211915058721.000000
0.030029 -0.992920 0.318604 4.209114 -15.067407 -11.529311 211915061824.000000
0.029297 -0.993652 0.327393 4.575124 -15.433417 -11.590313 211915064918.000000
0.034668 -0.993164 0.326416 4.392119 -15.311413 -11.712316 211915068014.000000
0.041504 -0.988281 0.320313 4.148112 -15.738425 -11.956323 211915071142.000000
0.039551 -0.988281 0.328857 4.026109 -15.921430 -11.956323 211915074239.000000
0.045654 -0.991699 0.328613 4.697127 -16.653450 -12.139328 211915077329.000000
0.046387 -0.992676 0.323486 4.209114 -16.592448 -12.261331 211915080424.000000
0.047852 -0.995117 0.323242 4.453120 -17.019460 -12.505338 211915083560.000000
0.045898 -0.997559 0.329346 4.514122 -17.385469 -12.505338 211915086699.000000
0.047852 -1.006348 0.331543 4.575124 -17.751479 -12.566339 211915089791.000000
0.045410 -1.008301 0.327148 4.697127 -18.422497 -12.566339 211915092880.000000
0.047119 -1.006836 0.333008 4.697127 -19.276520 -12.139328 211915095976.000000
0.049805 -1.014648 0.329590 5.490148 -19.642530 -12.383334 211915099056.000000
0.046875 -1.015137 0.327881 5.551150 -19.825535 -12.200329 211915102212.000000
0.044434 -1.017578 0.331543 5.856158 -20.801562 -12.444336 211915105291.000000
0.045410 -1.017090 0.328369 5.856158 -20.862563 -12.139328 211915108361.000000
0.043213 -1.015381 0.329346 6.283170 -20.740560 -12.078326 211915111442.000000
0.040039 -1.019775 0.328369 6.466175 -20.740560 -12.139328 211915114524.000000
0.040039 -1.018311 0.337402 6.710181 -21.716586 -11.712316 211915117605.000000
0.034668 -1.025635 0.333984 6.771183 -22.326603 -11.285305 211915120773.000000
0.038574 -1.023193 0.327637 6.893186 -23.180626 -10.614287 211915123859.000000
0.040039 -1.028809 0.313721 7.137193 -23.668639 -10.431282 211915126935.000000
0.047363 -1.024658 0.321045 6.771183 -24.461660 -9.943268 211915130074.000000
0.037842 -1.024414 0.328369 6.161166 -25.071677 -10.492283 211915133170.000000
0.035400 -1.025635 0.333008 5.734155 -25.315684 -9.943268 211915136262.000000
0.032715 -1.021484 0.335938 5.307143 -25.986702 -9.455255 211915139370.000000
0.030273 -1.022705 0.335449 5.795156 -26.901726 -8.784237 211915142466.000000
0.027832 -1.024170 0.325684 6.222168 -27.938754 -7.869212 211915145559.000000
0.025879 -1.022217 0.318115 7.320198 -28.365766 -7.381199 211915148651.000000
0.031250 -1.017578 0.307617 7.564204 -28.853779 -7.564204 211915151755.000000
0.024170 -1.009033 0.307617 7.930214 -28.975782 -6.527176 211915154860.000000
0.021729 -0.994629 0.314453 7.686208 -29.280791 -6.039163 211915157962.000000
0.020996 -0.989502 0.322266 6.954188 -29.402794 -5.429147 211915161061.000000
0.021484 -0.985107 0.324463 6.771183 -28.853779 -5.429147 211915164153.000000
0.022949 -0.987549 0.339844 6.283170 -29.585799 -4.819130 211915167261.000000
0.025635 -0.989014 0.342285 6.710181 -30.073812 -4.026109 211915170369.000000
0.025146 -0.991699 0.336426 7.930214 -29.890807 -3.538096 211915173458.000000
0.025146 -0.994141 0.341309 8.479229 -28.792777 -3.172086 211915176570.000000
0.020752 -0.997803 0.351318 9.272250 -28.304764 -2.013054 211915179676.000000
0.026123 -0.993408 0.369873 10.187275 -28.487769 -1.525041 211915182764.000000
0.025879 -0.988281 0.375977 10.736290 -28.365766 -0.488013 211915185851.000000
0.031250 -0.982178 0.375488 10.980296 -27.389740 -0.061002 211915188940.000000
0.035400 -0.983398 0.370850 11.651315 -27.389740 0.488013 211915192159.000000
0.041748 -0.977783 0.364746 12.261331 -27.389740 0.854023 211915195242.000000
0.049805 -0.987061 0.350586 13.237357 -27.023730 1.464040 211915198318.000000
0.054688 -0.981201 0.342285 13.481364 -27.084731 1.281035 211915201412.000000
0.060791 -0.981934 0.332275 13.908376 -27.938754 2.074056 211915204491.000000
0.070557 -0.977295 0.322510 13.847374 -28.487769 2.318063 211915207569.000000
0.073975 -0.975342 0.316162 13.542366 -28.304764 2.196059 211915210705.000000
0.080322 -0.968506 0.307373 12.993351 -29.280791 2.013054 211915213787.000000
0.080811 -0.964844 0.304688 12.444336 -29.646800 2.257061 211915216860.000000
0.078857 -0.962402 0.303467 11.956323 -29.890807 1.952053 211915219994.000000
0.078369 -0.967773 0.311279 11.712316 -30.500824 1.647044 211915223077.000000
0.074951 -0.968262 0.311279 11.224303 -30.622827 1.830049 211915226181.000000
0.070557 -0.967041 0.312500 11.041298 -31.049838 1.769048 211915229264.000000
0.068359 -0.970215 0.313232 10.919295 -30.927835 1.830049 211915232357.000000
0.061768 -0.970215 0.322510 10.614287 -31.781858 1.952053 211915235452.000000
0.062744 -0.977051 0.328613 10.736290 -31.598853 2.501068 211915238545.000000
0.056152 -0.979980 0.331299 10.797292 -31.781858 2.745074 211915241643.000000
0.056641 -0.989014 0.336914 11.041298 -31.598853 2.745074 211915244733.000000
0.054199 -0.990234 0.342773 11.163301 -31.659855 3.355091 211915247824.000000
0.061768 -0.994629 0.349121 11.590313 -31.903861 2.989081 211915250934.000000
0.056885 -0.995850 0.348389 11.956323 -31.781858 3.599097 211915254025.000000
0.054443 -0.998535 0.354736 12.200329 -31.720856 3.660099 211915257114.000000
0.055176 -1.001465 0.362061 12.749344 -32.208870 4.026109 211915260236.000000
0.054688 -1.000488 0.366699 13.420362 -31.842860 3.965107 211915263332.000000
0.054443 -1.000977 0.369385 13.603367 -31.842860 4.148112 211915266438.000000
0.051514 -0.997070 0.379639 14.091380 -32.086866 4.453120 211915269545.000000
0.052734 -1.000244 0.366699 15.189410 -31.842860 4.392119 211915272637.000000
0.054443 -0.994629 0.374756 15.433417 -32.147868 4.636125 211915275727.000000
0.053467 -0.989502 0.381104 16.226438 -31.903861 4.758128 211915278814.000000
0.050293 -0.985596 0.377197 16.714451 -31.659855 4.514122 211915281935.000000
0.052979 -0.980225 0.382080 17.141463 -31.476850 5.246142 211915285033.000000
0.050049 -0.977051 0.383545 17.629476 -31.293845 5.185140 211915288120.000000
0.048584 -0.978760 0.370605 18.239492 -30.927835 5.490148 211915291205.000000
0.053467 -0.965820 0.363281 18.483499 -30.378820 5.612152 211915294286.000000
0.049805 -0.964111 0.369141 18.788507 -29.707802 5.734155 211915297363.000000
0.051514 -0.965576 0.364746 19.032514 -29.219789 5.978161 211915300441.000000
0.052979 -0.963623 0.363281 19.398524 -28.304764 5.795156 211915303521.000000
0.061279 -0.958252 0.374512 19.642530 -27.694748 6.344171 211915306598.000000
0.064697 -0.954102 0.372559 19.520527 -27.023730 6.283170 211915309676.000000
0.073730 -0.953613 0.375000 19.581529 -25.986702 6.283170 211915312755.000000
0.074463 -0.953369 0.373291 19.703532 -25.620692 6.283170 211915315824.000000
0.084229 -0.948486 0.373047 19.154517 -24.827670 6.466175 211915318898.000000
0.084473 -0.947021 0.380127 19.337522 -24.156652 5.917160 211915322155.000000
0.090820 -0.945801 0.380371 19.459525 -23.668639 6.039163 211915325238.000000
0.094971 -0.943359 0.377930 19.520527 -22.936619 6.039163 211915328318.000000
0.097656 -0.934814 0.384277 19.703532 -22.448606 5.917160 211915331415.000000
0.107422 -0.932129 0.370605 19.764534 -22.021595 5.551150 211915334511.000000
0.111084 -0.926514 0.375977 19.459525 -21.411578 5.368145 211915337607.000000
0.114746 -0.929688 0.376953 18.910511 -20.313548 4.575124 211915340711.000000
0.124756 -0.927246 0.373047 19.032514 -19.764534 4.575124 211915343806.000000
0.120117 -0.927979 0.377930 18.788507 -18.483499 4.392119 211915346897.000000
0.126221 -0.933105 0.379883 18.422497 -17.568474 3.965107 211915350000.000000
0.128662 -0.939941 0.374268 18.239492 -16.653450 3.599097 211915353105.000000
0.132568 -0.932129 0.378418 18.361496 -15.677423 3.599097 211915356196.000000
0.129883 -0.925781 0.374023 18.300494 -14.579394 2.684072 211915359296.000000
0.134277 -0.923096 0.368652 18.056488 -13.359361 2.379064 211915362388.000000
0.133057 -0.923828 0.369141 17.080461 -12.566339 1.159031 211915365489.000000
0.135498 -0.921631 0.372314 16.592448 -11.224303 0.976026 211915368604.000000
0.135254 -0.922119 0.372070 16.226438 -10.614287 0.915025 211915371721.000000
0.130859 -0.922119 0.374268 15.799427 -9.821265 0.854023 211915374810.000000
0.134277 -0.923584 0.378662 15.372415 -8.967242 -0.305008 211915377926.000000
0.132080 -0.925049 0.378906 15.128408 -8.540231 -0.427012 211915381029.000000
0.127441 -0.928711 0.382080 14.823400 -8.052217 -0.610016 211915384119.000000
0.123535 -0.928223 0.387451 14.396389 -7.747209 -1.159031 211915387512.000000
0.125000 -0.928467 0.373291 14.579394 -6.954188 -1.708046 211915390752.000000
0.119873 -0.932617 0.374268 14.579394 -7.320198 -1.891051 211915393841.000000
0.123535 -0.929932 0.388916 14.396389 -6.527176 -2.135058 211915396921.000000
0.119629 -0.928223 0.390625 13.298359 -5.612152 -2.867077 211915400004.000000
0.115234 -0.924316 0.400879 12.200329 -5.124138 -3.172086 211915403085.000000
0.114258 -0.927734 0.410156 11.163301 -5.246142 -2.806076 211915406165.000000
0.104004 -0.925781 0.399414 11.895321 -4.087110 -3.721100 211915409271.000000
0.109131 -0.927979 0.401611 11.956323 -3.477094 -3.721100 211915412351.000000
0.100830 -0.929199 0.393311 12.078326 -2.989081 -4.453120 211915415430.000000
0.095947 -0.931641 0.393555 11.468310 -2.867077 -4.514122 211915418505.000000
0.096191 -0.936768 0.391113 11.529311 -2.318063 -4.941133 211915421631.000000
0.093994 -0.930908 0.391846 11.285305 -2.135058 -4.880132 211915424715.000000
0.099609 -0.927002 0.399902 10.980296 -2.440066 -5.002135 211915427804.000000
0.092285 -0.928467 0.405762 10.431282 -1.952053 -5.124138 211915430902.000000
0.084961 -0.931152 0.404053 10.187275 -1.708046 -5.795156 211915434047.000000
0.082031 -0.932617 0.407715 9.882267 -1.647044 -5.368145 211915437137.000000
0.081543 -0.938721 0.408936 9.699262 -1.464040 -5.856158 211915440233.000000
0.083496 -0.944824 0.411377 9.577259 -1.464040 -5.856158 211915443336.000000
0.075684 -0.945068 0.423828 9.333252 -1.830049 -6.161166 211915446426.000000
0.079590 -0.947754 0.423096 9.211249 -2.196059 -5.978161 211915449532.000000
0.075195 -0.949707 0.424072 9.150247 -1.952053 -6.222168 211915452622.000000
0.068359 -0.949951 0.426758 9.028244 -1.586043 -6.771183 211915455715.000000
0.069824 -0.948730 0.435791 8.662234 -1.769048 -6.527176 211915458804.000000
0.063721 -0.953857 0.439209 8.723236 -1.220033 -6.771183 211915461908.000000
0.064697 -0.955566 0.438965 8.540231 -1.464040 -7.015189 211915464999.000000
0.061279 -0.958740 0.449707 8.540231 -1.159031 -7.015189 211915470244.000000
0.063477 -0.955078 0.445557 8.113219 -0.854023 -7.015189 211915473384.000000
0.062256 -0.953369 0.444336 8.113219 -0.732020 -6.893186 211915476497.000000
0.060303 -0.951660 0.448242 7.991216 -0.183005 -7.198194 211915479593.000000
0.057861 -0.952393 0.438477 7.625206 0.122003 -7.259196 211915482686.000000
0.059082 -0.942139 0.441162 7.808211 0.305008 -6.832184 211915485779.000000
0.052979 -0.939941 0.442139 7.808211 0.488013 -6.771183 211915488870.000000
0.054688 -0.935547 0.444336 7.808211 0.549015 -6.832184 211915491948.000000
0.056152 -0.935547 0.441895 7.686208 0.610016 -6.466175 211915495053.000000
0.053955 -0.936035 0.447021 7.503203 0.183005 -6.344171 211915498156.000000
0.057373 -0.934570 0.439697 7.137193 0.122003 -6.344171 211915501235.000000
0.055420 -0.933594 0.438477 6.832184 0.305008 -6.466175 211915504318.000000
0.060059 -0.929199 0.436523 6.649180 0.183005 -6.588178 211915507392.000000
0.058105 -0.932861 0.438477 6.466175 0.000000 -6.832184 211915510464.000000
0.051758 -0.931641 0.434570 6.100165 -0.305008 -7.015189 211915513544.000000
0.051270 -0.934570 0.439209 5.673153 -0.671018 -6.466175 211915516613.000000
0.051025 -0.930664 0.439453 5.307143 -0.793021 -6.832184 211915519697.000000
0.049805 -0.935547 0.442139 4.758128 -1.464040 -7.015189 211915522840.000000
0.046143 -0.931396 0.448486 4.453120 -2.013054 -6.710181 211915525920.000000
0.041016 -0.940674 0.439697 4.392119 -1.891051 -7.015189 211915529002.000000
0.041016 -0.937012 0.441162 3.965107 -2.257061 -6.954188 211915532225.000000
0.037354 -0.937012 0.445068 3.904105 -3.050082 -7.015189 211915535319.000000
0.042480 -0.936035 0.445313 3.843104 -3.294089 -7.076191 211915538409.000000
0.038574 -0.942139 0.448486 3.721100 -3.904105 -6.954188 211915541514.000000
0.034180 -0.936768 0.453125 3.416092 -4.697127 -6.954188 211915544625.000000
0.034668 -0.942383 0.448975 3.294089 -5.185140 -7.076191 211915547718.000000
0.039551 -0.954346 0.455322 -0.610016 -7.503203 -5.124138 211915550813.000000
0.047119 -1.183838 0.433350 3.782102 -6.405173 -4.575124 211915553931.000000
0.040771 -0.912109 0.418213 4.758128 -5.368145 -6.039163 211915557026.000000
0.009277 -0.854248 0.433350 2.379064 -4.758128 -5.246142 211915560121.000000
0.004639 -0.862305 0.489746 -5.368145 -8.357226 -4.087110 211915563212.000000
0.014404 -0.943115 0.468750 0.305008 -13.298359 -3.111084 211915566301.000000
0.030273 -0.989014 0.432129 7.259196 -9.211249 -7.320198 211915569406.000000
0.034180 -0.969482 0.450928 6.222168 -10.004270 -7.747209 211915572493.000000
0.041260 -0.934326 0.484619 0.183005 -14.335387 -5.429147 211915575586.000000
0.038574 -0.946045 0.464600 -0.244007 -13.847374 -6.222168 211915578680.000000
0.033691 -0.962891 0.454102 4.209114 -12.322333 -7.442201 211915581781.000000
0.033447 -0.957520 0.467773 4.087110 -13.786372 -6.893186 211915584870.000000
0.025391 -0.963135 0.479736 1.769048 -15.250412 -6.161166 211915588284.000000
0.028076 -0.963135 0.469482 2.379064 -14.640395 -5.917160 211915591374.000000
0.024902 -0.973633 0.457764 4.392119 -14.701397 -6.039163 211915594449.000000
0.022461 -0.959717 0.464844 4.209114 -15.494418 -5.002135 211915597527.000000
0.022705 -0.956543 0.475586 3.416092 -15.738425 -4.575124 211915600694.000000
0.020264 -0.954590 0.467529 3.233087 -15.433417 -4.148112 211915603777.000000
0.020752 -0.947754 0.461914 4.331117 -15.494418 -3.355091 211915606854.000000
0.023193 -0.946533 0.466309 4.514122 -15.189410 -2.989081 211915609954.000000
0.027344 -0.943115 0.471436 3.721100 -15.372415 -2.379064 211915613034.000000
0.030029 -0.945801 0.466553 4.148112 -15.189410 -1.769048 211915616126.000000
0.037109 -0.949951 0.463867 4.758128 -14.884402 -1.281035 211915619234.000000
0.037354 -0.952393 0.457764 4.575124 -14.579394 -1.220033 211915622316.000000
0.043457 -0.951660 0.469238 4.514122 -14.518392 -1.281035 211915625443.000000
0.048340 -0.949951 0.469727 5.185140 -14.335387 -0.610016 211915628522.000000
0.050537 -0.949219 0.465576 5.429147 -14.457390 -0.671018 211915631616.000000
0.053223 -0.947021 0.468262 5.246142 -14.152382 -0.732020 211915634709.000000
0.052979 -0.947998 0.475342 5.612152 -14.396389 -0.061002 211915637798.000000
0.062744 -0.942139 0.476807 5.429147 -14.518392 0.305008 211915640893.000000
0.065674 -0.946045 0.478271 5.795156 -14.335387 0.305008 211915643999.000000
0.070557 -0.947266 0.476318 6.161166 -14.640395 0.122003 211915647097.000000
0.067383 -0.941895 0.472656 6.100165 -14.640395 0.244007 211915650233.000000
0.075684 -0.947266 0.470459 6.344171 -14.884402 0.000000 211915653322.000000
0.076172 -0.942383 0.469238 6.649180 -14.091380 0.366010 211915656415.000000
0.073486 -0.940674 0.468750 6.527176 -14.152382 0.305008 211915659520.000000
0.076904 -0.941162 0.466797 6.405173 -14.030379 0.732020 211915662609.000000
0.081055 -0.941650 0.464844 6.771183 -13.786372 0.610016 211915665703.000000
0.082520 -0.937744 0.456299 6.405173 -13.054352 0.610016 211915668793.000000
0.079102 -0.935059 0.467041 6.283170 -12.688343 0.549015 211915671899.000000
0.080566 -0.935059 0.458008 6.405173 -12.261331 0.915025 211915674994.000000
0.084473 -0.936523 0.448486 6.405173 -11.773318 1.403038 211915678084.000000
0.082275 -0.933105 0.448242 6.649180 -11.102300 1.159031 211915681175.000000
0.086670 -0.930664 0.449707 6.283170 -10.614287 1.525041 211915684263.000000
0.084961 -0.931885 0.447998 6.161166 -10.004270 1.525041 211915687364.000000
0.081787 -0.934326 0.446045 5.856158 -9.638260 1.769048 211915690448.000000
0.086426 -0.931396 0.441650 5.856158 -9.333252 1.525041 211915693528.000000
0.086670 -0.930908 0.445557 5.551150 -8.723236 1.708046 211915696625.000000
0.094238 -0.938965 0.450684 4.941133 -8.784237 1.586043 211915699708.000000
0.093994 -0.935059 0.448242 5.124138 -8.784237 1.891051 211915702788.000000
0.092285 -0.937744 0.444092 5.124138 -8.357226 1.952053 211915705888.000000
0.096436 -0.936768 0.444336 4.697127 -8.357226 1.159031 211915708953.000000
0.097656 -0.937500 0.442383 4.575124 -8.357226 1.342036 211915712164.000000
0.095947 -0.940674 0.445068 4.453120 -8.296224 0.976026 211915715242.000000
0.096436 -0.941406 0.453857 4.392119 -8.662234 0.671018 211915718311.000000
0.099121 -0.939941 0.450439 4.392119 -8.784237 0.305008 211915721395.000000
0.089844 -0.939453 0.457520 4.575124 -9.089245 -0.122003 211915724520.000000
0.089600 -0.941895 0.454102 4.270115 -9.577259 -0.610016 211915727592.000000
0.090088 -0.944092 0.455322 4.148112 -9.272250 -0.976026 211915730708.000000
0.088623 -0.947021 0.451660 3.904105 -9.333252 -0.854023 211915733804.000000
0.088135 -0.945801 0.457275 4.087110 -9.394254 -1.464040 211915736899.000000
0.076660 -0.947510 0.467041 4.331117 -10.004270 -1.525041 211915740005.000000
0.073975 -0.950439 0.469482 4.575124 -10.675288 -1.769048 211915743093.000000
0.070313 -0.952148 0.470215 4.941133 -10.797292 -2.135058 211915746213.000000
0.069824 -0.951904 0.472412 5.124138 -10.858293 -1.952053 211915749317.000000
0.070313 -0.956055 0.471680 5.429147 -11.163301 -2.257061 211915752407.000000
0.069580 -0.959473 0.473633 5.978161 -10.980296 -2.196059 211915755497.000000
0.061523 -0.956299 0.470703 6.222168 -10.675288 -2.196059 211915758586.000000
0.056396 -0.951416 0.477783 6.466175 -10.370280 -2.135058 211915761681.000000
0.052246 -0.950928 0.479004 6.832184 -10.065272 -1.891051 211915764777.000000
0.053223 -0.949707 0.477051 7.259196 -9.882267 -1.525041 211915767869.000000
0.056641 -0.948486 0.482910 7.564204 -9.333252 -1.464040 211915770975.000000
0.053711 -0.946533 0.480225 8.113219 -9.089245 -1.708046 211915774064.000000
0.053711 -0.945068 0.468262 8.113219 -9.394254 -1.342036 211915777153.000000
0.051025 -0.941406 0.464355 8.235222 -8.601232 -1.220033 211915780272.000000
0.051514 -0.934570 0.458252 7.991216 -8.601232 -0.976026 211915783359.000000
0.053467 -0.929688 0.456299 7.747209 -8.418227 -0.305008 211915786450.000000
0.051270 -0.927246 0.455566 7.503203 -8.174221 -0.427012 211915789535.000000
0.050537 -0.930908 0.454346 7.686208 -8.357226 -0.488013 211915792619.000000
0.053223 -0.926025 0.448730 7.930214 -9.394254 0.061002 211915795701.000000
0.053955 -0.923340 0.438721 8.113219 -9.516257 0.183005 211915798771.000000
0.060791 -0.919434 0.430908 8.174221 -9.211249 0.366010 211915801852.000000
0.062988 -0.911377 0.435547 8.113219 -9.516257 0.427012 211915804932.000000
0.069336 -0.911865 0.438232 7.198194 -8.906240 0.305008 211915808010.000000
0.070801 -0.913330 0.452148 7.076191 -7.564204 -0.061002 211915811084.000000
0.062988 -0.915771 0.468262 6.649180 -6.649180 -0.122003 211915814164.000000
0.064453 -0.916748 0.476807 6.466175 -5.490148 -0.122003 211915817236.000000
0.063965 -0.925537 0.479248 6.893186 -3.538096 0.549015 211915828540.000000
0.073486 -0.921631 0.453613 7.259196 -2.989081 0.610016 211915832293.000000
0.078125 -0.924316 0.435791 7.442201 -2.501068 0.610016 211915835465.000000
0.088379 -0.918701 0.428467 7.808211 -2.318063 0.488013 211915838549.000000
0.082520 -0.913574 0.427979 7.137193 -2.379064 0.366010 211915841631.000000
0.083984 -0.908203 0.430176 6.893186 -2.074056 0.244007 211915844761.000000
0.081055 -0.909180 0.435791 5.978161 -2.684072 0.183005 211915847843.000000
0.078369 -0.905762 0.446533 5.673153 -2.318063 0.122003 211915851021.000000
0.075439 -0.904053 0.442871 5.124138 -2.196059 -0.122003 211915854275.000000
0.079834 -0.912109 0.445313 5.246142 -1.586043 -0.061002 211915857405.000000
0.079590 -0.915039 0.446777 5.185140 -1.708046 -0.549015 211915860495.000000
0.074463 -0.912598 0.453613 5.673153 -1.281035 -0.488013 211915863581.000000
0.072998 -0.912109 0.442139 5.368145 -1.342036 -0.549015 211915866691.000000
0.074951 -0.914307 0.444092 5.368145 -1.098030 -0.671018 211915869788.000000
0.072754 -0.913086 0.440430 4.758128 -1.098030 -0.549015 211915872876.000000
0.075439 -0.910645 0.445068 4.758128 -0.793021 -1.037028 211915875959.000000
0.076416 -0.912598 0.453125 4.270115 -1.220033 -1.159031 211915879055.000000
0.074951 -0.909912 0.448730 4.270115 -0.915025 -1.342036 211915882303.000000
0.074463 -0.915039 0.453613 3.721100 -0.915025 -1.464040 211915885391.000000
0.077148 -0.915283 0.452881 3.660099 -0.732020 -1.281035 211915888516.000000
0.074463 -0.917969 0.464111 3.843104 -0.610016 -1.464040 211915891613.000000
0.071289 -0.922607 0.455078 3.599097 -0.305008 -1.525041 211915894698.000000
0.073975 -0.924805 0.458496 3.843104 -0.183005 -1.403038 211915897785.000000
0.072266 -0.929932 0.472168 3.843104 -0.183005 -1.525041 211915900866.000000
0.068848 -0.932129 0.473633 3.965107 -0.122003 -1.403038 211915903950.000000
0.071533 -0.936523 0.465332 3.782102 0.061002 -1.464040 211915907035.000000
0.066650 -0.938721 0.470703 3.782102 0.122003 -1.281035 211915910120.000000
0.063232 -0.939453 0.467041 3.843104 0.000000 -1.525041 211915913202.000000
0.067139 -0.935547 0.465576 3.965107 0.549015 -1.464040 211915916278.000000
0.064453 -0.938477 0.469482 3.904105 0.549015 -1.647044 211915919358.000000
0.060791 -0.938721 0.468750 3.721100 0.732020 -1.403038 211915922443.000000
0.057861 -0.935059 0.472412 3.965107 0.854023 -1.464040 211915925526.000000
0.058105 -0.934814 0.473633 3.538096 0.610016 -1.525041 211915928656.000000
0.056396 -0.935547 0.473633 3.416092 0.732020 -1.525041 211915931746.000000
0.049072 -0.938232 0.471436 3.477094 0.854023 -1.464040 211915934856.000000
0.050293 -0.937500 0.478027 3.477094 1.220033 -1.159031 211915937972.000000
0.050049 -0.943115 0.481201 3.111084 1.281035 -1.281035 211915941069.000000
0.047852 -0.941406 0.481201 3.416092 1.342036 -1.098030 211915944177.000000
0.042480 -0.943848 0.484375 3.294089 1.464040 -0.854023 211915947298.000000
0.045410 -0.943604 0.482422 3.050082 1.403038 -0.244007 211915950401.000000
0.043457 -0.940186 0.490723 3.416092 1.342036 -0.244007 211915953498.000000
0.042725 -0.939941 0.497314 2.989081 1.525041 0.000000 211915956604.000000
0.045410 -0.940918 0.497559 3.294089 1.586043 0.061002 211915959703.000000
0.050537 -0.943604 0.505859 3.416092 1.403038 0.549015 211915962810.000000
0.052490 -0.945068 0.506104 2.928079 1.525041 0.549015 211915965904.000000
0.053711 -0.946289 0.502197 3.233087 1.891051 0.976026 211915969030.000000
0.056396 -0.953857 0.510254 2.989081 1.952053 0.549015 211915972218.000000
0.054688 -0.961182 0.498535 3.172086 1.769048 0.793021 211915975317.000000
0.060547 -0.959961 0.503662 3.111084 1.830049 1.098030 211915978410.000000
0.059814 -0.958984 0.500488 3.233087 1.769048 0.671018 211915981516.000000
0.063965 -0.959473 0.505127 2.806076 1.952053 0.976026 211915984631.000000
0.064209 -0.957031 0.507324 2.806076 1.708046 0.732020 211915987732.000000
0.064209 -0.956055 0.502441 2.684072 1.830049 0.549015 211915990825.000000
0.065674 -0.955078 0.500244 2.196059 1.708046 0.793021 211915993945.000000
0.064453 -0.954102 0.503906 1.708046 1.769048 0.671018 211915997027.000000
0.067627 -0.954590 0.496094 1.769048 1.403038 0.976026 211916000110.000000
0.065186 -0.956055 0.501465 1.525041 1.769048 1.159031 211916003193.000000
0.059326 -0.951660 0.499268 1.708046 1.769048 1.342036 211916006271.000000
0.064209 -0.949219 0.501709 1.220033 1.159031 1.037028 211916009342.000000
0.058105 -0.947998 0.516113 2.745074 -1.037028 2.135058 211916012430.000000
0.070801 -0.938232 0.486084 1.525041 1.159031 1.586043 211916015504.000000
0.074951 -0.947266 0.476563 0.366010 4.270115 0.549015 211916018591.000000
0.058350 -0.937988 0.499268 -0.488013 3.233087 1.098030 211916021671.000000
0.054688 -0.941406 0.513672 -0.183005 1.525041 2.074056 211916024755.000000
0.060303 -0.945801 0.500000 0.610016 2.745074 1.586043 211916027837.000000
0.063721 -0.943848 0.494873 0.122003 3.599097 1.525041 211916030933.000000
0.067139 -0.936768 0.494385 -1.037028 1.891051 2.257061 211916034078.000000
0.064941 -0.935547 0.478516 -0.732020 2.318063 2.745074 211916037173.000000
0.070068 -0.938232 0.464111 0.366010 2.928079 2.562069 211916040274.000000
0.069824 -0.935791 0.469482 -0.122003 3.416092 3.050082 211916043371.000000
0.073975 -0.930420 0.488770 -1.281035 3.660099 2.989081 211916046465.000000
0.071045 -0.925049 0.484375 -2.562069 4.880132 2.867077 211916049564.000000
0.059814 -0.924072 0.500977 -2.806076 5.307143 2.989081 211916052657.000000
0.055664 -0.925781 0.504150 -2.806076 5.185140 3.538096 211916055750.000000
0.055420 -0.929932 0.497070 -2.867077 5.795156 3.355091 211916058842.000000
0.057129 -0.934082 0.496094 -2.379064 6.100165 3.172086 211916061970.000000
0.055664 -0.927490 0.483398 -2.501068 6.405173 3.904105 211916065099.000000
0.057373 -0.921387 0.475830 -2.623071 6.588178 3.904105 211916068200.000000
0.056885 -0.921875 0.476074 -3.233087 6.100165 4.087110 211916071299.000000
0.057129 -0.916260 0.469727 -3.782102 6.405173 4.087110 211916074393.000000
0.060059 -0.915527 0.470703 -4.758128 6.771183 3.904105 211916077492.000000
0.048828 -0.915283 0.474121 -5.490148 7.076191 3.904105 211916080665.000000
0.056885 -0.919678 0.477295 -5.612152 7.625206 4.209114 211916083756.000000
0.055664 -0.923096 0.479248 -5.856158 7.747209 4.148112 211916086845.000000
0.050049 -0.924316 0.480225 -5.978161 7.930214 4.453120 211916090410.000000
0.052490 -0.925537 0.487793 -6.100165 8.113219 4.514122 211916093527.000000
0.052734 -0.925049 0.479248 -6.100165 7.930214 4.636125 211916096622.000000
0.055664 -0.926025 0.480957 -5.856158 8.174221 4.880132 211916099706.000000
0.064697 -0.917480 0.480957 -5.673153 7.503203 4.758128 211916102790.000000
0.062256 -0.905518 0.469727 -5.978161 7.320198 4.758128 211916105887.000000
0.070557 -0.910156 0.471191 -6.344171 7.625206 4.758128 211916108972.000000
0.069824 -0.910156 0.471680 -6.893186 8.418227 4.392119 211916112174.000000
0.072510 -0.908203 0.463135 -7.564204 8.723236 4.270115 211916115262.000000
0.073486 -0.906006 0.470947 -7.991216 8.906240 3.843104 211916118341.000000
0.073975 -0.907959 0.471436 -7.808211 9.272250 3.782102 211916121423.000000
0.069824 -0.910156 0.469727 -7.991216 10.126273 3.660099 211916124504.000000
0.073486 -0.915527 0.479004 -8.174221 10.370280 3.538096 211916127585.000000
0.077148 -0.918945 0.482422 -8.296224 10.553285 3.904105 211916130725.000000
0.076172 -0.921387 0.483887 -7.930214 11.407308 3.477094 211916133822.000000
0.082031 -0.921387 0.492188 -7.869212 11.590313 3.538096 211916136918.000000
0.082031 -0.926270 0.483887 -7.747209 12.017324 3.599097 211916140021.000000
0.086670 -0.929443 0.493652 -7.991216 12.444336 3.294089 211916143135.000000
0.094727 -0.937256 0.485352 -7.991216 12.749344 3.477094 211916146240.000000
0.096680 -0.943848 0.487305 -7.747209 13.420362 3.050082 211916149339.000000
0.103760 -0.945557 0.486816 -8.296224 13.725371 3.111084 211916152466.000000
0.105713 -0.948486 0.481689 -8.479229 14.152382 2.623071 211916155560.000000
0.108398 -0.960449 0.493164 -9.150247 14.457390 2.318063 211916158660.000000
0.104736 -0.968018 0.474854 -9.211249 15.250412 2.379064 211916161771.000000
0.108154 -0.966797 0.479980 -9.699262 15.067407 1.891051 211916164870.000000
0.110840 -0.969971 0.489746 -9.638260 15.250412 2.501068 211916167980.000000
0.107910 -0.967529 0.486572 -9.882267 15.311413 1.769048 211916171119.000000
0.107666 -0.967041 0.493164 -9.699262 15.982432 1.647044 211916174359.000000
0.111328 -0.968750 0.494385 -10.004270 16.104435 1.281035 211916178834.000000
0.114990 -0.967773 0.486816 -9.577259 16.836455 1.403038 211916182348.000000
0.108398 -0.957520 0.491699 -9.394254 17.080461 1.037028 211916185504.000000
0.107910 -0.953857 0.495117 -9.211249 17.080461 0.732020 211916188659.000000
0.103760 -0.958984 0.497314 -9.150247 17.934484 0.488013 211916191769.000000
0.098877 -0.955566 0.494141 -9.211249 18.117489 0.488013 211916194848.000000
0.097656 -0.955566 0.499756 -8.906240 18.727506 0.244007 211916197927.000000
0.090088 -0.956543 0.489746 -8.723236 19.276520 -0.183005 211916200999.000000
0.093750 -0.953125 0.497070 -8.418227 19.459525 0.000000 211916204075.000000
0.086914 -0.950684 0.493896 -7.991216 20.069542 -0.122003 211916207166.000000
0.083008 -0.946045 0.490723 -8.174221 20.435552 -0.183005 211916210250.000000
0.080811 -0.949951 0.492188 -8.113219 20.984567 -0.183005 211916213333.000000
0.076660 -0.951416 0.495605 -8.418227 21.533581 0.305008 211916216435.000000
0.069824 -0.945068 0.493652 -8.418227 22.021595 0.061002 211916219537.000000
0.066162 -0.946533 0.482178 -8.296224 22.204600 0.366010 211916222617.000000
0.063721 -0.947754 0.489014 -8.479229 23.058623 0.854023 211916225695.000000
0.061035 -0.945557 0.479004 -8.723236 23.241628 0.854023 211916228771.000000
0.059326 -0.945313 0.486572 -9.211249 23.607637 1.159031 211916231854.000000
0.057373 -0.947021 0.479980 -9.150247 24.278656 1.586043 211916234939.000000
0.060303 -0.950195 0.488525 -9.150247 24.339657 1.647044 211916238019.000000
0.060547 -0.945313 0.482178 -9.272250 24.461660 2.013054 211916241113.000000
0.060059 -0.948486 0.480957 -9.394254 24.583664 1.586043 211916244210.000000
0.059326 -0.949463 0.475830 -9.455255 24.888672 1.830049 211916247304.000000
0.058105 -0.947510 0.480225 -9.638260 24.461660 1.952053 211916250413.000000
0.051758 -0.950195 0.485107 -9.821265 24.583664 1.952053 211916253502.000000
0.054688 -0.941895 0.483643 -9.638260 24.217654 2.013054 211916256614.000000
0.053955 -0.943359 0.479980 -10.126273 24.217654 2.013054 211916259720.000000
0.052734 -0.942627 0.476807 -10.065272 23.851644 1.769048 211916262813.000000
0.051270 -0.939697 0.474365 -9.943268 24.217654 1.769048 211916265934.000000
0.045166 -0.925781 0.475586 -9.516257 23.607637 0.732020 211916269026.000000
0.047607 -0.907959 0.483643 -9.394254 23.058623 0.244007 211916272193.000000
0.040283 -0.913086 0.477539 -10.004270 23.973647 0.244007 211916275291.000000
0.036865 -0.917480 0.463623 -10.797292 24.217654 0.122003 211916278379.000000
0.033691 -0.920410 0.457520 -11.163301 24.034649 0.427012 211916281472.000000
0.031738 -0.918213 0.464111 -10.736290 23.302629 0.671018 211916284562.000000
0.034912 -0.917725 0.459961 -10.614287 23.973647 0.549015 211916287663.000000
0.024902 -0.915283 0.450928 -10.919295 23.973647 0.854023 211916290747.000000
0.027588 -0.908203 0.447998 -11.712316 24.278656 1.098030 211916293839.000000
0.023193 -0.902100 0.446045 -11.773318 24.278656 1.464040 211916296921.000000
0.021484 -0.898682 0.444336 -12.139328 24.583664 1.769048 211916300001.000000
0.018555 -0.886963 0.439941 -12.566339 24.705667 1.586043 211916303078.000000
0.017578 -0.882568 0.428467 -12.932349 25.010675 1.830049 211916306197.000000
0.018311 -0.886719 0.432373 -13.664369 25.315684 2.379064 211916309278.000000
0.017090 -0.886719 0.424316 -13.908376 25.315684 2.318063 211916312359.000000
0.017090 -0.887939 0.425781 -14.701397 26.108705 2.196059 211916315436.000000
0.015625 -0.882813 0.421387 -15.006405 25.681693 2.318063 211916318514.000000
0.021240 -0.882568 0.421143 -15.433417 26.291710 2.562069 211916321593.000000
0.018555 -0.881836 0.419678 -15.738425 26.413713 2.623071 211916324675.000000
0.019775 -0.885986 0.416016 -16.470445 26.840725 2.867077 211916327756.000000
0.019043 -0.892090 0.414551 -16.958458 26.962728 2.745074 211916330853.000000
0.023193 -0.894287 0.425293 -17.141463 26.901726 3.172086 211916333954.000000
0.019775 -0.895508 0.422607 -17.629476 27.267736 3.050082 211916337048.000000
0.023193 -0.897949 0.423584 -17.629476 26.779723 3.111084 211916340155.000000
0.021973 -0.898438 0.428955 -17.873483 26.657720 3.172086 211916343245.000000
0.019775 -0.898438 0.433105 -17.568474 26.169707 3.050082 211916346338.000000
0.021240 -0.896484 0.435791 -17.080461 25.620692 2.318063 211916349443.000000
0.029297 -0.876465 0.454346 -17.263466 25.010675 1.830049 211916352535.000000
0.024902 -0.897461 0.444336 -18.605502 25.376685 1.342036 211916355627.000000
0.019287 -0.910645 0.441162 -19.459525 25.620692 1.220033 211916358721.000000
0.025146 -0.911133 0.441895 -19.093516 24.705667 1.586043 211916361817.000000
0.021484 -0.926270 0.448975 -18.910511 24.095651 1.159031 211916364907.000000
0.018311 -0.940674 0.439941 -18.971512 23.912646 1.708046 211916367999.000000
0.010986 -0.952148 0.429932 -19.032514 23.729641 1.952053 211916371105.000000
0.009766 -0.942627 0.427734 -18.971512 23.058623 1.952053 211916374199.000000
0.013428 -0.940186 0.433838 -18.910511 22.631611 2.257061 211916377289.000000
0.003174 -0.936768 0.425781 -18.788507 23.058623 2.257061 211916380398.000000
0.003906 -0.926758 0.416992 -19.093516 22.692613 2.684072 211916383486.000000
0.001709 -0.926270 0.417969 -19.520527 21.960593 3.111084 211916386574.000000
0.003174 -0.924316 0.417480 -19.642530 21.594583 2.928079 211916389666.000000
0.004883 -0.925781 0.404053 -19.886537 21.655585 3.111084 211916392771.000000
0.008789 -0.929688 0.401123 -20.313548 21.289575 3.111084 211916395845.000000
0.006348 -0.927246 0.409668 -20.679558 21.533581 3.111084 211916398923.000000
0.010254 -0.933105 0.405518 -21.167572 21.838590 2.684072 211916402124.000000
0.002930 -0.938232 0.401123 -21.411578 21.594583 3.111084 211916405207.000000
0.002930 -0.941406 0.398926 -21.289575 21.289575 3.050082 211916408297.000000
0.000488 -0.950928 0.390625 -20.557555 20.191545 3.660099 211916411375.000000
0.004639 -0.953613 0.376709 -19.825535 18.361496 4.026109 211916414458.000000
0.016846 -0.936768 0.360352 -19.276520 17.690478 3.599097 211916417535.000000
0.020264 -0.940186 0.368896 -19.337522 17.019460 3.172086 211916420677.000000
0.025146 -0.942139 0.371094 -20.496553 16.531446 3.172086 211916423758.000000
0.022949 -0.950928 0.373535 -21.472580 17.019460 3.477094 211916426834.000000
0.021484 -0.957520 0.384766 -22.936619 18.422497 3.172086 211916429922.000000
0.014648 -0.970703 0.421631 -22.875618 19.581529 3.172086 211916433014.000000
0.004639 -0.982178 0.458496 -21.899591 19.337522 3.660099 211916436102.000000
0.000488 -0.987793 0.467773 -20.740560 18.727506 4.026109 211916439202.000000
0.004150 -0.991211 0.470459 -18.971512 19.886537 4.209114 211916442287.000000
0.004150 -0.989258 0.465576 -17.751479 20.252547 4.148112 211916445378.000000
0.008789 -0.987061 0.440674 -16.958458 20.496553 4.453120 211916448489.000000
0.018311 -0.981934 0.419678 -16.653450 20.618557 4.941133 211916451592.000000
0.018066 -0.971191 0.399170 -15.860428 20.740560 4.209114 211916454686.000000
0.023438 -0.965332 0.388428 -15.738425 19.886537 4.148112 211916457776.000000
0.024658 -0.952148 0.394531 -16.043433 19.032514 4.270115 211916460880.000000
0.019775 -0.947998 0.388184 -17.446471 18.300494 4.148112 211916463971.000000
0.024658 -0.946777 0.368652 -17.751479 17.812481 4.148112 211916467065.000000
0.027588 -0.948975 0.369873 -18.239492 17.324468 3.294089 211916470169.000000
0.022461 -0.947998 0.360107 -18.117489 17.080461 3.294089 211916473261.000000
0.021729 -0.944092 0.364014 -18.727506 16.775453 2.989081 211916476350.000000
0.022949 -0.943115 0.356689 -18.849509 16.409443 2.989081 211916479471.000000
0.028076 -0.933350 0.353516 -19.154517 16.531446 2.257061 211916482567.000000
0.025635 -0.927002 0.356934 -19.459525 16.592448 2.196059 211916485660.000000
0.019531 -0.934814 0.350342 -20.008540 16.958458 2.379064 211916488754.000000
0.016846 -0.931396 0.351563 -20.313548 17.385469 2.135058 211916491844.000000
0.013428 -0.937988 0.352539 -20.069542 17.934484 2.379064 211916494948.000000
0.005371 -0.941650 0.362061 -19.947539 18.300494 2.684072 211916498077.000000
0.006348 -0.948242 0.369873 -19.825535 17.995486 2.928079 211916501159.000000
0.009521 -0.955078 0.367188 -19.276520 17.873483 3.782102 211916504235.000000
0.008545 -0.955811 0.382080 -19.215519 17.629476 3.660099 211916507312.000000
0.012451 -0.957764 0.378174 -19.215519 17.751479 3.599097 211916510390.000000
0.012695 -0.959961 0.377686 -19.032514 17.080461 4.087110 211916513471.000000
0.010254 -0.962402 0.378662 -18.788507 17.019460 4.087110 211916516567.000000
0.009766 -0.963379 0.379639 -19.032514 16.348441 3.904105 211916519650.000000
0.014160 -0.966064 0.374756 -18.422497 15.921430 3.965107 211916522733.000000
0.012451 -0.966309 0.373291 -18.056488 15.616422 3.477094 211916525816.000000
0.004639 -0.966553 0.368652 -18.300494 14.945404 3.477094 211916528905.000000
0.000244 -0.968506 0.376221 -17.751479 14.335387 3.050082 211916532067.000000
0.003418 -0.964355 0.366699 -17.385469 14.091380 2.867077 211916535170.000000
-0.005127 -0.970459 0.370605 -17.141463 13.481364 2.684072 211916538243.000000
-0.008789 -0.967773 0.371826 -17.141463 13.176356 2.623071 211916541338.000000
-0.012939 -0.966064 0.364014 -16.836455 12.871348 2.562069 211916544460.000000
-0.019043 -0.958740 0.355957 -16.897456 12.566339 2.379064 211916547554.000000
-0.025146 -0.964844 0.348633 -16.775453 11.956323 2.684072 211916550650.000000
-0.028076 -0.957764 0.345459 -16.897456 11.529311 2.562069 211916553742.000000
-0.032959 -0.952148 0.354004 -16.653450 11.407308 2.440066 211916556837.000000
-0.039551 -0.952881 0.340088 -16.653450 11.407308 2.562069 211916559944.000000
-0.040527 -0.956543 0.339844 -16.287440 10.858293 2.745074 211916563036.000000
-0.047363 -0.947754 0.343994 -16.226438 10.797292 2.623071 211916566131.000000
-0.042236 -0.952148 0.338135 -16.165436 10.492283 3.111084 211916569239.000000
-0.047607 -0.956787 0.334961 -15.494418 10.553285 3.111084 211916572328.000000
-0.045898 -0.955322 0.340332 -15.189410 10.431282 3.416092 211916575423.000000
-0.050049 -0.966309 0.335449 -15.128408 10.126273 3.477094 211916578514.000000
-0.050049 -0.975098 0.340088 -15.250412 10.309278 3.355091 211916581614.000000
-0.050537 -0.982666 0.336426 -14.884402 10.126273 3.599097 211916584706.000000
-0.048828 -0.986816 0.334961 -14.579394 10.187275 3.660099 211916587800.000000
-0.049805 -0.997314 0.336426 -14.579394 10.126273 3.965107 211916590905.000000
-0.048584 -0.998535 0.344727 -14.518392 10.126273 3.843104 211916594047.000000
-0.044678 -1.004395 0.337891 -14.396389 10.126273 4.026109 211916597131.000000
-0.043457 -1.006348 0.336670 -13.664369 10.004270 3.904105 211916600235.000000
-0.037842 -0.998047 0.343018 -12.993351 9.943268 3.721100 211916603317.000000
-0.040283 -0.997559 0.348145 -12.810346 9.577259 3.294089 211916606395.000000
-0.033447 -0.983398 0.352295 -11.773318 9.028244 2.562069 211916609477.000000
-0.032227 -0.997070 0.355469 -11.895321 9.638260 2.623071 211916612557.000000
-0.025391 -1.014893 0.335449 -12.505338 10.797292 2.501068 211916615633.000000
-0.026367 -1.027100 0.346436 -12.688343 11.163301 2.745074 211916618707.000000
-0.016357 -1.023682 0.361816 -11.285305 10.004270 3.233087 211916621787.000000
-0.010986 -1.032715 0.345703 -9.821265 10.370280 2.684072 211916624871.000000
-0.010498 -1.031982 0.340820 -9.272250 10.858293 2.562069 211916627949.000000
-0.002686 -1.017822 0.340332 -9.821265 10.248277 3.111084 211916631189.000000
-0.002197 -1.007813 0.342285 -9.333252 10.004270 2.989081 211916634273.000000
-0.001221 -1.002686 0.340088 -9.089245 10.187275 2.562069 211916637353.000000
0.004395 -0.995117 0.343750 -8.845239 9.943268 2.074056 211916640470.000000
0.006348 -0.989502 0.334961 -9.821265 9.638260 1.830049 211916643567.000000
0.010010 -0.986328 0.337158 -9.333252 9.394254 1.464040 211916646660.000000
0.005615 -0.979004 0.333252 -8.906240 9.089245 1.159031 211916649767.000000
0.003174 -0.975586 0.332275 -8.357226 8.662234 0.671018 211916652858.000000
-0.001953 -0.970215 0.333496 -8.601232 8.418227 1.037028 211916655949.000000
0.004150 -0.970215 0.332520 -8.113219 7.808211 0.427012 211916659040.000000
-0.002197 -0.961914 0.325195 -7.381199 7.564204 0.305008 211916662206.000000
-0.009277 -0.963867 0.314209 -6.466175 6.893186 0.671018 211916665297.000000
-0.007813 -0.955566 0.316895 -6.405173 6.588178 0.305008 211916668400.000000
-0.009766 -0.952148 0.322021 -6.832184 7.015189 0.061002 211916671508.000000
-0.013428 -0.942383 0.333984 -7.442201 7.137193 -0.183005 211916674605.000000
-0.014404 -0.947021 0.337646 -7.808211 6.405173 0.183005 211916677696.000000
-0.015137 -0.954590 0.327393 -7.076191 6.344171 -0.061002 211916680803.000000
-0.016357 -0.958740 0.316650 -6.527176 6.466175 -0.305008 211916683895.000000
-0.017578 -0.961914 0.312256 -6.405173 6.222168 -0.122003 211916687007.000000
-0.018799 -0.962646 0.310547 -6.283170 5.734155 -0.061002 211916690136.000000
-0.021973 -0.962158 0.309326 -5.978161 5.795156 -0.244007 211916693537.000000
-0.023193 -0.958496 0.303467 -5.673153 5.063137 0.183005 211916696616.000000
-0.019775 -0.961670 0.298584 -6.222168 5.124138 -0.061002 211916699698.000000
-0.024414 -0.954834 0.286377 -6.283170 5.124138 0.183005 211916702781.000000
-0.024170 -0.959229 0.290283 -6.649180 4.697127 0.000000 211916705898.000000
-0.026123 -0.960449 0.294922 -6.344171 4.331117 0.061002 211916708977.000000
-0.022461 -0.963867 0.301758 -6.283170 4.026109 0.061002 211916712125.000000
-0.023438 -0.965332 0.294434 -6.344171 3.904105 0.061002 211916715203.000000
-0.020020 -0.970947 0.297852 -5.978161 3.294089 -0.183005 211916718271.000000
-0.025391 -0.972168 0.295166 -5.246142 2.623071 0.122003 211916721352.000000
-0.022461 -0.970703 0.290527 -5.246142 2.257061 0.183005 211916724432.000000
-0.019531 -0.968994 0.289795 -5.185140 2.135058 0.122003 211916727502.000000
-0.021484 -0.970215 0.294189 -5.795156 2.196059 -0.061002 211916730647.000000
-0.021240 -0.967041 0.294434 -6.039163 2.074056 -0.488013 211916733782.000000
-0.025146 -0.969971 0.292969 -6.222168 1.952053 -0.488013 211916736861.000000
-0.026123 -0.980957 0.301514 -6.283170 2.013054 -0.732020 211916739940.000000
-0.028809 -0.982178 0.296875 -6.100165 1.464040 -0.793021 211916743057.000000
-0.031738 -0.983154 0.298340 -6.039163 1.464040 -0.549015 211916746171.000000
-0.032715 -0.990234 0.300537 -6.344171 1.037028 -0.427012 211916749278.000000
-0.036377 -0.989258 0.307617 -6.161166 0.549015 -0.671018 211916752370.000000
-0.033936 -0.993408 0.299316 -5.856158 0.061002 -0.488013 211916755465.000000
-0.037842 -0.989014 0.298096 -6.344171 -0.305008 -0.915025 211916758557.000000
-0.040527 -0.995605 0.296875 -6.527176 -0.854023 -0.366010 211916761662.000000
-0.043457 -0.999512 0.301025 -6.466175 -1.525041 -1.098030 211916764753.000000
-0.047852 -1.003174 0.297852 -6.710181 -2.013054 -1.037028 211916767847.000000
-0.050293 -1.008789 0.296387 -6.710181 -2.318063 -1.159031 211916770954.000000
-0.059814 -1.016846 0.300293 -6.588178 -2.623071 -1.586043 211916774046.000000
-0.059814 -1.018555 0.297363 -6.344171 -2.745074 -1.220033 211916777139.000000
-0.067139 -1.019775 0.299316 -5.978161 -2.989081 -1.464040 211916780246.000000
-0.072998 -1.017090 0.299072 -6.100165 -3.660099 -0.305008 211916783338.000000
-0.081787 -1.029053 0.298096 -5.612152 -3.782102 -0.793021 211916786430.000000
-0.088379 -1.032715 0.307373 -5.734155 -3.782102 -0.793021 211916789535.000000
-0.091553 -1.035400 0.304443 -5.551150 -4.026109 -0.183005 211916792623.000000
-0.092773 -1.040039 0.306641 -4.941133 -4.636125 0.061002 211916795711.000000
-0.091309 -1.040771 0.320313 -4.636125 -4.758128 0.366010 211916798785.000000
-0.096191 -1.034180 0.320313 -4.758128 -5.307143 0.610016 211916801891.000000
-0.091309 -1.034180 0.316162 -3.965107 -5.673153 1.159031 211916804973.000000
-0.091797 -1.035645 0.321533 -4.087110 -5.612152 1.220033 211916808064.000000
-0.093262 -1.033691 0.316895 -3.416092 -5.795156 1.464040 211916811146.000000
-0.098877 -1.030762 0.324707 -2.989081 -5.917160 1.403038 211916814225.000000
-0.099121 -1.026611 0.312988 -2.745074 -6.100165 1.708046 211916817296.000000
-0.095703 -1.025635 0.324707 -2.135058 -5.978161 1.891051 211916820376.000000
-0.097900 -1.024414 0.322021 -1.769048 -6.283170 2.196059 211916823457.000000
-0.098145 -1.017822 0.326172 -1.281035 -6.527176 2.318063 211916826535.000000
-0.094482 -1.016357 0.322510 -1.159031 -6.222168 2.501068 211916829616.000000
-0.095947 -1.011963 0.317627 -1.098030 -6.588178 2.684072 211916832750.000000
-0.098389 -1.014648 0.325684 -1.037028 -6.405173 2.623071 211916835830.000000
-0.098389 -1.010742 0.319336 -0.549015 -6.588178 3.050082 211916838912.000000
-0.097168 -1.010010 0.319580 -0.244007 -6.527176 3.050082 211916842174.000000
-0.098877 -1.007813 0.325439 -0.122003 -6.527176 3.477094 211916845268.000000
-0.097412 -1.003174 0.330566 0.061002 -6.344171 3.294089 211916848363.000000
-0.095703 -0.998779 0.322266 0.305008 -6.527176 3.782102 211916851472.000000
-0.102051 -0.998535 0.329102 0.549015 -6.344171 3.843104 211916854567.000000
-0.100830 -0.998047 0.330322 0.671018 -6.344171 3.843104 211916857661.000000
-0.102539 -0.997559 0.325684 0.671018 -6.771183 4.270115 211916860764.000000
-0.101563 -0.994385 0.320801 0.976026 -6.283170 4.453120 211916863858.000000
-0.100830 -0.993652 0.322754 0.732020 -6.039163 4.392119 211916866950.000000
-0.104980 -0.986572 0.314941 1.220033 -5.856158 4.392119 211916870055.000000
-0.106934 -0.982422 0.327637 1.098030 -6.527176 4.941133 211916873148.000000
-0.107422 -0.981445 0.323975 1.769048 -6.039163 4.636125 211916876241.000000
-0.104004 -0.973389 0.322266 1.830049 -5.612152 4.636125 211916879348.000000
-0.103516 -0.974121 0.319336 1.525041 -5.551150 5.002135 211916882440.000000
-0.107666 -0.970947 0.319092 1.647044 -5.673153 4.819130 211916885528.000000
-0.108887 -0.965576 0.329590 2.074056 -5.246142 5.246142 211916888631.000000
-0.109619 -0.965576 0.319092 2.257061 -4.941133 4.941133 211916891736.000000
-0.109863 -0.960449 0.322510 2.684072 -5.063137 5.673153 211916894819.000000
-0.108398 -0.964844 0.329834 2.440066 -5.124138 5.673153 211916897928.000000
-0.101318 -0.961182 0.327148 2.562069 -4.514122 5.734155 211916900999.000000
-0.103271 -0.962891 0.331787 2.623071 -4.575124 5.490148 211916904082.000000
-0.103271 -0.954834 0.335938 2.684072 -4.270115 5.978161 211916907162.000000
-0.098633 -0.954102 0.331299 3.172086 -4.148112 5.856158 211916910237.000000
-0.096436 -0.954834 0.324951 3.050082 -3.721100 6.222168 211916913332.000000
-0.094971 -0.953613 0.329346 3.416092 -3.782102 5.734155 211916916410.000000
-0.093262 -0.955322 0.328125 3.294089 -3.538096 5.917160 211916919483.000000
-0.084473 -0.958496 0.327637 3.416092 -3.355091 6.222168 211916922564.000000
-0.083252 -0.952881 0.323242 3.599097 -2.989081 6.100165 211916925641.000000
-0.081055 -0.956299 0.324219 3.599097 -3.111084 5.917160 211916928730.000000
-0.079346 -0.959229 0.324463 3.599097 -2.989081 5.673153 211916931841.000000
-0.078125 -0.957764 0.322021 3.782102 -2.867077 5.673153 211916934999.000000
-0.079102 -0.958984 0.321289 3.599097 -2.501068 5.551150 211916938106.000000
-0.077148 -0.959473 0.325928 3.721100 -2.135058 5.246142 211916941199.000000
-0.073730 -0.966797 0.339355 3.599097 -2.379064 5.307143 211916944296.000000
-0.073975 -0.971924 0.326416 3.477094 -2.257061 5.124138 211916947390.000000
-0.074463 -0.973633 0.318359 3.599097 -2.074056 4.758128 211916950496.000000
-0.074463 -0.978027 0.327881 3.599097 -2.074056 4.941133 211916953589.000000
-0.074219 -0.977295 0.324707 3.233087 -2.196059 4.880132 211916956680.000000
-0.073486 -0.979004 0.329102 3.538096 -1.830049 4.209114 211916959787.000000
-0.073486 -0.979736 0.323242 3.416092 -2.013054 4.087110 211916962878.000000
-0.078369 -0.982666 0.327148 3.538096 -1.830049 3.904105 211916965969.000000
-0.082764 -0.982910 0.323975 3.355091 -1.952053 3.843104 211916969060.000000
-0.082031 -0.992188 0.325439 3.294089 -1.952053 3.538096 211916972221.000000
-0.085693 -0.986572 0.320557 3.233087 -2.257061 3.660099 211916975314.000000
-0.085938 -0.990723 0.325439 3.050082 -2.074056 3.111084 211916978403.000000
-0.087158 -0.994385 0.326172 3.355091 -1.830049 3.538096 211916981507.000000
-0.089355 -0.995605 0.324463 2.867077 -1.891051 3.355091 211916984620.000000
-0.089600 -0.991211 0.320557 3.111084 -2.074056 3.538096 211916987712.000000
-0.087891 -0.996338 0.326416 3.050082 -1.952053 3.477094 211916990813.000000
-0.087402 -0.992676 0.326904 2.806076 -2.135058 3.599097 211916993924.000000
-0.092285 -0.995117 0.331543 2.806076 -1.830049 3.660099 211916997007.000000
-0.091553 -0.994873 0.326660 2.562069 -1.830049 3.233087 211917000090.000000
-0.090820 -0.997314 0.323975 2.501068 -1.647044 3.599097 211917003184.000000
-0.093506 -0.997803 0.330811 2.806076 -1.830049 3.721100 211917006264.000000
-0.095703 -0.993408 0.321289 2.257061 -1.647044 3.477094 211917009339.000000
-0.091553 -0.991211 0.333496 2.196059 -1.037028 3.782102 211917012422.000000
-0.096680 -0.991211 0.329346 2.074056 -1.281035 4.087110 211917015502.000000
-0.096436 -0.987793 0.324463 1.891051 -0.610016 3.721100 211917018585.000000
-0.098633 -0.987061 0.320068 2.013054 0.122003 4.087110 211917021663.000000
-0.100098 -0.987549 0.327148 1.830049 0.610016 4.026109 211917024747.000000
-0.105469 -0.988525 0.331543 2.318063 0.793021 4.575124 211917027815.000000
