-0.104492 -1.011963 0.031982 1.464040 -0.244007 -0.183005 150001147553.000000
-0.101563 -1.009033 0.044434 1.464040 -0.122003 -0.610016 150001150480.000000
-0.102539 -1.009521 0.036865 1.281035 -0.305008 -0.427012 150001153396.000000
-0.105469 -1.011475 0.034424 1.525041 -0.610016 -0.549015 150001156311.000000
-0.106445 -1.009521 0.043701 1.403038 -0.488013 -0.732020 150001159234.000000
-0.101807 -1.014404 0.035645 1.159031 -0.427012 -0.366010 150001162153.000000
-0.101807 -1.010742 0.036865 1.281035 -0.366010 -0.671018 150001165067.000000
-0.104980 -1.008301 0.036621 1.647044 -0.549015 -0.793021 150001167982.000000
-0.101563 -1.008057 0.040527 1.586043 -0.671018 -0.610016 150001170900.000000
-0.096924 -1.010742 0.030762 1.647044 -0.671018 -0.671018 150001173816.000000
-0.100830 -1.003906 0.035400 1.403038 -0.976026 -0.671018 150001176730.000000
-0.099121 -1.010254 0.032959 1.708046 -0.915025 -0.732020 150001179652.000000
-0.096680 -1.010986 0.038330 1.525041 -0.976026 -0.488013 150001182570.000000
-0.097412 -1.008057 0.042725 1.586043 -1.464040 -0.671018 150001185485.000000
-0.097412 -1.009766 0.034912 1.769048 -1.159031 -0.732020 150001188398.000000
-0.098145 -1.009766 0.038086 1.769048 -1.281035 -0.549015 150001191321.000000
-0.095703 -1.009521 0.037842 1.891051 -1.464040 -0.427012 150001194235.000000
-0.093506 -1.011719 0.029053 1.647044 -1.647044 -0.671018 150001197153.000000
-0.097900 -1.012695 0.031494 1.586043 -1.830049 -0.427012 150001200098.000000
-0.094482 -1.013184 0.036377 1.586043 -1.525041 -0.549015 150001203011.000000
-0.090820 -1.006592 0.044189 1.281035 -1.952053 -0.366010 150001205921.000000
-0.089844 -1.010742 0.032959 1.342036 -1.952053 -0.122003 150001208828.000000
-0.089355 -1.008545 0.036377 0.976026 -2.074056 0.122003 150001211738.000000
-0.094482 -1.009033 0.040283 0.732020 -2.196059 -0.122003 150001214647.000000
-0.091797 -1.012939 0.037598 0.549015 -2.257061 -0.061002 150001217557.000000
-0.092285 -1.014404 0.038086 0.427012 -2.257061 0.183005 150001220482.000000
-0.096680 -1.015137 0.034424 0.244007 -2.379064 0.183005 150001223391.000000
-0.095703 -1.011963 0.032227 0.610016 -2.379064 -0.244007 150001226300.000000
-0.096191 -1.018555 0.029297 0.427012 -2.379064 0.305008 150001229210.000000
-0.098633 -1.016602 0.033936 0.122003 -2.562069 0.061002 150001232118.000000
-0.099365 -1.019287 0.034424 0.000000 -2.684072 0.366010 150001235027.000000
-0.104492 -1.021240 0.039795 0.183005 -2.501068 0.366010 150001237937.000000
-0.099609 -1.019287 0.036377 0.122003 -2.562069 0.244007 150001240864.000000
-0.101807 -1.017578 0.039551 0.244007 -2.562069 0.244007 150001243787.000000
-0.099121 -1.016846 0.034668 -0.122003 -2.257061 0.427012 150001246703.000000
-0.104492 -1.020996 0.038086 -0.183005 -2.379064 0.244007 150001249619.000000
-0.099365 -1.017090 0.036133 0.061002 -2.379064 0.610016 150001252534.000000
-0.105469 -1.021240 0.043213 -0.244007 -2.379064 0.427012 150001255453.000000
-0.099609 -1.019287 0.037598 0.244007 -2.501068 0.305008 150001258367.000000
-0.090820 -1.018799 0.037109 0.122003 -2.501068 0.366010 150001261293.000000
-0.093018 -1.020508 0.033691 0.183005 -2.501068 0.488013 150001264216.000000
-0.095703 -1.019043 0.037354 0.488013 -2.623071 0.122003 150001267138.000000
-0.094238 -1.017822 0.032959 0.610016 -2.440066 0.488013 150001270061.000000
-0.090332 -1.015625 0.032227 0.610016 -2.013054 0.183005 150001272980.000000
-0.085938 -1.015625 0.034180 0.610016 -2.135058 0.183005 150001275911.000000
-0.084229 -1.013672 0.038574 0.854023 -2.135058 0.244007 150001278827.000000
-0.086182 -1.015625 0.033936 1.098030 -2.013054 0.244007 150001281753.000000
-0.089600 -1.012695 0.035156 1.403038 -1.952053 -0.061002 150001284669.000000
-0.080322 -1.013672 0.023682 1.403038 -1.830049 0.549015 150001287584.000000
-0.077637 -1.014648 0.026855 1.403038 -1.769048 -0.305008 150001290519.000000
-0.079102 -1.012451 0.022705 1.586043 -1.647044 0.122003 150001293432.000000
-0.079102 -1.005127 0.027588 1.647044 -1.525041 0.244007 150001296345.000000
-0.076904 -1.007080 0.027100 1.708046 -1.647044 0.061002 150001299259.000000
-0.081055 -1.008057 0.030273 1.647044 -1.281035 0.000000 150001302203.000000
-0.073975 -1.011230 0.027344 1.769048 -1.220033 0.000000 150001305115.000000
-0.078369 -1.014893 0.030029 1.769048 -0.732020 0.183005 150001308039.000000
-0.079346 -1.009766 0.023193 2.013054 -1.037028 -0.122003 150001310949.000000
-0.077637 -1.007080 0.021484 1.647044 -0.793021 -0.061002 150001313858.000000
-0.079834 -1.009033 0.023926 1.830049 -0.793021 -0.061002 150001316765.000000
-0.082275 -1.008789 0.031006 1.830049 -0.671018 0.122003 150001319674.000000
-0.078857 -1.001953 0.033203 1.952053 -0.610016 0.122003 150001322583.000000
-0.083008 -1.007324 0.033691 2.013054 -0.549015 -0.183005 150001325498.000000
-0.083252 -1.010254 0.031006 1.891051 -0.488013 -0.366010 150001328404.000000
-0.086914 -1.012207 0.042236 2.135058 -0.549015 0.000000 150001331316.000000
-0.084961 -1.004883 0.031250 2.135058 -0.488013 -0.122003 150001334225.000000
-0.087646 -1.008545 0.043945 2.379064 -0.366010 -0.244007 150001337134.000000
-0.085938 -1.013184 0.038574 2.074056 -0.427012 -0.244007 150001340068.000000
-0.088135 -1.013672 0.039307 2.440066 -0.366010 -0.061002 150001342991.000000
-0.089111 -1.013428 0.031738 2.562069 -0.610016 -0.244007 150001345910.000000
-0.088623 -1.012207 0.034668 2.501068 -0.305008 -0.427012 150001348827.000000
-0.090332 -1.011230 0.036377 2.806076 -0.366010 -0.244007 150001351749.000000
-0.092041 -1.016602 0.032959 2.440066 -0.305008 -0.183005 150001354661.000000
-0.094238 -1.013916 0.035645 2.806076 0.000000 -0.305008 150001357569.000000
-0.093750 -1.017334 0.036377 2.562069 -0.122003 -0.183005 150001360479.000000
-0.092285 -1.015869 0.028564 2.867077 0.000000 -0.427012 150001363398.000000
-0.090088 -1.014648 0.031738 2.562069 0.183005 -0.427012 150001366314.000000
-0.086670 -1.018555 0.034180 2.684072 0.305008 -0.549015 150001369231.000000
-0.085449 -1.012939 0.031006 2.745074 0.610016 -0.305008 150001372146.000000
-0.082275 -1.015381 0.030762 2.745074 0.671018 -0.305008 150001375060.000000
-0.081787 -1.012451 0.029541 2.806076 0.732020 -0.366010 150001377976.000000
-0.082520 -1.014648 0.034668 3.050082 0.976026 -0.610016 150001380896.000000
-0.083740 -1.010742 0.034668 3.050082 1.037028 -0.366010 150001383811.000000
-0.081787 -1.013672 0.032959 3.050082 1.159031 -0.732020 150001386725.000000
-0.084229 -1.011963 0.027588 3.050082 1.342036 -0.549015 150001389645.000000
-0.078857 -1.002197 0.034180 3.172086 1.525041 -1.037028 150001392562.000000
-0.076904 -1.005371 0.037109 3.050082 1.464040 -1.159031 150001395475.000000
-0.079102 -1.010254 0.031982 3.416092 1.342036 -0.976026 150001398392.000000
-0.078857 -1.002197 0.029541 2.867077 1.403038 -1.159031 150001401334.000000
-0.081299 -1.006104 0.032715 2.928079 1.342036 -0.915025 150001404247.000000
-0.081055 -1.009521 0.040283 2.989081 1.464040 -0.793021 150001407155.000000
-0.079102 -1.007324 0.036133 3.233087 1.769048 -1.281035 150001410067.000000
-0.081299 -1.004395 0.040283 2.989081 1.281035 -0.976026 150001412978.000000
-0.080322 -1.009766 0.038330 3.355091 1.525041 -1.342036 150001415887.000000
-0.084229 -1.008301 0.043213 3.111084 1.586043 -0.976026 150001418795.000000
-0.080811 -1.004883 0.041016 2.928079 1.586043 -0.976026 150001421708.000000
-0.083740 -1.005371 0.042725 3.172086 2.013054 -1.281035 150001424616.000000
-0.082764 -1.007568 0.042236 2.928079 1.708046 -1.281035 150001427524.000000
-0.083496 -1.006348 0.042725 2.867077 2.257061 -1.281035 150001430463.000000
-0.083252 -1.009033 0.039795 2.623071 1.769048 -1.220033 150001433373.000000
-0.084229 -1.012451 0.042236 3.050082 2.196059 -1.281035 150001436281.000000
-0.082764 -1.013184 0.049316 2.379064 2.196059 -1.281035 150001439203.000000
-0.081787 -1.013184 0.036377 2.440066 2.135058 -1.586043 150001442127.000000
-0.081055 -1.010010 0.040039 2.196059 2.196059 -1.464040 150001445047.000000
-0.083496 -1.009277 0.041016 2.257061 2.440066 -1.586043 150001447963.000000
-0.081055 -1.016113 0.042236 1.708046 2.196059 -1.464040 150001450877.000000
-0.083252 -1.012451 0.047363 2.013054 2.257061 -1.647044 150001453786.000000
-0.080811 -1.015625 0.041016 1.708046 2.440066 -1.525041 150001456694.000000
-0.089600 -1.019775 0.036377 1.525041 2.257061 -1.586043 150001459608.000000
-0.084473 -1.010010 0.041992 1.342036 2.684072 -1.403038 150001462523.000000
-0.084473 -1.014893 0.038574 1.525041 2.745074 -1.464040 150001465437.000000
-0.087158 -1.011719 0.044678 1.281035 2.989081 -1.525041 150001468354.000000
-0.085449 -1.011230 0.042480 1.464040 2.928079 -1.525041 150001471278.000000
-0.086182 -1.010498 0.041992 1.281035 2.806076 -1.464040 150001474194.000000
-0.083252 -1.011475 0.038086 1.281035 3.050082 -1.281035 150001477108.000000
-0.082031 -1.009766 0.034912 1.403038 3.172086 -1.403038 150001480030.000000
-0.085693 -1.009033 0.045166 0.854023 3.416092 -1.220033 150001482951.000000
-0.087158 -1.007813 0.044434 1.098030 3.294089 -1.403038 150001485866.000000
-0.081299 -1.012939 0.040771 0.976026 3.538096 -1.159031 150001488781.000000
-0.084229 -1.004150 0.041016 1.037028 3.355091 -1.342036 150001491699.000000
-0.082520 -1.007324 0.040527 1.159031 3.599097 -0.976026 150001494613.000000
-0.085938 -1.011230 0.051758 0.915025 3.843104 -1.098030 150001497526.000000
-0.077148 -1.009033 0.039795 0.915025 3.965107 -1.464040 150001500488.000000
-0.075684 -1.008545 0.044922 0.793021 3.782102 -0.976026 150001503435.000000
-0.072510 -1.009766 0.047363 1.220033 3.843104 -1.281035 150001506347.000000
-0.074219 -1.009521 0.041992 0.793021 3.782102 -1.037028 150001509259.000000
-0.076904 -1.005371 0.044922 0.976026 4.331117 -1.281035 150001512170.000000
-0.074707 -1.009521 0.040527 0.793021 4.087110 -1.464040 150001515080.000000
-0.073975 -1.013428 0.044434 1.037028 4.453120 -1.952053 150001517988.000000
-0.070313 -1.008789 0.039307 1.159031 4.575124 -1.403038 150001520896.000000
-0.075684 -1.014404 0.042725 1.098030 4.758128 -2.013054 150001523805.000000
-0.074463 -1.014404 0.038574 0.915025 5.002135 -1.708046 150001526715.000000
-0.073730 -1.018311 0.040039 1.159031 5.124138 -1.769048 150001529624.000000
-0.075684 -1.014404 0.037842 0.915025 5.429147 -1.891051 150001532533.000000
-0.076416 -1.016602 0.042236 1.037028 5.490148 -1.647044 150001535440.000000
-0.079590 -1.014160 0.041016 1.098030 5.612152 -1.891051 150001538355.000000
-0.084229 -1.020020 0.041504 0.793021 5.307143 -1.830049 150001541390.000000
-0.081787 -1.020752 0.044189 0.854023 5.734155 -1.830049 150001545466.000000
-0.084961 -1.023926 0.042236 0.732020 5.978161 -1.830049 150001548415.000000
-0.090820 -1.026123 0.046875 0.915025 5.856158 -1.830049 150001551345.000000
-0.094482 -1.024902 0.038574 1.159031 5.917160 -2.074056 150001554261.000000
-0.090820 -1.023682 0.035156 1.281035 5.917160 -2.074056 150001557177.000000
-0.091553 -1.019775 0.039307 1.037028 5.856158 -1.891051 150001560102.000000
-0.092285 -1.022705 0.036377 1.586043 5.673153 -2.135058 150001563022.000000
-0.093262 -1.020752 0.040527 1.586043 5.490148 -2.013054 150001565938.000000
-0.094727 -1.024658 0.035400 1.342036 5.490148 -1.891051 150001568853.000000
-0.089111 -1.020508 0.041748 1.708046 5.185140 -2.318063 150001571782.000000
-0.096680 -1.023438 0.041260 1.525041 5.307143 -1.830049 150001574698.000000
-0.091309 -1.017578 0.038086 1.708046 4.941133 -2.135058 150001577613.000000
-0.096680 -1.019775 0.039551 1.525041 5.002135 -2.013054 150001580539.000000
-0.097900 -1.022461 0.038574 1.525041 5.063137 -2.135058 150001583455.000000
-0.096436 -1.020508 0.042480 1.769048 4.331117 -2.135058 150001586371.000000
-0.094238 -1.019775 0.042969 1.708046 4.270115 -2.013054 150001589288.000000
-0.091553 -1.017334 0.045898 1.586043 4.270115 -2.135058 150001592201.000000
-0.093262 -1.014160 0.045654 1.403038 4.148112 -1.769048 150001595115.000000
-0.093262 -1.012207 0.053467 1.281035 3.965107 -1.891051 150001598140.000000
-0.088867 -1.010010 0.046875 1.159031 3.843104 -1.586043 150001601059.000000
-0.090088 -1.005615 0.049072 1.098030 3.538096 -1.708046 150001604025.000000
-0.086914 -1.006348 0.053223 0.305008 3.660099 -1.525041 150001606934.000000
-0.090576 -1.006104 0.050781 0.427012 3.111084 -1.464040 150001609844.000000
-0.087646 -1.000977 0.054688 0.305008 2.989081 -1.586043 150001612752.000000
-0.088379 -0.999023 0.059814 -0.244007 3.111084 -1.586043 150001615659.000000
-0.082764 -0.998779 0.056396 -0.366010 2.684072 -1.281035 150001618566.000000
-0.081787 -0.998291 0.058594 -0.671018 2.440066 -0.915025 150001621473.000000
-0.087891 -0.998047 0.056152 -1.586043 2.013054 -1.159031 150001624380.000000
-0.083496 -0.997314 0.055176 -1.891051 1.464040 -1.098030 150001627290.000000
-0.091553 -0.998535 0.055176 -2.196059 1.586043 -0.915025 150001630200.000000
-0.084473 -0.999023 0.059326 -2.623071 1.281035 -0.793021 150001633109.000000
-0.090576 -0.997070 0.059082 -3.172086 1.037028 -0.793021 150001636041.000000
-0.090820 -0.998779 0.052490 -3.111084 0.854023 -0.488013 150001638951.000000
-0.090820 -0.998291 0.046387 -3.477094 0.610016 -0.610016 150001641934.000000
-0.091553 -0.998535 0.046875 -3.843104 0.244007 -0.244007 150001644851.000000
-0.092285 -1.000977 0.040039 -4.331117 0.183005 -0.305008 150001647765.000000
-0.093750 -1.002441 0.036133 -4.453120 0.305008 -0.122003 150001650684.000000
-0.097168 -1.001953 0.037354 -4.941133 0.305008 -0.244007 150001653599.000000
-0.097900 -1.008301 0.034424 -4.941133 0.915025 0.183005 150001656512.000000
-0.098877 -1.008789 0.036865 -5.368145 1.098030 0.061002 150001659437.000000
-0.096680 -1.008301 0.043457 -5.063137 1.525041 0.183005 150001662356.000000
-0.097656 -1.005615 0.037354 -5.673153 2.318063 0.366010 150001665271.000000
-0.093994 -1.008545 0.041992 -5.734155 2.562069 -0.183005 150001668186.000000
-0.096436 -1.018311 0.044678 -5.246142 3.050082 0.305008 150001671110.000000
-0.102783 -1.011719 0.039307 -5.307143 3.111084 0.366010 150001674028.000000
-0.096924 -1.011963 0.050293 -5.368145 3.233087 0.122003 150001676943.000000
-0.099121 -1.018066 0.048828 -5.368145 3.599097 0.122003 150001679865.000000
-0.097656 -1.014648 0.041504 -5.124138 3.538096 0.061002 150001682783.000000
-0.095703 -1.015137 0.048096 -5.185140 3.660099 -0.061002 150001685697.000000
-0.095703 -1.020020 0.048096 -4.758128 3.538096 0.305008 150001688611.000000
-0.089844 -1.014648 0.051270 -4.697127 3.294089 0.000000 150001691526.000000
-0.098145 -1.019287 0.048828 -4.453120 2.745074 -0.061002 150001694440.000000
-0.096191 -1.018799 0.052979 -4.331117 2.501068 0.061002 150001697353.000000
-0.097412 -1.014893 0.046631 -4.514122 2.257061 -0.122003 150001700267.000000
-0.096436 -1.015381 0.036377 -4.514122 1.464040 0.000000 150001703215.000000
-0.098633 -1.016846 0.042969 -4.453120 1.220033 -0.244007 150001706127.000000
-0.100342 -1.017822 0.037598 -4.819130 0.854023 -0.244007 150001709056.000000
-0.099854 -1.014160 0.032471 -4.636125 0.732020 0.000000 150001711967.000000
-0.099365 -1.014648 0.034424 -4.941133 0.671018 0.061002 150001714874.000000
-0.103760 -1.013428 0.035400 -4.880132 0.610016 0.000000 150001717783.000000
-0.100586 -1.010498 0.023926 -5.063137 0.732020 0.122003 150001720691.000000
-0.100830 -1.007813 0.031494 -5.063137 0.488013 0.549015 150001723600.000000
-0.098389 -1.006836 0.031738 -5.185140 0.183005 0.305008 150001726508.000000
-0.098389 -1.009521 0.031250 -5.307143 0.244007 0.244007 150001729417.000000
-0.098633 -1.006104 0.029541 -5.063137 0.183005 0.244007 150001732326.000000
-0.099854 -1.005127 0.036865 -5.246142 0.122003 0.366010 150001735234.000000
-0.098389 -1.006592 0.033936 -5.429147 -0.122003 0.366010 150001738144.000000
-0.096680 -1.009766 0.035400 -5.124138 -0.183005 0.549015 150001741062.000000
-0.098877 -1.008789 0.041016 -5.307143 -0.427012 0.610016 150001743978.000000
-0.094727 -1.006592 0.040039 -5.063137 -0.610016 0.610016 150001746904.000000
-0.091797 -1.006836 0.037109 -4.941133 -0.854023 0.671018 150001749825.000000
-0.095215 -1.015869 0.039063 -4.697127 -1.342036 0.732020 150001752742.000000
-0.095459 -1.008545 0.039551 -4.331117 -1.769048 0.488013 150001755658.000000
-0.096924 -1.010010 0.045654 -4.087110 -2.196059 0.488013 150001758572.000000
-0.090332 -1.010498 0.039063 -3.904105 -2.562069 0.671018 150001761496.000000
-0.095947 -1.014648 0.046875 -3.721100 -3.294089 0.549015 150001764411.000000
-0.098145 -1.010498 0.043213 -3.111084 -3.843104 0.549015 150001767326.000000
-0.095947 -1.007813 0.037598 -2.745074 -4.209114 0.549015 150001770242.000000
-0.095215 -1.009766 0.046143 -2.379064 -4.697127 0.427012 150001773158.000000
-0.095703 -1.010986 0.047363 -1.952053 -5.063137 0.488013 150001776073.000000
-0.098877 -1.010986 0.037598 -1.952053 -5.917160 0.488013 150001778990.000000
-0.096191 -1.007324 0.042969 -1.830049 -6.161166 0.427012 150001781942.000000
-0.102539 -1.012695 0.038330 -1.220033 -6.527176 0.427012 150001784857.000000
-0.099121 -1.011475 0.029785 -1.647044 -6.588178 0.305008 150001787773.000000
-0.103516 -1.011230 0.030273 -1.830049 -6.954188 0.488013 150001790696.000000
-0.106689 -1.011719 0.023193 -1.952053 -6.771183 0.427012 150001793610.000000
-0.104004 -1.008545 0.021973 -2.196059 -6.893186 0.488013 150001796523.000000
-0.101807 -1.014648 0.017090 -2.562069 -7.076191 0.366010 150001799437.000000
-0.103516 -1.017090 0.020020 -2.806076 -6.832184 0.488013 150001802353.000000
-0.106689 -1.014893 0.012939 -3.233087 -6.954188 0.671018 150001805291.000000
-0.108398 -1.016113 0.010498 -3.416092 -6.649180 0.366010 150001808201.000000
-0.104004 -1.019287 0.012451 -4.026109 -6.588178 0.732020 150001811111.000000
-0.106689 -1.015869 0.006592 -3.721100 -6.527176 0.732020 150001814020.000000
-0.105957 -1.015625 0.010254 -3.599097 -6.527176 0.915025 150001816926.000000
-0.105225 -1.014648 0.019775 -3.660099 -6.161166 0.488013 150001819838.000000
-0.101563 -1.019531 0.021484 -3.843104 -6.100165 0.671018 150001822748.000000
-0.102783 -1.017822 0.016113 -3.599097 -5.978161 0.549015 150001825656.000000
-0.097656 -1.013428 0.029541 -3.355091 -5.551150 0.671018 150001828563.000000
-0.095459 -1.016357 0.023193 -3.111084 -5.978161 0.305008 150001831472.000000
-0.097656 -1.015381 0.026611 -2.684072 -5.673153 0.244007 150001834382.000000
-0.097412 -1.014893 0.029541 -2.745074 -5.429147 0.122003 150001837289.000000
-0.093750 -1.014160 0.026367 -2.501068 -5.429147 0.305008 150001840202.000000
-0.093506 -1.022461 0.030762 -2.135058 -5.551150 0.244007 150001843119.000000
-0.086426 -1.018311 0.031250 -1.891051 -5.673153 0.244007 150001846035.000000
-0.086182 -1.016357 0.029541 -1.769048 -5.673153 0.000000 150001848950.000000
-0.086670 -1.012939 0.026611 -1.769048 -5.734155 0.061002 150001851908.000000
-0.085205 -1.012695 0.029541 -1.586043 -5.795156 -0.122003 150001854817.000000
-0.083252 -1.012207 0.026611 -1.769048 -5.429147 -0.061002 150001857726.000000
-0.081543 -1.014893 0.023926 -1.708046 -5.612152 0.122003 150001860642.000000
-0.078613 -1.012207 0.023682 -1.952053 -5.185140 -0.061002 150001863558.000000
-0.076904 -1.009277 0.021973 -2.257061 -5.124138 -0.427012 150001866486.000000
-0.082275 -1.011230 0.020508 -2.013054 -4.880132 -0.183005 150001869408.000000
-0.083740 -1.013428 0.016602 -2.379064 -4.697127 -0.244007 150001872326.000000
-0.071289 -1.010254 0.018799 -2.501068 -4.026109 -0.305008 150001879772.000000
-0.071533 -1.009277 0.016357 -2.684072 -4.026109 -0.366010 150001882907.000000
-0.072754 -1.010498 0.018311 -2.440066 -3.782102 -0.366010 150001885835.000000
-0.070068 -1.015625 0.014404 -2.257061 -3.599097 -0.488013 150001888745.000000
-0.066406 -1.010986 0.017578 -2.135058 -3.538096 -0.427012 150001891754.000000
-0.068604 -1.015625 0.019043 -2.196059 -3.111084 -0.427012 150001894775.000000
-0.068115 -1.019043 0.021484 -1.891051 -3.538096 -0.549015 150001897691.000000
-0.065918 -1.020264 0.027588 -1.342036 -3.538096 -0.427012 150001900610.000000
-0.073975 -1.017090 0.018066 -0.427012 -3.660099 -0.610016 150001903547.000000
-0.063477 -1.019531 0.021729 -0.671018 -3.416092 -0.549015 150001906536.000000
-0.071777 -1.019043 0.024170 -0.305008 -3.599097 -0.671018 150001909451.000000
-0.069824 -1.020264 0.025879 0.183005 -3.965107 -0.793021 150001912374.000000
-0.070313 -1.019043 0.024170 0.549015 -3.416092 -1.098030 150001915284.000000
-0.065674 -1.022217 0.021973 0.793021 -3.660099 -0.854023 150001918194.000000
-0.073975 -1.018311 0.026367 1.220033 -3.660099 -1.037028 150001921104.000000
-0.074463 -1.020020 0.029785 1.220033 -3.294089 -0.976026 150001924030.000000
-0.073242 -1.021729 0.022461 2.135058 -2.501068 -1.037028 150001926942.000000
-0.077637 -1.018799 0.038818 2.379064 -2.318063 -1.159031 150001929854.000000
-0.070557 -1.018066 0.032715 2.806076 -1.586043 -1.342036 150001932767.000000
-0.071533 -1.019775 0.028564 3.050082 -1.281035 -1.586043 150001935675.000000
-0.081055 -1.016846 0.034912 3.355091 -1.281035 -1.647044 150001938585.000000
-0.079102 -1.013672 0.031006 3.599097 -0.061002 -1.464040 150001941496.000000
-0.083008 -1.010986 0.034424 4.026109 -0.061002 -1.464040 150001944405.000000
-0.087402 -1.008545 0.036133 4.392119 0.793021 -1.708046 150001947323.000000
-0.079102 -1.014160 0.029541 4.209114 1.586043 -1.952053 150001950234.000000
-0.081787 -1.008301 0.031250 4.331117 2.135058 -2.013054 150001953146.000000
-0.086670 -1.011475 0.031738 4.087110 2.867077 -2.135058 150001956068.000000
-0.087158 -1.003174 0.032715 4.026109 3.233087 -2.196059 150001958974.000000
-0.090332 -1.008789 0.030029 3.599097 3.721100 -2.562069 150001961923.000000
-0.093262 -1.007813 0.023438 3.111084 4.392119 -2.379064 150001964843.000000
-0.086182 -1.013184 0.030273 2.684072 4.758128 -2.684072 150001967750.000000
-0.093750 -1.006592 0.022705 2.074056 5.246142 -2.989081 150001970669.000000
-0.088623 -1.008057 0.017578 1.525041 5.490148 -2.745074 150001973588.000000
-0.088135 -1.012207 0.019287 1.220033 5.978161 -3.111084 150001976504.000000
-0.084229 -1.012939 0.016357 1.037028 5.917160 -2.684072 150001979423.000000
-0.082764 -1.010498 0.016846 0.732020 6.100165 -2.867077 150001982341.000000
-0.083496 -1.013672 0.016357 0.488013 6.466175 -2.745074 150001985257.000000
-0.081787 -1.017090 0.021484 0.610016 6.344171 -2.684072 150001988173.000000
-0.084961 -1.016113 0.010010 0.305008 6.344171 -2.745074 150001991099.000000
-0.086182 -1.013184 0.010498 0.610016 6.161166 -2.745074 150001994017.000000
-0.088135 -1.014648 0.011719 0.488013 6.405173 -2.562069 150001996934.000000
-0.091064 -1.015625 0.003418 0.671018 6.222168 -2.501068 150001999869.000000
-0.084229 -1.012695 0.008545 0.671018 6.100165 -2.684072 150002002795.000000
-0.084961 -1.017090 0.011230 0.854023 6.161166 -2.440066 150002005799.000000
-0.086426 -1.017578 0.011963 0.793021 6.466175 -2.684072 150002008230.000000
-0.082031 -1.017334 0.007324 0.732020 6.588178 -2.928079 150002010033.000000
-0.084473 -1.015625 0.012939 0.427012 6.466175 -3.050082 150002011836.000000
-0.084961 -1.019043 0.008789 0.427012 6.832184 -3.050082 150002013640.000000
-0.082520 -1.018311 0.014404 0.305008 7.015189 -3.172086 150002015439.000000
-0.084473 -1.015381 0.005615 0.610016 6.954188 -3.172086 150002017241.000000
-0.085449 -1.017090 0.013184 0.366010 6.954188 -3.050082 150002019041.000000
-0.086182 -1.015137 0.007813 -0.061002 7.137193 -3.050082 150002020841.000000
-0.083252 -1.016846 0.009033 0.061002 7.259196 -3.172086 150002022641.000000
-0.084961 -1.017090 0.012695 -0.183005 7.564204 -3.233087 150002024440.000000
-0.079834 -1.016846 0.015381 -0.549015 7.564204 -3.111084 150002026239.000000
-0.083496 -1.018799 0.009277 -0.793021 7.320198 -3.233087 150002028058.000000
-0.086426 -1.019531 0.014893 -0.671018 7.442201 -3.233087 150002030210.000000
-0.085938 -1.016357 0.020508 -0.854023 7.686208 -3.233087 150002032212.000000
-0.084229 -1.024658 0.018555 -0.793021 7.625206 -3.111084 150002034113.000000
-0.083252 -1.018066 0.020752 -0.732020 7.564204 -3.050082 150002035920.000000
-0.080811 -1.020752 0.021973 -0.976026 7.442201 -3.111084 150002037719.000000
-0.084473 -1.020752 0.020264 -1.037028 7.320198 -3.294089 150002039519.000000
-0.076904 -1.020508 0.026855 -0.915025 7.381199 -3.050082 150002041320.000000
-0.076416 -1.018311 0.024902 -0.915025 7.198194 -2.989081 150002043118.000000
-0.080078 -1.018799 0.024170 -1.037028 7.442201 -2.745074 150002044928.000000
-0.080322 -1.021729 0.027588 -0.732020 7.198194 -2.806076 150002046726.000000
-0.077393 -1.021484 0.031250 -0.671018 7.137193 -2.928079 150002048524.000000
-0.078857 -1.019531 0.029541 -0.793021 6.771183 -3.172086 150002050322.000000
-0.081299 -1.023682 0.030762 -0.366010 6.954188 -3.050082 150002052121.000000
-0.082520 -1.021240 0.024902 -0.244007 6.588178 -2.928079 150002054338.000000
-0.084961 -1.018311 0.027100 -0.183005 6.466175 -2.928079 150002057247.000000
-0.084229 -1.019287 0.031494 0.122003 6.344171 -2.867077 150002060158.000000
-0.089111 -1.021240 0.030762 0.305008 6.222168 -2.867077 150002063066.000000
-0.087402 -1.011230 0.032471 0.183005 5.795156 -2.623071 150002065979.000000
-0.093506 -1.013672 0.027832 0.854023 6.100165 -2.562069 150002068887.000000
-0.093262 -1.011230 0.028076 0.671018 5.856158 -2.684072 150002071795.000000
-0.097656 -1.008789 0.030273 0.854023 5.612152 -2.745074 150002074704.000000
-0.100342 -1.003906 0.030762 1.220033 5.246142 -2.867077 150002077611.000000
-0.102295 -1.008545 0.029541 1.281035 5.246142 -2.806076 150002080524.000000
-0.107178 -1.009033 0.029053 1.342036 5.002135 -2.440066 150002083434.000000
-0.105957 -1.002686 0.031006 1.220033 5.307143 -2.684072 150002086342.000000
-0.107910 -1.004395 0.036377 1.342036 4.819130 -2.074056 150002089257.000000
-0.108154 -1.000732 0.035156 1.342036 4.636125 -2.318063 150002092175.000000
-0.106689 -1.010498 0.032471 0.854023 4.575124 -2.440066 150002095088.000000
-0.108154 -1.006836 0.033691 1.037028 4.270115 -1.952053 150002098002.000000
-0.108154 -1.005127 0.045898 0.610016 3.843104 -1.952053 150002101557.000000
-0.108643 -1.010986 0.035889 0.793021 3.538096 -2.135058 150002104502.000000
-0.101318 -1.012939 0.046387 0.854023 3.416092 -1.769048 150002107414.000000
-0.107178 -1.007568 0.041504 0.671018 3.416092 -2.074056 150002110326.000000
-0.103516 -1.010498 0.043213 0.671018 3.172086 -1.708046 150002113238.000000
-0.101318 -1.011475 0.048340 0.671018 2.562069 -1.708046 150002116146.000000
-0.102051 -1.014893 0.053711 0.793021 2.684072 -1.586043 150002119061.000000
-0.097168 -1.018555 0.049316 0.732020 2.501068 -1.708046 150002121971.000000
-0.094238 -1.011475 0.054688 0.976026 2.562069 -1.708046 150002124881.000000
-0.093506 -1.018799 0.048340 0.610016 2.074056 -1.830049 150002127787.000000
-0.092773 -1.018799 0.052002 0.732020 2.013054 -1.403038 150002130696.000000
-0.092529 -1.016357 0.052002 0.488013 1.891051 -1.403038 150002133606.000000
-0.088379 -1.012939 0.049316 0.427012 1.708046 -1.464040 150002136511.000000
-0.085449 -1.013916 0.054199 0.549015 1.647044 -1.769048 150002139420.000000
-0.087891 -1.011719 0.050537 0.427012 1.403038 -1.403038 150002142328.000000
-0.087891 -1.009033 0.055664 0.427012 1.098030 -1.464040 150002145234.000000
-0.087158 -1.011719 0.055420 0.366010 0.793021 -1.586043 150002148145.000000
-0.090576 -1.009521 0.053711 0.366010 0.305008 -1.220033 150002151062.000000
-0.092529 -1.008301 0.048340 0.244007 -0.122003 -1.525041 150002153980.000000
-0.098633 -1.009033 0.046631 -0.122003 -0.549015 -1.586043 150002156898.000000
-0.096680 -1.005371 0.052246 0.061002 -0.915025 -1.525041 150002159821.000000
-0.099365 -1.004883 0.051270 -0.183005 -1.342036 -1.403038 150002162748.000000
-0.104004 -1.001221 0.044434 -0.427012 -1.708046 -1.342036 150002165669.000000
-0.109131 -1.000732 0.049072 -0.854023 -1.952053 -1.281035 150002168583.000000
-0.107422 -0.999512 0.045898 -0.915025 -2.501068 -1.403038 150002171502.000000
-0.111572 -1.004639 0.048828 -1.647044 -2.745074 -1.281035 150002174416.000000
-0.114990 -0.999023 0.047607 -2.196059 -2.989081 -1.403038 150002177330.000000
-0.123779 -0.998047 0.053711 -2.684072 -3.538096 -1.403038 150002180253.000000
-0.115967 -1.003418 0.046387 -3.172086 -3.904105 -1.403038 150002183170.000000
-0.116943 -0.999268 0.050781 -3.355091 -4.026109 -1.586043 150002186085.000000
-0.122803 -1.000732 0.051270 -3.965107 -4.636125 -1.708046 150002189096.000000
-0.123535 -1.000244 0.054932 -3.904105 -4.697127 -1.159031 150002192016.000000
-0.114502 -1.002930 0.052246 -4.209114 -5.368145 -1.281035 150002194933.000000
-0.117432 -1.005615 0.058838 -3.660099 -6.039163 -1.098030 150002197851.000000
-0.110596 -1.003906 0.055664 -4.026109 -6.405173 -1.098030 150002200780.000000
-0.108887 -1.006592 0.056152 -3.904105 -6.710181 -1.098030 150002203695.000000
-0.105469 -1.010254 0.055908 -3.538096 -7.625206 -1.037028 150002206604.000000
-0.105957 -1.012939 0.057861 -3.904105 -7.808211 -0.915025 150002209512.000000
-0.102295 -1.010498 0.063232 -3.233087 -8.418227 -1.098030 150002212422.000000
-0.099365 -1.009766 0.059082 -3.111084 -8.601232 -1.159031 150002215330.000000
-0.098877 -1.011230 0.063721 -2.989081 -9.333252 -0.793021 150002218263.000000
-0.096924 -1.010742 0.055420 -2.318063 -9.638260 -0.793021 150002221180.000000
-0.098389 -1.017090 0.057861 -2.257061 -10.126273 -0.976026 150002224090.000000
-0.097656 -1.009033 0.053223 -2.013054 -10.553285 -0.915025 150002227001.000000
-0.092529 -1.010010 0.045898 -1.525041 -11.163301 -0.976026 150002229917.000000
-0.092041 -1.008789 0.045166 -1.464040 -11.468310 -0.915025 150002232833.000000
-0.088135 -1.008057 0.045166 -1.769048 -12.078326 -0.854023 150002235744.000000
-0.090820 -1.005859 0.053223 -1.342036 -12.505338 -0.854023 150002238663.000000
-0.091309 -1.001465 0.045654 -1.891051 -12.871348 -0.976026 150002241573.000000
-0.090332 -1.001709 0.047607 -2.074056 -13.359361 -0.549015 150002244485.000000
-0.090576 -0.999268 0.045654 -2.867077 -13.664369 -0.549015 150002247393.000000
-0.094482 -1.000488 0.046631 -3.233087 -14.213384 -0.122003 150002250306.000000
-0.095947 -1.003418 0.034912 -4.331117 -14.579394 0.305008 150002253223.000000
-0.097168 -0.996582 0.041016 -4.392119 -14.884402 0.122003 150002256137.000000
-0.097900 -1.000732 0.036621 -5.612152 -15.189410 0.427012 150002259060.000000
-0.093018 -1.002930 0.043945 -5.917160 -15.494418 0.549015 150002261987.000000
-0.093994 -1.000000 0.046143 -6.588178 -15.799427 0.915025 150002264907.000000
-0.098633 -1.000000 0.042725 -7.320198 -15.982432 1.037028 150002267821.000000
-0.091797 -0.997070 0.044434 -7.686208 -16.043433 0.854023 150002270745.000000
-0.093750 -1.003662 0.044678 -8.052217 -16.165436 1.342036 150002273660.000000
-0.093018 -1.002197 0.051514 -8.540231 -16.348441 1.037028 150002276576.000000
-0.089600 -1.003418 0.057861 -8.662234 -16.592448 1.098030 150002279496.000000
-0.091064 -1.007324 0.066895 -8.723236 -16.470445 0.915025 150002282414.000000
-0.091797 -1.004639 0.060791 -8.540231 -16.775453 1.159031 150002285334.000000
-0.085449 -1.008789 0.059082 -8.540231 -16.653450 1.159031 150002288246.000000
-0.084229 -1.009766 0.063232 -7.991216 -17.080461 0.915025 150002291164.000000
-0.078613 -1.012207 0.056885 -7.991216 -17.263466 0.854023 150002294078.000000
-0.080566 -1.010254 0.065674 -7.747209 -17.446471 0.854023 150002296992.000000
-0.078369 -1.015381 0.061523 -7.076191 -17.629476 0.854023 150002299927.000000
-0.078613 -1.013428 0.062012 -7.076191 -17.934484 1.037028 150002302843.000000
-0.077148 -1.016602 0.055664 -6.466175 -18.178491 1.159031 150002305760.000000
-0.077881 -1.018555 0.063232 -6.344171 -18.300494 1.037028 150002308669.000000
-0.073242 -1.015869 0.054199 -6.039163 -18.300494 1.464040 150002311579.000000
-0.077148 -1.017578 0.049316 -5.429147 -18.544501 1.342036 150002314503.000000
-0.073730 -1.013672 0.044922 -5.551150 -18.666504 1.464040 150002317412.000000
-0.073730 -1.012939 0.032959 -5.246142 -18.849509 1.342036 150002320321.000000
-0.071045 -1.018066 0.038330 -5.063137 -18.971512 1.403038 150002323230.000000
-0.073242 -1.014648 0.031982 -5.002135 -19.154517 1.525041 150002326138.000000
-0.067383 -1.017822 0.029053 -5.246142 -19.276520 1.403038 150002329087.000000
-0.065430 -1.017578 0.032959 -5.307143 -19.276520 1.403038 150002332014.000000
-0.067871 -1.012695 0.032715 -5.429147 -19.215519 1.342036 150002334922.000000
-0.067383 -1.006836 0.023193 -5.551150 -19.459525 1.647044 150002337831.000000
-0.072266 -1.010498 0.020508 -5.856158 -19.398524 1.586043 150002340739.000000
-0.067627 -1.005859 0.019775 -5.917160 -19.398524 1.830049 150002343648.000000
-0.074463 -1.008057 0.023682 -5.856158 -19.215519 1.769048 150002346555.000000
-0.072510 -1.005859 0.018066 -6.344171 -19.032514 1.708046 150002349467.000000
-0.066895 -1.009521 0.028320 -6.405173 -18.788507 1.891051 150002352382.000000
-0.068359 -1.008789 0.023682 -6.161166 -18.483499 1.891051 150002355300.000000
-0.068848 -1.010986 0.023682 -6.344171 -18.544501 2.257061 150002358221.000000
-0.063477 -1.015869 0.030762 -6.100165 -18.178491 2.135058 150002361151.000000
-0.061523 -1.019531 0.030518 -5.429147 -18.056488 2.196059 150002364079.000000
-0.060059 -1.020752 0.028809 -5.368145 -17.995486 2.135058 150002366994.000000
-0.052002 -1.023926 0.036621 -4.758128 -17.751479 2.135058 150002369910.000000
-0.054443 -1.026123 0.036377 -4.209114 -17.690478 2.501068 150002372826.000000
-0.057129 -1.024414 0.038330 -3.843104 -17.751479 2.867077 150002375742.000000
-0.050293 -1.032715 0.034912 -3.477094 -17.263466 2.928079 150002378657.000000
-0.056152 -1.032715 0.032715 -2.745074 -17.751479 3.233087 150002381582.000000
-0.059082 -1.030518 0.038818 -2.623071 -17.751479 3.050082 150002384497.000000
-0.058350 -1.035156 0.038086 -1.891051 -17.812481 2.989081 150002387413.000000
-0.050049 -1.033691 0.037354 -1.403038 -17.446471 3.538096 150002390334.000000
-0.056152 -1.032227 0.039307 -1.464040 -17.385469 3.233087 150002393255.000000
-0.057861 -1.029053 0.045166 -1.281035 -17.141463 3.416092 150002396171.000000
-0.058838 -1.022217 0.034912 -1.159031 -17.202464 3.416092 150002399093.000000
-0.060303 -1.018066 0.035156 -1.037028 -16.836455 3.233087 150002402011.000000
-0.057617 -1.017578 0.040771 -1.220033 -17.019460 3.050082 150002404929.000000
-0.055908 -1.012939 0.036133 -1.525041 -17.080461 3.172086 150002407841.000000
-0.057373 -1.014893 0.041260 -1.220033 -17.202464 3.050082 150002410749.000000
-0.055420 -1.015625 0.027100 -1.525041 -17.202464 3.111084 150002413659.000000
-0.059814 -1.012207 0.024658 -1.952053 -17.080461 3.050082 150002416566.000000
-0.063721 -1.011230 0.019287 -2.257061 -17.080461 3.050082 150002419478.000000
-0.058838 -1.014160 0.025879 -1.952053 -17.080461 3.233087 150002422386.000000
-0.052979 -1.012939 0.031250 -1.830049 -17.019460 3.294089 150002425294.000000
-0.054443 -1.012939 0.026855 -1.769048 -16.958458 3.050082 150002428201.000000
-0.053223 -1.022461 0.028320 -1.159031 -16.958458 3.111084 150002431109.000000
-0.055908 -1.022705 0.017334 -0.671018 -16.836455 3.294089 150002434020.000000
-0.051514 -1.024902 0.020020 -0.366010 -17.019460 3.172086 150002436928.000000
-0.054443 -1.021973 0.020264 0.366010 -17.080461 3.050082 150002439837.000000
-0.047119 -1.026123 0.020996 0.915025 -17.019460 2.684072 150002442748.000000
-0.054932 -1.024902 0.018555 1.586043 -17.019460 2.867077 150002445656.000000
-0.054932 -1.026123 0.016846 2.196059 -16.897456 2.501068 150002448563.000000
-0.054199 -1.023438 0.017822 2.196059 -16.958458 2.135058 150002451480.000000
-0.059326 -1.027100 0.017334 2.684072 -17.080461 2.562069 150002454397.000000
-0.058105 -1.020996 0.015625 2.745074 -17.019460 2.379064 150002457318.000000
-0.060791 -1.017822 0.013916 2.501068 -16.714451 2.196059 150002460246.000000
-0.063965 -1.020508 0.008057 2.867077 -16.897456 2.379064 150002463169.000000
-0.073242 -1.014160 0.020752 2.440066 -16.104435 2.196059 150002466084.000000
-0.071045 -1.016113 0.022705 1.952053 -16.226438 2.440066 150002469032.000000
-0.076172 -1.010986 0.023682 2.135058 -15.494418 2.318063 150002471950.000000
-0.083252 -1.012451 0.032227 1.952053 -15.555420 2.013054 150002474865.000000
-0.085938 -1.013184 0.034912 2.013054 -15.128408 2.013054 150002477779.000000
-0.085693 -1.014404 0.028320 2.135058 -15.006405 2.013054 150002480696.000000
-0.084961 -1.020020 0.028809 2.135058 -14.945404 1.586043 150002483612.000000
-0.085205 -1.020020 0.024658 2.501068 -14.823400 1.647044 150002486525.000000
-0.083984 -1.023193 0.020020 2.928079 -14.640395 1.220033 150002489443.000000
-0.090088 -1.016357 0.023926 3.172086 -14.701397 1.037028 150002492358.000000
-0.087402 -1.022705 0.027344 3.965107 -14.762399 1.098030 150002495271.000000
-0.087891 -1.022705 0.029541 4.392119 -14.884402 1.525041 150002498185.000000
-0.089600 -1.020020 0.029541 4.697127 -15.067407 1.037028 150002501171.000000
-0.084229 -1.024170 0.019775 5.490148 -15.372415 1.281035 150002504088.000000
-0.081787 -1.018799 0.016846 5.734155 -15.799427 1.220033 150002506999.000000
-0.077637 -1.023193 0.017578 6.283170 -16.104435 1.464040 150002509910.000000
-0.072510 -1.019287 0.011230 6.405173 -16.165436 1.403038 150002512823.000000
-0.062500 -1.027588 0.013184 6.771183 -16.226438 1.159031 150002515732.000000
-0.064697 -1.020996 0.003906 7.015189 -16.226438 1.342036 150002518639.000000
-0.057129 -1.020752 0.008789 6.649180 -16.043433 1.159031 150002521549.000000
-0.053955 -1.017090 -0.000732 6.283170 -16.043433 1.037028 150002524458.000000
-0.052734 -1.016357 -0.001953 6.039163 -15.555420 1.159031 150002527365.000000
-0.050537 -1.014893 0.001709 5.734155 -15.555420 0.915025 150002530283.000000
-0.047363 -1.016113 0.001221 4.819130 -15.067407 0.488013 150002533193.000000
-0.040771 -1.012451 0.003662 4.514122 -14.579394 0.732020 150002536101.000000
-0.036865 -1.014893 0.004150 4.026109 -14.396389 0.549015 150002539042.000000
-0.040771 -1.017090 0.003662 3.355091 -13.908376 0.610016 150002541953.000000
-0.034668 -1.017822 0.005859 2.684072 -13.481364 0.122003 150002544860.000000
-0.028564 -1.015625 0.010498 2.745074 -12.383334 0.427012 150002547768.000000
-0.033691 -1.010742 0.008545 2.257061 -11.651315 0.244007 150002550687.000000
-0.031250 -1.020264 0.021240 2.196059 -10.797292 0.305008 150002553609.000000
-0.028564 -1.022217 0.022217 1.891051 -9.882267 -0.305008 150002556533.000000
-0.027588 -1.019775 0.014648 2.135058 -8.967242 -0.061002 150002559461.000000
-0.029785 -1.021484 0.016602 2.074056 -8.418227 -0.366010 150002562378.000000
-0.029785 -1.025391 0.026367 2.196059 -7.625206 -0.305008 150002565293.000000
-0.027100 -1.027588 0.029541 2.867077 -7.015189 -0.488013 150002568206.000000
-0.025146 -1.031494 0.028320 2.562069 -6.405173 -0.671018 150002571122.000000
-0.024414 -1.035400 0.024902 3.111084 -6.283170 -0.671018 150002574037.000000
-0.022949 -1.034912 0.037842 3.355091 -5.551150 -1.220033 150002576950.000000
-0.026855 -1.033203 0.037109 4.148112 -5.551150 -1.220033 150002579871.000000
-0.029297 -1.032227 0.031982 4.636125 -5.063137 -1.342036 150002582790.000000
-0.029053 -1.036133 0.040283 5.734155 -4.270115 -1.464040 150002585705.000000
-0.031250 -1.031982 0.039063 6.161166 -4.209114 -1.647044 150002588620.000000
-0.028076 -1.030518 0.036621 6.222168 -3.904105 -1.586043 150002591540.000000
-0.033447 -1.032471 0.033203 6.710181 -3.111084 -1.830049 150002594454.000000
-0.035645 -1.026855 0.027100 6.466175 -3.050082 -2.074056 150002597369.000000
-0.037598 -1.025635 0.023682 5.978161 -2.440066 -2.562069 150002600291.000000
-0.040039 -1.023926 0.018555 6.100165 -2.074056 -2.257061 150002603207.000000
-0.047852 -1.020996 0.017578 5.551150 -1.220033 -2.562069 150002606122.000000
-0.045898 -1.020996 0.014404 5.124138 -0.671018 -2.989081 150002609091.000000
-0.053223 -1.018311 0.008545 4.575124 0.244007 -2.989081 150002612018.000000
-0.053955 -1.019043 0.009521 4.026109 1.037028 -3.294089 150002614926.000000
-0.056641 -1.021484 0.006836 3.416092 1.891051 -3.477094 150002617833.000000
-0.062988 -1.023438 -0.006836 2.989081 2.989081 -3.477094 150002620742.000000
-0.065674 -1.021240 0.000732 2.867077 3.355091 -3.599097 150002623651.000000
-0.069092 -1.024170 -0.007324 2.135058 4.148112 -3.416092 150002626560.000000
-0.068115 -1.031494 0.001221 2.135058 4.941133 -3.233087 150002629472.000000
-0.070801 -1.030273 -0.002930 2.013054 5.368145 -3.294089 150002632379.000000
-0.065430 -1.032715 -0.002197 2.074056 6.100165 -3.111084 150002635288.000000
-0.069092 -1.029541 0.004150 2.257061 6.405173 -2.867077 150002638194.000000
-0.062744 -1.029785 0.006592 2.379064 6.893186 -2.257061 150002641103.000000
-0.053711 -1.030762 0.013672 3.294089 7.076191 -2.379064 150002644024.000000
-0.049561 -1.034180 0.020508 3.660099 7.442201 -2.196059 150002646932.000000
-0.043945 -1.035645 0.026367 4.392119 7.564204 -2.379064 150002649845.000000
-0.040771 -1.034424 0.013428 5.185140 7.625206 -2.745074 150002652768.000000
-0.031250 -1.036865 0.032471 5.673153 7.625206 -2.806076 150002655688.000000
-0.031250 -1.031738 0.031982 6.588178 7.503203 -3.172086 150002658614.000000
-0.028564 -1.033447 0.029541 7.137193 7.320198 -3.233087 150002661531.000000
-0.027100 -1.030273 0.029541 7.442201 7.076191 -3.416092 150002664446.000000
-0.027832 -1.026611 0.031738 7.686208 7.137193 -3.172086 150002667364.000000
-0.026611 -1.020020 0.026855 7.503203 7.137193 -2.745074 150002670287.000000
-0.030762 -1.022949 0.018555 7.015189 7.259196 -3.172086 150002673215.000000
-0.032959 -1.016113 0.022949 7.137193 7.076191 -2.989081 150002676129.000000
-0.034424 -1.015137 0.022217 6.649180 7.137193 -2.989081 150002679051.000000
-0.041016 -1.009277 0.019531 5.734155 7.686208 -3.050082 150002681970.000000
-0.043945 -1.003662 0.018555 5.429147 7.808211 -2.745074 150002684885.000000
-0.050293 -0.996338 0.013184 4.819130 8.601232 -2.867077 150002687799.000000
-0.058838 -1.002197 0.018311 3.721100 9.333252 -2.928079 150002690716.000000
-0.065674 -0.997314 0.009521 3.355091 10.004270 -2.989081 150002693632.000000
-0.067871 -0.997070 0.009766 2.501068 10.675288 -2.867077 150002696546.000000
-0.071533 -1.002930 0.003906 1.830049 11.102300 -3.111084 150002699468.000000
-0.071777 -1.004150 0.003418 0.488013 11.834320 -3.416092 150002702389.000000
-0.081543 -1.001221 0.012695 0.427012 12.139328 -3.843104 150002705310.000000
-0.087402 -0.998779 0.007080 0.061002 12.566339 -3.660099 150002708221.000000
-0.092285 -1.000732 0.012939 -0.427012 12.444336 -3.782102 150002711208.000000
-0.092041 -1.001221 0.017822 -0.671018 12.810346 -4.148112 150002714121.000000
-0.090332 -0.999756 0.018799 -0.976026 12.688343 -3.782102 150002717031.000000
-0.090820 -0.997314 0.022217 -0.610016 12.749344 -3.904105 150002719940.000000
-0.089111 -1.006104 0.025879 -0.732020 12.078326 -4.209114 150002722848.000000
-0.086670 -1.002930 0.026123 -0.549015 12.261331 -4.270115 150002725757.000000
-0.087158 -1.010010 0.025391 -0.183005 11.407308 -4.087110 150002728665.000000
-0.082275 -1.010498 0.032959 0.427012 11.651315 -4.331117 150002731575.000000
-0.083252 -1.011963 0.035156 1.098030 11.346306 -4.575124 150002734486.000000
-0.082764 -1.011963 0.025879 1.525041 11.163301 -4.270115 150002737396.000000
-0.082520 -1.010742 0.022461 1.830049 10.858293 -4.697127 150002740307.000000
-0.076904 -1.008789 0.026611 2.745074 10.858293 -4.575124 150002743216.000000
-0.086914 -1.008789 0.017090 2.928079 10.675288 -4.575124 150002746125.000000
-0.086914 -1.001465 0.012939 2.867077 10.553285 -4.514122 150002749068.000000
-0.089844 -1.000977 0.013428 2.928079 10.736290 -4.453120 150002751992.000000
-0.096680 -0.992676 0.011719 2.806076 10.553285 -4.636125 150002754914.000000
-0.096924 -0.987549 0.016113 2.562069 10.797292 -4.148112 150002757830.000000
-0.103027 -0.975342 0.011719 2.196059 10.614287 -4.209114 150002760756.000000
-0.110352 -0.979248 0.011475 1.403038 10.919295 -4.087110 150002763671.000000
-0.114990 -0.970703 0.012207 1.098030 11.224303 -3.843104 150002766586.000000
-0.116943 -0.975098 0.010986 0.244007 11.529311 -4.209114 150002769504.000000
-0.126709 -0.972168 0.012939 -0.305008 11.712316 -3.843104 150002772419.000000
-0.129150 -0.973633 0.015381 -1.037028 11.712316 -4.209114 150002775339.000000
-0.125732 -0.975098 0.011230 -1.525041 11.651315 -4.270115 150002778253.000000
-0.132324 -0.976318 0.018066 -2.562069 11.895321 -4.636125 150002781179.000000
-0.133545 -0.980957 0.011230 -3.172086 11.529311 -4.636125 150002784093.000000
-0.132080 -0.983887 0.014893 -3.904105 10.858293 -4.514122 150002787008.000000
-0.130859 -0.989502 0.025879 -4.209114 10.736290 -4.575124 150002789929.000000
-0.124512 -0.996338 0.019043 -4.270115 10.309278 -4.819130 150002792846.000000
-0.115479 -1.002197 0.035156 -4.453120 10.004270 -4.758128 150002795761.000000
-0.109619 -1.007324 0.039307 -3.782102 9.394254 -4.880132 150002798675.000000
-0.103516 -1.013428 0.036377 -3.294089 8.784237 -4.819130 150002801602.000000
-0.097412 -1.008301 0.038574 -2.623071 8.174221 -4.941133 150002804517.000000
-0.091064 -1.006104 0.045166 -2.074056 7.869212 -4.758128 150002807430.000000
-0.090332 -1.009033 0.041016 -1.525041 7.381199 -5.063137 150002810339.000000
-0.091309 -1.006348 0.047119 -1.220033 7.137193 -4.819130 150002813279.000000
-0.085938 -1.008301 0.043945 -1.220033 7.320198 -5.002135 150002816187.000000
-0.081299 -1.011719 0.042725 -1.037028 7.198194 -4.697127 150002819099.000000
-0.079102 -1.011963 0.042236 -1.281035 7.625206 -4.880132 150002822007.000000
-0.080811 -1.015625 0.034424 -1.464040 8.174221 -5.002135 150002824914.000000
-0.085205 -1.016113 0.038086 -1.586043 8.235222 -5.307143 150002827824.000000
-0.083984 -1.020752 0.039063 -2.013054 8.601232 -5.368145 150002830732.000000
-0.090576 -1.017578 0.036133 -1.769048 8.967242 -5.368145 150002833642.000000
-0.092041 -1.020752 0.038086 -2.196059 9.516257 -5.124138 150002836549.000000
-0.095703 -1.022949 0.034180 -2.074056 9.394254 -5.490148 150002839458.000000
-0.101074 -1.019043 0.040039 -2.379064 9.943268 -5.368145 150002842366.000000
-0.105225 -1.022705 0.035400 -2.623071 9.882267 -5.124138 150002845274.000000
-0.108887 -1.020752 0.041748 -2.379064 9.699262 -4.880132 150002848181.000000
-0.113525 -1.015869 0.029297 -1.952053 9.455255 -4.941133 150002851106.000000
-0.120361 -1.013428 0.038086 -2.318063 9.272250 -4.209114 150002854030.000000
-0.119873 -1.013672 0.037842 -1.952053 8.662234 -4.087110 150002856945.000000
-0.119629 -1.009277 0.035156 -1.586043 7.991216 -3.782102 150002859867.000000
-0.120605 -0.998779 0.040039 -1.403038 7.076191 -3.721100 150002862785.000000
-0.118164 -0.999268 0.040039 -1.403038 6.588178 -3.355091 150002865700.000000
-0.122559 -0.997559 0.035156 -1.586043 5.368145 -3.111084 150002868613.000000
-0.121826 -0.994629 0.036377 -1.220033 5.124138 -2.806076 150002871537.000000
-0.119873 -0.992188 0.027832 -1.342036 4.331117 -2.623071 150002874454.000000
-0.121094 -0.989990 0.037109 -1.830049 3.904105 -2.379064 150002877369.000000
-0.121094 -0.994385 0.032227 -2.013054 3.111084 -2.562069 150002880285.000000
-0.117920 -0.997559 0.024658 -2.806076 2.257061 -2.501068 150002883200.000000
-0.118896 -0.996094 0.025391 -3.172086 1.647044 -2.257061 150002886114.000000
-0.122803 -0.996582 0.031982 -3.172086 1.220033 -2.318063 150002889037.000000
-0.120361 -0.991943 0.022461 -3.416092 0.976026 -2.196059 150002891968.000000
-0.125977 -0.997314 0.020752 -3.721100 0.488013 -2.501068 150002894884.000000
-0.123535 -0.993164 0.029785 -3.599097 0.427012 -2.440066 150002897798.000000
-0.122803 -0.989258 0.030029 -3.843104 -0.305008 -2.318063 150002900722.000000
-0.120361 -0.993652 0.026367 -3.599097 -1.037028 -2.074056 150002903634.000000
-0.118408 -0.988770 0.033936 -3.294089 -1.464040 -2.257061 150002906549.000000
-0.115234 -0.995850 0.034912 -3.172086 -2.196059 -2.074056 150002909460.000000
-0.115479 -0.993896 0.041016 -2.867077 -3.416092 -2.196059 150002912397.000000
-0.113281 -0.991455 0.042480 -3.050082 -3.721100 -2.440066 150002915308.000000
-0.114258 -0.994873 0.034668 -2.867077 -4.941133 -2.196059 150002918220.000000
-0.109619 -0.993164 0.041260 -3.416092 -6.100165 -2.257061 150002921129.000000
-0.105713 -0.995850 0.043213 -4.026109 -6.771183 -2.074056 150002924051.000000
-0.096924 -0.996582 0.041748 -4.331117 -7.381199 -2.074056 150002926959.000000
-0.101563 -0.998291 0.041016 -4.636125 -7.869212 -2.013054 150002929868.000000
-0.105957 -1.003906 0.039551 -4.758128 -8.418227 -1.647044 150002932776.000000
-0.096680 -1.009766 0.039307 -5.368145 -8.784237 -1.403038 150002935683.000000
-0.091064 -1.015137 0.043213 -5.734155 -8.906240 -1.220033 150002938600.000000
-0.091309 -1.018311 0.043945 -5.856158 -9.516257 -0.793021 150002941510.000000
-0.086914 -1.025635 0.040527 -6.100165 -9.516257 -0.610016 150002944419.000000
-0.084229 -1.027344 0.043457 -6.832184 -9.699262 -0.549015 150002947336.000000
-0.079834 -1.027344 0.039551 -7.076191 -9.577259 -0.732020 150002950262.000000
-0.076660 -1.032715 0.038330 -6.893186 -9.516257 0.244007 150002953178.000000
-0.075684 -1.032959 0.036865 -7.320198 -8.906240 -0.183005 150002956106.000000
-0.076172 -1.024414 0.039551 -7.564204 -8.479229 -0.061002 150002959028.000000
-0.074707 -1.028564 0.037109 -7.869212 -8.052217 0.305008 150002961943.000000
-0.073975 -1.025391 0.038574 -8.052217 -7.076191 0.549015 150002964860.000000
-0.076660 -1.024170 0.038574 -8.052217 -6.222168 0.610016 150002967774.000000
-0.074951 -1.018555 0.033203 -8.296224 -5.246142 0.793021 150002970692.000000
-0.073242 -1.021240 0.034912 -8.540231 -4.331117 0.915025 150002973608.000000
-0.069580 -1.009521 0.031982 -8.601232 -3.599097 0.793021 150002976522.000000
-0.072021 -1.012451 0.034424 -7.930214 -2.928079 0.793021 150002979444.000000
-0.072266 -1.012451 0.030029 -7.930214 -2.562069 0.671018 150002983424.000000
-0.066895 -1.010254 0.030762 -7.747209 -1.952053 0.610016 150002986372.000000
-0.073486 -1.011230 0.036133 -7.320198 -1.647044 0.427012 150002989307.000000
-0.070313 -1.010986 0.035156 -7.564204 -1.708046 0.427012 150002992224.000000
-0.066650 -1.010986 0.037109 -6.893186 -1.769048 0.122003 150002995138.000000
-0.070068 -1.016113 0.037354 -6.893186 -1.891051 0.183005 150002998052.000000
-0.068848 -1.020508 0.039063 -6.649180 -1.769048 0.122003 150003000975.000000
-0.066895 -1.026123 0.041748 -5.978161 -2.013054 -0.061002 150003003902.000000
-0.072510 -1.027832 0.032959 -5.490148 -2.379064 0.122003 150003006817.000000
-0.071045 -1.022217 0.028809 -5.246142 -2.684072 -0.183005 150003009729.000000
-0.071777 -1.026855 0.036621 -4.697127 -2.501068 -0.244007 150003012677.000000
-0.075684 -1.021240 0.034424 -4.514122 -2.928079 0.000000 150003015587.000000
-0.075439 -1.018311 0.030273 -4.392119 -2.989081 -0.366010 150003018504.000000
-0.076172 -1.015137 0.031006 -4.514122 -2.806076 0.366010 150003021427.000000
-0.078613 -1.013672 0.026367 -4.575124 -3.050082 0.549015 150003024337.000000
-0.080811 -1.013672 0.028076 -5.063137 -3.111084 0.671018 150003027247.000000
-0.074951 -1.013184 0.025635 -5.124138 -3.050082 0.671018 150003030157.000000
-0.076172 -1.006104 0.036865 -5.307143 -2.806076 0.976026 150003033078.000000
-0.072510 -1.013672 0.033936 -5.185140 -2.440066 0.976026 150003035987.000000
-0.073730 -1.005371 0.030273 -5.551150 -2.501068 1.281035 150003038894.000000
-0.077148 -1.008789 0.038086 -5.673153 -2.135058 1.403038 150003041846.000000
-0.079834 -1.008057 0.034424 -5.429147 -1.525041 1.525041 150003044755.000000
-0.077148 -1.006592 0.035400 -5.856158 -1.281035 1.647044 150003047663.000000
-0.077148 -1.006348 0.041504 -5.673153 -1.159031 1.403038 150003050586.000000
-0.073486 -1.014404 0.050049 -6.100165 -0.854023 1.586043 150003053502.000000
-0.077881 -1.018311 0.053223 -4.880132 -0.549015 1.830049 150003056416.000000
-0.081787 -1.015869 0.049316 -5.185140 -0.976026 1.891051 150003059339.000000
-0.080078 -1.018066 0.058350 -4.575124 -0.732020 1.647044 150003062257.000000
-0.080811 -1.021973 0.063477 -3.904105 -0.915025 1.769048 150003065173.000000
-0.082031 -1.021484 0.061035 -3.782102 -1.220033 1.769048 150003068101.000000
-0.082764 -1.016846 0.054443 -3.111084 -1.464040 1.708046 150003071026.000000
-0.080078 -1.014160 0.063232 -2.501068 -1.464040 1.403038 150003073939.000000
-0.079834 -1.018555 0.054443 -2.135058 -1.403038 1.708046 150003076855.000000
-0.079102 -1.016113 0.052002 -1.891051 -1.708046 1.769048 150003079777.000000
-0.079102 -1.015137 0.050049 -2.013054 -2.135058 1.708046 150003082696.000000
-0.084961 -1.014893 0.043701 -1.586043 -1.891051 1.830049 150003085610.000000
-0.083496 -1.007324 0.046387 -1.708046 -2.013054 1.830049 150003088523.000000
-0.081055 -1.007324 0.033203 -1.952053 -2.074056 2.074056 150003091440.000000
-0.083984 -1.005615 0.033203 -2.379064 -1.952053 2.196059 150003094362.000000
-0.083252 -1.007568 0.029541 -2.440066 -1.769048 2.074056 150003097277.000000
-0.080322 -1.006104 0.029053 -2.928079 -1.708046 2.318063 150003100201.000000
-0.080811 -1.005615 0.028809 -3.111084 -1.342036 2.379064 150003103121.000000
-0.079834 -1.008545 0.022461 -3.599097 -1.342036 2.440066 150003106035.000000
-0.080322 -1.002686 0.014404 -4.026109 -0.488013 2.318063 150003108945.000000
-0.073486 -1.005615 0.018311 -4.697127 -0.549015 2.501068 150003111926.000000
-0.074219 -1.008301 0.022217 -5.063137 -0.549015 2.257061 150003114866.000000
-0.069580 -1.002930 0.022461 -5.185140 -0.366010 1.952053 150003117774.000000
-0.070801 -1.007813 0.018066 -5.612152 0.183005 2.257061 150003120728.000000
-0.069336 -1.009277 0.014893 -6.100165 0.183005 1.830049 150003123644.000000
-0.069580 -1.006836 0.020020 -6.466175 0.305008 2.013054 150003126551.000000
-0.068115 -1.011719 0.029053 -6.405173 0.488013 1.830049 150003129460.000000
-0.074463 -1.012451 0.030029 -6.344171 0.244007 1.525041 150003132369.000000
-0.070801 -1.015381 0.024902 -6.588178 0.366010 1.708046 150003135276.000000
-0.070313 -1.022217 0.025391 -6.100165 0.244007 1.769048 150003138183.000000
-0.077148 -1.023438 0.027100 -6.100165 0.183005 1.525041 150003141093.000000
-0.073486 -1.024902 0.031494 -5.429147 0.183005 1.830049 150003144001.000000
-0.074707 -1.024170 0.035400 -5.002135 -0.183005 1.830049 150003146910.000000
-0.075684 -1.025635 0.033203 -4.636125 0.122003 1.891051 150003149831.000000
-0.072510 -1.029053 0.036377 -3.965107 0.061002 1.647044 150003152746.000000
-0.072266 -1.027832 0.025635 -3.843104 -0.061002 2.135058 150003155661.000000
-0.076416 -1.031250 0.031006 -2.989081 -0.183005 1.830049 150003158574.000000
-0.077393 -1.030029 0.021484 -2.928079 -0.122003 1.830049 150003161498.000000
-0.077148 -1.026855 0.035156 -2.745074 0.000000 1.952053 150003164413.000000
-0.076172 -1.024902 0.027344 -2.257061 0.183005 2.013054 150003167335.000000
-0.074219 -1.025635 0.027344 -1.830049 0.183005 1.952053 150003170253.000000
-0.072754 -1.024902 0.028564 -2.013054 0.732020 2.013054 150003173171.000000
-0.070557 -1.020020 0.035156 -1.647044 0.671018 2.135058 150003176085.000000
-0.074219 -1.016113 0.025146 -1.769048 0.976026 2.074056 150003179033.000000
-0.067871 -1.016357 0.020020 -1.586043 1.525041 2.318063 150003181948.000000
-0.067383 -1.016113 0.015625 -1.464040 1.708046 2.501068 150003184862.000000
-0.067871 -1.017334 0.018555 -1.769048 2.440066 2.074056 150003187778.000000
-0.064209 -1.017334 0.013184 -1.647044 2.440066 1.891051 150003190705.000000
-0.061768 -1.018555 0.012695 -1.708046 2.928079 2.074056 150003193621.000000
-0.061523 -1.017578 0.011230 -1.769048 2.745074 2.013054 150003196543.000000
-0.062012 -1.019287 0.013184 -1.586043 3.477094 1.891051 150003199464.000000
-0.064453 -1.022217 0.013428 -1.586043 3.782102 1.891051 150003202380.000000
-0.063721 -1.022217 0.011963 -1.769048 3.843104 1.708046 150003205295.000000
-0.060791 -1.023926 0.009521 -1.464040 4.270115 1.830049 150003208210.000000
-0.062744 -1.021973 0.013184 -1.464040 4.209114 1.830049 150003211121.000000
-0.055420 -1.023193 0.014893 -1.464040 4.331117 1.586043 150003214060.000000
-0.059326 -1.020264 0.013672 -1.647044 4.819130 1.586043 150003216970.000000
-0.060059 -1.017822 0.014160 -1.403038 4.514122 1.586043 150003219894.000000
-0.059814 -1.022461 0.015137 -1.403038 4.575124 1.281035 150003222802.000000
-0.053955 -1.018555 0.013916 -1.159031 4.514122 1.464040 150003225710.000000
-0.057129 -1.016846 0.017578 -1.769048 4.575124 1.220033 150003228617.000000
-0.059326 -1.018555 0.017334 -1.403038 4.392119 1.159031 150003231523.000000
-0.062012 -1.019775 0.017578 -1.098030 4.270115 1.281035 150003234432.000000
-0.057129 -1.018799 0.018799 -0.671018 4.209114 1.098030 150003237341.000000
-0.058105 -1.017578 0.019775 -0.854023 4.087110 1.159031 150003240249.000000
-0.060547 -1.018311 0.020752 0.061002 3.843104 0.793021 150003243160.000000
-0.061768 -1.016602 0.027100 0.183005 4.209114 0.915025 150003246084.000000
-0.063721 -1.021240 0.019531 0.549015 4.026109 0.793021 150003249048.000000
-0.060059 -1.018799 0.019043 1.220033 3.965107 0.610016 150003251983.000000
-0.059570 -1.021729 0.016846 1.525041 4.087110 0.488013 150003254898.000000
-0.063965 -1.018555 0.013428 1.647044 4.453120 0.305008 150003257814.000000
-0.064209 -1.018066 0.013916 2.501068 4.758128 0.793021 150003260749.000000
-0.067871 -1.019287 0.010498 2.257061 4.758128 0.427012 150003263664.000000
-0.068359 -1.017334 0.020752 2.867077 5.002135 0.366010 150003266579.000000
-0.069092 -1.014160 0.007813 2.684072 5.307143 0.366010 150003269502.000000
-0.068848 -1.011963 0.014893 2.928079 5.368145 0.366010 150003272418.000000
-0.071777 -1.013672 0.006592 3.111084 5.673153 0.305008 150003275333.000000
-0.076904 -1.017822 0.012939 3.050082 5.795156 0.610016 150003278247.000000
-0.077637 -1.015137 0.012695 2.928079 5.734155 0.305008 150003281172.000000
-0.074463 -1.014160 0.009766 2.806076 6.039163 0.427012 150003284101.000000
-0.078125 -1.015869 0.008301 2.501068 6.039163 0.305008 150003287016.000000
-0.078125 -1.016357 0.017090 2.257061 6.039163 0.183005 150003289934.000000
-0.075439 -1.016846 0.010742 2.257061 5.856158 0.183005 150003292849.000000
-0.074951 -1.017090 0.026367 2.135058 6.161166 0.244007 150003295762.000000
-0.073730 -1.025635 0.014893 2.013054 5.978161 0.000000 150003298676.000000
-0.071533 -1.024414 0.017090 1.830049 6.039163 0.000000 150003301599.000000
-0.063965 -1.027344 0.017822 2.013054 5.856158 0.122003 150003304667.000000
-0.061523 -1.027832 0.023193 2.379064 5.795156 0.183005 150003307583.000000
-0.054443 -1.026367 0.020508 2.257061 5.490148 -0.061002 150003310492.000000
-0.049316 -1.030273 0.018555 2.684072 5.856158 0.244007 150003318120.000000
-0.044434 -1.026367 0.018555 2.989081 6.771183 0.122003 150003321297.000000
-0.044678 -1.023438 0.017822 3.111084 7.320198 0.061002 150003324255.000000
-0.043457 -1.021729 0.016602 3.294089 8.113219 -0.305008 150003327190.000000
-0.038086 -1.021729 0.007568 3.294089 9.028244 -0.732020 150003330187.000000
-0.040771 -1.024658 0.011963 3.538096 10.065272 -0.976026 150003333198.000000
-0.037598 -1.020996 0.001709 3.965107 10.431282 -0.610016 150003336111.000000
-0.043945 -1.020508 0.003906 3.782102 11.712316 -1.342036 150003339077.000000
-0.045410 -1.022217 0.002197 3.782102 12.627341 -1.952053 150003341994.000000
-0.047363 -1.015381 0.004395 4.209114 13.176356 -1.830049 150003344928.000000
-0.055908 -1.015137 0.008545 3.965107 14.091380 -2.257061 150003347838.000000
-0.058594 -1.011963 0.001953 4.087110 14.518392 -2.257061 150003350770.000000
-0.060303 -1.015625 0.009033 4.026109 14.884402 -2.318063 150003353700.000000
-0.064209 -1.017334 0.008057 3.904105 14.945404 -2.562069 150003356611.000000
-0.064941 -1.020508 0.014404 3.904105 15.067407 -2.806076 150003359527.000000
-0.067139 -1.018066 0.003418 4.087110 14.640395 -2.501068 150003362481.000000
-0.071289 -1.025146 0.009033 4.270115 14.274385 -2.562069 150003365390.000000
-0.067383 -1.021484 0.013672 4.270115 13.664369 -2.806076 150003368304.000000
-0.068604 -1.027344 0.015625 4.941133 13.359361 -2.501068 150003371213.000000
-0.069336 -1.029785 0.013672 4.941133 12.505338 -2.562069 150003374127.000000
-0.069336 -1.026123 0.030273 5.368145 12.383334 -2.562069 150003377038.000000
-0.072510 -1.025391 0.020752 5.673153 11.773318 -2.623071 150003379972.000000
-0.069824 -1.016357 0.020996 6.161166 11.407308 -2.196059 150003382883.000000
-0.064209 -1.019043 0.018311 5.856158 10.980296 -2.257061 150003385811.000000
-0.063721 -1.017578 0.015869 5.734155 11.102300 -2.257061 150003388720.000000
-0.061279 -1.016602 0.020264 5.551150 10.858293 -2.257061 150003391629.000000
-0.060303 -1.012939 0.017334 5.429147 10.980296 -2.501068 150003394540.000000
-0.057861 -1.013916 0.011475 4.758128 11.773318 -2.440066 150003397449.000000
-0.058594 -1.009277 0.012207 4.636125 11.895321 -2.379064 150003400366.000000
-0.059326 -1.009766 0.014404 4.209114 12.993351 -2.806076 150003403276.000000
-0.062744 -1.008057 0.017578 4.148112 13.359361 -2.501068 150003406471.000000
-0.060059 -1.008301 0.020264 3.782102 14.518392 -2.928079 150003409401.000000
-0.060059 -1.010010 0.019531 3.355091 15.128408 -2.562069 150003412314.000000
-0.058838 -1.010742 0.022705 3.111084 15.677423 -3.050082 150003415222.000000
-0.055176 -1.014160 0.012939 3.172086 16.226438 -3.355091 150003418227.000000
-0.060059 -1.022217 0.019043 3.172086 16.653450 -3.416092 150003421141.000000
-0.056396 -1.021729 0.020020 3.782102 16.897456 -3.904105 150003424054.000000
-0.056641 -1.030518 0.016846 3.904105 16.958458 -3.538096 150003426970.000000
-0.058350 -1.027100 0.019531 4.453120 17.019460 -4.026109 150003429909.000000
-0.054688 -1.033691 0.019287 5.124138 16.775453 -4.270115 150003432821.000000
-0.056396 -1.031982 0.013428 5.917160 16.409443 -4.209114 150003435738.000000
-0.054199 -1.040039 0.020020 6.710181 16.287440 -4.270115 150003438647.000000
-0.052002 -1.033691 0.015137 7.503203 16.287440 -4.575124 150003441560.000000
-0.052734 -1.031494 0.013672 7.930214 16.287440 -4.392119 150003444474.000000
-0.052734 -1.029053 0.009766 8.235222 16.470445 -4.453120 150003447389.000000
-0.058838 -1.025391 0.001465 8.540231 16.470445 -4.636125 150003450311.000000
-0.065186 -1.023438 0.004639 8.540231 16.714451 -4.880132 150003453233.000000
-0.069336 -1.014648 -0.006348 8.296224 17.202464 -4.697127 150003456150.000000
-0.070557 -1.008789 -0.003174 7.747209 17.629476 -4.758128 150003459070.000000
-0.083008 -1.011230 -0.005371 7.381199 18.056488 -4.636125 150003462004.000000
-0.085205 -1.006104 -0.005127 6.954188 18.422497 -4.758128 150003464919.000000
-0.092285 -1.002686 0.000732 6.649180 18.788507 -4.636125 150003467837.000000
-0.096924 -1.003174 0.007324 5.734155 18.910511 -4.514122 150003470757.000000
-0.102539 -1.002930 0.010986 5.246142 19.337522 -4.636125 150003473674.000000
-0.102539 -1.000488 0.020264 5.185140 18.727506 -4.819130 150003476589.000000
-0.102051 -1.000000 0.023193 4.819130 18.727506 -4.880132 150003479506.000000
-0.106201 -1.001465 0.026367 4.392119 18.178491 -5.307143 150003482425.000000
-0.102051 -1.002686 0.029053 4.697127 17.324468 -5.612152 150003485460.000000
-0.104492 -1.005615 0.041748 4.636125 16.409443 -5.551150 150003489576.000000
-0.096680 -1.007324 0.049805 4.575124 15.677423 -5.856158 150003492643.000000
-0.095459 -1.009766 0.056885 5.307143 15.006405 -5.917160 150003495611.000000
-0.094971 -1.009033 0.054443 5.673153 13.481364 -5.795156 150003498524.000000
-0.096924 -1.013672 0.051025 6.161166 12.810346 -5.612152 150003501435.000000
-0.090576 -1.012695 0.053223 6.710181 11.773318 -5.917160 150003504364.000000
-0.090820 -1.013672 0.055176 7.015189 10.980296 -5.856158 150003507278.000000
-0.089600 -1.009033 0.052246 7.320198 10.309278 -5.429147 150003510190.000000
-0.087158 -1.009521 0.049561 7.442201 9.699262 -5.307143 150003513101.000000
-0.081299 -1.009277 0.046387 7.930214 9.272250 -5.063137 150003516027.000000
-0.084961 -1.006592 0.045654 7.015189 9.150247 -4.636125 150003518935.000000
-0.083008 -1.010742 0.040771 6.954188 9.089245 -4.270115 150003521885.000000
-0.086670 -1.002686 0.031982 6.527176 9.272250 -3.965107 150003524793.000000
-0.082275 -0.995850 0.030762 6.405173 9.455255 -3.294089 150003527700.000000
-0.088623 -0.994873 0.022705 5.917160 9.516257 -3.233087 150003530623.000000
-0.089355 -0.996338 0.034912 5.185140 9.516257 -3.172086 150003533533.000000
-0.087891 -0.996826 0.031982 4.331117 9.882267 -2.623071 150003536442.000000
-0.086670 -0.994385 0.031738 3.660099 9.821265 -2.623071 150003539351.000000
-0.088623 -0.992432 0.029297 3.111084 9.760264 -2.745074 150003542261.000000
-0.091064 -0.992432 0.027100 2.379064 9.699262 -2.623071 150003545170.000000
-0.085693 -0.996338 0.026855 1.830049 9.760264 -2.806076 150003548100.000000
-0.091064 -0.995361 0.034424 1.220033 9.089245 -2.928079 150003551015.000000
-0.092529 -0.998535 0.041016 0.671018 8.235222 -2.867077 150003553932.000000
-0.088867 -1.001709 0.038574 0.488013 7.686208 -3.111084 150003556848.000000
-0.090088 -1.000488 0.039063 0.000000 6.649180 -3.355091 150003559778.000000
-0.085938 -1.000000 0.046387 -0.061002 5.917160 -3.172086 150003562706.000000
-0.085205 -0.999023 0.045654 -0.305008 4.880132 -3.172086 150003565620.000000
-0.082031 -1.000000 0.047119 -0.366010 4.148112 -3.477094 150003568534.000000
-0.080078 -1.000977 0.041992 -0.488013 3.294089 -2.806076 150003571454.000000
-0.076904 -1.001221 0.045898 -0.488013 2.196059 -3.111084 150003574376.000000
-0.072510 -1.002686 0.044922 -0.671018 1.891051 -2.501068 150003577300.000000
-0.073730 -1.002441 0.042480 -0.854023 1.342036 -2.501068 150003580234.000000
-0.076172 -1.000244 0.042236 -1.159031 0.793021 -2.196059 150003583154.000000
-0.075439 -1.002930 0.040039 -1.220033 0.854023 -2.257061 150003586068.000000
-0.074707 -1.003906 0.039795 -1.647044 0.854023 -2.135058 150003588983.000000
-0.067871 -1.005371 0.032227 -1.769048 0.915025 -1.525041 150003591929.000000
-0.073486 -1.006836 0.033691 -1.952053 1.159031 -1.769048 150003594849.000000
-0.079590 -1.007324 0.029541 -2.135058 1.708046 -1.708046 150003597763.000000
-0.085449 -1.010254 0.025879 -1.830049 2.074056 -1.830049 150003600688.000000
-0.089844 -1.006836 0.028076 -1.891051 2.257061 -1.708046 150003603601.000000
-0.091064 -1.009277 0.031006 -1.586043 2.318063 -2.135058 150003606697.000000
-0.096191 -1.006836 0.028320 -1.342036 2.623071 -2.318063 150003609611.000000
-0.097656 -1.010498 0.026123 -1.525041 2.623071 -2.196059 150003612533.000000
-0.100830 -1.005127 0.033936 -1.159031 2.501068 -2.562069 150003615441.000000
-0.102783 -1.007813 0.033447 -1.037028 2.257061 -2.745074 150003618350.000000
-0.103760 -1.007813 0.038818 -0.671018 1.708046 -3.111084 150003621259.000000
-0.104248 -1.008301 0.039063 -0.244007 1.220033 -2.867077 150003624168.000000
-0.103516 -1.005615 0.040527 -0.183005 0.366010 -3.172086 150003627077.000000
-0.099609 -1.005615 0.042725 0.061002 -0.366010 -3.050082 150003629988.000000
-0.098633 -1.005127 0.044189 0.183005 -0.976026 -2.806076 150003632896.000000
-0.093262 -1.008301 0.052490 0.244007 -1.952053 -2.867077 150003635805.000000
-0.089111 -1.005371 0.047119 0.366010 -2.501068 -2.562069 150003638712.000000
-0.081299 -1.010742 0.042725 0.671018 -3.233087 -2.562069 150003641623.000000
-0.070557 -1.010986 0.043213 0.671018 -4.331117 -2.440066 150003644541.000000
-0.068604 -1.010986 0.048340 0.427012 -4.697127 -2.074056 150003647449.000000
-0.066406 -1.017090 0.045410 0.244007 -5.246142 -1.586043 150003650365.000000
-0.064209 -1.020264 0.036865 -0.122003 -5.490148 -1.342036 150003653282.000000
-0.058350 -1.021240 0.038574 -0.244007 -5.063137 -1.159031 150003656195.000000
-0.051758 -1.017334 0.042480 -0.427012 -5.124138 -1.037028 150003659125.000000
-0.053467 -1.029053 0.034912 -0.549015 -4.697127 -0.976026 150003662044.000000
-0.053467 -1.022461 0.041504 -0.488013 -4.453120 -0.793021 150003664957.000000
-0.055908 -1.018555 0.035889 -1.281035 -4.209114 -1.037028 150003667890.000000
-0.053467 -1.023438 0.033691 -1.220033 -3.294089 -0.732020 150003670816.000000
-0.052979 -1.017822 0.035889 -1.159031 -2.745074 -1.220033 150003673733.000000
-0.062744 -1.013428 0.037109 -0.854023 -2.501068 -1.037028 150003676649.000000
-0.060303 -1.016602 0.032715 -0.732020 -1.952053 -1.281035 150003679571.000000
-0.059326 -1.014648 0.041504 -0.671018 -1.830049 -1.586043 150003682500.000000
-0.065674 -1.011963 0.038818 -0.671018 -1.403038 -1.647044 150003685416.000000
-0.069824 -1.011475 0.041016 -0.549015 -1.342036 -1.891051 150003688333.000000
-0.068848 -1.018066 0.043457 -0.366010 -1.830049 -1.708046 150003691250.000000
-0.073975 -1.018311 0.040039 -0.122003 -1.769048 -1.769048 150003694174.000000
-0.075439 -1.017334 0.047607 0.183005 -2.135058 -1.525041 150003697098.000000
-0.074707 -1.015869 0.048584 0.610016 -2.501068 -1.525041 150003700035.000000
-0.071289 -1.019287 0.054199 0.610016 -3.233087 -1.159031 150003702951.000000
-0.075439 -1.022949 0.049805 1.281035 -3.416092 -0.976026 150003705864.000000
-0.071045 -1.017090 0.052490 1.403038 -4.331117 -0.915025 150003708779.000000
-0.071045 -1.021973 0.059570 1.769048 -4.575124 -0.854023 150003711688.000000
-0.072754 -1.017822 0.055420 1.891051 -5.124138 -0.366010 150003714609.000000
-0.067139 -1.013916 0.051025 2.013054 -5.185140 -0.061002 150003717525.000000
-0.067139 -1.015137 0.054932 2.196059 -6.039163 -0.183005 150003720465.000000
-0.062988 -1.010498 0.048828 2.074056 -5.978161 0.305008 150003723375.000000
-0.057129 -1.005615 0.052246 2.318063 -6.161166 0.305008 150003726282.000000
-0.057373 -1.000977 0.045898 1.830049 -6.100165 0.549015 150003729209.000000
-0.053223 -0.999756 0.046387 1.769048 -6.100165 1.037028 150003732120.000000
-0.058838 -0.999512 0.048828 1.220033 -5.673153 0.976026 150003735033.000000
-0.052979 -1.000000 0.042236 1.464040 -5.368145 1.159031 150003737941.000000
-0.053955 -1.000244 0.047119 1.037028 -4.880132 1.281035 150003740851.000000
-0.053223 -1.001709 0.040039 1.098030 -4.453120 1.342036 150003743760.000000
-0.048096 -0.995117 0.040283 0.915025 -3.904105 1.281035 150003746669.000000
-0.051270 -0.997803 0.042725 1.220033 -3.843104 1.220033 150003749583.000000
-0.048828 -1.003174 0.047363 1.220033 -3.538096 1.037028 150003752499.000000
-0.048340 -1.003418 0.041016 2.013054 -3.355091 1.159031 150003755414.000000
-0.045654 -1.012207 0.047363 2.135058 -2.928079 1.037028 150003758334.000000
-0.043945 -1.010498 0.050049 2.745074 -2.989081 0.793021 150003761261.000000
-0.045654 -1.021729 0.053467 3.233087 -3.172086 1.281035 150003764183.000000
-0.046631 -1.022217 0.049805 3.843104 -3.599097 0.915025 150003767100.000000
-0.040527 -1.027588 0.063721 4.331117 -3.904105 0.915025 150003770017.000000
-0.043945 -1.033936 0.056152 4.941133 -4.270115 0.854023 150003772932.000000
-0.041748 -1.034180 0.058838 5.185140 -5.307143 1.403038 150003775846.000000
-0.045166 -1.039063 0.054199 5.673153 -5.917160 1.281035 150003778761.000000
-0.046143 -1.038330 0.053223 6.100165 -6.344171 1.525041 150003781687.000000
-0.049316 -1.035645 0.043213 5.917160 -7.198194 1.464040 150003784601.000000
-0.051514 -1.038818 0.046875 6.100165 -7.686208 1.586043 150003787517.000000
-0.054199 -1.034424 0.039307 6.039163 -7.930214 1.586043 150003790439.000000
-0.059082 -1.034180 0.031738 6.039163 -8.357226 2.013054 150003793354.000000
-0.060303 -1.032959 0.023438 6.161166 -8.479229 1.769048 150003796268.000000
-0.071045 -1.029785 0.016357 6.161166 -8.784237 2.196059 150003799190.000000
-0.068359 -1.035400 0.002930 6.649180 -8.723236 1.525041 150003802106.000000
-0.088623 -1.034912 -0.009277 7.015189 -8.906240 1.769048 150003805021.000000
-0.070313 -1.028076 0.000000 7.686208 -8.357226 1.769048 150003807936.000000
-0.073242 -1.020996 -0.009277 8.235222 -8.357226 1.159031 150003810848.000000
-0.081543 -1.019043 -0.010010 9.272250 -8.357226 1.403038 150003813758.000000
-0.081055 -1.016602 -0.007813 10.126273 -8.601232 0.854023 150003816673.000000
-0.083740 -1.020020 0.001221 11.102300 -8.418227 0.366010 150003819585.000000
-0.089600 -1.011963 -0.000977 11.590313 -8.662234 0.488013 150003822493.000000
-0.087158 -1.015625 0.005127 13.176356 -8.540231 -0.671018 150003825400.000000
-0.093750 -1.015381 0.004150 13.847374 -9.211249 -1.220033 150003828307.000000
-0.091797 -1.007813 0.007324 14.457390 -8.601232 -1.708046 150003831215.000000
-0.090332 -0.997559 0.012451 14.518392 -8.601232 -2.501068 150003834131.000000
-0.089355 -1.000244 0.019287 14.457390 -8.845239 -3.050082 150003837040.000000
-0.088867 -1.002197 0.022949 14.762399 -9.760264 -3.172086 150003839948.000000
-0.091064 -1.006104 0.020752 14.640395 -10.187275 -3.965107 150003842859.000000
-0.079102 -0.999756 0.031738 14.396389 -10.248277 -4.087110 150003845770.000000
-0.080566 -1.002686 0.034912 14.274385 -10.919295 -4.575124 150003848676.000000
-0.074463 -1.004150 0.032471 14.030379 -11.529311 -4.575124 150003851598.000000
-0.062988 -0.996826 0.031250 13.786372 -11.773318 -4.331117 150003854522.000000
-0.058838 -1.007324 0.052490 13.481364 -11.834320 -4.331117 150003857443.000000
-0.057617 -1.010254 0.037109 12.871348 -12.017324 -3.843104 150003860367.000000
-0.059570 -1.009033 0.042480 12.505338 -11.590313 -3.477094 150003863285.000000
-0.060303 -1.004150 0.048096 11.773318 -11.468310 -2.928079 150003866198.000000
-0.066650 -1.002441 0.047119 10.614287 -10.980296 -2.501068 150003869122.000000
-0.066895 -0.993896 0.046631 9.821265 -10.004270 -1.952053 150003872040.000000
-0.078125 -0.990234 0.047852 8.662234 -8.723236 -1.098030 150003874955.000000
-0.085449 -0.990234 0.052734 7.442201 -7.930214 -0.549015 150003877871.000000
-0.080322 -0.986084 0.059814 7.076191 -6.710181 0.183005 150003880796.000000
-0.073242 -0.990967 0.071533 6.344171 -5.795156 0.915025 150003883711.000000
-0.056152 -0.984863 0.079346 5.429147 -5.246142 1.342036 150003886634.000000
-0.053467 -0.983398 0.075195 4.758128 -4.819130 1.464040 150003889551.000000
-0.048828 -0.982666 0.094727 4.209114 -4.697127 1.708046 150003892466.000000
-0.043945 -0.981689 0.105469 3.416092 -5.124138 1.952053 150003895380.000000
-0.047363 -0.978027 0.111572 2.623071 -4.941133 2.196059 150003898295.000000
-0.034912 -0.974365 0.118408 1.891051 -4.880132 2.501068 150003901220.000000
-0.040771 -0.977051 0.126709 1.220033 -5.124138 2.379064 150003904133.000000
-0.043457 -0.978271 0.128906 0.305008 -5.551150 2.257061 150003907046.000000
-0.045166 -0.977783 0.128662 -0.549015 -5.795156 1.952053 150003909962.000000
-0.049072 -0.979004 0.135742 -1.220033 -6.283170 2.013054 150003912878.000000
-0.050537 -0.978271 0.141357 -1.830049 -6.405173 2.135058 150003915788.000000
-0.052734 -0.979980 0.138672 -2.196059 -6.588178 2.135058 150003918695.000000
-0.051514 -0.987549 0.146484 -2.501068 -7.137193 1.952053 150003921607.000000
-0.052246 -0.984375 0.130371 -2.989081 -7.442201 1.525041 150003924521.000000
-0.044678 -0.987793 0.138428 -3.233087 -8.235222 2.074056 150003927429.000000
-0.051025 -0.984619 0.132080 -3.782102 -8.601232 1.891051 150003930338.000000
-0.050537 -0.985596 0.124023 -4.270115 -9.089245 1.708046 150003933248.000000
-0.052002 -0.983887 0.124023 -4.697127 -9.211249 2.379064 150003936156.000000
-0.049561 -0.984375 0.116455 -5.368145 -9.455255 2.379064 150003939077.000000
-0.051025 -0.985840 0.119629 -6.100165 -9.760264 2.379064 150003941985.000000
-0.051270 -0.990723 0.114014 -6.527176 -9.577259 2.989081 150003944900.000000
-0.053955 -0.992920 0.112061 -7.137193 -9.333252 3.233087 150003947808.000000
-0.053955 -1.000000 0.109619 -7.930214 -8.845239 3.599097 150003950725.000000
-0.052002 -0.997070 0.097656 -8.357226 -8.540231 3.843104 150003953648.000000
-0.058350 -1.001221 0.098877 -9.272250 -7.869212 4.392119 150003956569.000000
-0.056396 -1.000732 0.089600 -9.516257 -7.503203 4.636125 150003959492.000000
-0.049316 -1.008057 0.087402 -9.699262 -6.588178 5.124138 150003962414.000000
-0.056396 -1.013672 0.076172 -10.248277 -6.100165 5.063137 150003965328.000000
-0.051270 -1.020996 0.073730 -10.065272 -5.551150 5.185140 150003968244.000000
-0.054443 -1.022705 0.070801 -9.699262 -5.490148 5.124138 150003971161.000000
-0.056396 -1.023682 0.064209 -9.272250 -5.368145 4.880132 150003974076.000000
-0.053955 -1.031982 0.059326 -8.418227 -5.307143 4.758128 150003976990.000000
-0.055908 -1.024170 0.062012 -7.625206 -5.368145 4.331117 150003979934.000000
-0.050537 -1.021240 0.054443 -6.893186 -5.246142 4.148112 150003982853.000000
-0.048096 -1.026855 0.049316 -6.405173 -5.551150 3.843104 150003985768.000000
-0.045166 -1.028809 0.051025 -5.612152 -5.673153 3.782102 150003988682.000000
-0.040283 -1.025635 0.053467 -5.063137 -5.795156 3.355091 150003991608.000000
-0.043945 -1.025391 0.059814 -4.697127 -5.490148 3.416092 150003994525.000000
-0.038330 -1.027588 0.066895 -4.331117 -5.185140 3.294089 150003997440.000000
-0.041992 -1.020752 0.058594 -4.209114 -4.697127 3.111084 150004000362.000000
-0.037842 -1.026611 0.056152 -4.453120 -4.331117 3.050082 150004003282.000000
-0.035156 -1.031250 0.056152 -4.697127 -3.782102 3.050082 150004006205.000000
-0.036133 -1.030762 0.061279 -4.758128 -2.867077 2.867077 150004009121.000000
-0.033936 -1.036377 0.051514 -4.880132 -2.135058 2.989081 150004012047.000000
-0.029053 -1.032959 0.054443 -5.124138 -1.647044 3.172086 150004014957.000000
-0.031982 -1.037598 0.052734 -5.307143 -0.915025 2.989081 150004017867.000000
-0.026123 -1.037354 0.058105 -5.429147 -0.488013 2.867077 150004020775.000000
-0.029541 -1.038574 0.058594 -5.307143 0.061002 2.684072 150004023685.000000
-0.023193 -1.038574 0.056641 -5.002135 0.976026 3.172086 150004026603.000000
-0.019775 -1.035400 0.049316 -5.246142 1.220033 2.440066 150004029512.000000
-0.020508 -1.032227 0.052246 -4.880132 1.342036 2.501068 150004032420.000000
-0.023438 -1.032227 0.050781 -4.575124 1.891051 2.562069 150004035331.000000
-0.020752 -1.025146 0.050781 -4.270115 2.196059 2.501068 150004038240.000000
-0.025146 -1.024902 0.056152 -4.392119 2.318063 2.684072 150004041150.000000
-0.026367 -1.020264 0.056396 -4.148112 2.623071 2.989081 150004044075.000000
-0.040527 -1.024414 0.046875 -4.270115 2.562069 3.538096 150004046983.000000
-0.019775 -1.021484 0.050293 -3.965107 3.111084 3.111084 150004049897.000000
-0.026123 -1.020020 0.048096 -3.782102 3.965107 3.294089 150004052820.000000
-0.025146 -1.019043 0.051025 -3.660099 4.087110 3.416092 150004055743.000000
-0.023193 -1.018066 0.051514 -3.355091 4.575124 3.416092 150004058661.000000
-0.027588 -1.022949 0.049072 -3.294089 5.429147 3.538096 150004061587.000000
-0.024414 -1.024414 0.047607 -3.172086 5.734155 3.477094 150004064502.000000
-0.020752 -1.024414 0.051270 -3.111084 6.893186 3.355091 150004067417.000000
-0.024658 -1.024170 0.042725 -3.172086 7.442201 3.477094 150004070340.000000
-0.029541 -1.029785 0.048584 -2.867077 8.296224 2.989081 150004073258.000000
-0.023926 -1.034180 0.049316 -2.745074 9.333252 3.050082 150004076173.000000
-0.028320 -1.040771 0.042725 -2.379064 10.370280 2.440066 150004079095.000000
-0.035889 -1.039063 0.040771 -1.830049 11.102300 2.684072 150004082017.000000
-0.032471 -1.038330 0.037109 -1.403038 11.956323 2.562069 150004084933.000000
-0.033203 -1.033691 0.033691 -1.037028 12.749344 2.257061 150004087847.000000
-0.031494 -1.034668 0.040039 -0.610016 13.847374 1.830049 150004090764.000000
-0.030518 -1.033691 0.035889 0.244007 14.396389 1.342036 150004093679.000000
-0.032227 -1.032959 0.036621 0.366010 15.006405 1.281035 150004096591.000000
-0.037109 -1.025391 0.022217 0.854023 15.494418 0.854023 150004099519.000000
-0.038086 -1.021484 0.029785 1.098030 15.494418 0.732020 150004102437.000000
-0.044189 -1.015625 0.028809 1.830049 16.104435 0.793021 150004105353.000000
-0.050537 -1.013184 0.029053 1.586043 16.470445 0.976026 150004108270.000000
-0.053223 -1.008545 0.030762 2.257061 16.226438 1.037028 150004111180.000000
-0.062256 -1.005615 0.032471 1.952053 16.775453 1.098030 150004114091.000000
-0.056641 -1.005615 0.045166 1.891051 16.531446 0.793021 150004116999.000000
-0.059082 -1.000000 0.046387 2.074056 16.409443 1.525041 150004119907.000000
-0.068848 -1.001953 0.054688 2.013054 16.531446 1.342036 150004122894.000000
-0.068604 -0.999756 0.051758 2.135058 15.982432 1.586043 150004125807.000000
-0.077393 -1.002686 0.060303 2.135058 15.921430 2.135058 150004128714.000000
-0.081055 -1.001953 0.062988 1.952053 15.860428 2.379064 150004131624.000000
-0.081543 -1.003906 0.056641 1.891051 15.616422 2.684072 150004134533.000000
-0.081543 -1.010010 0.063965 1.586043 15.433417 2.928079 150004137441.000000
-0.076172 -1.012939 0.064209 1.769048 15.250412 2.928079 150004140352.000000
-0.081787 -1.020264 0.069336 1.647044 14.762399 3.050082 150004143260.000000
-0.084229 -1.015625 0.069336 1.464040 14.823400 3.111084 150004146167.000000
-0.081543 -1.016846 0.074951 1.525041 14.823400 2.806076 150004149085.000000
-0.080566 -1.016113 0.069336 0.915025 14.945404 2.684072 150004151994.000000
-0.075928 -1.018555 0.068848 0.671018 14.823400 2.257061 150004154903.000000
-0.072998 -1.012451 0.062500 0.305008 14.762399 2.318063 150004157816.000000
-0.074219 -1.016113 0.061035 -0.244007 15.067407 2.196059 150004160730.000000
-0.059082 -1.014893 0.059326 -0.488013 15.311413 1.708046 150004163647.000000
-0.054199 -1.007080 0.054443 -0.671018 15.494418 1.525041 150004166561.000000
-0.055664 -1.012451 0.049561 -1.159031 15.921430 1.281035 150004169477.000000
-0.053467 -1.013184 0.048828 -1.464040 15.921430 1.342036 150004172395.000000
-0.057129 -1.015625 0.045654 -1.220033 16.165436 1.037028 150004175310.000000
-0.047119 -1.014160 0.037842 -1.647044 16.653450 0.854023 150004178224.000000
-0.050293 -1.007813 0.036133 -1.708046 17.019460 0.427012 150004181149.000000
-0.049316 -1.010986 0.026123 -1.769048 17.568474 0.671018 150004184063.000000
-0.046631 -1.006104 0.027344 -1.830049 17.934484 0.427012 150004186978.000000
-0.049072 -1.009277 0.020264 -2.257061 18.483499 0.305008 150004189901.000000
-0.052490 -1.008057 0.020508 -2.684072 18.849509 0.366010 150004192818.000000
-0.053711 -1.002686 0.014648 -2.806076 19.337522 0.183005 150004195735.000000
-0.058105 -1.004883 0.018066 -3.538096 19.703532 0.122003 150004198651.000000
-0.059570 -1.008301 0.020264 -3.538096 19.947539 -0.366010 150004201576.000000
-0.064209 -1.004395 0.023682 -4.087110 20.435552 0.122003 150004204488.000000
-0.069092 -1.001221 0.023438 -4.453120 20.679558 -0.122003 150004207404.000000
-0.074951 -1.006348 0.025391 -4.697127 20.984567 0.061002 150004210320.000000
-0.075928 -1.004395 0.034912 -5.002135 20.923565 0.000000 150004213232.000000
-0.081299 -1.008789 0.030762 -5.307143 20.740560 -0.183005 150004216140.000000
-0.090088 -1.001221 0.037842 -5.307143 20.618557 0.183005 150004219057.000000
-0.091553 -1.005127 0.036377 -6.039163 20.374550 -0.061002 150004221966.000000
-0.092041 -1.006104 0.038574 -5.551150 20.191545 0.000000 150004224903.000000
-0.098877 -1.007568 0.044922 -6.039163 19.581529 0.000000 150004227819.000000
-0.097412 -1.004395 0.040527 -5.978161 19.093516 0.366010 150004230726.000000
-0.099609 -1.005615 0.050293 -6.283170 18.910511 0.000000 150004233636.000000
-0.101807 -1.006348 0.046387 -6.222168 18.361496 0.488013 150004236543.000000
-0.100830 -1.010254 0.045898 -6.466175 17.751479 0.427012 150004239452.000000
-0.104492 -1.007813 0.043701 -6.466175 17.263466 0.549015 150004242379.000000
-0.104980 -1.012695 0.042480 -6.771183 16.531446 0.915025 150004245288.000000
-0.104248 -1.013184 0.039551 -6.588178 15.982432 1.037028 150004248207.000000
-0.103027 -1.016113 0.041748 -6.710181 15.311413 1.098030 150004251125.000000
-0.100098 -1.020264 0.039795 -6.954188 14.945404 1.586043 150004254043.000000
-0.100342 -1.022217 0.037598 -6.710181 14.457390 1.098030 150004256959.000000
-0.095703 -1.019531 0.032227 -6.771183 13.969377 1.281035 150004259897.000000
-0.092773 -1.015869 0.027588 -6.771183 13.603367 1.464040 150004262817.000000
-0.097656 -1.025146 0.025146 -6.893186 12.871348 1.586043 150004265733.000000
-0.094238 -1.020996 0.028320 -6.893186 12.871348 1.952053 150004268649.000000
-0.092773 -1.025635 0.027832 -7.137193 12.261331 1.708046 150004271575.000000
-0.088379 -1.023193 0.030518 -6.771183 11.956323 1.769048 150004274501.000000
-0.091309 -1.025146 0.021973 -6.954188 11.834320 2.013054 150004277416.000000
-0.086914 -1.021240 0.027344 -7.076191 11.407308 2.074056 150004280338.000000
-0.085938 -1.026855 0.026611 -7.076191 10.980296 1.708046 150004283258.000000
-0.086426 -1.020020 0.029053 -6.832184 10.919295 1.830049 150004286176.000000
-0.087402 -1.021240 0.029053 -7.015189 10.675288 1.891051 150004289105.000000
-0.087646 -1.019043 0.023193 -7.320198 10.675288 1.769048 150004292031.000000
-0.087158 -1.013916 0.026367 -7.015189 10.492283 1.708046 150004294945.000000
-0.085449 -1.017090 0.022949 -7.076191 10.370280 1.647044 150004297859.000000
-0.090576 -1.010742 0.027344 -7.442201 10.126273 1.342036 150004300783.000000
-0.085205 -1.007080 0.027100 -7.747209 10.187275 1.586043 150004303695.000000
-0.087402 -1.008301 0.029785 -7.747209 10.309278 1.586043 150004306623.000000
-0.088623 -1.004883 0.033447 -7.991216 10.370280 1.464040 150004309540.000000
-0.087402 -1.007568 0.029053 -8.601232 10.492283 1.464040 150004312450.000000
-0.084473 -1.006104 0.032471 -9.028244 10.492283 1.403038 150004315360.000000
-0.086914 -1.008301 0.033447 -9.455255 10.492283 1.342036 150004318269.000000
-0.083984 -1.009521 0.038330 -9.882267 10.675288 1.098030 150004321179.000000
-0.083008 -1.012207 0.023438 -9.943268 10.187275 1.525041 150004324127.000000
-0.078613 -1.012451 0.031006 -10.309278 10.553285 1.403038 150004327036.000000
-0.083252 -1.013184 0.037109 -10.187275 10.675288 1.342036 150004329947.000000
-0.082520 -1.019775 0.034424 -10.126273 10.187275 1.525041 150004332857.000000
-0.079346 -1.021484 0.031494 -10.004270 10.370280 1.464040 150004335765.000000
-0.078857 -1.023682 0.031006 -9.638260 9.882267 1.159031 150004338673.000000
-0.080078 -1.019531 0.032227 -9.089245 9.882267 1.525041 150004341583.000000
-0.082031 -1.029785 0.025391 -8.906240 9.760264 1.464040 150004344492.000000
-0.079590 -1.020508 0.033691 -8.845239 9.577259 1.525041 150004347401.000000
-0.078613 -1.024658 0.030762 -8.479229 9.699262 1.708046 150004350325.000000
-0.076904 -1.026855 0.022949 -8.296224 9.394254 1.525041 150004353245.000000
-0.079102 -1.027100 0.027588 -7.930214 9.211249 1.708046 150004356161.000000
-0.079102 -1.022705 0.031250 -8.296224 9.028244 1.830049 150004359084.000000
-0.087402 -1.021484 0.023193 -8.052217 9.150247 1.769048 150004362004.000000
-0.083252 -1.019775 0.016357 -8.174221 9.089245 1.586043 150004364917.000000
-0.078125 -1.019775 0.016113 -8.113219 8.784237 1.708046 150004367831.000000
-0.082031 -1.018555 0.012207 -8.296224 8.723236 1.342036 150004370747.000000
-0.081543 -1.017090 0.009766 -8.418227 8.235222 1.708046 150004373661.000000
-0.084229 -1.015625 0.011719 -8.296224 8.296224 1.159031 150004376576.000000
-0.078857 -1.013428 0.010986 -8.784237 8.052217 1.342036 150004379498.000000
-0.083252 -1.007568 0.014893 -9.028244 7.503203 1.525041 150004382416.000000
-0.085693 -1.008545 0.014160 -9.028244 7.564204 1.159031 150004385330.000000
-0.080322 -1.006348 0.011475 -9.272250 7.259196 1.342036 150004388245.000000
-0.086182 -1.007568 0.009766 -9.333252 7.137193 1.342036 150004391170.000000
-0.083008 -1.005127 0.012939 -9.211249 6.771183 1.342036 150004394086.000000
-0.082520 -1.008057 0.012695 -9.394254 6.588178 1.220033 150004397001.000000
-0.081787 -1.003906 0.021973 -9.394254 5.978161 1.281035 150004399923.000000
-0.083008 -1.000488 0.017578 -9.577259 5.917160 1.342036 150004402847.000000
-0.083008 -1.005859 0.012695 -9.638260 5.917160 1.098030 150004405810.000000
-0.084961 -0.998535 0.016602 -10.004270 5.795156 1.281035 150004408726.000000
-0.088623 -1.010986 0.017822 -9.577259 5.795156 1.159031 150004411637.000000
-0.079102 -1.011230 0.016846 -9.821265 5.307143 1.281035 150004414548.000000
-0.089355 -1.010742 0.007324 -9.760264 5.124138 1.342036 150004417457.000000
-0.085205 -1.013916 0.015381 -9.577259 4.758128 1.464040 150004420370.000000
-0.085205 -1.014648 0.001221 -9.760264 4.636125 1.464040 150004423279.000000
-0.089600 -1.015137 0.003662 -9.089245 4.758128 1.464040 150004426214.000000
-0.093262 -1.018066 -0.006348 -8.723236 4.392119 1.464040 150004429126.000000
-0.091309 -1.020996 -0.007813 -8.296224 4.392119 1.403038 150004432035.000000
-0.086670 -1.020508 -0.002197 -8.052217 4.392119 1.342036 150004434943.000000
-0.091553 -1.022217 -0.000732 -8.174221 4.270115 1.281035 150004437850.000000
-0.090820 -1.014893 -0.005615 -7.808211 4.209114 1.159031 150004440757.000000
-0.091064 -1.016357 -0.002930 -7.930214 3.904105 0.854023 150004443668.000000
-0.092041 -1.018311 -0.001953 -7.564204 3.721100 0.488013 150004446583.000000
-0.092285 -1.014648 -0.015869 -7.442201 3.843104 0.793021 150004450592.000000
-0.095215 -1.013672 -0.007324 -7.137193 3.660099 0.427012 150004453546.000000
-0.096436 -1.017334 -0.010254 -7.015189 3.843104 0.732020 150004456464.000000
-0.093018 -1.018799 -0.001709 -6.588178 3.599097 0.488013 150004459392.000000
-0.093994 -1.019043 -0.000977 -6.222168 3.660099 0.671018 150004462307.000000
-0.093506 -1.019775 -0.006836 -5.490148 3.294089 0.488013 150004465223.000000
-0.089355 -1.022217 0.004395 -5.368145 2.928079 0.671018 150004468141.000000
-0.092773 -1.020508 -0.001953 -4.697127 3.111084 0.488013 150004471067.000000
-0.091064 -1.021484 0.000000 -4.575124 2.806076 0.488013 150004473993.000000
-0.087158 -1.021729 -0.001465 -4.636125 2.440066 0.671018 150004476909.000000
-0.095215 -1.014893 0.003906 -4.880132 2.501068 0.610016 150004479830.000000
-0.093994 -1.018555 -0.006104 -5.002135 1.952053 0.671018 150004482749.000000
-0.093506 -1.014160 0.000244 -5.368145 1.952053 0.793021 150004485665.000000
-0.099365 -1.012451 0.003662 -5.734155 1.769048 0.610016 150004488579.000000
-0.097656 -1.013184 0.001953 -6.039163 1.647044 0.610016 150004491498.000000
-0.099609 -1.012451 -0.001465 -6.344171 1.586043 0.488013 150004494413.000000
-0.101074 -1.012207 -0.000977 -6.649180 1.403038 0.732020 150004497328.000000
-0.098145 -1.013428 -0.003418 -6.954188 1.159031 0.244007 150004500251.000000
-0.102539 -1.009033 -0.001953 -6.893186 0.854023 0.610016 150004503167.000000
-0.105225 -1.004883 -0.005615 -6.893186 0.549015 0.549015 150004506119.000000
-0.104248 -1.005615 0.005127 -7.259196 0.000000 0.549015 150004509086.000000
-0.101563 -1.005859 0.002686 -6.954188 -0.427012 0.427012 150004511999.000000
-0.105225 -1.000000 0.000488 -7.076191 -0.366010 0.427012 150004514910.000000
-0.107178 -1.002930 0.006104 -7.076191 -1.098030 0.610016 150004517818.000000
-0.104248 -1.002930 -0.006836 -7.076191 -1.037028 0.488013 150004520725.000000
-0.108154 -1.005615 -0.003418 -7.198194 -1.159031 0.793021 150004523634.000000
-0.104248 -1.004395 -0.001953 -7.381199 -1.647044 0.427012 150004526578.000000
-0.102295 -1.002930 -0.001709 -7.381199 -1.647044 0.610016 150004529488.000000
-0.106445 -1.004395 -0.006104 -7.930214 -1.586043 0.854023 150004532396.000000
-0.108887 -1.001221 -0.008789 -8.113219 -2.013054 0.976026 150004535306.000000
-0.101563 -1.002441 -0.003662 -8.418227 -1.952053 1.098030 150004538214.000000
-0.101807 -1.002197 -0.004150 -9.028244 -2.074056 1.159031 150004541124.000000
-0.104736 -1.008789 -0.005615 -9.272250 -2.257061 1.037028 150004544035.000000
-0.103027 -1.008545 0.002197 -9.272250 -2.257061 1.403038 150004546952.000000
-0.103271 -1.009277 -0.004150 -9.760264 -2.318063 1.281035 150004549868.000000
-0.100586 -1.008789 -0.005615 -9.760264 -2.379064 1.403038 150004552784.000000
-0.101318 -1.008057 0.000000 -10.004270 -2.440066 1.037028 150004555700.000000
-0.099121 -1.010742 -0.002686 -10.126273 -2.806076 1.403038 150004558616.000000
-0.099854 -1.012451 -0.006104 -9.760264 -2.928079 1.159031 150004561533.000000
-0.098877 -1.010986 -0.006104 -10.004270 -2.928079 1.159031 150004564451.000000
-0.095947 -1.011963 -0.008057 -9.638260 -3.172086 0.976026 150004567365.000000
-0.099609 -1.010254 -0.006348 -9.638260 -3.111084 0.976026 150004570283.000000
-0.101318 -1.013672 -0.018066 -8.906240 -3.599097 1.037028 150004573198.000000
-0.103760 -1.017090 -0.008545 -8.601232 -3.599097 0.793021 150004576112.000000
-0.102783 -1.014160 -0.007080 -8.174221 -3.965107 0.732020 150004579036.000000
-0.099121 -1.014404 -0.016602 -7.808211 -4.087110 0.610016 150004581955.000000
-0.104248 -1.013672 -0.014893 -7.320198 -4.514122 0.549015 150004584868.000000
-0.103027 -1.019531 -0.013916 -6.893186 -4.514122 0.915025 150004587782.000000
-0.100586 -1.021973 -0.010498 -6.588178 -4.819130 0.915025 150004590698.000000
-0.105225 -1.022217 -0.014160 -6.344171 -4.941133 0.671018 150004593611.000000
-0.104492 -1.021484 -0.012695 -6.344171 -5.063137 0.671018 150004596525.000000
-0.099121 -1.021240 -0.015869 -6.161166 -5.002135 0.610016 150004599445.000000
-0.099121 -1.023438 -0.007568 -6.405173 -5.063137 0.854023 150004602361.000000
-0.102051 -1.024414 -0.013184 -6.405173 -4.819130 0.976026 150004605275.000000
-0.100342 -1.025879 -0.017090 -6.771183 -5.002135 0.793021 150004608188.000000
-0.102783 -1.021973 -0.018066 -6.954188 -4.941133 0.793021 150004611103.000000
-0.100098 -1.024170 -0.012207 -7.198194 -4.697127 0.915025 150004614015.000000
-0.096924 -1.027100 -0.012695 -7.442201 -4.697127 1.159031 150004616923.000000
-0.091797 -1.024658 -0.016602 -7.625206 -4.880132 1.281035 150004619833.000000
-0.097412 -1.021484 -0.015869 -7.930214 -4.880132 0.976026 150004622742.000000
-0.097412 -1.017578 -0.010986 -7.747209 -4.880132 1.098030 150004625682.000000
-0.094727 -1.019043 -0.002441 -7.808211 -4.819130 0.976026 150004628592.000000
-0.095459 -1.021240 -0.000732 -7.625206 -4.941133 0.793021 150004631502.000000
-0.097412 -1.014160 -0.011963 -7.625206 -5.124138 0.854023 150004634411.000000
-0.096924 -1.013672 -0.004883 -7.625206 -5.063137 0.915025 150004637318.000000
-0.095703 -1.009277 -0.009277 -7.381199 -5.185140 1.037028 150004640228.000000
-0.097656 -1.004639 -0.012451 -7.381199 -5.368145 1.220033 150004643138.000000
-0.095215 -1.007080 -0.005859 -7.564204 -5.429147 1.464040 150004646056.000000
-0.097656 -1.004639 -0.010010 -7.747209 -5.490148 1.342036 150004648971.000000
-0.097168 -1.007568 -0.003418 -7.747209 -5.246142 1.525041 150004651968.000000
-0.097900 -1.004395 -0.006836 -7.808211 -5.368145 1.464040 150004654884.000000
-0.097168 -1.011719 -0.008789 -7.625206 -5.063137 1.647044 150004657799.000000
-0.097168 -1.006104 -0.002197 -7.564204 -5.185140 1.952053 150004660724.000000
-0.089844 -1.011230 -0.006592 -7.259196 -5.124138 2.013054 150004663637.000000
-0.090576 -1.012939 -0.003906 -7.198194 -4.880132 1.830049 150004666552.000000
-0.088379 -1.014404 -0.002197 -7.198194 -5.246142 1.769048 150004669473.000000
-0.091309 -1.015869 -0.002686 -6.588178 -4.880132 1.830049 150004672391.000000
-0.089111 -1.016846 -0.006836 -6.527176 -4.697127 1.647044 150004675306.000000
-0.093018 -1.020996 -0.001953 -6.100165 -4.514122 1.830049 150004678220.000000
-0.086426 -1.020996 -0.009521 -6.100165 -4.514122 1.464040 150004681147.000000
-0.085693 -1.023193 -0.012939 -5.856158 -4.575124 1.220033 150004684075.000000
-0.076416 -1.024170 -0.013916 -5.246142 -4.392119 1.342036 150004686989.000000
-0.080322 -1.023682 -0.011963 -5.673153 -4.270115 1.159031 150004689907.000000
-0.078857 -1.027588 -0.010498 -4.819130 -3.965107 1.281035 150004692821.000000
-0.076660 -1.024902 -0.014648 -5.307143 -3.843104 1.098030 150004695739.000000
-0.075195 -1.026855 -0.024902 -5.063137 -3.538096 0.976026 150004698654.000000
-0.074951 -1.024414 -0.017578 -5.246142 -3.355091 0.854023 150004701579.000000
-0.076904 -1.020996 -0.016846 -5.124138 -2.928079 1.159031 150004704493.000000
-0.074707 -1.020508 -0.021973 -5.246142 -2.745074 0.671018 150004707408.000000
-0.074707 -1.023193 -0.034180 -5.307143 -2.623071 1.159031 150004710325.000000
-0.075928 -1.016357 -0.029785 -5.490148 -2.257061 1.220033 150004713237.000000
-0.081055 -1.014648 -0.035889 -5.856158 -1.952053 1.159031 150004716147.000000
-0.077881 -1.015625 -0.027344 -5.612152 -1.769048 1.037028 150004719058.000000
-0.078857 -1.013428 -0.035156 -5.978161 -1.281035 1.098030 150004721966.000000
-0.081299 -1.015381 -0.037354 -5.917160 -1.403038 1.037028 150004724876.000000
-0.081055 -1.014893 -0.036865 -6.100165 -0.976026 1.647044 150004727815.000000
-0.081787 -1.018555 -0.032959 -6.161166 -0.976026 1.342036 150004730724.000000
-0.083740 -1.019287 -0.031982 -6.466175 -1.037028 1.403038 150004733634.000000
-0.083740 -1.019531 -0.027832 -6.649180 -0.854023 1.464040 150004736542.000000
-0.086670 -1.017090 -0.027100 -6.100165 -0.854023 1.403038 150004739453.000000
-0.082764 -1.022705 -0.022705 -5.856158 -0.732020 1.220033 150004742362.000000
-0.086426 -1.025146 -0.023926 -5.978161 -0.854023 1.342036 150004745271.000000
-0.082275 -1.025879 -0.024414 -5.856158 -1.037028 1.342036 150004748179.000000
-0.084961 -1.022217 -0.023438 -5.917160 -1.159031 1.403038 150004751094.000000
-0.088379 -1.024170 -0.010010 -5.856158 -1.037028 1.220033 150004754013.000000
-0.080078 -1.026855 -0.014404 -5.917160 -1.098030 1.098030 150004756929.000000
-0.085693 -1.030273 -0.019043 -5.978161 -1.098030 0.976026 150004759852.000000
-0.084717 -1.025879 -0.013916 -5.612152 -1.037028 0.915025 150004762772.000000
-0.085205 -1.023193 -0.019531 -6.039163 -0.854023 0.671018 150004765688.000000
-0.087891 -1.023193 -0.016357 -5.490148 -0.366010 0.732020 150004768603.000000
-0.084717 -1.021729 -0.022217 -5.978161 -0.549015 0.610016 150004771520.000000
-0.085693 -1.027588 -0.016602 -5.551150 -0.305008 0.488013 150004774436.000000
-0.086670 -1.021484 -0.026123 -6.100165 0.122003 0.671018 150004777352.000000
-0.085449 -1.018555 -0.031738 -5.917160 1.159031 0.427012 150004784863.000000
-0.091553 -1.014160 -0.033936 -6.344171 1.342036 0.671018 150004788069.000000
-0.085205 -1.014648 -0.034668 -6.344171 1.525041 0.549015 150004791001.000000
-0.090332 -1.008057 -0.035156 -6.222168 1.891051 0.793021 150004793925.000000
-0.090088 -1.009033 -0.035645 -6.649180 1.952053 0.366010 150004796930.000000
-0.095459 -1.010010 -0.037354 -7.015189 2.257061 0.549015 150004799931.000000
-0.093262 -1.011230 -0.032959 -7.259196 2.074056 0.671018 150004802858.000000
-0.091553 -1.010010 -0.025146 -7.137193 2.257061 0.366010 150004805769.000000
-0.096436 -1.005859 -0.029541 -6.832184 2.196059 0.305008 150004808685.000000
-0.100098 -1.012695 -0.018311 -7.503203 1.952053 0.061002 150004811612.000000
