-0.133545 -1.029297 0.144043 27.755749 5.795156 2.806076 152025744762.000000
-0.136963 -1.030029 0.141113 28.548771 5.612152 2.623071 152025747692.000000
-0.133789 -1.033203 0.151855 28.975782 5.490148 2.867077 152025750631.000000
-0.131592 -1.036377 0.157227 29.707802 4.697127 2.928079 152025753544.000000
-0.127930 -1.039795 0.162354 30.317819 4.514122 2.806076 152025756483.000000
-0.125244 -1.043701 0.160156 30.744830 4.209114 2.867077 152025759399.000000
-0.115234 -1.047852 0.160645 31.537852 3.660099 2.867077 152025762310.000000
-0.110352 -1.046143 0.166504 32.391875 3.721100 2.623071 152025765371.000000
-0.106445 -1.047852 0.173584 33.367901 3.660099 2.806076 152025768288.000000
-0.101563 -1.051025 0.172852 34.160922 3.538096 2.928079 152025771197.000000
-0.096436 -1.046875 0.172119 34.831940 3.965107 2.379064 152025774114.000000
-0.093262 -1.049072 0.166748 35.807967 4.941133 2.684072 152025777026.000000
-0.088379 -1.040527 0.172852 36.356982 5.185140 2.745074 152025779934.000000
-0.087646 -1.033936 0.166992 37.272006 6.222168 2.440066 152025782856.000000
-0.091309 -1.026123 0.161621 37.943024 7.381199 2.928079 152025785769.000000
-0.092773 -1.021240 0.162598 38.492039 8.113219 3.172086 152025788681.000000
-0.093750 -1.014893 0.163086 39.102056 9.333252 3.172086 152025791591.000000
-0.094971 -1.014404 0.151123 39.590069 9.882267 3.965107 152025794501.000000
-0.098877 -1.005615 0.156494 39.895077 10.858293 3.782102 152025797412.000000
-0.094971 -1.000244 0.146484 39.895077 11.956323 4.026109 152025800320.000000
-0.099609 -0.999023 0.141357 40.017080 12.810346 4.331117 152025803241.000000
-0.099365 -0.994873 0.130127 39.773074 13.359361 4.819130 152025806158.000000
-0.100098 -0.995605 0.129395 40.078082 14.030379 5.002135 152025809079.000000
-0.101563 -0.994629 0.126709 39.773074 14.640395 4.758128 152025811994.000000
-0.103027 -0.998047 0.120361 39.590069 14.823400 5.185140 152025814927.000000
-0.104004 -1.000488 0.113770 39.651071 15.250412 4.819130 152025817846.000000
-0.107666 -1.005371 0.113281 39.773074 15.677423 5.490148 152025820764.000000
-0.114258 -1.007568 0.107178 39.895077 15.921430 5.795156 152025823686.000000
-0.108643 -1.012695 0.109375 40.261087 15.921430 6.161166 152025826606.000000
-0.114990 -1.014404 0.115479 40.505094 16.165436 6.344171 152025829526.000000
-0.117432 -1.016602 0.104248 40.810102 16.531446 6.771183 152025832443.000000
-0.114502 -1.019775 0.105957 41.054108 16.470445 6.649180 152025835368.000000
-0.113281 -1.017578 0.108643 41.603123 16.714451 6.832184 152025838284.000000
-0.120605 -1.020264 0.107666 41.847130 16.836455 7.320198 152025841200.000000
-0.114746 -1.018555 0.101318 42.152138 16.897456 7.442201 152025844124.000000
-0.115234 -1.019043 0.102051 42.030135 16.714451 7.320198 152025847050.000000
-0.119629 -1.002441 0.097656 42.152138 17.019460 7.747209 152025849986.000000
-0.119629 -1.002930 0.099121 41.908132 16.836455 7.564204 152025852918.000000
-0.117432 -0.993408 0.093262 41.542122 16.653450 7.320198 152025855838.000000
-0.122314 -0.984375 0.090088 41.298115 17.141463 7.564204 152025858763.000000
-0.121094 -0.977783 0.093750 40.749100 16.958458 7.381199 152025861685.000000
-0.125732 -0.972656 0.092041 40.078082 16.836455 7.320198 152025864603.000000
-0.116211 -0.963379 0.090576 39.346062 16.287440 7.808211 152025867521.000000
-0.114258 -0.953125 0.080566 38.492039 16.287440 7.381199 152025870436.000000
-0.118896 -0.948242 0.073486 37.211005 16.714451 8.113219 152025873474.000000
-0.125977 -0.942139 0.072021 36.417983 16.897456 8.662234 152025876600.000000
-0.117432 -0.945801 0.070313 35.624962 16.836455 8.845239 152025879667.000000
-0.108643 -0.949707 0.061279 34.648936 17.263466 9.028244 152025882679.000000
-0.108154 -0.946533 0.055664 33.672909 17.568474 9.943268 152025885600.000000
-0.104248 -0.950439 0.045898 32.391875 17.812481 10.309278 152025888524.000000
-0.107178 -0.952881 0.048340 31.720856 18.727506 10.919295 152025891440.000000
-0.106445 -0.949463 0.038086 30.988837 19.581529 11.407308 152025894357.000000
-0.104736 -0.951416 0.038818 30.195815 20.435552 12.017324 152025897272.000000
-0.107910 -0.953613 0.040283 30.256817 21.411578 12.749344 152025900193.000000
-0.119873 -0.953613 0.035889 29.829805 22.387604 14.152382 152025903106.000000
-0.119141 -0.956543 0.032959 29.646800 23.058623 14.701397 152025906038.000000
-0.122803 -0.959229 0.030273 29.402794 24.278656 15.555420 152025908952.000000
-0.117676 -0.961426 0.027344 29.036784 25.742695 16.531446 152025911867.000000
-0.122559 -0.962402 0.026123 28.426768 27.145733 17.568474 152025914784.000000
-0.127197 -0.958740 0.017578 27.816751 28.304764 17.873483 152025917697.000000
-0.118896 -0.960449 0.028809 27.206735 29.646800 18.300494 152025920613.000000
-0.117432 -0.955811 0.019043 26.657720 31.049838 18.971512 152025923527.000000
-0.121094 -0.950439 0.019043 26.230708 32.269871 19.276520 152025926447.000000
-0.125488 -0.953369 0.020752 25.803697 33.245898 19.642530 152025929362.000000
-0.122803 -0.945557 0.015625 25.376685 35.014945 19.825535 152025932277.000000
-0.125000 -0.944824 0.011475 24.339657 35.990972 20.069542 152025935193.000000
-0.129395 -0.947266 0.005371 23.241628 37.211005 20.374550 152025938122.000000
-0.124756 -0.936279 0.012695 23.180626 38.431038 20.557555 152025941035.000000
-0.125488 -0.940186 0.004150 22.448606 39.346062 20.801562 152025943977.000000
-0.137695 -0.935303 0.000488 21.899591 40.566095 20.984567 152025946892.000000
-0.140625 -0.936523 -0.002441 20.618557 41.481120 21.289575 152025949812.000000
-0.141113 -0.929443 0.000488 20.435552 42.274141 21.655585 152025952728.000000
-0.147217 -0.931396 -0.001465 19.215519 43.067163 22.082596 152025955643.000000
-0.153076 -0.936035 0.000000 18.971512 44.043189 22.326603 152025958556.000000
-0.162354 -0.932129 -0.003662 17.995486 44.348197 22.997621 152025961478.000000
-0.170166 -0.938477 -0.001221 17.568474 44.653206 23.729641 152025964405.000000
-0.179443 -0.934082 0.005859 17.019460 45.385225 24.156652 152025967323.000000
-0.191406 -0.938965 0.000977 16.592448 46.117245 24.766669 152025970239.000000
-0.197021 -0.939453 0.019043 16.043433 46.239248 25.376685 152025973161.000000
-0.201904 -0.937012 0.016113 15.128408 46.605258 25.681693 152025976079.000000
-0.205322 -0.940918 0.013672 14.518392 46.483255 26.474715 152025978993.000000
-0.210449 -0.940430 0.014648 13.542366 46.666260 26.718721 152025981906.000000
-0.213135 -0.938721 0.022705 12.810346 46.483255 27.084731 152025984824.000000
-0.215088 -0.937012 0.021973 12.078326 46.483255 27.267736 152025987738.000000
-0.218750 -0.939209 0.023193 11.285305 45.995242 27.450741 152025990666.000000
-0.221436 -0.946777 0.027588 10.614287 46.056244 27.816751 152025993582.000000
-0.226074 -0.938965 0.023682 9.943268 46.178247 28.426768 152025996503.000000
-0.227539 -0.934814 0.020264 9.028244 45.995242 28.548771 152025999419.000000
-0.231689 -0.933105 0.023438 8.662234 46.483255 28.853779 152026002334.000000
-0.233643 -0.927002 0.012451 7.259196 46.788263 29.402794 152026005267.000000
-0.233398 -0.926514 0.007080 6.649180 47.520283 29.768804 152026008185.000000
-0.239014 -0.923584 0.007568 5.246142 48.252303 30.317819 152026011101.000000
-0.233643 -0.927490 0.011230 4.331117 48.740316 30.622827 152026014024.000000
-0.235596 -0.927979 0.007813 3.477094 49.594339 31.354847 152026016942.000000
-0.240479 -0.932129 0.011475 2.623071 50.326359 31.415848 152026019857.000000
-0.235352 -0.935547 0.009033 1.647044 50.448362 31.964863 152026022777.000000
-0.235107 -0.935059 0.005127 0.671018 50.936375 32.086866 152026025703.000000
-0.239502 -0.936768 0.004150 0.061002 51.058379 32.330873 152026028619.000000
-0.239258 -0.937256 0.004639 -0.915025 51.363387 32.391875 152026031533.000000
-0.241699 -0.947510 0.002441 -1.464040 51.424388 33.123894 152026034458.000000
-0.240967 -0.948242 -0.000732 -2.196059 51.485390 33.123894 152026037383.000000
-0.240234 -0.954346 0.003418 -2.928079 51.546392 33.001891 152026040304.000000
-0.238281 -0.958496 0.001953 -3.538096 51.851400 33.428903 152026043222.000000
-0.244141 -0.960205 0.001465 -4.453120 51.241384 34.099921 152026046148.000000
-0.249023 -0.960938 0.005615 -5.063137 51.302385 33.489904 152026049064.000000
-0.251221 -0.963135 -0.001465 -5.734155 50.997377 33.916916 152026051980.000000
-0.256592 -0.964844 0.005615 -6.344171 50.509364 34.282926 152026054905.000000
-0.261475 -0.963867 0.004150 -6.649180 49.899347 33.977917 152026057823.000000
-0.267090 -0.960693 0.017090 -6.893186 49.472336 33.916916 152026060738.000000
-0.269287 -0.963623 0.019043 -7.137193 48.740316 33.672909 152026063654.000000
-0.275391 -0.962646 0.010742 -6.954188 48.191301 33.794912 152026066573.000000
-0.277100 -0.956055 0.022217 -7.137193 47.703288 33.245898 152026069493.000000
-0.276367 -0.952148 0.009521 -6.832184 47.520283 33.123894 152026072409.000000
-0.277588 -0.952881 0.006348 -7.442201 47.825291 33.001891 152026075327.000000
-0.274658 -0.943848 0.002441 -7.686208 48.313304 32.757884 152026078242.000000
-0.271973 -0.944092 0.003662 -8.235222 49.045324 32.391875 152026081157.000000
-0.275146 -0.941895 0.004150 -8.540231 49.716342 31.842860 152026084077.000000
-0.275391 -0.933105 0.008789 -9.760264 50.448362 32.269871 152026086999.000000
-0.282959 -0.928711 -0.004883 -10.370280 51.241384 32.818886 152026089913.000000
-0.282227 -0.930176 -0.017578 -11.346306 52.034405 32.635881 152026092827.000000
-0.282471 -0.926270 -0.023926 -12.566339 53.193436 33.184896 152026095744.000000
-0.284668 -0.926025 -0.017822 -13.664369 53.437443 33.550906 152026098659.000000
-0.287842 -0.929932 -0.021973 -14.701397 53.925456 34.099921 152026101572.000000
-0.290771 -0.927246 -0.028076 -15.555420 54.230464 34.709937 152026104492.000000
-0.292236 -0.930176 -0.036377 -16.592448 54.596474 35.075947 152026107407.000000
-0.304688 -0.928467 -0.045166 -17.202464 55.267492 36.173977 152026110321.000000
-0.299561 -0.927002 -0.052246 -18.239492 55.206491 35.929970 152026113235.000000
-0.292969 -0.937500 -0.051025 -17.873483 55.999512 35.929970 152026116152.000000
-0.294434 -0.937500 -0.073730 -19.459525 56.548527 35.075947 152026119065.000000
-0.301514 -0.937744 -0.071289 -20.557555 56.487525 35.075947 152026122003.000000
-0.310059 -0.932129 -0.091797 -21.838590 56.853535 35.319954 152026124926.000000
-0.304688 -0.938477 -0.067627 -21.472580 57.402550 34.953944 152026127845.000000
-0.317627 -0.941162 -0.077637 -21.838590 57.829561 35.441957 152026130759.000000
-0.323975 -0.941406 -0.067627 -22.631611 57.707558 35.075947 152026133671.000000
-0.324951 -0.937500 -0.088135 -23.485634 57.646556 35.319954 152026136601.000000
-0.337158 -0.932617 -0.081299 -24.034649 57.402550 35.563960 152026139527.000000
-0.338623 -0.930664 -0.073242 -24.644665 56.670530 36.661990 152026142441.000000
-0.352051 -0.926270 -0.077148 -25.315684 56.243519 37.028000 152026145366.000000
-0.345703 -0.913818 -0.079102 -25.254682 55.694504 37.943024 152026148283.000000
-0.354736 -0.912598 -0.094482 -26.840725 55.145489 38.919051 152026151199.000000
-0.362061 -0.915039 -0.093018 -27.328738 54.413469 39.590069 152026154129.000000
-0.372559 -0.913330 -0.102051 -28.182761 54.718477 40.383090 152026157042.000000
-0.370605 -0.916504 -0.102295 -29.280791 54.657476 40.993107 152026159956.000000
-0.371826 -0.913086 -0.109131 -30.683828 55.145489 41.603123 152026162872.000000
-0.363037 -0.901855 -0.120361 -32.574880 55.084487 41.786128 152026165788.000000
-0.371338 -0.906006 -0.125732 -34.099921 55.389496 41.725127 152026168703.000000
-0.380371 -0.903564 -0.142090 -35.868968 56.121515 42.579150 152026171618.000000
-0.368652 -0.901855 -0.136230 -36.722992 56.975538 42.518148 152026174540.000000
-0.381348 -0.901123 -0.154785 -38.675044 58.866589 42.396145 152026177455.000000
-0.372559 -0.901855 -0.163818 -40.383090 60.391631 42.762155 152026180370.000000
-0.379150 -0.909668 -0.157471 -41.176112 62.404685 42.762155 152026183293.000000
-0.379395 -0.908936 -0.177490 -42.884158 64.417739 43.372171 152026186211.000000
-0.375488 -0.908691 -0.184326 -44.043189 66.064784 43.799183 152026189126.000000
-0.388916 -0.906738 -0.183105 -45.934240 66.796804 44.775209 152026192042.000000
-0.392090 -0.907227 -0.198242 -47.032270 67.589825 45.690234 152026194960.000000
-0.404297 -0.903076 -0.193359 -47.581285 68.687855 46.605258 152026197874.000000
-0.416016 -0.900146 -0.193848 -48.130300 69.358873 47.642286 152026200791.000000
-0.425293 -0.907471 -0.210693 -49.777344 69.785884 49.472336 152026203705.000000
-0.438477 -0.902832 -0.218262 -50.204356 70.456902 50.326359 152026206629.000000
-0.425781 -0.896729 -0.228760 -51.546392 70.883914 51.180382 152026209551.000000
-0.437988 -0.895996 -0.233887 -52.766425 71.005917 52.217410 152026212465.000000
-0.445068 -0.888184 -0.240234 -54.047459 70.944916 52.827426 152026215391.000000
-0.441162 -0.883545 -0.246094 -55.511499 71.737937 53.681449 152026218306.000000
-0.455811 -0.888916 -0.246826 -56.609528 72.835967 54.230464 152026221219.000000
-0.453369 -0.882324 -0.258545 -58.378576 73.445983 54.230464 152026224142.000000
-0.468506 -0.877441 -0.265869 -60.086622 74.483011 55.023486 152026227059.000000
-0.457520 -0.873047 -0.271973 -61.550662 75.825047 55.267492 152026229972.000000
-0.480469 -0.867432 -0.279053 -62.709693 76.557067 57.097542 152026232887.000000
-0.485107 -0.864258 -0.277344 -63.807723 77.594095 57.951565 152026235819.000000
-0.478027 -0.864258 -0.289307 -65.271762 78.143110 58.561581 152026238740.000000
-0.493164 -0.867188 -0.297119 -67.223815 79.180138 59.903617 152026241655.000000
-0.514404 -0.864502 -0.298340 -68.870860 79.546148 60.696639 152026244578.000000
-0.514648 -0.864990 -0.300293 -70.639907 79.668151 61.611664 152026247495.000000
-0.527344 -0.859619 -0.311523 -71.920942 79.241140 63.075703 152026250411.000000
-0.528564 -0.858643 -0.325439 -73.628988 78.814128 64.051729 152026253325.000000
-0.530518 -0.856201 -0.337158 -75.337034 78.814128 64.905752 152026256242.000000
-0.535889 -0.860107 -0.346924 -76.862075 79.180138 65.759776 152026259156.000000
-0.540283 -0.863525 -0.355713 -78.692125 79.729153 66.613799 152026262072.000000
-0.538574 -0.866211 -0.362549 -81.010187 80.095163 67.284817 152026264987.000000
-0.530273 -0.881592 -0.370361 -83.084243 80.461172 67.345818 152026267901.000000
-0.531738 -0.879639 -0.382080 -84.792289 81.498200 67.284817 152026270815.000000
-0.541504 -0.887451 -0.393311 -87.171354 82.352224 67.101812 152026273729.000000
-0.536377 -0.881104 -0.405273 -89.855426 83.694260 67.345818 152026276646.000000
-0.532227 -0.884766 -0.415283 -92.722504 84.365278 67.040810 152026279561.000000
-0.534424 -0.885742 -0.437744 -95.528579 84.792289 67.650827 152026282475.000000
-0.528076 -0.892578 -0.440186 -97.114622 85.585311 67.650827 152026285392.000000
-0.535645 -0.895264 -0.456543 -99.310681 86.134326 68.138840 152026288306.000000
-0.534668 -0.895264 -0.480713 -101.628744 86.439334 68.992863 152026291220.000000
-0.515869 -0.907715 -0.483643 -103.275788 86.134326 69.602879 152026294136.000000
-0.505859 -0.906494 -0.488037 -104.861831 85.707314 69.541878 152026297058.000000
-0.502441 -0.914551 -0.504395 -106.081864 84.914293 69.846886 152026299979.000000
-0.508301 -0.918213 -0.511963 -107.362899 84.304276 70.517904 152026302893.000000
-0.512451 -0.907715 -0.526367 -109.314952 83.450253 71.188922 152026305820.000000
-0.518555 -0.911621 -0.528809 -110.534984 82.657232 71.554932 152026308735.000000
-0.522705 -0.907715 -0.528320 -111.145001 81.803209 71.798939 152026311649.000000
-0.523438 -0.908447 -0.530762 -111.999024 80.583176 72.164948 152026314578.000000
-0.521240 -0.908691 -0.547119 -112.975050 79.668151 72.408955 152026317495.000000
-0.524170 -0.906006 -0.554443 -114.134082 79.302141 72.469957 152026320413.000000
-0.522705 -0.907227 -0.552002 -114.744098 79.302141 72.347953 152026323327.000000
-0.516113 -0.898438 -0.564697 -116.025133 80.034161 72.347953 152026326252.000000
-0.511719 -0.894775 -0.571533 -116.696151 80.827182 71.798939 152026329168.000000
-0.510498 -0.888916 -0.587402 -119.014213 82.169219 71.066919 152026332082.000000
-0.507813 -0.873291 -0.591064 -120.783261 83.633258 71.005917 152026335010.000000
-0.514648 -0.870850 -0.604980 -123.223327 85.280303 71.005917 152026337926.000000
-0.519043 -0.854736 -0.596436 -124.809370 86.622339 71.249924 152026340840.000000
-0.517822 -0.850830 -0.619385 -127.981455 88.757396 71.676935 152026343755.000000
-0.502930 -0.845459 -0.625488 -129.994510 91.075459 71.310925 152026346673.000000
-0.507813 -0.841309 -0.629639 -132.678582 93.637528 72.286952 152026349589.000000
-0.516357 -0.835938 -0.640625 -135.057647 96.199597 72.652962 152026352512.000000
-0.511719 -0.818848 -0.658691 -137.924724 98.517660 72.896968 152026355430.000000
-0.511719 -0.819092 -0.673828 -140.730800 101.384737 73.079973 152026358344.000000
-0.511719 -0.819336 -0.695313 -143.475874 102.787775 73.811993 152026361259.000000
-0.502197 -0.833252 -0.706299 -146.525956 104.068810 73.628988 152026364176.000000
-0.502686 -0.842773 -0.711670 -148.844019 105.227841 73.384981 152026367107.000000
-0.514648 -0.854248 -0.718018 -149.820045 106.447874 73.079973 152026370035.000000
-0.538086 -0.859131 -0.731934 -151.711096 106.813884 73.628988 152026372950.000000
-0.532227 -0.895264 -0.746094 -152.626121 106.813884 73.811993 152026375869.000000
-0.542725 -0.904053 -0.754395 -153.297139 107.362899 73.750991 152026378783.000000
-0.541260 -0.914551 -0.740723 -152.687123 107.179894 73.750991 152026381695.000000
-0.541992 -0.926514 -0.778564 -153.785152 106.508876 73.628988 152026384614.000000
-0.552490 -0.946777 -0.773926 -152.992131 105.105838 73.384981 152026387528.000000
-0.559814 -0.958496 -0.784424 -152.992131 102.665772 73.323980 152026390445.000000
-0.571289 -0.960693 -0.778809 -151.894101 98.944672 73.506985 152026393359.000000
-0.587646 -0.956787 -0.774658 -150.796071 94.064540 73.689990 152026396276.000000
-0.595703 -0.974854 -0.781982 -149.149027 89.062405 72.469957 152026399193.000000
-0.610107 -0.974121 -0.777832 -147.501983 82.413225 71.127920 152026402120.000000
-0.641357 -0.969238 -0.779541 -145.305923 75.764046 69.480876 152026405040.000000
-0.675781 -0.961670 -0.790283 -143.963887 67.528823 68.199841 152026407957.000000
-0.700195 -0.960205 -0.804932 -144.207894 58.744586 66.674800 152026410870.000000
-0.699463 -0.954102 -0.795410 -144.146892 50.570365 64.661746 152026413784.000000
-0.723145 -0.949707 -0.803711 -145.000915 42.579150 62.831696 152026416806.000000
-0.731689 -0.942871 -0.809082 -146.525956 37.028000 60.940645 152026419724.000000
-0.740723 -0.906494 -0.810303 -148.539011 34.038919 60.696639 152026422646.000000
-0.721436 -0.891846 -0.818359 -151.589093 32.818886 60.452632 152026425571.000000
-0.698730 -0.854980 -0.822510 -155.005185 33.794912 60.696639 152026428486.000000
-0.624512 -0.827393 -0.831055 -159.153297 36.478985 60.147624 152026431404.000000
-0.572510 -0.780273 -0.825684 -163.179406 40.078082 59.964619 152026434333.000000
-0.525879 -0.739502 -0.834473 -167.937534 44.958214 59.903617 152026437250.000000
-0.505615 -0.725830 -0.860596 -174.037699 49.838346 60.879644 152026440164.000000
-0.469238 -0.712158 -0.814453 -176.111755 56.243519 62.160678 152026443081.000000
-0.429443 -0.730957 -0.867920 -179.710852 64.051729 62.831696 152026446020.000000
-0.433838 -0.749023 -0.875732 -181.540902 72.042945 63.868724 152026448937.000000
-0.423828 -0.774170 -0.910645 -185.506009 81.315196 64.966754 152026451851.000000
-0.437012 -0.776123 -0.947021 -188.861099 89.916428 66.857805 152026454767.000000
-0.439941 -0.794678 -0.935791 -190.325139 98.395657 68.138840 152026457682.000000
-0.443604 -0.806885 -0.943848 -191.728177 105.898859 69.114866 152026460596.000000
-0.473877 -0.804443 -0.929688 -191.850180 113.097054 69.968889 152026463510.000000
-0.489990 -0.809082 -0.937500 -193.802233 119.075215 70.639907 152026466428.000000
-0.525391 -0.799072 -0.949463 -194.900262 124.321357 71.066919 152026469417.000000
-0.555176 -0.783447 -0.944580 -196.364302 128.042457 71.859940 152026472334.000000
-0.572998 -0.779541 -0.951416 -197.340328 132.129567 71.493930 152026475253.000000
-0.596191 -0.760742 -0.952637 -198.255353 134.996645 71.310925 152026478166.000000
-0.604004 -0.751221 -0.967041 -199.780394 136.643689 70.395901 152026481080.000000
-0.613281 -0.748779 -0.986572 -201.915452 138.107729 69.724883 152026483997.000000
-0.638672 -0.747070 -0.990234 -203.196486 139.632770 68.382846 152026486911.000000
-0.650146 -0.752197 -0.989502 -204.660526 140.242787 67.162813 152026489826.000000
-0.663086 -0.756836 -1.002930 -206.307570 140.791801 66.430794 152026492741.000000
-0.687500 -0.760498 -0.993896 -206.673580 141.645824 65.698774 152026495658.000000
-0.694824 -0.761719 -1.002441 -206.978588 142.499847 65.271762 152026498572.000000
-0.719971 -0.752197 -0.992676 -207.222595 142.743854 65.210761 152026501486.000000
-0.734131 -0.751953 -0.999512 -207.954615 143.170866 65.576771 152026504407.000000
-0.740479 -0.753662 -0.998779 -208.381626 143.231867 65.454767 152026507324.000000
-0.747070 -0.748779 -1.000488 -208.991643 142.804856 65.149759 152026510239.000000
-0.758789 -0.738281 -0.998291 -209.845666 142.072836 65.149759 152026513153.000000
-0.759033 -0.745850 -0.996826 -210.577686 140.669798 64.722748 152026516078.000000
-0.767822 -0.741211 -1.003662 -211.187702 139.571768 64.234734 152026518991.000000
-0.783203 -0.739258 -0.996582 -210.943695 137.558714 63.685720 152026521905.000000
-0.787842 -0.736816 -0.996094 -211.004697 135.362655 62.526688 152026524827.000000
-0.793701 -0.741699 -0.990723 -210.211676 133.044592 61.550662 152026527758.000000
-0.806885 -0.739990 -0.993652 -210.089672 130.055511 60.452632 152026530673.000000
-0.816406 -0.729248 -1.000000 -209.540658 127.188434 60.025621 152026533594.000000
-0.795898 -0.721191 -0.988037 -209.357653 124.016348 58.622583 152026536520.000000
-0.822266 -0.723389 -0.982666 -208.198621 119.990240 57.646556 152026539433.000000
-0.821533 -0.721436 -0.986816 -207.527603 116.513146 56.792533 152026542346.000000
-0.805176 -0.710449 -0.991211 -206.673580 111.999024 55.511499 152026545274.000000
-0.778809 -0.687744 -1.006348 -206.429574 106.569877 54.108461 152026548192.000000
-0.774170 -0.684326 -1.010498 -205.941560 100.225706 52.705423 152026551135.000000
-0.777344 -0.674561 -1.019775 -206.185567 94.674556 51.912402 152026554054.000000
-0.758301 -0.665039 -1.006836 -205.209541 89.001403 50.448362 152026556971.000000
-0.725830 -0.659180 -1.021973 -204.477521 82.840237 48.740316 152026559888.000000
-0.721436 -0.651367 -1.016357 -204.477521 76.740072 47.581285 152026562804.000000
-0.710449 -0.639648 -1.019043 -204.599524 70.273897 46.056244 152026565721.000000
-0.704346 -0.634277 -1.028564 -204.599524 63.990728 44.714207 152026568636.000000
-0.666992 -0.629639 -1.022461 -204.416519 58.378576 43.311169 152026571580.000000
-0.663818 -0.625244 -1.035889 -204.233514 52.461416 42.213140 152026574497.000000
-0.668457 -0.634277 -1.028076 -204.172513 46.788263 41.908132 152026577414.000000
-0.658691 -0.636719 -1.024170 -203.684499 41.115110 41.054108 152026580329.000000
-0.637207 -0.630859 -1.038574 -203.135485 36.417983 40.505094 152026583245.000000
-0.641602 -0.616211 -1.034668 -202.952480 30.683828 40.139084 152026586174.000000
-0.621338 -0.599609 -1.045410 -203.074483 25.559690 39.712072 152026589088.000000
-0.620361 -0.592041 -1.053711 -202.769475 20.496553 39.407064 152026592003.000000
-0.618652 -0.565430 -1.068359 -202.647471 15.677423 39.407064 152026594921.000000
-0.615234 -0.540527 -1.069092 -202.342463 10.736290 39.224059 152026597834.000000
-0.612793 -0.520508 -1.075928 -202.464467 5.734155 39.041054 152026600750.000000
-0.601807 -0.493408 -1.094238 -203.806503 1.037028 39.407064 152026603663.000000
-0.599121 -0.475830 -1.096680 -204.111511 -3.660099 39.041054 152026606587.000000
-0.588379 -0.465820 -1.102295 -204.965534 -8.174221 38.675044 152026609502.000000
-0.594482 -0.442627 -1.080811 -203.074483 -12.444336 38.736046 152026612415.000000
-0.589844 -0.439941 -1.119873 -204.233514 -17.446471 38.187031 152026615346.000000
-0.573486 -0.418457 -1.115234 -204.599524 -21.228573 37.272006 152026618260.000000
-0.557129 -0.410889 -1.112549 -205.636552 -25.376685 36.295980 152026621172.000000
-0.537598 -0.406982 -1.124268 -206.490575 -29.951809 35.380955 152026624094.000000
-0.517578 -0.412109 -1.124023 -206.978588 -34.038919 34.221924 152026627012.000000
-0.492432 -0.420166 -1.133301 -207.832611 -37.638016 32.574880 152026629933.000000
-0.474609 -0.439697 -1.145020 -208.625633 -40.444092 30.927835 152026632848.000000
-0.462402 -0.441895 -1.149170 -209.174648 -43.738181 29.951809 152026635774.000000
-0.452393 -0.436035 -1.148682 -208.808638 -46.605258 28.975782 152026638689.000000
-0.449707 -0.442383 -1.140625 -207.954615 -49.228329 28.426768 152026641603.000000
-0.441162 -0.451416 -1.140869 -206.551577 -51.973403 28.365766 152026644525.000000
-0.441650 -0.453613 -1.137939 -205.514549 -53.925456 27.999756 152026647443.000000
-0.446533 -0.453369 -1.145996 -204.965534 -55.328494 28.121759 152026650359.000000
-0.451416 -0.443604 -1.153809 -203.501495 -56.365522 28.243763 152026653272.000000
-0.447510 -0.429932 -1.171631 -203.074483 -57.890563 28.548771 152026656190.000000
-0.442139 -0.426270 -1.175293 -202.342463 -59.293601 28.243763 152026659104.000000
-0.415527 -0.414307 -1.187256 -202.037455 -61.306655 27.633746 152026662017.000000
-0.458740 -0.349854 -1.172852 -200.146404 -62.526688 29.646800 152026664934.000000
-0.457275 -0.317627 -1.195557 -200.451412 -63.197706 30.927835 152026667848.000000
-0.454346 -0.299316 -1.210938 -200.939425 -64.112731 31.598853 152026670790.000000
-0.447266 -0.277588 -1.194824 -201.122430 -64.661746 32.513878 152026673705.000000
-0.421631 -0.250732 -1.190674 -201.671445 -65.881779 32.818886 152026676623.000000
-0.399170 -0.230713 -1.184326 -202.220460 -67.040810 33.184896 152026679537.000000
-0.401123 -0.206299 -1.179199 -203.562496 -67.467822 33.672909 152026682450.000000
-0.415527 -0.195068 -1.175781 -205.148539 -67.467822 34.526932 152026685365.000000
-0.404053 -0.187988 -1.157959 -205.758555 -67.406820 34.404929 152026688279.000000
-0.413574 -0.181396 -1.168945 -207.039590 -67.894833 35.380955 152026691192.000000
-0.397949 -0.180664 -1.161133 -207.832611 -68.443848 36.112975 152026694109.000000
-0.424072 -0.181641 -1.140869 -208.930641 -67.284817 36.783993 152026697024.000000
-0.429199 -0.190430 -1.127441 -208.991643 -66.552797 37.638016 152026699939.000000
-0.439697 -0.195801 -1.100342 -208.137620 -65.942780 38.919051 152026702853.000000
-0.436523 -0.194092 -1.093750 -207.649607 -65.820777 40.383090 152026705780.000000
-0.445068 -0.195557 -1.082520 -207.283597 -66.552797 40.688099 152026708694.000000
-0.433838 -0.203613 -1.070801 -206.490575 -67.162813 41.054108 152026711608.000000
-0.452148 -0.202881 -1.053955 -204.599524 -66.796804 41.847130 152026714531.000000
-0.472656 -0.203857 -1.067627 -203.257488 -66.186787 42.274141 152026717448.000000
-0.491455 -0.199463 -1.073242 -201.671445 -64.966754 42.274141 152026720362.000000
-0.504639 -0.199463 -1.068604 -200.634417 -64.051729 42.091136 152026723277.000000
-0.516113 -0.185303 -1.070068 -199.597389 -63.197706 41.542122 152026726209.000000
-0.500977 -0.178711 -1.076416 -199.170378 -63.319710 40.444092 152026729130.000000
-0.485352 -0.162598 -1.073730 -198.316355 -63.563716 39.163057 152026732045.000000
-0.483398 -0.143066 -1.076904 -198.743366 -63.380711 38.370036 152026734965.000000
-0.473145 -0.121582 -1.078613 -198.011346 -63.807723 37.272006 152026737884.000000
-0.450684 -0.099854 -1.076660 -198.133350 -64.539743 36.844995 152026740801.000000
-0.439697 -0.085205 -1.087402 -199.048374 -65.088757 36.722992 152026743715.000000
-0.433838 -0.063232 -1.070313 -199.597389 -64.539743 37.089001 152026746641.000000
-0.438477 -0.041748 -1.043701 -199.170378 -64.417739 38.248033 152026749554.000000
-0.442383 -0.033691 -1.040283 -199.353383 -63.624718 40.017080 152026752469.000000
-0.425537 -0.028809 -1.027588 -199.658391 -63.136705 40.993107 152026755385.000000
-0.423584 -0.025146 -0.990479 -198.987373 -61.733667 42.640151 152026758297.000000
-0.444824 -0.004395 -0.982178 -198.072348 -60.025621 45.263222 152026761213.000000
-0.456055 -0.001465 -0.980469 -198.011346 -58.866589 47.337278 152026764128.000000
-0.457764 0.011475 -0.946777 -196.608308 -56.121515 49.350332 152026767041.000000
-0.481201 0.020752 -0.936035 -195.815287 -54.352468 51.180382 152026769969.000000
-0.479736 0.031006 -0.919678 -193.863234 -52.583420 53.193436 152026772910.000000
-0.475586 0.046631 -0.920166 -193.375221 -51.302385 54.169463 152026775829.000000
-0.463379 0.042969 -0.882080 -191.057159 -50.143354 55.389496 152026778745.000000
-0.465088 0.059814 -0.897949 -189.776124 -50.448362 55.023486 152026781659.000000
-0.466797 0.071289 -0.884521 -188.983103 -50.692369 55.084487 152026784585.000000
-0.473389 0.083496 -0.880615 -188.068078 -50.631367 54.352468 152026787498.000000
-0.479492 0.099609 -0.866699 -186.909047 -50.753370 53.437443 152026790418.000000
-0.480225 0.113281 -0.883301 -186.482035 -50.753370 53.071433 152026793332.000000
-0.482178 0.120605 -0.872803 -186.055023 -51.424388 51.729397 152026796249.000000
-0.482910 0.125732 -0.859375 -185.628012 -51.485390 49.899347 152026799162.000000
-0.477783 0.122070 -0.863770 -185.139999 -52.156408 48.313304 152026802089.000000
-0.474365 0.125244 -0.856445 -184.651986 -52.949430 46.300250 152026805012.000000
-0.482910 0.135986 -0.847900 -184.041969 -53.315440 44.836211 152026807931.000000
-0.483154 0.141846 -0.850830 -184.468981 -54.352468 43.433173 152026810845.000000
-0.478516 0.148438 -0.843262 -184.468981 -55.450497 42.640151 152026813759.000000
-0.478760 0.158691 -0.837158 -184.712987 -56.487525 41.542122 152026816686.000000
-0.473389 0.165527 -0.821045 -184.346977 -57.829561 41.237113 152026819601.000000
-0.471191 0.182617 -0.806641 -184.529982 -59.598609 41.481120 152026822514.000000
-0.469238 0.186035 -0.792969 -183.980967 -60.452632 41.664125 152026825446.000000
-0.477295 0.195313 -0.778076 -184.102971 -61.855670 42.396145 152026828361.000000
-0.472900 0.204346 -0.778809 -184.956994 -63.441713 43.311169 152026831283.000000
-0.471680 0.203613 -0.763672 -185.567010 -64.173733 43.433173 152026835310.000000
-0.471680 0.216309 -0.762451 -186.238028 -64.112731 44.897212 152026838262.000000
-0.447021 0.220459 -0.749023 -186.787043 -65.698774 45.202220 152026841181.000000
-0.436768 0.217773 -0.715332 -186.726042 -67.589825 45.873239 152026844111.000000
-0.434082 0.189697 -0.673828 -184.468981 -69.541878 45.751235 152026847025.000000
-0.438477 0.178467 -0.661377 -181.784908 -70.700909 44.714207 152026849954.000000
-0.445801 0.166016 -0.656250 -180.137864 -71.920942 43.738181 152026852874.000000
-0.451416 0.162842 -0.654541 -178.978832 -72.652962 41.908132 152026855792.000000
-0.456299 0.153076 -0.654297 -177.392790 -74.422009 39.956079 152026858706.000000
-0.449707 0.141357 -0.636719 -175.684743 -76.801074 37.516013 152026861631.000000
-0.434082 0.136475 -0.630859 -173.793692 -79.790154 35.502959 152026864561.000000
-0.420166 0.122803 -0.584961 -171.292625 -83.633258 33.672909 152026867477.000000
-0.410400 0.103516 -0.544678 -168.059538 -88.330385 31.964863 152026870390.000000
-0.411377 0.084717 -0.477539 -163.972427 -93.149515 30.805832 152026873342.000000
-0.420410 0.075195 -0.432617 -160.007320 -97.785640 30.012810 152026876262.000000
-0.426514 0.071289 -0.396240 -155.615202 -102.055756 29.951809 152026879176.000000
-0.434082 0.086182 -0.398438 -152.443116 -105.227841 30.500824 152026882103.000000
-0.439697 0.110352 -0.381592 -149.271030 -107.484902 31.293845 152026885018.000000
-0.443604 0.142822 -0.377197 -146.403953 -108.765937 32.818886 152026887932.000000
-0.432129 0.177979 -0.344727 -142.987861 -109.375953 34.343927 152026890846.000000
-0.423828 0.201904 -0.332275 -140.059782 -110.046971 36.173977 152026893759.000000
-0.405029 0.230225 -0.313721 -137.314707 -110.412981 36.844995 152026896685.000000
-0.374756 0.281738 -0.297119 -135.179650 -110.961996 37.394010 152026899599.000000
-0.338623 0.325928 -0.278564 -132.800586 -112.426036 37.943024 152026902512.000000
-0.307129 0.359375 -0.254395 -130.177515 -113.219057 37.699018 152026905436.000000
-0.265625 0.377686 -0.246582 -128.774477 -113.890075 35.868968 152026908350.000000
-0.226318 0.391846 -0.232178 -127.310437 -113.463064 33.367901 152026911275.000000
-0.205566 0.399902 -0.210693 -126.090404 -112.487037 30.500824 152026914197.000000
-0.167480 0.404297 -0.204346 -125.602391 -111.511011 27.145733 152026917113.000000
-0.138184 0.396729 -0.167725 -123.528335 -110.290978 23.424632 152026920029.000000
-0.113525 0.371826 -0.125488 -121.149271 -109.741963 19.154517 152026922942.000000
-0.084961 0.339600 -0.085693 -118.648204 -109.436955 14.823400 152026925874.000000
-0.069824 0.315918 -0.050537 -114.927103 -110.351980 9.821265 152026928790.000000
-0.056396 0.282959 -0.009277 -111.083999 -111.206003 4.819130 152026931705.000000
-0.052490 0.247314 0.024170 -106.996889 -112.304032 0.732020 152026934626.000000
-0.040771 0.216309 0.052490 -103.214787 -113.890075 -4.087110 152026937544.000000
-0.044922 0.200195 0.077881 -99.310681 -116.025133 -8.113219 152026940459.000000
-0.044434 0.179688 0.106445 -94.979564 -118.404197 -11.468310 152026943375.000000
-0.040283 0.172607 0.129883 -90.770451 -121.027268 -14.884402 152026946301.000000
-0.036377 0.172363 0.146729 -86.805344 -123.955347 -17.934484 152026949215.000000
-0.030273 0.163086 0.181885 -83.145245 -127.005429 -20.557555 152026952131.000000
-0.024902 0.181885 0.198486 -79.546148 -129.750503 -22.997621 152026955047.000000
-0.024414 0.212891 0.229980 -74.300006 -132.495577 -25.010675 152026957973.000000
-0.021973 0.254395 0.167480 -73.506985 -133.837614 -25.742695 152026960888.000000
-0.007324 0.277832 0.165039 -70.761911 -133.532605 -27.816751 152026963907.000000
0.019043 0.331299 0.146729 -71.432929 -132.678582 -29.097786 152026966830.000000
0.032959 0.340820 0.156494 -69.175868 -130.787531 -30.622827 152026969748.000000
0.050049 0.354248 0.192383 -68.992863 -128.957482 -31.354847 152026972694.000000
0.080322 0.347168 0.236084 -62.526688 -126.334411 -32.879888 152026975613.000000
0.093262 0.347900 0.236084 -61.367657 -122.674312 -33.977917 152026978527.000000
0.102295 0.355713 0.249512 -57.585555 -117.428171 -34.526932 152026981440.000000
0.108154 0.369873 0.239990 -55.572500 -110.595986 -35.685964 152026984356.000000
0.108398 0.374512 0.208008 -53.376441 -103.214787 -36.173977 152026987270.000000
0.107666 0.379395 0.212891 -50.753370 -94.979564 -37.089001 152026990185.000000
0.111328 0.385498 0.209961 -48.496309 -87.293357 -38.065028 152026993100.000000
0.102295 0.378418 0.221191 -45.690234 -79.302141 -39.712072 152026996018.000000
0.091309 0.378906 0.234619 -42.274141 -71.066919 -41.115110 152026998931.000000
0.069580 0.378418 0.245117 -38.431038 -63.258708 -42.518148 152027001846.000000
0.050537 0.382324 0.252686 -34.648936 -55.999512 -44.104191 152027004771.000000
0.027344 0.382080 0.261963 -30.622827 -48.252303 -45.812237 152027007689.000000
-0.001709 0.386475 0.265381 -27.511743 -41.359117 -47.093272 152027010605.000000
-0.038574 0.395508 0.279541 -24.034649 -35.380955 -48.923321 152027013519.000000
-0.068848 0.407471 0.290039 -19.947539 -29.707802 -50.631367 152027016443.000000
-0.100586 0.426758 0.287598 -17.141463 -24.156652 -52.522418 152027019359.000000
-0.131348 0.451660 0.280762 -14.640395 -18.849509 -54.352468 152027022273.000000
-0.155029 0.471191 0.276367 -12.444336 -14.213384 -56.731532 152027025195.000000
-0.182373 0.488037 0.277100 -10.370280 -10.309278 -59.354603 152027028113.000000
-0.199219 0.497314 0.277344 -8.479229 -7.015189 -62.099677 152027031027.000000
-0.220947 0.500732 0.280273 -6.222168 -4.026109 -65.210761 152027033964.000000
-0.247559 0.504883 0.271729 -5.002135 -1.220033 -67.894833 152027036890.000000
-0.263428 0.515137 0.268066 -3.660099 1.403038 -71.188922 152027039805.000000
-0.289307 0.517578 0.243896 -3.233087 3.294089 -72.957970 152027042719.000000
-0.313721 0.529053 0.200928 -3.599097 4.880132 -75.154029 152027045643.000000
-0.336670 0.544678 0.149414 -4.636125 6.283170 -76.557067 152027048567.000000
-0.364258 0.562988 0.111816 -5.856158 6.405173 -78.204112 152027051505.000000
-0.398193 0.580322 0.076660 -7.259196 6.588178 -79.302141 152027054478.000000
-0.439697 0.601807 0.050293 -7.320198 6.039163 -79.729153 152027057412.000000
-0.479492 0.617676 0.030273 -5.978161 5.612152 -79.363143 152027060337.000000
-0.526611 0.640869 0.015869 -3.660099 4.514122 -78.814128 152027063270.000000
-0.570068 0.656006 0.004639 -1.159031 2.196059 -77.167084 152027066188.000000
-0.617188 0.673096 0.003906 1.464040 0.000000 -75.703044 152027069103.000000
-0.660645 0.683838 0.004639 4.087110 -3.111084 -73.628988 152027072019.000000
-0.712402 0.682373 0.000000 7.198194 -6.893186 -72.042945 152027074967.000000
-0.754150 0.683594 -0.014648 8.845239 -10.675288 -70.944916 152027077884.000000
-0.777344 0.677979 -0.020508 10.126273 -14.701397 -69.724883 152027080803.000000
-0.813232 0.660156 -0.017334 10.919295 -19.337522 -69.724883 152027083717.000000
-0.848389 0.641113 -0.019531 12.200329 -23.302629 -69.480876 152027086634.000000
-0.887451 0.624512 -0.017578 12.932349 -27.084731 -69.602879 152027089549.000000
-0.920654 0.608643 -0.041016 13.176356 -30.256817 -69.114866 152027092463.000000
-0.935547 0.613525 -0.077881 12.749344 -32.391875 -69.175868 152027095380.000000
-0.952148 0.608154 -0.100830 12.688343 -34.160922 -68.931861 152027098296.000000
-0.950195 0.608154 -0.110107 12.993351 -35.990972 -68.809858 152027101212.000000
-0.937012 0.601807 -0.111572 14.396389 -37.211005 -69.358873 152027104134.000000
-0.927246 0.594727 -0.116699 15.738425 -38.370036 -69.724883 152027107052.000000
-0.908447 0.598389 -0.127930 16.836455 -38.736046 -70.334899 152027109965.000000
-0.879150 0.600342 -0.142822 17.934484 -39.102056 -70.700909 152027112879.000000
-0.857910 0.603027 -0.162109 19.032514 -38.919051 -71.737937 152027115802.000000
-0.820313 0.612549 -0.186523 19.642530 -38.492039 -72.103947 152027118716.000000
-0.792969 0.614502 -0.210693 20.374550 -37.455011 -73.140975 152027121630.000000
-0.757080 0.625000 -0.227539 20.862563 -36.173977 -73.567986 152027124553.000000
-0.731445 0.633789 -0.257568 20.740560 -34.221924 -74.422009 152027127471.000000
-0.694824 0.642578 -0.287354 20.740560 -31.110840 -74.605014 152027130385.000000
-0.668457 0.639648 -0.312012 20.435552 -28.060758 -74.849021 152027133297.000000
-0.639404 0.642090 -0.317139 20.740560 -24.217654 -74.971024 152027136224.000000
-0.622314 0.630371 -0.329102 21.045568 -20.435552 -74.788019 152027139138.000000
-0.613037 0.620605 -0.324707 21.777588 -16.531446 -74.483011 152027142052.000000
-0.619385 0.616455 -0.333252 22.387604 -12.688343 -73.323980 152027144975.000000
-0.627686 0.607178 -0.329590 22.875618 -9.516257 -72.469957 152027147895.000000
-0.637695 0.605957 -0.329346 23.119624 -6.161166 -71.188922 152027150811.000000
-0.656006 0.607910 -0.326904 23.119624 -4.148112 -69.419874 152027153725.000000
-0.679688 0.603027 -0.333984 22.814616 -2.501068 -67.772830 152027156644.000000
-0.695313 0.602539 -0.320068 22.143598 -1.281035 -65.881779 152027159558.000000
-0.708984 0.600098 -0.311768 21.899591 -0.122003 -64.234734 152027162473.000000
-0.734619 0.600830 -0.305176 21.777588 4.819130 -60.940645 152027170161.000000
-0.746338 0.600098 -0.302246 21.777588 7.808211 -60.025621 152027173284.000000
-0.752441 0.606689 -0.301270 22.143598 10.675288 -59.049594 152027176206.000000
-0.761475 0.614014 -0.302734 21.838590 13.359361 -58.073568 152027179135.000000
-0.774414 0.621338 -0.292236 21.716586 16.592448 -56.975538 152027182140.000000
-0.783447 0.626465 -0.289551 21.350576 19.459525 -56.060514 152027185134.000000
-0.794434 0.633789 -0.285645 21.045568 22.387604 -54.779479 152027188066.000000
-0.802979 0.637451 -0.287842 20.496553 25.010675 -53.742451 152027190976.000000
-0.813965 0.641602 -0.297119 19.886537 27.694748 -53.315440 152027193927.000000
-0.822266 0.642578 -0.297119 19.520527 30.378820 -52.217410 152027196845.000000
-0.830322 0.644043 -0.298096 18.605502 32.269871 -51.485390 152027199758.000000
-0.835449 0.635742 -0.302002 18.483499 34.099921 -50.509364 152027202669.000000
-0.845947 0.625977 -0.302246 17.934484 35.746965 -49.838346 152027205580.000000
-0.846191 0.607178 -0.276367 18.605502 36.722992 -48.557311 152027208492.000000
-0.863281 0.595703 -0.284668 17.995486 38.004026 -47.947295 152027211414.000000
-0.861572 0.576416 -0.257080 18.666504 38.431038 -46.605258 152027214327.000000
-0.868652 0.573730 -0.271729 18.666504 39.163057 -45.446227 152027217242.000000
-0.876709 0.562012 -0.254150 18.849509 38.858049 -44.287196 152027220154.000000
-0.873779 0.549072 -0.260010 18.544501 38.797048 -43.250168 152027223061.000000
-0.875977 0.541992 -0.248047 18.788507 38.248033 -42.579150 152027225986.000000
-0.881348 0.536377 -0.247314 18.422497 38.248033 -41.847130 152027228900.000000
-0.876953 0.532715 -0.255371 18.178491 38.004026 -41.298115 152027231811.000000
-0.877686 0.531250 -0.249512 17.995486 38.004026 -41.237113 152027234722.000000
-0.878418 0.522461 -0.253418 17.873483 37.821021 -40.932105 152027237633.000000
-0.877197 0.522461 -0.245850 17.873483 38.004026 -40.810102 152027240559.000000
-0.881592 0.526855 -0.249756 18.300494 37.760020 -40.627097 152027243469.000000
-0.890381 0.522461 -0.247803 18.117489 37.150003 -40.505094 152027246403.000000
-0.896484 0.524170 -0.239014 18.239492 36.356982 -40.078082 152027249322.000000
-0.906250 0.521973 -0.248535 18.422497 35.441957 -39.590069 152027252241.000000
-0.913818 0.534424 -0.251221 18.117489 34.282926 -38.858049 152027255167.000000
-0.920654 0.536865 -0.261475 17.507473 33.123894 -38.370036 152027258106.000000
-0.927734 0.536133 -0.264893 16.897456 32.208870 -37.821021 152027261022.000000
-0.929199 0.542969 -0.263916 16.653450 30.500824 -37.333008 152027263952.000000
-0.936768 0.539307 -0.268066 16.775453 29.219789 -36.905996 152027266870.000000
-0.941406 0.537109 -0.264893 16.226438 28.243763 -36.783993 152027269785.000000
-0.942871 0.537842 -0.271484 16.104435 26.840725 -36.112975 152027272699.000000
-0.946289 0.537842 -0.265869 15.982432 25.376685 -35.868968 152027275703.000000
-0.945313 0.534424 -0.273193 15.799427 24.034649 -35.441957 152027278624.000000
-0.945313 0.533447 -0.278076 15.982432 22.936619 -34.953944 152027281550.000000
-0.945801 0.532471 -0.283203 15.799427 21.411578 -34.770939 152027284472.000000
-0.946533 0.535889 -0.279785 15.799427 19.886537 -33.977917 152027287390.000000
-0.950439 0.537109 -0.281738 15.494418 18.727506 -33.306899 152027290314.000000
-0.950684 0.536377 -0.288330 15.494418 17.385469 -32.879888 152027293229.000000
-0.946777 0.540283 -0.298096 15.494418 15.738425 -32.940889 152027296148.000000
-0.940918 0.537842 -0.293457 14.884402 14.335387 -32.757884 152027299076.000000
-0.934570 0.538330 -0.290039 14.823400 12.322333 -32.208870 152027301991.000000
-0.926270 0.532471 -0.286621 14.335387 10.614287 -32.574880 152027304911.000000
-0.920410 0.530762 -0.290771 13.969377 8.418227 -32.696883 152027307829.000000
-0.915527 0.520752 -0.287109 13.420362 6.832184 -32.940889 152027310746.000000
-0.909180 0.512451 -0.295654 12.871348 5.124138 -32.391875 152027313662.000000
-0.898926 0.497559 -0.294434 13.176356 3.538096 -32.269871 152027316581.000000
-0.892090 0.492920 -0.288086 13.115354 1.952053 -32.086866 152027319497.000000
-0.880371 0.475830 -0.287109 13.237357 1.403038 -31.720856 152027322412.000000
-0.863770 0.459717 -0.295898 13.847374 0.305008 -31.110840 152027325330.000000
-0.851074 0.445068 -0.282959 14.457390 0.366010 -30.866833 152027328247.000000
-0.839111 0.432861 -0.284424 15.250412 0.915025 -30.378820 152027331164.000000
-0.834229 0.423340 -0.272217 16.409443 1.586043 -29.951809 152027334082.000000
-0.829834 0.418457 -0.270996 17.019460 2.806076 -29.097786 152027336999.000000
-0.830322 0.414795 -0.254150 17.934484 4.453120 -28.487769 152027339954.000000
-0.833740 0.422119 -0.253662 18.971512 6.283170 -27.206735 152027343063.000000
-0.829834 0.429443 -0.252197 19.215519 8.479229 -26.535716 152027346243.000000
-0.827393 0.436768 -0.261719 19.337522 10.736290 -25.315684 152027349275.000000
-0.821533 0.450684 -0.261230 19.215519 12.871348 -24.705667 152027352253.000000
-0.810547 0.460449 -0.262207 19.276520 14.579394 -24.095651 152027355201.000000
-0.810059 0.463623 -0.261475 19.520527 16.653450 -23.851644 152027358123.000000
-0.806152 0.468750 -0.260254 19.642530 18.422497 -23.485634 152027361037.000000
-0.807129 0.468262 -0.260254 20.191545 19.825535 -22.814616 152027363955.000000
-0.803955 0.468506 -0.256104 20.801562 21.289575 -22.570609 152027366869.000000
-0.808350 0.465820 -0.259033 20.862563 22.570609 -22.204600 152027369783.000000
-0.805420 0.464111 -0.263428 21.411578 23.485634 -22.021595 152027372697.000000
-0.808594 0.454834 -0.265137 21.228573 24.400659 -21.594583 152027375615.000000
-0.805664 0.452393 -0.268555 21.289575 25.193680 -20.984567 152027378535.000000
-0.809570 0.445557 -0.267822 21.960593 25.498688 -20.496553 152027381450.000000
-0.815918 0.440186 -0.276855 22.082596 26.352712 -20.313548 152027384373.000000
-0.818359 0.436523 -0.283203 22.021595 26.962728 -19.764534 152027387288.000000
-0.822021 0.430176 -0.291260 22.265601 27.694748 -19.398524 152027390200.000000
-0.821045 0.424316 -0.291504 22.326603 28.365766 -18.849509 152027393114.000000
-0.824951 0.415283 -0.283691 22.509608 28.670774 -19.032514 152027396031.000000
-0.823975 0.415527 -0.288086 22.692613 29.280791 -19.032514 152027398945.000000
-0.826172 0.412354 -0.289307 22.631611 29.280791 -19.154517 152027401860.000000
-0.824951 0.413330 -0.296875 22.387604 29.707802 -19.459525 152027404777.000000
-0.821289 0.406738 -0.295166 22.448606 29.463796 -20.008540 152027407691.000000
-0.814453 0.404785 -0.299072 23.180626 29.036784 -20.557555 152027410606.000000
-0.816650 0.395752 -0.295410 23.180626 28.853779 -21.228573 152027413518.000000
-0.817383 0.388184 -0.292969 23.851644 28.853779 -21.472580 152027416437.000000
-0.817871 0.377441 -0.288574 24.522662 27.999756 -22.021595 152027419354.000000
-0.820313 0.372314 -0.288818 25.498688 27.755749 -22.021595 152027422267.000000
-0.818115 0.369141 -0.294189 25.986702 27.572744 -22.082596 152027425185.000000
-0.813965 0.364258 -0.293213 26.413713 27.206735 -21.899591 152027428097.000000
-0.810059 0.361328 -0.283447 27.206735 26.535716 -21.960593 152027431011.000000
-0.810059 0.359131 -0.287842 27.755749 25.559690 -21.899591 152027433932.000000
-0.815918 0.358887 -0.282227 28.426768 25.376685 -22.204600 152027436849.000000
-0.810791 0.358154 -0.290283 28.792777 24.766669 -22.143598 152027439763.000000
-0.804688 0.361084 -0.297852 28.609772 24.400659 -22.387604 152027442678.000000
-0.805664 0.359619 -0.305176 28.792777 23.851644 -22.936619 152027445606.000000
-0.795410 0.347900 -0.302002 28.426768 23.729641 -23.302629 152027448533.000000
-0.787842 0.347168 -0.309570 29.158787 23.485634 -24.217654 152027451447.000000
-0.790527 0.343018 -0.312256 29.280791 22.936619 -24.705667 152027454368.000000
-0.786133 0.333252 -0.307373 29.707802 22.875618 -25.071677 152027457284.000000
-0.782471 0.328369 -0.298828 30.561825 22.448606 -25.559690 152027460197.000000
-0.783447 0.317871 -0.299805 31.354847 22.021595 -25.925700 152027463110.000000
-0.776367 0.310059 -0.294922 32.757884 21.411578 -26.169707 152027466040.000000
-0.772461 0.311035 -0.293457 33.489904 21.045568 -26.596718 152027468957.000000
-0.771973 0.314453 -0.282227 34.160922 20.496553 -26.962728 152027471871.000000
-0.770264 0.314941 -0.280029 34.770939 20.557555 -27.450741 152027474796.000000
-0.765381 0.314941 -0.289551 35.380955 20.801562 -27.999756 152027477715.000000
-0.748291 0.312744 -0.286377 35.929970 21.167572 -28.914781 152027480630.000000
-0.743408 0.312744 -0.286133 36.356982 21.777588 -29.646800 152027483544.000000
-0.739014 0.306641 -0.284912 37.516013 22.509608 -30.256817 152027486460.000000
-0.727539 0.311035 -0.273193 38.431038 23.485634 -31.232843 152027489375.000000
-0.719238 0.306152 -0.273926 39.346062 24.461660 -31.720856 152027492294.000000
-0.712158 0.303467 -0.272461 39.712072 25.315684 -32.147868 152027495211.000000
-0.698730 0.296143 -0.267822 41.054108 26.047703 -33.123894 152027498138.000000
-0.690186 0.287109 -0.261475 41.603123 26.962728 -33.611908 152027501053.000000
-0.685791 0.278809 -0.263428 42.762155 27.694748 -34.160922 152027503975.000000
-0.678711 0.268555 -0.255371 43.982188 28.426768 -34.892942 152027506891.000000
-0.669678 0.263916 -0.249023 45.324224 29.036784 -35.319954 152027509805.000000
-0.660889 0.249023 -0.244385 46.849265 29.585799 -36.295980 152027512720.000000
-0.648438 0.231934 -0.233398 48.191301 29.829805 -36.600988 152027515647.000000
-0.640869 0.217773 -0.231201 50.204356 30.683828 -37.638016 152027518561.000000
-0.632324 0.208496 -0.225342 51.668395 31.110840 -38.431038 152027521475.000000
-0.629150 0.190918 -0.226563 53.742451 32.391875 -39.102056 152027524397.000000
-0.629639 0.177490 -0.230469 55.206491 33.428903 -39.773074 152027527316.000000
-0.634521 0.173096 -0.240723 56.792533 34.526932 -40.505094 152027530230.000000
-0.636719 0.170166 -0.239746 58.378576 35.319954 -41.054108 152027533147.000000
-0.640381 0.166992 -0.242188 59.537608 36.173977 -41.664125 152027536080.000000
-0.649658 0.162598 -0.235107 61.184652 36.539987 -42.152138 152027538996.000000
-0.651123 0.160889 -0.240723 62.831696 37.394010 -42.884158 152027541909.000000
-0.649902 0.150635 -0.235107 64.417739 37.516013 -43.128164 152027544831.000000
-0.653564 0.149902 -0.237061 65.942780 37.943024 -43.921186 152027547747.000000
-0.652588 0.138428 -0.238770 67.528823 38.614043 -44.653206 152027550661.000000
-0.652832 0.135498 -0.236572 69.114866 39.041054 -45.324224 152027553576.000000
-0.658203 0.128662 -0.240723 71.005917 40.017080 -46.178247 152027556493.000000
-0.660645 0.126465 -0.246826 72.408955 40.810102 -47.154273 152027559408.000000
-0.660645 0.125488 -0.251465 74.056000 41.725127 -47.459281 152027562322.000000
-0.668701 0.119385 -0.254150 75.337034 42.640151 -48.801318 152027565237.000000
-0.682373 0.123047 -0.262451 76.191057 43.189166 -49.350332 152027568151.000000
-0.677734 0.109131 -0.245605 77.594095 43.311169 -50.326359 152027571068.000000
-0.678955 0.108643 -0.262451 78.143110 43.311169 -51.485390 152027573990.000000
-0.673340 0.094482 -0.266113 79.729153 42.701153 -52.644421 152027576912.000000
-0.662842 0.092529 -0.261230 80.644177 42.701153 -53.620448 152027579826.000000
-0.662598 0.080811 -0.261963 81.986214 41.847130 -55.450497 152027582740.000000
-0.655762 0.069092 -0.261963 83.267248 41.176112 -57.341548 152027585671.000000
-0.658203 0.056396 -0.265137 84.670286 40.261087 -59.537608 152027588595.000000
-0.650879 0.042969 -0.264893 85.951321 39.224059 -61.733667 152027591516.000000
-0.637207 0.017822 -0.278076 87.720368 38.187031 -64.051729 152027594433.000000
-0.633789 -0.001221 -0.269775 89.733423 36.600988 -66.247789 152027597353.000000
-0.625244 -0.026367 -0.267822 92.173489 35.136949 -68.992863 152027600268.000000
-0.624268 -0.053955 -0.260742 94.796560 33.550906 -71.493930 152027603189.000000
-0.613281 -0.077393 -0.254150 98.090648 32.147868 -74.239004 152027606125.000000
-0.605957 -0.100342 -0.261230 101.079729 31.476850 -76.984079 152027609041.000000
-0.606934 -0.123779 -0.249756 104.068810 30.866833 -79.363143 152027611963.000000
-0.607910 -0.138428 -0.259277 107.606905 30.683828 -81.986214 152027614885.000000
-0.614746 -0.147705 -0.266113 110.229976 30.927835 -83.694260 152027617803.000000
-0.622314 -0.158447 -0.278809 113.097054 31.537852 -85.585311 152027620718.000000
-0.636230 -0.158447 -0.281006 115.171110 31.964863 -87.049350 152027623633.000000
-0.646973 -0.160645 -0.296875 117.306167 32.696883 -87.903373 152027626559.000000
-0.663086 -0.152832 -0.297852 119.807235 33.611908 -89.062405 152027629474.000000
-0.675293 -0.143555 -0.312012 121.515281 34.343927 -89.550418 152027632390.000000
-0.682373 -0.135254 -0.319580 123.467334 35.746965 -89.367413 152027635359.000000
-0.682129 -0.120117 -0.336426 125.724395 37.394010 -89.916428 152027638274.000000
-0.680664 -0.105957 -0.359863 127.188434 39.163057 -90.221436 152027641188.000000
-0.677490 -0.079590 -0.378174 128.286464 41.115110 -90.526444 152027644109.000000
-0.675781 -0.063965 -0.401611 129.201488 42.762155 -91.319466 152027647025.000000
-0.669189 -0.050049 -0.413818 130.177515 44.714207 -92.539499 152027649957.000000
-0.672363 -0.038086 -0.427490 130.543525 46.361252 -93.759532 152027652871.000000
-0.669922 -0.023438 -0.428223 131.214543 47.520283 -94.674556 152027655787.000000
-0.675049 -0.013428 -0.442383 131.519551 48.923321 -95.467578 152027658701.000000
-0.685547 -0.011230 -0.453369 131.946563 49.655341 -96.199597 152027661615.000000
-0.697754 -0.005371 -0.464111 132.556579 50.082352 -96.687611 152027664544.000000
-0.694824 -0.008545 -0.466553 132.617581 49.716342 -97.053620 152027667458.000000
-0.712402 -0.019043 -0.480957 132.983591 49.106326 -97.175624 152027670378.000000
-0.722656 -0.035400 -0.478271 133.471604 47.825291 -97.907644 152027673300.000000
-0.725586 -0.051025 -0.483398 133.898615 45.995242 -98.029647 152027676218.000000
-0.734863 -0.066406 -0.497314 133.776612 43.494174 -98.578662 152027679142.000000
-0.729492 -0.086426 -0.507813 134.264625 41.542122 -99.493686 152027682068.000000
-0.729492 -0.104492 -0.494141 134.142622 38.553041 -100.652718 152027684984.000000
-0.719482 -0.130127 -0.504150 134.874642 35.319954 -101.445739 152027687897.000000
-0.719727 -0.153564 -0.523438 135.484658 31.232843 -103.031782 152027690814.000000
-0.698730 -0.181641 -0.513184 136.399683 27.877753 -104.678826 152027693727.000000
-0.683105 -0.197266 -0.543213 136.887696 25.193680 -106.813884 152027696656.000000
-0.678711 -0.204102 -0.555420 137.436711 22.814616 -108.887940 152027699569.000000
-0.673584 -0.214355 -0.570801 137.924724 20.862563 -110.900994 152027702483.000000
-0.666260 -0.220459 -0.578613 139.449765 19.093516 -112.609040 152027705409.000000
-0.650391 -0.221191 -0.619385 139.388763 18.361496 -114.378088 152027708323.000000
-0.643311 -0.223877 -0.618896 140.059782 17.812481 -116.330141 152027711235.000000
-0.641602 -0.226563 -0.639404 140.364790 17.873483 -117.672177 152027714168.000000
-0.635742 -0.218994 -0.644775 140.791801 17.812481 -118.770207 152027717085.000000
-0.636230 -0.218506 -0.671631 141.279815 18.483499 -119.868236 152027720000.000000
-0.626709 -0.219971 -0.684814 140.852803 19.581529 -120.295248 152027722914.000000
-0.624512 -0.213867 -0.714111 141.218813 20.496553 -121.088269 152027725838.000000
-0.626221 -0.214355 -0.718262 140.486793 22.509608 -121.515281 152027728756.000000
-0.627930 -0.217529 -0.732666 140.486793 24.400659 -121.881291 152027731670.000000
-0.632080 -0.220703 -0.733154 140.120783 26.352712 -122.003294 152027734591.000000
-0.638916 -0.226563 -0.751465 140.059782 29.524797 -122.003294 152027737509.000000
-0.651123 -0.237305 -0.750000 139.876777 32.025865 -122.064296 152027740423.000000
-0.667236 -0.245605 -0.750977 139.510767 35.075947 -121.576283 152027743338.000000
-0.682617 -0.253418 -0.752197 139.144757 38.065028 -121.271274 152027746263.000000
-0.705078 -0.258057 -0.742920 139.022754 40.749100 -120.112243 152027749177.000000
-0.729248 -0.270996 -0.729736 139.205759 42.823156 -119.014213 152027752092.000000
-0.756348 -0.286377 -0.729004 139.876777 44.653206 -117.611176 152027755009.000000
-0.779053 -0.294922 -0.734619 140.181785 46.483255 -116.147136 152027757923.000000
-0.793701 -0.305176 -0.735840 140.303788 48.191301 -114.988105 152027760837.000000
-0.808350 -0.308838 -0.742920 140.059782 50.082352 -114.195083 152027763752.000000
-0.814697 -0.317139 -0.742920 139.876777 50.753370 -113.768072 152027766669.000000
-0.818359 -0.324219 -0.752930 139.144757 51.363387 -113.768072 152027769591.000000
-0.815918 -0.325439 -0.761719 138.839749 51.424388 -113.951077 152027772511.000000
-0.816895 -0.330811 -0.765137 137.985726 51.180382 -115.415116 152027775427.000000
-0.809082 -0.334473 -0.773193 137.497712 50.875374 -116.879156 152027778343.000000
-0.801270 -0.333496 -0.790771 136.399683 49.716342 -119.075215 152027781262.000000
-0.791016 -0.340088 -0.797363 136.155676 48.801318 -121.149271 152027784177.000000
-0.784180 -0.340576 -0.808105 135.301653 47.459281 -123.406332 152027787092.000000
-0.771240 -0.346680 -0.816162 135.057647 46.300250 -125.968401 152027790005.000000
-0.767090 -0.351807 -0.822754 134.447630 44.531202 -128.042457 152027792918.000000
-0.767090 -0.357178 -0.827637 133.715610 43.128164 -130.055511 152027795834.000000
-0.765625 -0.372803 -0.842773 135.667663 44.653206 -132.129567 152027798746.000000
-0.800049 -0.272949 -1.279541 113.829073 37.760020 -132.678582 152027801659.000000
-0.818848 -0.425781 -0.386475 143.353871 37.272006 -137.375709 152027804580.000000
-0.967041 -0.399170 -0.749756 134.508632 38.065028 -135.972671 152027807499.000000
-0.921387 -0.470703 -0.677734 143.536875 31.720856 -133.898615 152027810416.000000
-0.870850 -0.484863 -0.611084 139.022754 28.426768 -133.837614 152027813329.000000
-0.887451 -0.522461 -0.779297 135.118648 27.023730 -133.593607 152027816254.000000
-0.904053 -0.551514 -0.793457 133.776612 24.949674 -133.776612 152027819170.000000
-0.885742 -0.538330 -0.695313 136.887696 22.387604 -134.142622 152027822083.000000
-0.912109 -0.523438 -0.741455 135.789666 19.215519 -133.959617 152027825005.000000
-0.914063 -0.532227 -0.752197 134.935643 17.385469 -133.471604 152027827923.000000
-0.916016 -0.514160 -0.743164 133.410602 17.019460 -133.898615 152027830838.000000
-0.924561 -0.484131 -0.753906 132.739584 15.128408 -133.776612 152027833752.000000
-0.929199 -0.456055 -0.738037 132.007564 13.115354 -133.837614 152027836668.000000
-0.930420 -0.428955 -0.750244 130.665528 10.553285 -134.325627 152027839581.000000
-0.938232 -0.405273 -0.760010 128.164460 9.577259 -134.386628 152027842495.000000
-0.938232 -0.383057 -0.757813 126.334411 7.442201 -134.569633 152027845419.000000
-0.943848 -0.382568 -0.737549 125.419386 5.795156 -134.569633 152027848343.000000
-0.937012 -0.388184 -0.718506 124.748368 3.782102 -135.118648 152027851258.000000
-0.931396 -0.398438 -0.706055 123.650339 1.159031 -135.423656 152027854176.000000
-0.933350 -0.415771 -0.687988 123.162325 -2.013054 -136.033673 152027857090.000000
-0.915039 -0.434082 -0.686035 122.857317 -4.697127 -137.131703 152027860003.000000
-0.911377 -0.453369 -0.683594 121.942292 -8.601232 -137.924724 152027862916.000000
-0.892578 -0.470703 -0.688721 120.112243 -11.895321 -139.083755 152027865837.000000
-0.873535 -0.494141 -0.703857 118.038187 -15.616422 -140.730800 152027868757.000000
-0.852295 -0.519775 -0.722900 115.720124 -19.215519 -141.950833 152027871677.000000
-0.844971 -0.547119 -0.740723 113.158055 -22.814616 -143.414872 152027874594.000000
-0.840820 -0.582275 -0.755127 109.924968 -26.413713 -144.329897 152027877508.000000
-0.839844 -0.625000 -0.768555 106.874886 -29.829805 -145.366925 152027880424.000000
-0.840088 -0.675537 -0.786377 103.946807 -32.757884 -146.098945 152027883338.000000
-0.853760 -0.729980 -0.789307 101.262734 -35.380955 -146.220948 152027886256.000000
-0.885498 -0.785400 -0.786377 99.066675 -37.760020 -145.671933 152027889170.000000
-0.907715 -0.838135 -0.777100 97.663637 -39.651071 -144.817910 152027892084.000000
-0.942139 -0.882568 -0.761963 96.626609 -42.091136 -143.353871 152027894999.000000
-0.970459 -0.915283 -0.751465 96.199597 -45.324224 -141.767828 152027897913.000000
-0.987549 -0.947754 -0.734619 96.504606 -48.191301 -140.303788 152027900829.000000
-1.003906 -0.956787 -0.721680 96.260599 -52.156408 -139.632770 152027903743.000000
-1.026855 -0.965088 -0.671387 98.029647 -56.853535 -139.205759 152027906668.000000
-1.053955 -0.950439 -0.669678 98.273653 -61.733667 -139.937778 152027909582.000000
-1.069824 -0.931152 -0.626709 100.286708 -67.345818 -141.462819 152027912496.000000
-1.083008 -0.898193 -0.621826 100.774721 -73.689990 -143.048862 152027915421.000000
-1.085449 -0.859375 -0.602539 101.628744 -80.339169 -145.854938 152027918334.000000
-1.082031 -0.824219 -0.601807 100.957726 -87.781370 -148.905020 152027921248.000000
-1.068848 -0.788330 -0.580566 99.920698 -96.382602 -153.114134 152027924172.000000
-1.046387 -0.756592 -0.557617 98.700665 -105.715854 -157.018239 152027927090.000000
-1.016602 -0.738281 -0.540283 97.297627 -114.988105 -161.349356 152027930016.000000
-0.981201 -0.733154 -0.524170 95.955591 -125.358385 -166.778503 152027932928.000000
-0.930176 -0.724854 -0.496338 94.430550 -135.179650 -171.475630 152027935852.000000
-0.875732 -0.732422 -0.475830 93.271518 -144.390899 -176.477765 152027938766.000000
-0.813232 -0.742188 -0.448242 92.295492 -152.504118 -180.503874 152027941678.000000
-0.753906 -0.765137 -0.433105 92.539499 -158.177271 -183.736961 152027944601.000000
-0.698730 -0.781006 -0.410889 92.661502 -161.593363 -185.628012 152027947518.000000
-0.643066 -0.801025 -0.407715 92.539499 -163.240407 -187.580065 152027950432.000000
-0.598877 -0.810547 -0.410645 92.600500 -161.837370 -187.458061 152027953347.000000
-0.560059 -0.822998 -0.401123 92.356494 -159.031294 -187.641066 152027956261.000000
-0.516602 -0.819336 -0.409180 91.563472 -153.785152 -185.994022 152027959174.000000
-0.480713 -0.812988 -0.409424 91.197462 -147.806991 -184.041969 152027962099.000000
-0.452148 -0.801758 -0.407959 89.672421 -139.449765 -181.601903 152027965118.000000
-0.437744 -0.796387 -0.400146 89.062405 -129.445495 -178.246813 152027968053.000000
-0.427490 -0.789063 -0.409180 88.147380 -119.319222 -174.830720 152027970978.000000
-0.419189 -0.777344 -0.406250 87.659367 -108.277924 -170.987617 152027973982.000000
-0.408447 -0.771240 -0.421387 86.195327 -95.650583 -166.534496 152027976901.000000
-0.402832 -0.773926 -0.429688 84.487281 -82.291222 -162.935399 152027979887.000000
-0.392578 -0.778809 -0.438965 82.352224 -68.809858 -158.604282 152027982802.000000
-0.402344 -0.796143 -0.451416 80.705179 -55.999512 -155.188190 152027985722.000000
-0.405518 -0.817139 -0.454346 78.753126 -43.189166 -151.833099 152027988635.000000
-0.414795 -0.859131 -0.452148 77.045080 -30.012810 -148.722015 152027991551.000000
-0.427490 -0.900635 -0.442383 76.069054 -18.239492 -146.403953 152027994468.000000
-0.443604 -0.950439 -0.433594 75.642042 -7.381199 -144.512902 152027997383.000000
-0.453613 -1.010010 -0.416504 76.069054 3.477094 -142.865857 152028000296.000000
-0.468262 -1.072021 -0.399170 77.106082 12.871348 -141.401818 152028003211.000000
-0.482910 -1.129883 -0.373047 79.424144 20.984567 -140.425791 152028006127.000000
-0.498291 -1.188232 -0.347900 82.657232 28.731776 -139.754773 152028009041.000000
-0.504883 -1.216553 -0.331787 86.134326 35.319954 -139.571768 152028011954.000000
-0.499023 -1.253906 -0.313477 89.550418 41.298115 -139.266760 152028014873.000000
-0.558105 -1.272949 -0.266357 94.979564 46.971268 -138.473739 152028017787.000000
-0.577881 -1.286865 -0.242432 99.310681 51.485390 -137.924724 152028020702.000000
-0.610107 -1.273682 -0.228271 104.800830 55.511499 -136.582688 152028023624.000000
-0.642334 -1.239014 -0.206787 108.399927 58.805588 -135.301653 152028026549.000000
-0.665283 -1.199463 -0.190674 112.243031 61.367657 -133.288599 152028029463.000000
-0.688232 -1.142822 -0.186768 114.622095 62.221680 -131.275544 152028032378.000000
-0.695801 -1.083008 -0.179443 115.964131 62.099677 -129.018483 152028035333.000000
-0.697510 -1.026855 -0.187256 115.476118 60.818642 -127.798451 152028038249.000000
-0.677246 -0.970947 -0.194580 114.805100 58.927591 -126.334411 152028041164.000000
-0.657715 -0.930176 -0.201660 112.914049 57.402550 -124.931373 152028044087.000000
-0.630127 -0.911621 -0.222168 111.389008 55.755505 -124.260355 152028047004.000000
-0.612793 -0.898682 -0.237305 109.009943 54.596474 -123.223327 152028049918.000000
-0.573242 -0.900635 -0.248291 106.508876 53.986458 -122.064296 152028052832.000000
-0.546875 -0.919678 -0.258789 104.678826 54.047459 -120.600256 152028055749.000000
-0.519287 -0.955322 -0.275146 103.031782 54.291466 -119.441225 152028058666.000000
-0.485596 -0.991699 -0.278320 101.567742 55.755505 -117.489172 152028061580.000000
-0.457275 -1.039063 -0.298828 100.591716 57.341548 -115.903129 152028064504.000000
-0.434082 -1.081055 -0.306396 99.493686 59.598609 -114.378088 152028067426.000000
-0.411865 -1.123291 -0.323730 99.005673 62.099677 -112.548039 152028070340.000000
-0.387939 -1.161133 -0.334717 98.761667 64.966754 -111.267004 152028073254.000000
-0.374268 -1.198242 -0.345703 98.822668 68.321845 -109.619960 152028076170.000000
-0.367188 -1.221436 -0.360107 98.639663 72.530958 -108.277924 152028079084.000000
-0.368896 -1.249756 -0.363525 99.371683 77.167084 -106.569877 152028082042.000000
-0.374512 -1.256836 -0.364990 100.103703 83.023242 -104.617825 152028084960.000000
-0.397949 -1.263916 -0.354736 102.116757 88.940401 -102.238760 152028087875.000000
-0.427490 -1.258057 -0.337158 104.190813 94.735558 -99.615690 152028090788.000000
-0.472412 -1.250000 -0.320313 106.996889 100.774721 -96.443604 152028093707.000000
-0.511963 -1.220947 -0.302979 109.253950 105.959861 -93.149515 152028096625.000000
-0.558105 -1.183350 -0.280762 111.083999 109.985970 -89.672421 152028099541.000000
-0.613281 -1.134033 -0.266357 112.121027 112.548039 -86.317331 152028102455.000000
-0.663818 -1.078125 -0.254639 112.304032 113.768072 -83.084243 152028105382.000000
-0.707764 -1.029053 -0.249512 111.938022 112.609040 -79.790154 152028108296.000000
-0.741943 -0.983154 -0.240234 110.412981 110.595986 -77.289087 152028111210.000000
-0.770264 -0.947021 -0.224365 108.582932 106.386872 -75.093028 152028114144.000000
-0.798096 -0.924072 -0.216797 106.813884 100.957726 -73.262978 152028117061.000000
-0.809326 -0.916260 -0.199463 104.190813 94.430550 -71.432929 152028119975.000000
-0.811279 -0.916992 -0.201660 101.872751 86.988349 -70.456902 152028122889.000000
-0.814941 -0.922119 -0.193359 99.737693 78.692125 -69.358873 152028125816.000000
-0.809082 -0.937012 -0.175781 98.090648 69.602879 -68.809858 152028128731.000000
-0.782959 -0.964844 -0.170166 95.467578 59.720612 -69.053864 152028131645.000000
-0.761719 -0.990723 -0.170654 92.966510 49.716342 -69.663881 152028134565.000000
-0.741455 -1.014404 -0.166504 90.465443 38.980052 -70.090892 152028137483.000000
-0.709229 -1.045410 -0.153076 88.086378 29.097786 -70.517904 152028140397.000000
-0.682129 -1.065918 -0.150146 86.439334 19.642530 -70.822912 152028143311.000000
-0.649658 -1.082764 -0.145752 84.609284 10.675288 -71.493930 152028146236.000000
-0.616455 -1.096680 -0.148438 82.962240 2.745074 -71.676935 152028149150.000000
-0.584961 -1.103760 -0.151367 81.254194 -4.209114 -72.286952 152028152063.000000
-0.554932 -1.108154 -0.147705 79.851156 -10.614287 -72.103947 152028154979.000000
-0.534424 -1.106201 -0.153809 78.204112 -15.738425 -71.920942 152028157893.000000
-0.505371 -1.104248 -0.157471 76.740072 -19.886537 -71.615934 152028160806.000000
-0.485107 -1.095703 -0.167480 75.276032 -23.424632 -71.127920 152028163727.000000
-0.462158 -1.088135 -0.169434 74.300006 -25.986702 -70.090892 152028166648.000000
-0.442139 -1.072754 -0.167236 73.384981 -27.572744 -69.358873 152028169563.000000
-0.428223 -1.066650 -0.159424 72.164948 -28.792777 -67.711828 152028172479.000000
-0.412598 -1.056641 -0.160156 71.249924 -29.097786 -66.369792 152028175396.000000
-0.396240 -1.038574 -0.159912 70.578906 -28.975782 -64.905752 152028178310.000000
-0.387207 -1.025635 -0.163574 69.846886 -28.487769 -63.136705 152028181251.000000
-0.373535 -1.010742 -0.162109 68.870860 -27.206735 -61.489660 152028184169.000000
-0.364258 -0.996826 -0.160645 68.138840 -25.193680 -59.598609 152028187084.000000
-0.359131 -0.984131 -0.157715 67.467822 -23.363631 -58.012566 152028189998.000000
-0.349121 -0.975098 -0.150879 66.857805 -20.618557 -55.999512 152028192912.000000
-0.335205 -0.963379 -0.148438 65.820777 -18.178491 -54.352468 152028195830.000000
