-0.041992 -0.970215 0.390381 0.854023 -11.956323 -0.122003 152130564019.000000
-0.038574 -0.970947 0.394043 0.305008 -11.590313 -0.183005 152130566928.000000
-0.039795 -0.965820 0.393555 0.122003 -12.627341 0.305008 152130569834.000000
-0.030029 -0.963379 0.407715 -0.305008 -12.383334 0.427012 152130572747.000000
-0.025879 -0.964844 0.386230 -0.061002 -11.895321 0.244007 152130575663.000000
-0.023926 -0.964355 0.398193 -0.427012 -12.261331 -0.122003 152130578576.000000
-0.023193 -0.966553 0.398193 -0.854023 -12.078326 -0.122003 152130581490.000000
-0.023438 -0.966064 0.398193 -1.037028 -11.407308 -0.244007 152130584440.000000
-0.020508 -0.965332 0.384277 -0.793021 -11.590313 -0.671018 152130587355.000000
-0.015869 -0.966064 0.405029 -1.342036 -11.773318 -0.366010 152130590269.000000
-0.020264 -0.968994 0.390625 -0.610016 -11.285305 -0.549015 152130593195.000000
-0.018066 -0.971680 0.406494 -1.159031 -11.956323 -0.671018 152130596109.000000
-0.024658 -0.973633 0.389893 -0.427012 -11.712316 -0.976026 152130599024.000000
-0.021729 -0.970215 0.404297 -0.793021 -11.773318 -0.244007 152130601945.000000
-0.019043 -0.972656 0.397461 -0.610016 -11.712316 -1.037028 152130604863.000000
-0.027100 -0.969971 0.403076 -1.220033 -11.651315 -0.488013 152130607777.000000
-0.024170 -0.966064 0.396484 -0.915025 -10.919295 -0.732020 152130610696.000000
-0.023193 -0.963379 0.398193 -0.854023 -11.407308 -0.183005 152130613613.000000
-0.031250 -0.971924 0.408691 -0.244007 -11.956323 -0.183005 152130616528.000000
-0.034180 -0.964355 0.401123 0.122003 -11.407308 -0.549015 152130619442.000000
-0.033936 -0.961914 0.395996 -0.793021 -10.919295 -0.427012 152130622357.000000
-0.027344 -0.959473 0.408691 -1.037028 -11.590313 0.488013 152130625270.000000
-0.031982 -0.958496 0.399902 -0.366010 -11.224303 0.549015 152130628182.000000
-0.027588 -0.960205 0.389160 -0.549015 -10.858293 0.305008 152130631095.000000
-0.024170 -0.956543 0.398193 -0.732020 -11.224303 0.488013 152130634016.000000
-0.024414 -0.953857 0.394531 -0.854023 -11.163301 0.732020 152130636930.000000
-0.021729 -0.956543 0.394775 -1.342036 -10.431282 0.488013 152130639844.000000
-0.022461 -0.953857 0.390869 -1.708046 -10.309278 0.732020 152130642763.000000
-0.015137 -0.945313 0.401855 -2.928079 -10.675288 0.854023 152130645673.000000
-0.014893 -0.955811 0.384277 -2.196059 -10.126273 1.220033 152130648581.000000
-0.014160 -0.945801 0.400391 -1.464040 -10.858293 0.976026 152130651488.000000
-0.006836 -0.952881 0.396729 -1.281035 -11.285305 1.403038 152130654443.000000
-0.006348 -0.953369 0.385742 -0.793021 -10.858293 0.854023 152130657352.000000
-0.002441 -0.951172 0.408203 -1.464040 -11.163301 1.037028 152130660258.000000
0.006348 -0.943604 0.400391 -2.318063 -10.431282 0.549015 152130667851.000000
0.002197 -0.955078 0.389648 -1.769048 -10.004270 0.610016 152130670995.000000
0.008057 -0.957275 0.397217 -2.013054 -9.943268 0.183005 152130673922.000000
0.006592 -0.954346 0.392578 -1.708046 -9.638260 0.122003 152130676841.000000
0.006592 -0.958984 0.408691 -1.952053 -10.248277 0.122003 152130679862.000000
0.006836 -0.963623 0.395020 -1.769048 -9.272250 -0.610016 152130682855.000000
0.002197 -0.956787 0.394287 -2.257061 -8.845239 -0.610016 152130685785.000000
0.007813 -0.956787 0.405273 -2.257061 -9.455255 -0.488013 152130688699.000000
0.005859 -0.958496 0.401367 -1.708046 -8.601232 -0.488013 152130691647.000000
0.002930 -0.963379 0.400391 -1.769048 -8.479229 -0.671018 152130694579.000000
0.000488 -0.959229 0.405762 -1.525041 -8.418227 -0.427012 152130697489.000000
0.002930 -0.963623 0.400879 -1.403038 -7.991216 -0.305008 152130700415.000000
0.005859 -0.964355 0.406250 -1.281035 -7.991216 -0.061002 152130703349.000000
0.008301 -0.966553 0.405273 -1.220033 -7.381199 0.061002 152130706278.000000
0.004883 -0.956787 0.417725 -1.708046 -7.625206 -0.305008 152130709188.000000
0.007568 -0.957031 0.410889 -1.647044 -7.625206 -0.244007 152130712109.000000
0.009766 -0.957764 0.413818 -1.525041 -7.320198 0.244007 152130715024.000000
0.010498 -0.962402 0.407715 -1.586043 -7.625206 0.183005 152130717934.000000
0.009766 -0.961914 0.417480 -2.074056 -6.893186 0.183005 152130720850.000000
0.010986 -0.965576 0.406250 -2.379064 -6.832184 0.061002 152130723762.000000
0.012207 -0.958740 0.418213 -2.379064 -6.283170 -0.183005 152130726675.000000
0.013428 -0.966064 0.416504 -2.379064 -6.222168 -0.488013 152130729600.000000
0.011230 -0.963623 0.417969 -2.318063 -5.673153 0.061002 152130732510.000000
0.010254 -0.973633 0.418457 -2.074056 -5.185140 0.000000 152130735422.000000
0.005615 -0.971680 0.423584 -1.159031 -5.551150 0.183005 152130738340.000000
0.003662 -0.979980 0.417725 -0.732020 -6.283170 0.244007 152130741263.000000
0.004883 -0.976318 0.411377 -0.671018 -6.588178 0.305008 152130744265.000000
0.010010 -0.971680 0.396729 -0.610016 -7.137193 0.366010 152130747181.000000
0.017822 -0.970703 0.401123 -0.732020 -7.076191 0.244007 152130750091.000000
0.010742 -0.964111 0.387207 -1.037028 -6.527176 -0.305008 152130753032.000000
0.010254 -0.960205 0.399902 -2.013054 -6.466175 -0.061002 152130755943.000000
0.005371 -0.955322 0.404053 -2.379064 -6.527176 -0.244007 152130758855.000000
0.002930 -0.949707 0.410645 -2.989081 -5.673153 -0.183005 152130761773.000000
0.008789 -0.946777 0.411621 -3.172086 -5.429147 -0.305008 152130764684.000000
0.009521 -0.949707 0.412354 -3.599097 -4.941133 -0.549015 152130767594.000000
0.009521 -0.954346 0.407471 -3.355091 -4.331117 -0.671018 152130770502.000000
0.013916 -0.961914 0.413818 -2.440066 -4.636125 -0.061002 152130773413.000000
0.022705 -0.965332 0.416992 -2.135058 -4.514122 0.000000 152130776325.000000
0.037598 -0.963867 0.404053 -2.623071 -2.989081 -0.671018 152130779246.000000
0.038818 -0.961670 0.399170 -3.477094 -0.366010 -0.732020 152130782168.000000
0.040527 -0.945068 0.413086 -5.002135 0.854023 -1.159031 152130785089.000000
0.032959 -0.938477 0.437500 -6.222168 1.281035 -1.342036 152130788006.000000
0.036377 -0.941406 0.456055 -6.283170 0.549015 -1.525041 152130790923.000000
0.034424 -0.953857 0.457764 -6.344171 0.671018 -1.464040 152130793842.000000
0.038818 -0.958496 0.461426 -5.734155 0.793021 -1.464040 152130796760.000000
0.045166 -0.967041 0.454346 -5.612152 0.915025 -1.464040 152130799677.000000
0.040771 -0.970459 0.441895 -4.697127 1.098030 -2.135058 152130802604.000000
0.047852 -0.982178 0.435303 -4.026109 0.732020 -2.013054 152130805524.000000
0.039307 -0.973145 0.435059 -3.843104 0.610016 -2.135058 152130808448.000000
0.035156 -0.981934 0.429932 -3.477094 -0.671018 -1.891051 152130811365.000000
0.026367 -0.983643 0.418701 -2.135058 -2.135058 -2.135058 152130814284.000000
0.021484 -0.982178 0.402100 -1.464040 -3.355091 -2.013054 152130817200.000000
0.017822 -0.986816 0.392822 -0.793021 -4.331117 -1.952053 152130820117.000000
0.006592 -0.993164 0.376953 -0.976026 -4.453120 -2.074056 152130823038.000000
-0.003906 -0.988037 0.373535 -1.159031 -5.429147 -2.257061 152130825954.000000
-0.013428 -0.983887 0.371826 -0.366010 -5.978161 -2.257061 152130828880.000000
-0.016357 -0.987305 0.375977 -0.488013 -6.893186 -2.013054 152130831799.000000
-0.026855 -0.987549 0.363281 -0.244007 -7.137193 -2.074056 152130834713.000000
-0.028320 -0.979736 0.367432 -0.122003 -7.747209 -1.952053 152130837716.000000
-0.037842 -0.980713 0.367188 -0.244007 -7.381199 -1.647044 152130841172.000000
-0.038818 -0.970215 0.362061 -1.281035 -6.893186 -2.135058 152130844251.000000
-0.043213 -0.967041 0.363281 -1.159031 -6.954188 -2.318063 152130847279.000000
-0.038086 -0.966797 0.383789 -1.342036 -7.625206 -2.135058 152130850193.000000
-0.043213 -0.968750 0.374023 0.122003 -7.808211 -2.440066 152130853120.000000
-0.043213 -0.970947 0.387207 0.061002 -8.357226 -2.074056 152130856046.000000
-0.043457 -0.974854 0.389404 1.098030 -8.784237 -1.952053 152130858960.000000
-0.039307 -0.969238 0.394287 0.793021 -9.455255 -2.074056 152130861871.000000
-0.041504 -0.972168 0.384521 1.159031 -9.333252 -2.013054 152130864781.000000
-0.033936 -0.975342 0.400391 1.220033 -10.248277 -1.708046 152130867707.000000
-0.034424 -0.976563 0.392090 1.586043 -10.126273 -1.708046 152130870615.000000
-0.031006 -0.974121 0.387451 1.891051 -9.943268 -1.525041 152130873524.000000
-0.027588 -0.971924 0.397705 1.769048 -10.614287 -1.403038 152130876433.000000
-0.032227 -0.978271 0.386963 2.623071 -10.675288 -1.464040 152130879340.000000
-0.029541 -0.978760 0.400635 2.806076 -11.041298 -1.281035 152130882249.000000
-0.029541 -0.978271 0.391602 2.928079 -10.797292 -1.037028 152130885158.000000
-0.028564 -0.973145 0.391602 2.684072 -10.309278 -0.976026 152130888065.000000
-0.025879 -0.970703 0.400879 2.135058 -9.943268 -1.281035 152130890971.000000
-0.024902 -0.971436 0.396484 1.525041 -10.187275 -0.915025 152130893887.000000
-0.024902 -0.969727 0.405029 1.708046 -9.272250 -1.342036 152130896805.000000
-0.024414 -0.972412 0.412842 1.708046 -8.967242 -0.976026 152130899722.000000
-0.026123 -0.971436 0.408203 2.013054 -8.906240 -0.976026 152130902643.000000
-0.028809 -0.972168 0.414551 2.074056 -8.418227 -0.793021 152130905559.000000
-0.027832 -0.969238 0.414063 2.318063 -7.686208 -0.732020 152130908474.000000
-0.026611 -0.968262 0.406738 2.257061 -7.259196 -0.732020 152130911388.000000
-0.027588 -0.965332 0.404541 2.257061 -6.893186 -0.793021 152130914312.000000
-0.022949 -0.958008 0.406250 2.440066 -6.405173 -0.488013 152130917227.000000
-0.020264 -0.957275 0.412354 2.257061 -5.795156 -0.305008 152130920143.000000
-0.020264 -0.956055 0.407959 2.074056 -5.124138 0.061002 152130923067.000000
-0.020264 -0.955811 0.409180 1.830049 -5.002135 0.244007 152130925981.000000
-0.017578 -0.951172 0.406738 1.586043 -4.514122 0.183005 152130928896.000000
-0.017578 -0.949707 0.405273 1.464040 -3.965107 0.061002 152130931814.000000
-0.012207 -0.951416 0.410400 0.854023 -3.294089 0.366010 152130934728.000000
-0.013428 -0.947998 0.405762 0.183005 -2.257061 0.305008 152130937641.000000
-0.012939 -0.949951 0.415527 -0.061002 -2.074056 0.488013 152130940558.000000
-0.013672 -0.952637 0.411377 0.549015 -1.708046 0.976026 152130943476.000000
-0.012939 -0.953613 0.424316 0.915025 -2.074056 0.732020 152130946385.000000
-0.013184 -0.958984 0.416260 1.098030 -1.159031 0.793021 152130949294.000000
-0.015137 -0.956787 0.413330 0.732020 -1.281035 0.976026 152130952210.000000
-0.011230 -0.958252 0.407715 1.403038 -1.220033 1.159031 152130955125.000000
-0.012695 -0.963867 0.421143 1.830049 -1.220033 1.037028 152130958034.000000
-0.005615 -0.966064 0.409668 2.318063 -0.610016 1.342036 152130960942.000000
-0.013916 -0.964111 0.412842 1.952053 -0.488013 1.159031 152130963852.000000
-0.014893 -0.967529 0.412354 1.769048 -0.061002 0.915025 152130966761.000000
-0.016113 -0.968506 0.401855 2.562069 0.305008 1.281035 152130969668.000000
-0.021240 -0.966309 0.406982 2.745074 0.488013 1.037028 152130972582.000000
-0.016846 -0.962646 0.403564 2.989081 0.244007 1.159031 152130975497.000000
-0.018066 -0.967773 0.410645 2.562069 0.549015 0.793021 152130978414.000000
-0.025879 -0.964111 0.400146 2.989081 0.976026 1.037028 152130981329.000000
-0.031982 -0.965088 0.411865 2.501068 0.854023 0.915025 152130984246.000000
-0.025146 -0.967041 0.406494 2.867077 0.732020 1.281035 152130987161.000000
-0.029053 -0.971924 0.403076 3.172086 1.525041 1.281035 152130990075.000000
-0.031006 -0.968506 0.404053 3.111084 1.525041 1.708046 152130992998.000000
-0.031250 -0.964844 0.406738 2.318063 1.464040 2.074056 152130995913.000000
-0.030518 -0.969971 0.398926 2.623071 1.586043 2.074056 152130998833.000000
-0.026611 -0.967285 0.404297 2.623071 1.525041 1.830049 152131001750.000000
-0.026611 -0.961914 0.406494 2.318063 1.769048 2.135058 152131004666.000000
-0.021484 -0.963867 0.418457 2.196059 1.891051 2.318063 152131007587.000000
-0.020996 -0.963379 0.413330 2.074056 2.074056 2.501068 152131010502.000000
-0.019043 -0.968262 0.409180 2.684072 2.867077 2.440066 152131013420.000000
-0.012207 -0.965576 0.419434 2.806076 2.745074 2.501068 152131016337.000000
-0.008545 -0.961426 0.444092 2.257061 2.196059 2.867077 152131019253.000000
-0.009277 -0.954102 0.430664 1.342036 2.440066 2.745074 152131022175.000000
-0.008789 -0.950195 0.429688 0.366010 2.562069 2.989081 152131025092.000000
-0.008545 -0.956055 0.423584 0.305008 2.318063 3.111084 152131028006.000000
-0.009766 -0.958740 0.428711 0.610016 1.952053 2.989081 152131030920.000000
-0.006592 -0.966064 0.423340 0.793021 1.525041 2.806076 152131033844.000000
-0.012695 -0.966797 0.426270 0.854023 1.586043 2.562069 152131036755.000000
-0.012207 -0.971924 0.419678 1.281035 1.708046 2.379064 152131039673.000000
-0.015381 -0.976807 0.424072 1.281035 1.220033 2.745074 152131042614.000000
-0.017578 -0.976074 0.423096 1.525041 1.281035 2.623071 152131045533.000000
-0.021484 -0.979492 0.411865 1.891051 1.525041 2.623071 152131048457.000000
-0.018555 -0.976074 0.411133 1.769048 1.159031 2.745074 152131051374.000000
-0.022949 -0.979736 0.409424 1.830049 1.708046 2.928079 152131054287.000000
-0.031006 -0.983154 0.414551 1.891051 1.220033 2.684072 152131057200.000000
-0.033203 -0.977051 0.416260 2.135058 1.403038 2.379064 152131060114.000000
-0.034424 -0.975586 0.421143 2.196059 1.342036 2.623071 152131063029.000000
-0.026855 -0.968506 0.427002 1.891051 1.708046 2.501068 152131065944.000000
-0.025879 -0.961914 0.418945 1.525041 1.952053 2.806076 152131068853.000000
-0.023926 -0.959717 0.424561 1.159031 2.074056 2.928079 152131071766.000000
-0.024170 -0.958008 0.423340 0.854023 2.257061 3.233087 152131074689.000000
-0.011719 -0.957275 0.426270 0.366010 2.440066 3.111084 152131077607.000000
-0.016357 -0.954346 0.429199 0.122003 2.623071 3.538096 152131080521.000000
-0.012695 -0.951904 0.428467 -0.488013 2.440066 4.209114 152131083438.000000
-0.003662 -0.952637 0.432617 -0.671018 2.867077 3.965107 152131086354.000000
-0.001221 -0.952148 0.436279 -1.281035 2.318063 3.843104 152131089268.000000
0.001709 -0.951172 0.425293 -1.342036 2.440066 4.087110 152131092185.000000
0.004395 -0.953857 0.423096 -1.708046 1.891051 3.843104 152131095102.000000
0.002441 -0.953125 0.429932 -1.830049 1.830049 3.965107 152131098021.000000
0.003906 -0.951904 0.427246 -2.257061 1.342036 3.294089 152131100936.000000
0.007568 -0.949951 0.427979 -2.379064 1.281035 3.538096 152131103860.000000
0.005127 -0.953857 0.427490 -3.050082 1.037028 3.050082 152131106774.000000
-0.003662 -0.957764 0.431885 -3.111084 0.854023 2.623071 152131109687.000000
-0.011475 -0.961182 0.427979 -3.355091 0.244007 2.745074 152131112608.000000
-0.012939 -0.967773 0.427979 -3.660099 -0.244007 2.135058 152131115525.000000
-0.019775 -0.968262 0.429443 -3.538096 -1.342036 1.952053 152131118453.000000
-0.021484 -0.966553 0.434082 -4.026109 -2.318063 1.708046 152131121367.000000
-0.030518 -0.971436 0.412109 -3.355091 -2.928079 0.976026 152131124294.000000
-0.050293 -0.975586 0.418457 -3.721100 -4.087110 0.793021 152131127208.000000
-0.047363 -0.984131 0.415283 -3.172086 -5.246142 0.427012 152131130122.000000
-0.058594 -0.984863 0.419678 -2.928079 -6.222168 0.488013 152131133046.000000
-0.066406 -0.989746 0.411133 -3.111084 -6.954188 0.854023 152131135962.000000
-0.076172 -0.991455 0.407471 -2.684072 -7.991216 0.549015 152131138879.000000
-0.081299 -0.995117 0.418457 -2.440066 -9.333252 0.183005 152131141792.000000
-0.081055 -1.001709 0.418701 -2.013054 -9.394254 0.488013 152131144716.000000
-0.083984 -0.993408 0.415283 -2.196059 -10.126273 0.854023 152131147628.000000
-0.093994 -0.993408 0.427490 -1.159031 -10.370280 1.037028 152131150549.000000
-0.124023 -0.945068 0.422119 0.427012 -7.076191 1.220033 152131153459.000000
-0.102051 -1.015381 0.468750 -2.318063 -12.993351 4.636125 152131156369.000000
-0.063965 -1.032959 0.361084 0.549015 -9.882267 1.037028 152131159277.000000
-0.103516 -1.011719 0.431396 2.013054 -8.845239 0.854023 152131162185.000000
-0.109863 -0.994141 0.372314 3.904105 -10.980296 1.281035 152131165104.000000
-0.099609 -0.959229 0.457520 -0.183005 -11.651315 2.501068 152131168012.000000
-0.091064 -0.975830 0.376709 2.440066 -9.638260 1.403038 152131170917.000000
-0.068115 -0.952148 0.422119 1.159031 -10.309278 2.745074 152131173836.000000
-0.092041 -0.959473 0.388672 1.708046 -8.357226 1.403038 152131176751.000000
-0.084961 -0.957764 0.424072 -0.793021 -10.614287 3.050082 152131179665.000000
-0.085938 -0.963379 0.413086 1.281035 -9.760264 2.867077 152131182594.000000
-0.081055 -0.965820 0.412598 1.342036 -9.882267 3.599097 152131185507.000000
-0.076172 -0.966309 0.420898 1.952053 -10.431282 3.782102 152131188421.000000
-0.071045 -0.960449 0.424561 1.342036 -11.529311 4.087110 152131191337.000000
-0.073242 -0.972656 0.408936 2.745074 -11.041298 4.148112 152131194261.000000
-0.061279 -0.966064 0.410889 2.745074 -11.529311 4.209114 152131197183.000000
-0.054199 -0.966553 0.421387 2.196059 -11.834320 4.697127 152131200098.000000
-0.052490 -0.966797 0.412109 2.440066 -11.712316 4.941133 152131203023.000000
-0.053467 -0.964111 0.406494 2.501068 -11.651315 4.514122 152131205938.000000
-0.057129 -0.956787 0.406006 2.257061 -12.261331 4.636125 152131208853.000000
-0.054199 -0.956055 0.403564 1.952053 -12.261331 4.758128 152131211771.000000
-0.056152 -0.952148 0.401367 2.135058 -12.200329 4.453120 152131214690.000000
-0.054688 -0.956299 0.404053 2.074056 -12.200329 4.270115 152131217603.000000
-0.052002 -0.957764 0.408691 2.562069 -12.078326 3.660099 152131220518.000000
-0.056152 -0.959229 0.403809 2.745074 -11.712316 3.660099 152131223443.000000
-0.056885 -0.958740 0.410156 3.111084 -11.590313 3.599097 152131226358.000000
-0.050049 -0.956543 0.403320 2.989081 -11.102300 3.843104 152131229273.000000
-0.049805 -0.953125 0.402832 2.501068 -10.858293 3.843104 152131232189.000000
-0.051758 -0.950195 0.401611 2.318063 -10.370280 4.392119 152131235101.000000
-0.045166 -0.956299 0.395996 2.196059 -9.882267 4.331117 152131238024.000000
-0.043213 -0.955322 0.403076 2.440066 -9.333252 4.453120 152131240935.000000
-0.043457 -0.955566 0.419434 2.318063 -9.272250 4.697127 152131243858.000000
-0.040527 -0.954590 0.411621 2.440066 -8.845239 4.941133 152131246769.000000
-0.039551 -0.957031 0.417480 2.135058 -8.601232 5.063137 152131249676.000000
-0.037354 -0.961182 0.417480 2.257061 -8.296224 5.429147 152131252593.000000
-0.032471 -0.961182 0.423828 2.074056 -8.296224 5.856158 152131255502.000000
-0.024658 -0.963135 0.415039 1.769048 -8.052217 5.978161 152131258409.000000
-0.026611 -0.960205 0.417236 2.440066 -7.747209 6.161166 152131261317.000000
-0.015869 -0.960938 0.419189 2.806076 -7.625206 6.039163 152131264226.000000
-0.007324 -0.959473 0.428223 2.867077 -7.625206 6.405173 152131267135.000000
-0.015137 -0.960449 0.421631 3.233087 -6.893186 6.710181 152131270044.000000
-0.014404 -0.960938 0.418457 3.416092 -6.405173 6.771183 152131272959.000000
-0.007080 -0.956299 0.419922 3.294089 -5.978161 6.527176 152131275875.000000
-0.009033 -0.956787 0.414307 2.928079 -5.246142 7.137193 152131278791.000000
-0.010498 -0.953613 0.401855 3.233087 -4.880132 6.954188 152131281710.000000
-0.013184 -0.950928 0.408936 2.562069 -4.819130 7.259196 152131284624.000000
-0.013184 -0.953857 0.406494 2.928079 -4.575124 6.954188 152131287539.000000
-0.007568 -0.953125 0.406006 3.050082 -4.331117 7.137193 152131290453.000000
-0.011963 -0.955078 0.407471 3.477094 -4.331117 7.259196 152131293385.000000
-0.012207 -0.953125 0.414307 3.599097 -3.843104 7.015189 152131296300.000000
-0.010010 -0.957031 0.419434 4.087110 -3.172086 6.466175 152131299213.000000
-0.011230 -0.962158 0.425293 4.636125 -2.928079 6.832184 152131302135.000000
-0.009033 -0.961182 0.426270 4.209114 -2.013054 7.259196 152131305054.000000
-0.008057 -0.953125 0.423828 4.209114 -0.976026 7.015189 152131307967.000000
-0.003906 -0.961670 0.420654 3.965107 -0.854023 7.198194 152131310880.000000
-0.007568 -0.957031 0.415527 3.477094 0.061002 7.564204 152131313805.000000
-0.011963 -0.957764 0.428467 3.721100 -0.061002 7.808211 152131316718.000000
-0.013916 -0.961426 0.433105 3.721100 0.488013 8.052217 152131319640.000000
-0.017090 -0.965332 0.428467 3.721100 1.098030 7.991216 152131322562.000000
-0.011963 -0.966797 0.434326 4.026109 1.098030 8.174221 152131325479.000000
-0.012695 -0.966309 0.427246 4.758128 1.952053 8.052217 152131328393.000000
-0.011963 -0.967285 0.424805 4.697127 2.135058 8.357226 152131331309.000000
-0.014648 -0.963623 0.425537 4.514122 2.379064 8.479229 152131334225.000000
-0.017822 -0.964844 0.428467 4.453120 2.745074 8.235222 152131337139.000000
-0.016846 -0.963623 0.426758 4.331117 2.501068 8.052217 152131340062.000000
-0.011230 -0.961670 0.431152 4.209114 3.294089 7.991216 152131343024.000000
-0.005859 -0.963867 0.428955 4.453120 3.416092 8.723236 152131345941.000000
-0.015137 -0.967773 0.432373 4.148112 4.209114 8.296224 152131348852.000000
-0.011475 -0.962646 0.444336 4.392119 4.758128 7.747209 152131351762.000000
-0.013916 -0.962891 0.436279 4.026109 5.368145 8.601232 152131354671.000000
-0.008545 -0.962646 0.437988 3.965107 6.161166 8.540231 152131357579.000000
-0.008545 -0.959961 0.441650 3.477094 7.015189 8.723236 152131360485.000000
-0.010010 -0.960449 0.437256 3.416092 7.991216 8.662234 152131363394.000000
-0.011475 -0.964355 0.443359 3.294089 8.296224 8.906240 152131366302.000000
-0.015869 -0.966797 0.445557 3.477094 8.662234 8.967242 152131369209.000000
-0.010254 -0.970703 0.443115 3.538096 8.479229 8.479229 152131372125.000000
-0.015137 -0.968262 0.431885 4.026109 8.357226 8.174221 152131375041.000000
-0.009521 -0.965332 0.434326 4.636125 8.479229 8.052217 152131377956.000000
-0.008301 -0.965088 0.425537 4.514122 8.723236 7.747209 152131380871.000000
-0.012451 -0.960938 0.423096 4.392119 9.272250 7.930214 152131383787.000000
-0.016602 -0.950195 0.426514 4.209114 9.760264 7.503203 152131386700.000000
-0.016357 -0.947998 0.432129 3.416092 10.309278 7.564204 152131389614.000000
-0.018066 -0.949219 0.426514 2.867077 11.102300 7.503203 152131392535.000000
-0.016846 -0.947021 0.426758 2.745074 11.895321 7.869212 152131395452.000000
-0.023438 -0.946045 0.426514 2.562069 12.261331 7.991216 152131398379.000000
-0.020996 -0.948730 0.425293 2.135058 12.566339 8.174221 152131401293.000000
-0.025879 -0.954834 0.430664 2.379064 12.505338 8.479229 152131404218.000000
-0.025635 -0.952881 0.419189 2.989081 12.444336 8.235222 152131407133.000000
-0.027588 -0.953857 0.420654 4.270115 13.176356 7.625206 152131410049.000000
-0.030273 -0.945557 0.432129 4.026109 13.908376 7.015189 152131413012.000000
-0.034424 -0.947266 0.447266 2.562069 14.335387 6.405173 152131415928.000000
-0.035645 -0.950684 0.446533 1.586043 14.701397 6.222168 152131418843.000000
-0.041016 -0.957031 0.455566 1.830049 15.433417 6.161166 152131421765.000000
-0.047607 -0.961914 0.459717 3.294089 16.043433 5.978161 152131424683.000000
-0.052002 -0.965576 0.465820 4.331117 16.165436 6.100165 152131427599.000000
-0.046143 -0.970703 0.463135 5.002135 16.348441 6.100165 152131430525.000000
-0.049316 -0.972412 0.448730 6.649180 16.958458 6.100165 152131433449.000000
-0.050537 -0.975830 0.443359 7.442201 17.324468 6.466175 152131436362.000000
-0.046143 -0.966309 0.442871 7.320198 17.751479 6.222168 152131439287.000000
-0.048340 -0.968750 0.438477 7.137193 18.117489 6.649180 152131442204.000000
-0.044189 -0.962646 0.422607 7.198194 18.605502 6.771183 152131445121.000000
-0.044678 -0.963623 0.419678 7.747209 18.117489 7.198194 152131448105.000000
-0.034668 -0.954102 0.419678 7.259196 18.056488 7.503203 152131451016.000000
-0.046143 -0.955811 0.407471 7.442201 18.422497 7.808211 152131453926.000000
-0.044434 -0.951172 0.414063 6.649180 17.690478 8.052217 152131456836.000000
-0.045654 -0.950195 0.405518 6.954188 18.666504 7.442201 152131459744.000000
-0.048340 -0.946289 0.417236 5.673153 18.056488 7.747209 152131462656.000000
-0.043701 -0.938477 0.412842 5.429147 17.934484 7.869212 152131465563.000000
-0.044434 -0.942627 0.418213 5.063137 18.178491 6.954188 152131468470.000000
-0.041748 -0.935547 0.425537 5.185140 18.727506 6.771183 152131471377.000000
-0.052246 -0.937012 0.439453 4.270115 18.849509 6.100165 152131474292.000000
-0.060303 -0.936768 0.439941 4.209114 19.581529 6.649180 152131477215.000000
-0.058594 -0.937012 0.441162 3.721100 19.520527 6.405173 152131480131.000000
-0.060547 -0.946045 0.446045 3.416092 19.764534 5.856158 152131483047.000000
-0.069580 -0.949951 0.444092 3.660099 19.398524 6.039163 152131485963.000000
-0.069092 -0.958008 0.455078 3.050082 19.215519 5.551150 152131488877.000000
-0.073486 -0.958252 0.455322 4.087110 18.727506 5.612152 152131491795.000000
-0.073975 -0.963135 0.450928 4.819130 17.812481 5.612152 152131494717.000000
-0.078613 -0.972412 0.454834 5.795156 17.202464 5.185140 152131497631.000000
-0.080078 -0.979004 0.444580 6.222168 16.531446 4.697127 152131500546.000000
-0.082520 -0.983643 0.447021 7.381199 15.982432 4.758128 152131503462.000000
-0.080322 -0.980957 0.433350 8.296224 16.104435 4.575124 152131506375.000000
-0.084717 -0.981689 0.441895 8.601232 16.104435 4.514122 152131509290.000000
-0.083252 -0.975098 0.434814 9.028244 16.592448 4.331117 152131512212.000000
-0.082275 -0.969727 0.431396 9.455255 16.775453 5.063137 152131515130.000000
-0.085938 -0.967041 0.442139 9.150247 17.202464 5.673153 152131518044.000000
-0.082764 -0.952881 0.425781 8.845239 17.568474 5.307143 152131520957.000000
-0.077881 -0.947998 0.428223 8.723236 18.666504 5.795156 152131523883.000000
-0.070557 -0.945313 0.427246 8.479229 19.093516 6.161166 152131526797.000000
-0.063965 -0.933350 0.433105 8.174221 19.764534 5.856158 152131529710.000000
-0.056885 -0.931152 0.428223 8.418227 20.008540 6.039163 152131532626.000000
-0.052246 -0.926025 0.432129 8.113219 20.191545 5.856158 152131535538.000000
-0.049561 -0.923828 0.425537 7.808211 20.618557 5.673153 152131538450.000000
-0.045654 -0.920654 0.427979 8.113219 21.167572 5.551150 152131541366.000000
-0.041504 -0.924072 0.428223 8.540231 20.984567 5.002135 152131544282.000000
-0.036865 -0.916992 0.434326 8.113219 21.899591 5.185140 152131547193.000000
-0.031982 -0.923096 0.431152 8.113219 22.509608 5.063137 152131550129.000000
-0.038818 -0.917725 0.424805 7.320198 22.509608 4.514122 152131553069.000000
-0.041504 -0.915771 0.430664 7.198194 22.814616 4.575124 152131555981.000000
-0.034180 -0.919189 0.421875 6.771183 22.875618 4.819130 152131558889.000000
-0.037598 -0.920166 0.423340 6.832184 22.631611 4.087110 152131561799.000000
-0.039307 -0.925781 0.423584 5.978161 22.631611 4.087110 152131564715.000000
-0.050781 -0.924316 0.426758 5.673153 22.570609 4.026109 152131567623.000000
-0.055664 -0.932373 0.431396 5.185140 22.387604 3.538096 152131570531.000000
-0.059814 -0.938232 0.436523 5.307143 21.899591 3.721100 152131573448.000000
-0.062012 -0.942383 0.441895 5.429147 21.594583 2.684072 152131576365.000000
-0.066895 -0.946045 0.440674 5.734155 21.167572 2.684072 152131579279.000000
-0.069580 -0.956055 0.448975 5.673153 21.167572 2.379064 152131582197.000000
-0.074707 -0.959717 0.461670 5.490148 20.862563 2.135058 152131585112.000000
-0.079590 -0.964844 0.460205 5.673153 20.984567 2.196059 152131588025.000000
-0.083008 -0.966797 0.461670 6.405173 20.984567 2.196059 152131590939.000000
-0.084717 -0.961426 0.459961 6.710181 21.106570 2.318063 152131593863.000000
-0.080566 -0.963379 0.460205 6.588178 21.045568 2.379064 152131596778.000000
-0.086426 -0.960693 0.453857 6.710181 21.594583 2.501068 152131599693.000000
-0.080566 -0.955078 0.449219 6.710181 22.265601 2.379064 152131602613.000000
-0.088379 -0.958008 0.452148 5.917160 23.485634 2.684072 152131605531.000000
-0.094238 -0.953857 0.444824 5.673153 23.790642 3.721100 152131608445.000000
-0.097656 -0.946777 0.435547 5.490148 23.668639 3.843104 152131611358.000000
-0.088135 -0.929443 0.437744 5.246142 23.607637 4.148112 152131614275.000000
-0.083740 -0.930664 0.437012 4.148112 23.851644 4.148112 152131617189.000000
-0.087891 -0.935547 0.439941 3.050082 24.095651 3.965107 152131620104.000000
-0.095215 -0.935791 0.437500 2.501068 23.485634 3.904105 152131623030.000000
-0.099854 -0.946533 0.429688 2.623071 23.729641 3.355091 152131625944.000000
-0.109131 -0.945068 0.437500 2.867077 23.180626 3.233087 152131628858.000000
-0.115479 -0.951416 0.432129 3.355091 22.387604 2.806076 152131631780.000000
-0.120850 -0.962402 0.426514 4.270115 22.326603 2.989081 152131634695.000000
-0.120605 -0.964355 0.427490 4.819130 21.899591 2.440066 152131637608.000000
-0.122314 -0.967041 0.413086 5.978161 21.838590 2.440066 152131640534.000000
-0.128418 -0.961182 0.423096 5.551150 21.472580 2.196059 152131643452.000000
-0.129395 -0.953125 0.436768 4.209114 20.557555 2.745074 152131646378.000000
-0.129395 -0.948975 0.432861 2.684072 19.703532 3.111084 152131649312.000000
-0.130859 -0.938721 0.437500 2.867077 18.300494 3.233087 152131652224.000000
-0.124268 -0.942383 0.421631 3.294089 17.690478 3.355091 152131655135.000000
-0.124023 -0.941650 0.431641 3.599097 16.409443 3.355091 152131658043.000000
-0.119873 -0.945313 0.432373 3.721100 15.189410 3.660099 152131660962.000000
-0.121582 -0.947510 0.425781 4.453120 14.274385 3.416092 152131663870.000000
-0.125000 -0.946289 0.421875 5.246142 13.725371 3.294089 152131666779.000000
-0.118408 -0.945557 0.418213 5.612152 12.505338 3.111084 152131669688.000000
-0.106934 -0.940430 0.427734 5.734155 12.017324 2.623071 152131672601.000000
-0.105957 -0.935059 0.422607 5.612152 11.834320 2.440066 152131675516.000000
-0.100830 -0.933838 0.430664 5.185140 11.224303 2.135058 152131678444.000000
-0.098145 -0.934082 0.436279 4.880132 11.224303 1.525041 152131681357.000000
-0.099609 -0.931396 0.437988 4.758128 11.163301 1.220033 152131684273.000000
-0.099365 -0.934570 0.446533 4.148112 10.858293 0.732020 152131687186.000000
-0.099854 -0.937012 0.440674 3.538096 10.919295 0.549015 152131690099.000000
-0.096436 -0.940430 0.454102 3.721100 10.858293 0.549015 152131693025.000000
-0.100342 -0.949951 0.446045 3.538096 10.736290 0.000000 152131695940.000000
-0.100830 -0.952881 0.451904 3.172086 10.309278 0.610016 152131698854.000000
-0.113037 -0.953857 0.446777 3.477094 10.004270 -0.122003 152131701776.000000
-0.117432 -0.957031 0.448242 3.355091 9.516257 0.366010 152131704694.000000
-0.119873 -0.957275 0.438965 3.599097 8.845239 0.183005 152131707608.000000
-0.113037 -0.953613 0.434082 3.721100 8.235222 0.366010 152131710535.000000
-0.116943 -0.948486 0.434814 4.026109 7.564204 0.610016 152131713461.000000
-0.114990 -0.947266 0.434326 3.599097 6.954188 0.671018 152131716375.000000
-0.111816 -0.939941 0.427002 3.904105 6.527176 0.915025 152131719290.000000
-0.114014 -0.943359 0.427490 4.026109 6.100165 1.403038 152131722211.000000
-0.104980 -0.942139 0.417725 4.392119 6.222168 1.342036 152131725129.000000
-0.106201 -0.940186 0.422852 4.575124 5.917160 1.464040 152131728042.000000
-0.099609 -0.935791 0.420654 4.575124 5.856158 1.708046 152131730955.000000
-0.094238 -0.933594 0.419922 4.392119 5.795156 1.525041 152131733870.000000
-0.086426 -0.939453 0.418213 3.965107 6.283170 1.281035 152131736784.000000
-0.081787 -0.942383 0.422852 4.148112 5.978161 1.525041 152131739715.000000
-0.078857 -0.948975 0.422852 3.599097 6.466175 1.220033 152131742631.000000
-0.083008 -0.952393 0.429688 3.538096 6.649180 0.976026 152131745547.000000
-0.085205 -0.954834 0.430908 3.233087 6.588178 0.915025 152131748456.000000
-0.082520 -0.962158 0.432129 2.867077 6.710181 1.281035 152131751388.000000
-0.079102 -0.961182 0.434326 2.562069 7.259196 1.037028 152131754298.000000
-0.076172 -0.964844 0.433105 2.806076 7.259196 1.403038 152131757208.000000
-0.081055 -0.968994 0.436035 2.684072 7.503203 1.525041 152131760114.000000
-0.083008 -0.969238 0.437012 2.074056 8.174221 1.830049 152131763027.000000
-0.090332 -0.971191 0.429688 1.647044 8.235222 2.379064 152131765943.000000
-0.088379 -0.967285 0.435303 1.586043 8.723236 3.111084 152131768850.000000
-0.090820 -0.962158 0.432129 1.037028 8.479229 3.172086 152131771764.000000
-0.092529 -0.958008 0.437500 0.915025 8.113219 4.270115 152131774680.000000
-0.090332 -0.953857 0.430420 0.427012 7.381199 4.636125 152131777594.000000
-0.087158 -0.949219 0.438477 0.549015 7.259196 5.185140 152131780511.000000
-0.082520 -0.941406 0.447998 0.427012 6.283170 4.880132 152131783429.000000
-0.081299 -0.934326 0.447998 0.061002 6.283170 5.002135 152131786342.000000
-0.078613 -0.934570 0.449707 -0.122003 5.551150 5.063137 152131789257.000000
-0.076660 -0.927734 0.452148 -0.671018 5.124138 4.697127 152131792179.000000
-0.075439 -0.929688 0.457031 -0.671018 4.819130 4.636125 152131795096.000000
-0.067383 -0.932617 0.457275 -0.732020 3.965107 4.087110 152131799116.000000
-0.067139 -0.937256 0.458008 -0.671018 3.111084 3.538096 152131802072.000000
-0.069580 -0.944092 0.447754 -0.854023 2.440066 2.501068 152131805003.000000
-0.077393 -0.946533 0.450928 -1.159031 2.501068 1.708046 152131807918.000000
-0.083008 -0.952637 0.453613 -1.220033 2.196059 1.403038 152131810844.000000
-0.090332 -0.949463 0.459961 -1.647044 1.891051 0.854023 152131813762.000000
-0.103516 -0.958496 0.460205 -1.525041 2.074056 0.244007 152131816677.000000
-0.116699 -0.958984 0.459473 -1.525041 2.013054 -0.244007 152131819591.000000
-0.131348 -0.960449 0.458008 -1.708046 2.074056 -0.305008 152131822526.000000
-0.139404 -0.962891 0.464111 -1.159031 1.830049 -0.671018 152131825444.000000
-0.142334 -0.957275 0.464600 -1.098030 1.830049 -1.281035 152131828360.000000
-0.150635 -0.952148 0.469727 -1.220033 2.196059 -1.098030 152131831273.000000
-0.150146 -0.950439 0.462891 -1.281035 1.952053 -0.915025 152131834195.000000
-0.162842 -0.942139 0.462402 -1.586043 1.342036 -0.549015 152131837117.000000
-0.166992 -0.944824 0.452148 -1.098030 0.854023 0.000000 152131840029.000000
-0.168213 -0.938965 0.443848 -0.427012 -0.061002 -0.366010 152131842943.000000
-0.163574 -0.932861 0.445801 0.183005 -0.976026 -0.122003 152131845862.000000
-0.163574 -0.925049 0.439697 0.366010 -1.708046 -0.183005 152131848775.000000
-0.158936 -0.921631 0.446289 0.610016 -1.830049 -0.305008 152131851721.000000
-0.155029 -0.917480 0.436035 0.427012 -2.257061 -0.488013 152131854633.000000
-0.156982 -0.920166 0.437988 0.549015 -2.257061 -0.732020 152131857541.000000
-0.158691 -0.917725 0.430908 1.037028 -3.294089 -0.244007 152131860450.000000
-0.156982 -0.915283 0.428467 1.342036 -4.209114 0.366010 152131863358.000000
-0.150146 -0.911133 0.413818 2.257061 -4.758128 1.220033 152131866266.000000
-0.135742 -0.910156 0.416260 2.928079 -6.161166 1.403038 152131869176.000000
-0.124512 -0.907227 0.403076 3.477094 -6.466175 1.647044 152131872090.000000
-0.115479 -0.901367 0.406250 3.294089 -6.832184 1.525041 152131875006.000000
-0.106201 -0.901611 0.400879 3.172086 -7.442201 1.525041 152131877922.000000
-0.096436 -0.899902 0.410156 2.501068 -7.320198 1.037028 152131880836.000000
-0.092773 -0.903809 0.421387 2.196059 -6.893186 0.366010 152131883754.000000
-0.087646 -0.911865 0.428711 1.586043 -6.405173 -0.305008 152131886668.000000
-0.083252 -0.919189 0.438477 0.854023 -5.734155 -0.427012 152131889583.000000
-0.087891 -0.930176 0.447998 0.305008 -5.673153 -1.403038 152131892500.000000
-0.087646 -0.941406 0.462158 0.122003 -5.124138 -1.525041 152131895414.000000
-0.090820 -0.944580 0.461182 -0.244007 -4.819130 -2.196059 152131898326.000000
-0.101807 -0.956543 0.462891 -0.305008 -4.087110 -2.928079 152131901240.000000
-0.110596 -0.964844 0.469238 -0.427012 -3.416092 -3.172086 152131904163.000000
-0.115723 -0.974121 0.477539 -0.610016 -3.294089 -3.172086 152131907077.000000
-0.118652 -0.978516 0.484619 -0.488013 -2.074056 -3.477094 152131909991.000000
-0.124023 -0.984619 0.488525 -0.610016 -1.647044 -3.355091 152131912913.000000
-0.131348 -0.987061 0.482178 0.000000 -1.525041 -3.355091 152131915831.000000
-0.135986 -0.986328 0.471680 0.854023 -1.281035 -2.806076 152131918748.000000
-0.145508 -0.982910 0.465820 1.403038 -2.196059 -1.708046 152131921670.000000
-0.145752 -0.972900 0.440918 2.623071 -3.538096 -1.159031 152131924588.000000
-0.135742 -0.961182 0.426025 3.599097 -4.819130 0.122003 152131927502.000000
-0.130127 -0.946777 0.415771 4.697127 -6.039163 1.159031 152131930416.000000
-0.129395 -0.935059 0.405273 5.246142 -7.320198 2.196059 152131933332.000000
-0.111816 -0.921143 0.399902 5.490148 -7.747209 2.257061 152131936245.000000
-0.097412 -0.913574 0.399414 5.185140 -8.052217 2.318063 152131939158.000000
-0.082764 -0.908691 0.400879 5.002135 -7.808211 1.952053 152131942074.000000
-0.077881 -0.907471 0.416260 4.270115 -7.747209 1.098030 152131944991.000000
-0.070557 -0.915283 0.424316 3.782102 -7.137193 0.549015 152131947902.000000
-0.073730 -0.921631 0.429443 3.599097 -6.771183 -0.244007 152131950837.000000
-0.072754 -0.926270 0.434326 3.111084 -6.771183 -0.793021 152131953749.000000
-0.071045 -0.929688 0.441162 3.172086 -6.588178 -1.342036 152131956661.000000
-0.078369 -0.937988 0.447021 3.172086 -6.588178 -2.074056 152131959570.000000
-0.083252 -0.939941 0.445068 3.233087 -6.100165 -2.196059 152131962481.000000
-0.083984 -0.941162 0.457520 2.989081 -5.978161 -2.989081 152131965389.000000
-0.087646 -0.942139 0.466064 2.745074 -5.307143 -3.111084 152131968297.000000
-0.088379 -0.940430 0.467041 2.745074 -4.575124 -3.721100 152131971202.000000
-0.102783 -0.941650 0.468018 2.440066 -4.270115 -3.477094 152131974111.000000
-0.102783 -0.951416 0.466553 2.074056 -3.843104 -3.294089 152131977018.000000
-0.104492 -0.959473 0.475342 2.074056 -3.660099 -3.294089 152131979925.000000
-0.093018 -0.960205 0.461182 2.196059 -3.599097 -3.660099 152131982839.000000
-0.097168 -0.959717 0.457275 2.440066 -3.904105 -3.416092 152131985769.000000
-0.095215 -0.955566 0.447266 2.684072 -3.843104 -3.477094 152131988683.000000
-0.096680 -0.947021 0.446777 3.111084 -4.209114 -3.172086 152131991604.000000
-0.099854 -0.936279 0.429688 3.050082 -4.575124 -2.745074 152131994516.000000
-0.096436 -0.925049 0.434326 2.806076 -5.734155 -1.708046 152131997431.000000
-0.094971 -0.916016 0.432617 3.233087 -6.588178 -0.915025 152132000345.000000
-0.083496 -0.916016 0.430908 3.477094 -7.686208 -0.854023 152132003272.000000
-0.072266 -0.907227 0.418457 3.660099 -7.930214 -0.244007 152132006187.000000
-0.061768 -0.904785 0.424316 3.050082 -7.503203 -0.366010 152132009104.000000
-0.053223 -0.899414 0.427490 2.684072 -6.954188 -1.159031 152132012022.000000
-0.040283 -0.898682 0.447510 1.891051 -6.344171 -1.220033 152132014937.000000
-0.028564 -0.905762 0.447754 1.098030 -5.246142 -0.488013 152132017850.000000
-0.034912 -0.900146 0.432129 1.769048 -4.148112 -1.220033 152132020765.000000
-0.026855 -0.910156 0.455322 1.708046 -3.294089 -1.464040 152132023691.000000
-0.031494 -0.905273 0.458740 2.135058 -1.830049 -2.623071 152132026607.000000
-0.031494 -0.908691 0.473389 1.586043 -1.281035 -3.294089 152132029522.000000
-0.030518 -0.912354 0.497803 1.037028 -0.061002 -3.660099 152132032446.000000
-0.030762 -0.916260 0.494873 1.037028 1.281035 -4.331117 152132035363.000000
-0.024414 -0.918457 0.514893 1.769048 2.440066 -4.636125 152132038275.000000
-0.023438 -0.926514 0.504883 2.745074 4.209114 -5.490148 152132041188.000000
-0.018555 -0.936279 0.518799 3.416092 5.246142 -6.039163 152132044102.000000
-0.026611 -0.934082 0.510010 4.514122 7.015189 -6.466175 152132047018.000000
-0.032715 -0.936279 0.495850 3.721100 8.235222 -6.405173 152132049928.000000
-0.039307 -0.942383 0.501465 2.501068 8.723236 -5.978161 152132052865.000000
-0.042725 -0.948975 0.433350 5.368145 10.553285 -6.771183 152132055775.000000
-0.028076 -0.937988 0.520996 3.782102 10.309278 -6.588178 152132058693.000000
-0.024414 -0.957764 0.496094 2.379064 14.030379 -7.442201 152132061622.000000
-0.020996 -0.950195 0.536133 -3.782102 14.030379 -5.490148 152132064537.000000
-0.072998 -0.962402 0.445068 -3.599097 15.494418 -5.734155 152132067446.000000
-0.083496 -0.960693 0.483398 -4.758128 11.346306 -4.209114 152132070369.000000
-0.086426 -0.979736 0.395020 -0.122003 10.187275 -3.416092 152132073288.000000
-0.084229 -0.964111 0.429199 0.305008 5.673153 -1.281035 152132076207.000000
-0.096680 -0.963379 0.414307 3.233087 3.477094 -0.366010 152132079123.000000
-0.097168 -0.946777 0.393066 2.440066 1.464040 0.488013 152132082040.000000
-0.101563 -0.929199 0.371094 2.135058 1.098030 1.830049 152132084969.000000
-0.073975 -0.908936 0.392334 -0.549015 -0.061002 2.074056 152132087884.000000
-0.063232 -0.904053 0.401855 -2.318063 0.915025 1.525041 152132090797.000000
-0.054932 -0.901611 0.427979 -4.331117 1.037028 1.098030 152132093714.000000
-0.059814 -0.907715 0.454346 -5.795156 2.318063 0.488013 152132096629.000000
-0.055908 -0.908447 0.477783 -6.039163 2.806076 0.244007 152132099544.000000
-0.055420 -0.921631 0.496338 -5.978161 3.538096 -0.488013 152132102479.000000
-0.049316 -0.929688 0.506836 -5.856158 3.660099 -1.403038 152132105397.000000
-0.035889 -0.931152 0.506104 -5.551150 4.209114 -2.135058 152132108312.000000
-0.028320 -0.933350 0.510742 -5.429147 3.599097 -2.928079 152132111226.000000
-0.020264 -0.937500 0.511963 -5.429147 4.148112 -3.965107 152132114151.000000
-0.019531 -0.945557 0.511719 -5.490148 4.331117 -5.612152 152132117066.000000
-0.019287 -0.951416 0.507080 -5.490148 4.758128 -7.015189 152132119979.000000
-0.030273 -0.960938 0.513672 -5.612152 5.246142 -8.296224 152132122902.000000
-0.038086 -0.968994 0.507568 -5.185140 6.039163 -9.577259 152132125821.000000
-0.081055 -0.986572 0.513428 -4.819130 9.516257 -11.712316 152132133431.000000
-0.092285 -0.989014 0.510742 -4.636125 11.346306 -11.895321 152132136602.000000
-0.102051 -0.986572 0.506104 -4.270115 11.956323 -12.139328 152132139541.000000
-0.115967 -0.989502 0.508789 -4.026109 12.505338 -11.346306 152132142532.000000
-0.125977 -0.991211 0.486816 -4.026109 12.627341 -10.126273 152132145593.000000
-0.134277 -0.992920 0.495361 -3.477094 12.688343 -8.723236 152132148584.000000
-0.137451 -0.983154 0.488281 -3.355091 12.261331 -8.113219 152132151553.000000
-0.138184 -0.974121 0.483398 -3.416092 11.895321 -6.588178 152132154532.000000
-0.145752 -0.971680 0.480713 -3.355091 11.346306 -5.368145 152132157451.000000
-0.142090 -0.955322 0.477783 -3.538096 11.102300 -4.880132 152132160387.000000
-0.139160 -0.948730 0.464600 -3.294089 10.309278 -3.538096 152132163299.000000
-0.141602 -0.939941 0.464600 -3.294089 10.065272 -3.050082 152132166228.000000
-0.137451 -0.927490 0.451660 -3.172086 9.577259 -2.806076 152132169154.000000
-0.131348 -0.917969 0.442627 -3.599097 9.516257 -2.562069 152132172067.000000
-0.127686 -0.909668 0.437500 -3.782102 9.760264 -2.440066 152132174988.000000
-0.119629 -0.896973 0.433105 -4.270115 10.004270 -2.623071 152132177897.000000
-0.117188 -0.893066 0.443115 -4.270115 10.370280 -2.989081 152132180805.000000
-0.114502 -0.888916 0.440186 -5.063137 10.553285 -3.050082 152132183722.000000
-0.119385 -0.877441 0.443848 -5.368145 10.858293 -3.721100 152132186633.000000
-0.118652 -0.883789 0.448975 -6.039163 10.614287 -4.087110 152132189551.000000
-0.122070 -0.887207 0.448975 -6.161166 10.370280 -4.758128 152132192464.000000
-0.117432 -0.890625 0.447510 -7.137193 9.882267 -4.941133 152132195390.000000
-0.124756 -0.894287 0.458008 -7.747209 9.516257 -5.978161 152132198301.000000
-0.125244 -0.901855 0.456055 -8.662234 9.699262 -7.625206 152132201227.000000
-0.126465 -0.914307 0.459961 -9.394254 9.333252 -8.235222 152132204148.000000
-0.134033 -0.925537 0.478516 -9.638260 9.333252 -9.333252 152132207068.000000
-0.140381 -0.933838 0.483154 -10.004270 9.028244 -9.882267 152132209984.000000
-0.146973 -0.944092 0.485596 -9.455255 8.723236 -10.736290 152132212903.000000
-0.145752 -0.959717 0.473877 -9.516257 8.662234 -10.553285 152132215829.000000
-0.154297 -0.965088 0.481445 -8.906240 7.808211 -11.041298 152132218744.000000
-0.147705 -0.966064 0.473145 -8.601232 7.320198 -10.248277 152132221663.000000
-0.142822 -0.961426 0.456055 -7.869212 7.320198 -10.431282 152132224586.000000
-0.140869 -0.955811 0.449951 -7.991216 6.893186 -10.126273 152132227500.000000
-0.132324 -0.952637 0.447021 -8.601232 6.222168 -9.943268 152132230429.000000
-0.126465 -0.942871 0.446289 -9.333252 5.917160 -9.272250 152132233361.000000
-0.121582 -0.942383 0.447998 -10.187275 5.490148 -8.906240 152132236278.000000
-0.113525 -0.944580 0.454590 -11.163301 5.429147 -8.845239 152132239196.000000
-0.112549 -0.951172 0.462158 -11.102300 5.185140 -9.211249 152132242249.000000
-0.113281 -0.956055 0.466064 -10.431282 4.331117 -9.150247 152132245190.000000
-0.116211 -0.960449 0.461670 -8.784237 3.599097 -9.089245 152132248105.000000
-0.114990 -0.965576 0.449951 -5.856158 2.623071 -8.540231 152132251020.000000
-0.116211 -0.959473 0.427002 -3.416092 2.074056 -7.686208 152132253933.000000
-0.108398 -0.941650 0.425537 -3.477094 1.952053 -7.625206 152132256851.000000
-0.100830 -0.910156 0.413330 -4.697127 1.342036 -6.466175 152132259765.000000
-0.094482 -0.883301 0.423584 -7.442201 0.488013 -6.039163 152132262685.000000
-0.091309 -0.873291 0.411133 -8.784237 0.610016 -6.466175 152132265596.000000
-0.087891 -0.864990 0.415527 -11.041298 0.000000 -6.527176 152132268506.000000
-0.081299 -0.872803 0.430664 -12.810346 -0.976026 -6.893186 152132271420.000000
-0.083008 -0.890625 0.445068 -13.786372 -1.891051 -7.991216 152132274330.000000
-0.082764 -0.915283 0.442627 -14.091380 -2.745074 -9.699262 152132277257.000000
-0.087646 -0.924316 0.449219 -14.335387 -2.867077 -10.919295 152132280167.000000
-0.090332 -0.942627 0.445068 -14.335387 -3.721100 -11.834320 152132283086.000000
-0.091309 -0.954102 0.451172 -13.298359 -3.477094 -12.810346 152132286005.000000
-0.084717 -0.971924 0.445801 -12.993351 -2.867077 -13.359361 152132288923.000000
-0.084229 -0.981201 0.454590 -13.542366 -2.013054 -13.664369 152132291843.000000
-0.086914 -0.990723 0.473633 -13.786372 -1.159031 -14.030379 152132294759.000000
-0.095703 -1.002686 0.469971 -13.542366 0.427012 -13.359361 152132297675.000000
-0.089355 -1.005371 0.479736 -13.420362 0.732020 -13.237357 152132300592.000000
-0.093750 -1.010986 0.491699 -13.115354 1.220033 -12.749344 152132303573.000000
-0.092285 -1.003906 0.494629 -12.871348 1.098030 -10.614287 152132307731.000000
-0.095703 -0.990479 0.488037 -11.834320 0.488013 -8.784237 152132310814.000000
-0.092285 -0.985107 0.481201 -10.736290 -0.183005 -6.710181 152132313826.000000
-0.085938 -0.977295 0.466797 -9.516257 -1.342036 -5.734155 152132316750.000000
-0.085938 -0.963867 0.450684 -8.052217 -2.379064 -3.965107 152132319676.000000
-0.078369 -0.937500 0.435303 -6.588178 -4.026109 -2.928079 152132322586.000000
-0.087891 -0.914307 0.407959 -5.124138 -5.124138 -1.464040 152132325497.000000
-0.090820 -0.895996 0.410889 -4.148112 -7.198194 -1.037028 152132328405.000000
-0.106445 -0.877197 0.390625 -2.684072 -8.723236 -0.671018 152132331316.000000
-0.114258 -0.861816 0.413330 -4.331117 -10.736290 -0.183005 152132334226.000000
-0.113770 -0.844971 0.402832 -5.856158 -10.187275 -2.013054 152132337135.000000
-0.140137 -0.835693 0.356934 -9.333252 -12.688343 -2.379064 152132340043.000000
-0.139893 -0.812988 0.435791 -11.346306 -15.677423 -2.989081 152132342955.000000
-0.152100 -0.831055 0.386719 -13.237357 -17.019460 -4.453120 152132346096.000000
-0.169678 -0.837891 0.415771 -14.640395 -18.971512 -5.795156 152132349010.000000
-0.169434 -0.854736 0.439453 -19.886537 -21.594583 -6.710181 152132351922.000000
-0.178223 -0.877686 0.433838 -20.862563 -21.350576 -8.174221 152132354834.000000
-0.172363 -0.899414 0.452637 -23.363631 -23.058623 -8.418227 152132357742.000000
-0.174072 -0.937988 0.466309 -23.729641 -23.790642 -9.272250 152132360650.000000
-0.165283 -0.976074 0.466064 -24.949674 -23.607637 -9.638260 152132363578.000000
-0.149658 -1.008057 0.477539 -25.254682 -23.790642 -9.882267 152132366500.000000
-0.132813 -1.034424 0.467285 -24.705667 -23.241628 -9.882267 152132369408.000000
-0.110352 -1.045410 0.476807 -24.400659 -22.570609 -9.882267 152132372318.000000
-0.092041 -1.050049 0.464844 -23.851644 -20.618557 -8.723236 152132375227.000000
-0.080078 -1.047607 0.451416 -21.716586 -19.276520 -7.625206 152132378146.000000
-0.058350 -1.041992 0.472656 -22.753614 -17.446471 -6.100165 152132381055.000000
-0.033936 -1.022461 0.434326 -21.350576 -11.468310 -6.344171 152132383971.000000
-0.014404 -0.986816 0.451416 -23.790642 -10.858293 -3.660099 152132386884.000000
0.017334 -0.956055 0.461670 -23.119624 -6.161166 -2.745074 152132389800.000000
0.047119 -0.933594 0.413330 -23.851644 -1.708046 -1.464040 152132392716.000000
0.082764 -0.903076 0.451416 -24.827670 -0.366010 0.610016 152132395636.000000
0.107910 -0.880127 0.409912 -26.169707 2.379064 1.403038 152132398568.000000
0.126953 -0.853760 0.415283 -26.901726 4.392119 2.074056 152132401487.000000
0.133301 -0.847412 0.419434 -24.888672 3.050082 2.318063 152132404443.000000
0.133789 -0.870361 0.442383 -20.313548 1.952053 1.952053 152132407357.000000
0.130371 -0.891602 0.437256 -18.178491 2.867077 -0.671018 152132410277.000000
0.122803 -0.909912 0.447266 -20.557555 3.050082 -2.867077 152132413195.000000
0.081543 -0.930420 0.413086 -20.008540 3.050082 -5.063137 152132416109.000000
0.067139 -0.912598 0.565918 -26.291710 0.488013 -7.320198 152132419023.000000
0.019531 -0.946533 0.414551 -26.596718 3.843104 -10.614287 152132421946.000000
-0.009033 -0.948730 0.516113 -29.951809 0.244007 -12.139328 152132424863.000000
-0.035400 -0.993408 0.505615 -29.585799 -1.281035 -14.762399 152132427788.000000
-0.065430 -1.041748 0.474365 -27.145733 0.122003 -17.568474 152132430706.000000
-0.094727 -1.072021 0.488770 -25.925700 -1.098030 -19.215519 152132433623.000000
-0.113525 -1.094482 0.490723 -24.278656 -1.403038 -19.947539 152132436537.000000
-0.132813 -1.107178 0.466553 -22.631611 0.183005 -21.167572 152132439451.000000
-0.142578 -1.112549 0.454590 -20.313548 0.976026 -20.496553 152132442373.000000
-0.153809 -1.107178 0.464600 -19.337522 2.135058 -19.886537 152132445290.000000
-0.156006 -1.099365 0.451172 -18.117489 3.904105 -18.483499 152132448206.000000
-0.160645 -1.078125 0.450195 -16.775453 5.368145 -16.897456 152132451115.000000
-0.154541 -1.063721 0.447754 -15.738425 6.832184 -15.372415 152132454025.000000
-0.152832 -1.037109 0.430664 -15.433417 8.845239 -13.786372 152132456942.000000
-0.143799 -1.006348 0.428955 -15.006405 9.882267 -12.078326 152132459860.000000
-0.130127 -0.978271 0.421631 -14.579394 11.651315 -10.858293 152132462771.000000
-0.114746 -0.947266 0.411865 -14.762399 12.810346 -9.577259 152132465678.000000
-0.102295 -0.927490 0.418457 -15.738425 13.237357 -8.662234 152132468590.000000
-0.087402 -0.914307 0.413330 -15.494418 13.603367 -7.747209 152132471497.000000
-0.081543 -0.913330 0.405762 -14.945404 13.542366 -7.137193 152132474438.000000
-0.070313 -0.915527 0.404541 -13.054352 12.627341 -6.283170 152132477346.000000
-0.065674 -0.916016 0.396973 -11.041298 11.407308 -5.734155 152132480253.000000
-0.055176 -0.920898 0.385010 -8.601232 9.882267 -6.100165 152132483169.000000
-0.051514 -0.923096 0.371094 -5.551150 8.296224 -5.917160 152132486084.000000
-0.054688 -0.926514 0.352051 -3.233087 6.527176 -6.039163 152132489001.000000
-0.062744 -0.928955 0.332764 -1.037028 4.270115 -6.649180 152132491919.000000
-0.068359 -0.930420 0.311523 0.610016 2.501068 -7.137193 152132494840.000000
-0.080566 -0.933594 0.296143 1.342036 0.366010 -8.052217 152132497753.000000
-0.093018 -0.930908 0.291016 1.952053 -0.915025 -8.479229 152132500666.000000
-0.101318 -0.933594 0.284424 2.074056 -2.867077 -9.516257 152132503591.000000
-0.112549 -0.933105 0.282715 2.074056 -4.270115 -10.187275 152132506505.000000
-0.122803 -0.940674 0.279785 1.952053 -5.063137 -11.346306 152132509432.000000
-0.143066 -0.945068 0.284912 1.647044 -5.795156 -12.139328 152132512356.000000
-0.148682 -0.952637 0.284424 1.525041 -6.283170 -12.383334 152132515273.000000
-0.150635 -0.966064 0.292480 1.586043 -6.771183 -13.054352 152132518189.000000
-0.158447 -0.973633 0.295410 1.403038 -6.954188 -13.847374 152132521103.000000
-0.157471 -0.984619 0.304688 1.220033 -7.137193 -14.152382 152132524034.000000
-0.157471 -0.988525 0.315674 1.037028 -7.442201 -14.274385 152132526950.000000
-0.160645 -0.995850 0.317627 0.976026 -7.442201 -14.152382 152132529864.000000
-0.155518 -1.000977 0.337402 0.854023 -7.686208 -13.969377 152132532780.000000
-0.153076 -1.005859 0.347656 0.488013 -8.113219 -13.359361 152132535696.000000
-0.147705 -1.006348 0.361816 0.854023 -8.662234 -12.871348 152132538610.000000
-0.134521 -1.003662 0.360107 1.098030 -9.150247 -12.810346 152132541523.000000
-0.130615 -1.008057 0.367676 1.342036 -9.455255 -12.017324 152132544531.000000
-0.124512 -1.005615 0.375488 1.403038 -9.821265 -11.651315 152132547448.000000
-0.116699 -0.999756 0.381348 1.342036 -9.943268 -11.407308 152132550371.000000
-0.110107 -0.997314 0.377441 1.647044 -10.004270 -10.614287 152132553282.000000
-0.098633 -0.994141 0.389160 1.708046 -9.699262 -10.492283 152132556192.000000
-0.089355 -0.989258 0.390625 1.891051 -9.516257 -10.370280 152132559102.000000
-0.089844 -0.990723 0.392578 1.891051 -9.089245 -10.126273 152132562011.000000
-0.081299 -0.978516 0.395996 2.013054 -8.479229 -8.967242 152132564920.000000
-0.076172 -0.981445 0.405762 2.623071 -8.357226 -9.272250 152132567826.000000
-0.077881 -0.989502 0.400391 3.599097 -8.296224 -8.357226 152132570734.000000
-0.074463 -0.985596 0.408936 4.697127 -8.601232 -7.503203 152132573642.000000
-0.064697 -0.989990 0.397949 5.917160 -9.455255 -7.259196 152132576550.000000
-0.055908 -0.986572 0.396729 6.405173 -10.187275 -7.076191 152132579464.000000
-0.048584 -0.982910 0.371826 6.344171 -10.431282 -6.893186 152132582391.000000
-0.048828 -0.971680 0.368408 6.161166 -10.797292 -6.832184 152132585306.000000
-0.057861 -0.974365 0.371826 5.429147 -10.980296 -7.137193 152132588224.000000
-0.056396 -0.968262 0.376953 5.124138 -11.590313 -6.588178 152132591144.000000
-0.057861 -0.971191 0.380859 4.819130 -12.139328 -6.649180 152132594061.000000
-0.065430 -0.967041 0.382080 4.453120 -12.505338 -6.344171 152132596988.000000
-0.068848 -0.969238 0.392334 4.941133 -13.237357 -5.856158 152132599903.000000
-0.066162 -0.966064 0.395264 5.368145 -13.603367 -5.917160 152132602826.000000
-0.061279 -0.971680 0.391846 5.734155 -14.030379 -5.612152 152132605744.000000
-0.068848 -0.975586 0.389893 7.076191 -15.067407 -4.880132 152132608658.000000
-0.065674 -0.976318 0.384766 8.235222 -16.165436 -4.575124 152132611590.000000
-0.062256 -0.979248 0.363525 9.150247 -15.799427 -5.185140 152132614518.000000
-0.061523 -0.968262 0.356201 8.601232 -15.494418 -4.758128 152132617431.000000
-0.061768 -0.947021 0.356445 7.320198 -15.677423 -4.758128 152132620346.000000
-0.060059 -0.936035 0.364990 5.978161 -15.677423 -4.453120 152132623270.000000
-0.060059 -0.934326 0.375977 4.880132 -17.019460 -3.904105 152132626187.000000
-0.054688 -0.935791 0.389404 4.880132 -18.056488 -3.843104 152132629111.000000
-0.052734 -0.943604 0.390137 5.063137 -18.544501 -3.538096 152132632038.000000
-0.051270 -0.951416 0.390381 5.368145 -19.093516 -3.538096 152132634955.000000
-0.044434 -0.958008 0.378662 5.856158 -18.971512 -4.026109 152132637869.000000
-0.054443 -0.968750 0.368896 6.344171 -18.849509 -4.270115 152132640782.000000
-0.046631 -0.971191 0.363037 6.527176 -19.642530 -4.514122 152132643712.000000
-0.053955 -0.976318 0.352295 7.503203 -19.703532 -4.392119 152132646804.000000
-0.050293 -0.978516 0.351074 7.930214 -20.374550 -4.636125 152132649726.000000
-0.049316 -0.988037 0.351563 8.418227 -20.984567 -5.002135 152132652637.000000
-0.051514 -0.991699 0.344482 8.662234 -21.411578 -5.063137 152132655547.000000
-0.056641 -0.999268 0.336914 8.845239 -21.716586 -5.368145 152132658453.000000
-0.054932 -1.000000 0.340820 8.906240 -22.326603 -5.734155 152132661360.000000
-0.061523 -1.011230 0.344971 8.967242 -23.058623 -5.429147 152132664268.000000
-0.060791 -1.003174 0.355713 8.906240 -23.607637 -5.856158 152132667185.000000
-0.067627 -1.002686 0.354248 8.784237 -24.095651 -6.161166 152132670094.000000
-0.069824 -1.008057 0.359619 8.174221 -24.705667 -6.283170 152132673031.000000
-0.074219 -0.998535 0.363281 8.418227 -25.132679 -6.283170 152132675940.000000
-0.084717 -0.996826 0.371582 7.930214 -25.620692 -6.466175 152132678846.000000
-0.085205 -0.996338 0.370117 7.747209 -25.681693 -6.283170 152132681757.000000
-0.087646 -0.985107 0.392334 6.649180 -25.681693 -5.429147 152132684675.000000
-0.089355 -0.986084 0.393555 6.344171 -26.169707 -5.551150 152132687589.000000
-0.093506 -0.982178 0.395508 5.795156 -26.352712 -5.734155 152132690509.000000
-0.091064 -0.981934 0.412354 5.490148 -27.023730 -5.185140 152132693427.000000
-0.083984 -0.980957 0.407227 5.063137 -27.084731 -4.880132 152132696341.000000
-0.084717 -0.979736 0.399658 5.978161 -27.999756 -3.965107 152132699255.000000
-0.078369 -0.981934 0.409180 7.808211 -30.073812 -3.904105 152132702188.000000
-0.072510 -0.994141 0.407471 8.723236 -30.988837 -3.599097 152132705108.000000
-0.069824 -0.991455 0.383057 9.089245 -30.561825 -3.782102 152132708022.000000
-0.064697 -0.989990 0.401123 9.150247 -32.208870 -2.806076 152132710936.000000
-0.060303 -0.983154 0.397461 9.943268 -32.269871 -2.745074 152132713859.000000
-0.055908 -0.980225 0.384277 9.760264 -31.537852 -2.623071 152132716774.000000
-0.055908 -0.975586 0.385498 9.760264 -31.964863 -2.135058 152132719689.000000
-0.055908 -0.968506 0.399170 9.089245 -32.269871 -1.952053 152132722610.000000
-0.049561 -0.967041 0.393066 9.394254 -31.476850 -2.440066 152132725526.000000
-0.052490 -0.968750 0.399658 8.967242 -31.964863 -2.013054 152132728440.000000
-0.050537 -0.970947 0.397949 8.784237 -31.476850 -1.952053 152132731353.000000
-0.048584 -0.961182 0.402100 8.723236 -31.781858 -1.952053 152132734270.000000
-0.049072 -0.964844 0.404053 8.540231 -31.415848 -1.708046 152132737184.000000
-0.043701 -0.966797 0.396484 8.052217 -31.598853 -1.525041 152132740099.000000
-0.038330 -0.969727 0.401367 7.869212 -31.415848 -1.647044 152132743023.000000
-0.031006 -0.969238 0.403564 8.052217 -31.354847 -1.403038 152132745939.000000
-0.028076 -0.970947 0.396729 7.991216 -30.683828 -0.976026 152132748853.000000
-0.031006 -0.971191 0.399414 7.869212 -30.378820 -0.732020 152132751762.000000
-0.026611 -0.969482 0.392334 7.381199 -30.012810 -0.488013 152132754671.000000
-0.018311 -0.971436 0.388916 6.893186 -29.585799 -0.244007 152132757579.000000
-0.020020 -0.974609 0.387451 6.649180 -29.158787 -0.122003 152132760492.000000
-0.014160 -0.964355 0.390625 6.100165 -28.609772 0.610016 152132763401.000000
-0.015137 -0.965820 0.395020 5.734155 -28.487769 0.793021 152132766310.000000
-0.005615 -0.961426 0.390625 5.490148 -27.877753 1.281035 152132769223.000000
-0.000732 -0.952881 0.394775 5.002135 -27.511743 1.891051 152132772131.000000
0.003906 -0.944824 0.389160 4.819130 -27.267736 2.379064 152132775038.000000
0.008057 -0.941895 0.390869 3.965107 -26.596718 2.745074 152132777944.000000
0.013184 -0.938721 0.393799 4.026109 -25.864698 3.050082 152132780850.000000
0.018066 -0.941406 0.396973 2.989081 -25.925700 3.172086 152132783777.000000
0.024902 -0.940918 0.401123 2.928079 -25.315684 3.843104 152132786691.000000
0.023438 -0.947754 0.402100 2.562069 -25.254682 3.660099 152132789614.000000
0.025879 -0.953857 0.402344 2.928079 -25.559690 3.660099 152132792530.000000
0.025146 -0.957520 0.397461 3.172086 -25.986702 3.965107 152132795442.000000
0.027100 -0.960205 0.401367 3.599097 -26.779723 4.026109 152132798355.000000
0.026611 -0.966309 0.397461 3.294089 -27.206735 4.026109 152132801268.000000
0.023682 -0.966309 0.388672 3.599097 -27.023730 3.477094 152132804193.000000
0.017822 -0.969971 0.408203 3.904105 -27.145733 3.233087 152132807109.000000
0.016113 -0.972168 0.391113 3.843104 -27.694748 3.172086 152132810022.000000
0.015625 -0.968506 0.399170 4.026109 -27.450741 3.172086 152132812938.000000
0.007080 -0.969482 0.394531 3.538096 -27.328738 2.928079 152132815852.000000
0.001465 -0.963867 0.395752 3.599097 -26.962728 2.440066 152132818764.000000
0.001465 -0.968750 0.390869 3.477094 -26.474715 2.745074 152132821685.000000
0.001221 -0.967529 0.392090 3.355091 -26.047703 2.318063 152132824605.000000
-0.005371 -0.978516 0.398193 3.416092 -25.254682 2.684072 152132827518.000000
-0.007813 -0.971924 0.398193 3.294089 -24.705667 2.928079 152132830447.000000
-0.003418 -0.974121 0.394287 3.172086 -24.156652 2.867077 152132833371.000000
-0.003174 -0.972412 0.396729 2.440066 -23.302629 2.989081 152132836287.000000
-0.002930 -0.975098 0.405273 2.501068 -22.387604 2.989081 152132839201.000000
0.001465 -0.970703 0.406250 1.952053 -21.411578 3.294089 152132842120.000000
0.002930 -0.974365 0.409912 2.440066 -20.435552 3.477094 152132845040.000000
0.002441 -0.981934 0.407715 3.111084 -19.581529 3.111084 152132847953.000000
0.000977 -0.976807 0.417480 3.294089 -18.544501 3.843104 152132850860.000000
0.004150 -0.968750 0.435059 2.257061 -18.483499 3.721100 152132853770.000000
0.004883 -0.961914 0.444824 0.976026 -18.300494 4.392119 152132856678.000000
0.008057 -0.957275 0.437256 0.732020 -18.361496 4.636125 152132859587.000000
0.010010 -0.963867 0.432617 0.183005 -17.690478 4.697127 152132862513.000000
0.013184 -0.968750 0.431641 0.183005 -17.751479 4.880132 152132865421.000000
0.015625 -0.977295 0.439697 -0.122003 -17.995486 5.246142 152132868329.000000
0.012939 -0.986572 0.419189 1.098030 -17.568474 5.368145 152132871234.000000
0.022705 -0.991699 0.420654 1.037028 -18.117489 5.368145 152132874145.000000
0.016846 -0.989258 0.397217 2.623071 -17.568474 5.734155 152132877054.000000
0.021973 -0.994141 0.412354 4.941133 -19.703532 6.405173 152132879961.000000
0.025391 -1.000000 0.412842 7.381199 -21.716586 6.405173 152132882872.000000
0.014404 -1.006592 0.385010 8.540231 -20.801562 5.734155 152132885796.000000
0.015625 -1.004639 0.378906 7.808211 -21.228573 5.490148 152132888710.000000
0.014404 -0.985596 0.382080 7.869212 -22.387604 5.734155 152132891633.000000
0.006836 -0.977051 0.367676 7.869212 -21.838590 5.063137 152132894561.000000
-0.000488 -0.965576 0.351318 8.052217 -21.472580 4.636125 152132897476.000000
-0.009033 -0.958984 0.367676 6.527176 -21.899591 4.575124 152132900392.000000
-0.014648 -0.949463 0.362305 6.039163 -21.045568 4.087110 152132903317.000000
-0.022461 -0.941650 0.360596 5.063137 -21.045568 3.660099 152132906231.000000
-0.025879 -0.937744 0.369141 4.453120 -20.801562 3.416092 152132909145.000000
-0.029785 -0.935791 0.379639 3.538096 -20.618557 3.111084 152132912060.000000
-0.023438 -0.934814 0.393311 2.684072 -20.252547 2.867077 152132914972.000000
-0.021973 -0.935791 0.396973 1.586043 -18.910511 2.135058 152132917885.000000
-0.025879 -0.931396 0.413086 0.244007 -17.934484 1.891051 152132920800.000000
-0.025146 -0.927734 0.433838 -1.220033 -17.385469 2.135058 152132923739.000000
-0.021973 -0.933105 0.433350 -2.501068 -16.348441 1.464040 152132926661.000000
-0.028809 -0.936035 0.440674 -3.172086 -14.335387 0.976026 152132929576.000000
-0.021729 -0.937988 0.455811 -4.148112 -13.359361 1.403038 152132932494.000000
-0.019531 -0.942383 0.463379 -4.392119 -11.895321 1.342036 152132935407.000000
-0.019287 -0.948486 0.461182 -4.758128 -10.675288 1.525041 152132938321.000000
-0.018555 -0.947998 0.464111 -5.490148 -9.394254 1.647044 152132941238.000000
-0.010010 -0.954102 0.472656 -5.490148 -8.113219 1.769048 152132944163.000000
-0.007568 -0.951416 0.466797 -5.551150 -7.198194 2.074056 152132947083.000000
-0.007324 -0.958252 0.468994 -5.124138 -6.222168 2.135058 152132949999.000000
-0.005371 -0.953857 0.468262 -4.819130 -5.307143 2.257061 152132952909.000000
-0.002441 -0.950439 0.466309 -4.697127 -4.575124 2.440066 152132955819.000000
-0.000977 -0.946777 0.466064 -4.331117 -3.965107 2.501068 152132958802.000000
0.001953 -0.945068 0.468994 -3.965107 -3.111084 2.928079 152132961715.000000
0.006836 -0.944580 0.461182 -3.660099 -3.233087 2.867077 152132964625.000000
0.003662 -0.943848 0.454346 -3.477094 -2.501068 2.806076 152132967535.000000
0.006104 -0.944824 0.452881 -2.684072 -2.257061 2.745074 152132970442.000000
0.001709 -0.946777 0.453613 -2.745074 -2.074056 2.745074 152132973351.000000
0.000732 -0.944580 0.447021 -2.257061 -2.013054 2.562069 152132976258.000000
-0.006348 -0.945801 0.445313 -2.196059 -2.196059 2.074056 152132979165.000000
-0.010742 -0.945068 0.432861 -1.403038 -2.257061 2.257061 152132982076.000000
-0.014648 -0.948730 0.433105 -1.464040 -2.379064 2.257061 152132985001.000000
-0.014648 -0.948730 0.427734 -1.403038 -2.684072 1.769048 152132987918.000000
-0.018066 -0.949463 0.419922 -1.098030 -3.050082 1.708046 152132990838.000000
-0.024170 -0.949463 0.417725 -0.976026 -2.745074 1.830049 152132993752.000000
-0.026367 -0.948242 0.412598 -1.098030 -2.867077 1.769048 152132996666.000000
-0.026611 -0.947021 0.398438 -1.220033 -2.867077 1.525041 152132999581.000000
-0.028809 -0.945313 0.401123 -1.403038 -2.989081 1.220033 152133002502.000000
-0.029053 -0.943359 0.396240 -1.952053 -3.050082 1.403038 152133005422.000000
-0.031494 -0.948242 0.396484 -2.318063 -2.684072 1.342036 152133008337.000000
-0.027832 -0.945801 0.395752 -2.501068 -2.928079 1.098030 152133011252.000000
-0.028076 -0.951904 0.396484 -3.050082 -3.233087 0.854023 152133014170.000000
-0.028076 -0.958008 0.397705 -3.111084 -3.172086 0.854023 152133017092.000000
-0.030273 -0.957764 0.396973 -3.355091 -3.172086 0.366010 152133020006.000000
-0.028809 -0.963379 0.401855 -3.416092 -3.172086 0.427012 152133022927.000000
-0.028320 -0.967285 0.403564 -3.721100 -3.233087 0.610016 152133025844.000000
