0.127930 -0.880859 -0.432129 -0.671018 -1.037028 0.061002 164902282778.000000
0.125244 -0.877441 -0.435059 -0.366010 -1.220033 0.305008 164902285693.000000
0.126221 -0.879395 -0.435059 -0.244007 -0.793021 0.366010 164902293458.000000
0.124512 -0.874756 -0.437744 -0.549015 -0.976026 0.549015 164902296623.000000
0.124268 -0.876221 -0.438232 -0.549015 -0.732020 0.244007 164902299604.000000
0.125732 -0.873779 -0.435791 -0.427012 -0.488013 0.488013 164902302532.000000
0.125244 -0.876221 -0.439941 -0.671018 -0.732020 0.549015 164902305527.000000
0.129150 -0.880127 -0.433105 -0.610016 -0.671018 0.305008 164902308527.000000
0.122070 -0.876953 -0.444336 -0.854023 -0.488013 0.427012 164902311454.000000
0.123535 -0.879395 -0.430420 -0.549015 -0.549015 0.549015 164902314371.000000
0.122070 -0.879395 -0.439453 -0.732020 -0.305008 0.366010 164902317293.000000
0.125000 -0.877686 -0.439209 -0.671018 -0.549015 0.549015 164902320220.000000
0.121094 -0.881348 -0.437012 -0.915025 -0.549015 0.732020 164902323131.000000
0.120605 -0.876465 -0.441650 -0.549015 -0.244007 0.366010 164902326073.000000
0.122559 -0.874512 -0.440430 -0.671018 -0.305008 0.610016 164902328988.000000
0.121338 -0.879150 -0.435791 -0.549015 -0.305008 0.671018 164902331923.000000
0.120361 -0.877441 -0.438477 -0.732020 -0.122003 0.488013 164902334840.000000
0.124023 -0.878662 -0.436768 -0.793021 -0.366010 0.610016 164902337772.000000
0.123535 -0.874268 -0.439209 -0.732020 -0.122003 0.549015 164902340725.000000
0.120850 -0.874023 -0.445801 -0.854023 -0.061002 0.610016 164902343639.000000
0.119141 -0.878174 -0.440430 -0.732020 -0.061002 0.427012 164902346636.000000
0.115967 -0.879395 -0.444824 -0.671018 -0.122003 0.488013 164902349567.000000
0.117432 -0.874023 -0.440186 -0.549015 -0.061002 0.671018 164902352478.000000
0.120850 -0.880371 -0.440430 -0.549015 -0.244007 0.671018 164902355387.000000
0.122314 -0.878906 -0.444092 -0.671018 -0.122003 0.549015 164902358308.000000
0.122559 -0.878174 -0.439209 -0.732020 -0.549015 0.427012 164902361232.000000
0.118408 -0.884277 -0.445313 -0.610016 -0.183005 0.671018 164902364150.000000
0.116455 -0.876465 -0.439453 -0.854023 0.000000 0.854023 164902367062.000000
0.122314 -0.880371 -0.437012 -0.549015 -0.366010 0.427012 164902369976.000000
0.118896 -0.881104 -0.437500 -0.366010 -0.244007 0.671018 164902372906.000000
0.120361 -0.881592 -0.435791 -0.427012 -0.366010 0.488013 164902375822.000000
0.120117 -0.881348 -0.440186 -0.366010 -0.244007 0.610016 164902378747.000000
0.119385 -0.882080 -0.438965 -0.549015 -0.366010 0.793021 164902381680.000000
0.115723 -0.878174 -0.434082 -0.305008 -0.488013 0.671018 164902384603.000000
0.118408 -0.875000 -0.440674 -0.732020 -0.610016 0.732020 164902387514.000000
0.115723 -0.874756 -0.439453 -0.305008 -0.610016 0.732020 164902390425.000000
0.113037 -0.879150 -0.440674 -0.488013 -0.488013 0.488013 164902393499.000000
0.117920 -0.875488 -0.439697 -0.549015 -0.732020 0.610016 164902396429.000000
0.113525 -0.874756 -0.438965 -0.366010 -0.610016 0.427012 164902399355.000000
0.114014 -0.879883 -0.438965 -0.366010 -0.488013 0.610016 164902402280.000000
0.116455 -0.878662 -0.434814 -0.366010 -0.671018 0.732020 164902405211.000000
0.115234 -0.876709 -0.441650 -0.305008 -0.610016 0.549015 164902408128.000000
0.113525 -0.879150 -0.445068 -0.427012 -0.671018 0.366010 164902411046.000000
0.118164 -0.880859 -0.437012 -0.244007 -0.671018 0.549015 164902413969.000000
0.114014 -0.876465 -0.441650 -0.305008 -0.427012 0.610016 164902416894.000000
0.116455 -0.879883 -0.447266 -0.244007 -0.122003 0.427012 164902419813.000000
0.111816 -0.878418 -0.436523 -0.244007 -0.488013 0.427012 164902422744.000000
0.114990 -0.880127 -0.441650 -0.122003 -0.305008 0.610016 164902425660.000000
0.124268 -0.881104 -0.443359 -0.549015 -0.366010 0.427012 164902428577.000000
0.118408 -0.880615 -0.436768 -0.305008 -0.427012 0.549015 164902431494.000000
0.117920 -0.878174 -0.435303 -0.488013 -0.366010 0.244007 164902434421.000000
0.119141 -0.880615 -0.434082 -0.427012 -0.183005 0.366010 164902437341.000000
0.116943 -0.874023 -0.436523 -0.549015 -0.305008 0.183005 164902440267.000000
0.120117 -0.878906 -0.445313 -0.244007 -0.549015 0.366010 164902443185.000000
0.119629 -0.875488 -0.438965 -0.488013 -0.061002 0.000000 164902446112.000000
0.117676 -0.877441 -0.435303 -0.427012 -0.183005 0.061002 164902449030.000000
0.122314 -0.877441 -0.440918 -0.305008 0.183005 0.305008 164902451948.000000
0.119141 -0.875000 -0.441162 -0.732020 0.000000 0.183005 164902454872.000000
0.118164 -0.878662 -0.439453 -0.427012 0.183005 0.122003 164902457780.000000
0.118896 -0.874756 -0.443848 -0.427012 0.305008 0.000000 164902460759.000000
0.120605 -0.879150 -0.447998 -0.427012 0.183005 0.427012 164902463857.000000
0.118408 -0.875977 -0.440674 -0.244007 0.793021 0.122003 164902466946.000000
0.116699 -0.872314 -0.438232 -0.549015 0.305008 0.305008 164902469982.000000
0.118164 -0.876709 -0.442871 -0.366010 0.427012 0.366010 164902472960.000000
0.122070 -0.874268 -0.444092 -0.427012 0.610016 0.366010 164902475883.000000
0.124268 -0.875000 -0.438477 -0.366010 0.732020 0.366010 164902478791.000000
0.121582 -0.878418 -0.447266 -0.305008 0.671018 0.366010 164902481700.000000
0.121826 -0.875244 -0.441895 -0.427012 0.671018 0.671018 164902484667.000000
0.120117 -0.874268 -0.442139 0.000000 0.610016 0.488013 164902487601.000000
0.122070 -0.876953 -0.446533 -0.122003 0.488013 0.610016 164902490519.000000
0.125977 -0.874512 -0.444824 -0.183005 0.854023 0.671018 164902493436.000000
0.124023 -0.877441 -0.447754 0.000000 0.549015 0.915025 164902496354.000000
0.121094 -0.872803 -0.439209 0.244007 1.159031 0.793021 164902499263.000000
0.123291 -0.874023 -0.443604 0.244007 1.037028 0.793021 164902502172.000000
0.120361 -0.873535 -0.437988 0.427012 0.915025 0.915025 164902505085.000000
0.119141 -0.875000 -0.445801 0.549015 1.220033 0.976026 164902508005.000000
0.120850 -0.873535 -0.440918 0.793021 1.159031 0.976026 164902510920.000000
0.120605 -0.881348 -0.438965 0.610016 1.220033 0.976026 164902513841.000000
0.121338 -0.875977 -0.445313 0.732020 1.403038 1.220033 164902516770.000000
0.117188 -0.879883 -0.441650 0.854023 0.915025 1.342036 164902519678.000000
0.122314 -0.878662 -0.441650 1.037028 1.342036 1.220033 164902522586.000000
0.122559 -0.873779 -0.442627 0.915025 1.098030 0.793021 164902525498.000000
0.124512 -0.877686 -0.442383 0.915025 1.403038 1.098030 164902528414.000000
0.117188 -0.878174 -0.441406 1.281035 1.037028 1.647044 164902531332.000000
0.116699 -0.873535 -0.443359 1.281035 1.098030 1.159031 164902534257.000000
0.124023 -0.879883 -0.441406 1.159031 1.403038 1.342036 164902537182.000000
0.117432 -0.874756 -0.442383 1.403038 1.403038 0.976026 164902540100.000000
0.118896 -0.877930 -0.435547 1.281035 1.159031 1.464040 164902543015.000000
0.117676 -0.878906 -0.444580 1.159031 1.525041 1.098030 164902545931.000000
0.114258 -0.874512 -0.447998 1.403038 0.915025 1.220033 164902548860.000000
0.114746 -0.875977 -0.435303 1.220033 0.793021 1.159031 164902551774.000000
0.119141 -0.875977 -0.440918 1.403038 0.854023 0.793021 164902554691.000000
0.115234 -0.875244 -0.438477 1.281035 0.305008 1.220033 164902557623.000000
0.114990 -0.876221 -0.447754 1.281035 0.366010 0.732020 164902560540.000000
0.112549 -0.873291 -0.440674 1.037028 0.000000 0.549015 164902563464.000000
0.113525 -0.881348 -0.448242 1.281035 -0.244007 0.549015 164902566388.000000
0.114990 -0.875732 -0.437500 0.854023 -0.305008 0.366010 164902569302.000000
0.113037 -0.876465 -0.441162 1.037028 -0.671018 0.366010 164902572218.000000
0.116211 -0.877197 -0.438477 0.976026 -0.793021 0.122003 164902575139.000000
0.118408 -0.878174 -0.444580 0.976026 -0.854023 -0.061002 164902578058.000000
0.117676 -0.873779 -0.435791 1.037028 -0.915025 -0.244007 164902580976.000000
0.123779 -0.876221 -0.438477 0.976026 -1.159031 0.061002 164902583891.000000
0.127441 -0.883545 -0.431396 0.671018 -1.098030 -0.183005 164902586810.000000
0.117920 -0.882813 -0.419678 2.379064 -0.671018 -0.122003 164902589726.000000
0.118896 -0.870361 -0.435059 1.769048 -0.305008 0.305008 164902592640.000000
0.119385 -0.870117 -0.457031 0.793021 0.000000 0.305008 164902595562.000000
0.121582 -0.877197 -0.442627 0.976026 0.305008 0.366010 164902598482.000000
0.117920 -0.877930 -0.430176 1.952053 0.061002 -0.061002 164902601413.000000
0.113037 -0.876465 -0.431641 1.586043 0.366010 0.183005 164902604329.000000
0.118164 -0.878906 -0.440918 0.610016 -0.061002 0.000000 164902607254.000000
0.112549 -0.885986 -0.431396 1.342036 -0.244007 0.061002 164902610169.000000
0.111816 -0.882080 -0.440186 1.464040 -0.061002 0.427012 164902613087.000000
0.110352 -0.884521 -0.438721 1.342036 0.061002 0.183005 164902616004.000000
0.117432 -0.875488 -0.443604 1.098030 -0.244007 0.488013 164902618926.000000
0.119873 -0.877197 -0.437012 0.732020 -0.732020 0.366010 164902621841.000000
0.122559 -0.873779 -0.440430 0.305008 -0.305008 0.183005 164902624764.000000
0.124756 -0.873291 -0.438477 -0.061002 -0.427012 -0.122003 164902627681.000000
0.127930 -0.864014 -0.448730 -0.427012 -0.671018 -0.488013 164902630602.000000
0.116211 -0.882080 -0.422852 -0.854023 -0.915025 -0.305008 164902633522.000000
0.107422 -0.906494 -0.380615 4.392119 -1.525041 0.183005 164902636448.000000
0.107422 -0.891846 -0.406250 3.111084 -0.976026 0.061002 164902639364.000000
0.113525 -0.894287 -0.440430 1.098030 -0.793021 0.305008 164902642281.000000
0.116211 -0.887695 -0.442871 1.586043 -1.342036 0.366010 164902645199.000000
0.118164 -0.887207 -0.434082 2.257061 -0.671018 0.000000 164902648114.000000
0.118896 -0.889160 -0.423584 2.623071 -0.183005 -0.183005 164902651037.000000
0.120605 -0.876953 -0.443604 1.464040 -0.610016 -0.305008 164902653954.000000
0.120605 -0.877930 -0.427979 1.830049 -0.671018 -0.061002 164902656877.000000
0.120605 -0.877686 -0.429443 2.196059 -0.854023 0.061002 164902659791.000000
0.120117 -0.879639 -0.426514 1.952053 -0.366010 -0.366010 164902662705.000000
0.121582 -0.882080 -0.427246 1.647044 -0.366010 -0.183005 164902665623.000000
0.118896 -0.883789 -0.435547 1.647044 -0.671018 -0.488013 164902668544.000000
0.117920 -0.880371 -0.427490 1.525041 -0.793021 -0.366010 164902671459.000000
0.116699 -0.881592 -0.425293 1.464040 -0.549015 -0.305008 164902674373.000000
0.117676 -0.883789 -0.433350 1.647044 -0.915025 -0.549015 164902677290.000000
0.118408 -0.882324 -0.424561 1.159031 -0.793021 -0.366010 164902680205.000000
0.113281 -0.883057 -0.433594 1.464040 -0.976026 -0.488013 164902683125.000000
0.113281 -0.879639 -0.425049 1.037028 -0.610016 -0.549015 164902686043.000000
0.116211 -0.882324 -0.427246 1.403038 -0.854023 -0.732020 164902688959.000000
0.115967 -0.881104 -0.426025 1.037028 -1.037028 -0.793021 164902691877.000000
0.117188 -0.879639 -0.427002 1.159031 -1.037028 -0.915025 164902694799.000000
0.118896 -0.884521 -0.432373 1.098030 -0.915025 -1.098030 164902697716.000000
0.119873 -0.880127 -0.433838 0.671018 -0.732020 -1.037028 164902700632.000000
0.123047 -0.878906 -0.424805 0.488013 -0.915025 -1.220033 164902703547.000000
0.119385 -0.885010 -0.424072 0.671018 -0.915025 -1.281035 164902706464.000000
0.122803 -0.886719 -0.421875 0.488013 -0.915025 -1.342036 164902709378.000000
0.125977 -0.880859 -0.429199 0.061002 -0.854023 -1.464040 164902712291.000000
0.123535 -0.888184 -0.420166 0.244007 -1.037028 -1.586043 164902715214.000000
0.124268 -0.879883 -0.415771 0.305008 -0.915025 -1.769048 164902718130.000000
0.119385 -0.878906 -0.422363 0.366010 -0.854023 -1.464040 164902721045.000000
0.124512 -0.883301 -0.421875 -0.122003 -1.281035 -1.647044 164902723960.000000
0.125488 -0.888184 -0.424561 -0.183005 -1.098030 -1.830049 164902726886.000000
0.123291 -0.892578 -0.421143 0.000000 -1.098030 -1.708046 164902729806.000000
0.125244 -0.889893 -0.424316 0.000000 -0.976026 -1.830049 164902732740.000000
0.120361 -0.888428 -0.426025 -0.671018 -1.220033 -1.586043 164902735665.000000
0.118164 -0.888428 -0.427246 -0.610016 -1.403038 -1.647044 164902738583.000000
0.123291 -0.893555 -0.424072 -0.061002 -1.281035 -1.586043 164902741499.000000
0.121338 -0.887451 -0.421387 0.000000 -1.098030 -1.525041 164902744413.000000
0.120605 -0.886719 -0.425049 -0.732020 -1.159031 -1.525041 164902747338.000000
0.117920 -0.887939 -0.417969 -0.488013 -1.159031 -1.586043 164902750261.000000
0.116699 -0.888672 -0.422852 -0.183005 -1.098030 -1.525041 164902753176.000000
0.117432 -0.886475 -0.417969 -0.488013 -1.403038 -1.586043 164902756095.000000
0.118408 -0.884766 -0.426025 -0.427012 -1.464040 -1.403038 164902759010.000000
0.119141 -0.886475 -0.423340 -0.488013 -1.586043 -1.586043 164902761926.000000
0.118652 -0.887695 -0.418701 -0.366010 -1.464040 -1.647044 164902764854.000000
0.119629 -0.886719 -0.422119 -0.671018 -1.342036 -1.403038 164902767769.000000
0.117432 -0.882324 -0.426270 -0.549015 -1.830049 -1.525041 164902770684.000000
0.119385 -0.884277 -0.422363 -1.159031 -1.586043 -1.647044 164902773599.000000
0.124268 -0.884033 -0.426758 -0.793021 -1.647044 -1.891051 164902776515.000000
0.122314 -0.883057 -0.427246 -0.915025 -1.403038 -1.708046 164902779442.000000
0.121338 -0.882568 -0.426025 -1.037028 -1.647044 -2.013054 164902782358.000000
0.120117 -0.881836 -0.426514 -1.037028 -1.403038 -1.769048 164902785275.000000
0.116211 -0.883545 -0.421875 -1.037028 -1.281035 -1.952053 164902788191.000000
0.120117 -0.887207 -0.430908 -1.098030 -1.037028 -2.196059 164902791105.000000
0.120605 -0.885742 -0.430664 -1.281035 -0.915025 -2.074056 164902794029.000000
0.114990 -0.887695 -0.418945 -1.464040 -1.037028 -2.074056 164902796945.000000
0.115479 -0.887451 -0.419922 -1.464040 -0.793021 -2.318063 164902799859.000000
0.112793 -0.884521 -0.424805 -1.464040 -0.732020 -2.379064 164902802781.000000
0.114990 -0.884277 -0.425049 -1.586043 -1.098030 -2.196059 164902805705.000000
0.115967 -0.882813 -0.420410 -1.586043 -1.098030 -2.501068 164902808623.000000
0.117432 -0.885498 -0.424561 -1.708046 -1.037028 -2.379064 164902811539.000000
0.113770 -0.880615 -0.418213 -1.647044 -0.976026 -2.623071 164902814452.000000
0.118896 -0.884033 -0.427246 -1.769048 -1.220033 -2.684072 164902817377.000000
0.119385 -0.886719 -0.420898 -1.647044 -0.976026 -2.867077 164902820293.000000
0.112305 -0.887695 -0.423828 -1.769048 -1.220033 -2.745074 164902823207.000000
0.114746 -0.888428 -0.424561 -1.891051 -1.464040 -2.745074 164902826126.000000
0.112793 -0.888672 -0.418945 -1.769048 -1.342036 -2.928079 164902829047.000000
0.113037 -0.890381 -0.428711 -1.830049 -1.464040 -3.111084 164902831962.000000
0.121338 -0.885254 -0.430420 -1.891051 -1.525041 -3.172086 164902834884.000000
0.121582 -0.885254 -0.419678 -2.257061 -1.830049 -3.294089 164902837807.000000
0.120850 -0.889648 -0.425049 -2.318063 -1.769048 -3.599097 164902840721.000000
0.121094 -0.888184 -0.425049 -2.135058 -2.013054 -3.538096 164902843636.000000
0.122070 -0.881348 -0.421143 -2.257061 -2.440066 -3.355091 164902846566.000000
0.117676 -0.880371 -0.430664 -2.379064 -2.318063 -3.782102 164902849492.000000
0.123779 -0.881592 -0.424561 -2.501068 -2.196059 -4.026109 164902852406.000000
0.122070 -0.881836 -0.424805 -2.501068 -2.501068 -3.599097 164902855332.000000
0.125732 -0.882813 -0.422119 -2.806076 -2.440066 -4.087110 164902858247.000000
0.124756 -0.885254 -0.427246 -2.684072 -2.623071 -3.904105 164902861163.000000
0.124023 -0.883057 -0.429199 -2.684072 -2.501068 -4.087110 164902864076.000000
0.131104 -0.887451 -0.428955 -3.050082 -2.684072 -4.209114 164902866994.000000
0.125244 -0.880371 -0.426270 -2.928079 -2.623071 -4.148112 164902869910.000000
0.130859 -0.884033 -0.428223 -3.172086 -3.050082 -4.209114 164902872826.000000
0.131836 -0.879639 -0.437988 -3.416092 -2.867077 -4.453120 164902875743.000000
0.135254 -0.875000 -0.429443 -3.355091 -2.989081 -4.575124 164902878659.000000
0.135010 -0.882568 -0.434814 -3.599097 -2.989081 -4.331117 164902881572.000000
0.137695 -0.878174 -0.431885 -3.660099 -2.928079 -4.209114 164902884487.000000
0.139893 -0.876465 -0.434570 -3.416092 -2.684072 -4.453120 164902887453.000000
0.137451 -0.874756 -0.429688 -4.087110 -2.562069 -4.514122 164902890380.000000
0.142090 -0.873047 -0.428223 -3.782102 -2.501068 -4.392119 164902893298.000000
0.147217 -0.873047 -0.435303 -3.965107 -2.440066 -4.270115 164902896223.000000
0.145264 -0.875732 -0.432373 -3.660099 -2.135058 -4.026109 164902899139.000000
0.146484 -0.873779 -0.434570 -3.782102 -2.074056 -4.148112 164902902053.000000
0.151611 -0.876465 -0.437500 -3.660099 -1.769048 -4.087110 164902904969.000000
0.149414 -0.878418 -0.438965 -3.843104 -1.708046 -3.843104 164902907885.000000
0.147949 -0.876465 -0.437256 -3.721100 -1.281035 -3.538096 164902910800.000000
0.150391 -0.875977 -0.432617 -3.660099 -1.220033 -3.538096 164902913721.000000
0.155029 -0.879150 -0.434326 -3.721100 -0.915025 -3.294089 164902916648.000000
0.152588 -0.877930 -0.435547 -3.721100 -0.976026 -3.294089 164902919563.000000
0.155273 -0.876953 -0.438721 -3.782102 -0.549015 -2.867077 164902922479.000000
0.157227 -0.875732 -0.438232 -3.904105 -0.610016 -3.050082 164902925413.000000
0.152100 -0.875977 -0.436523 -3.904105 -0.305008 -2.928079 164902928335.000000
0.158447 -0.873779 -0.427734 -4.148112 -0.122003 -2.623071 164902931250.000000
0.158447 -0.873535 -0.434814 -4.087110 -0.427012 -2.745074 164902934165.000000
0.159912 -0.872314 -0.434814 -4.148112 -0.244007 -2.562069 164902937091.000000
0.160889 -0.874023 -0.441162 -4.453120 -0.122003 -2.623071 164902940008.000000
0.164551 -0.874268 -0.436035 -4.575124 0.000000 -2.379064 164902942935.000000
0.166260 -0.872559 -0.439209 -4.514122 -0.061002 -2.440066 164902945862.000000
0.164063 -0.875977 -0.439941 -4.636125 0.427012 -2.440066 164902948797.000000
0.165283 -0.875732 -0.439209 -4.331117 0.976026 -2.257061 164902951711.000000
0.165283 -0.873047 -0.442383 -4.514122 1.159031 -2.196059 164902954628.000000
0.168213 -0.872070 -0.439209 -4.575124 1.342036 -1.891051 164902957543.000000
0.168945 -0.874268 -0.432129 -4.758128 1.708046 -1.769048 164902960459.000000
0.168701 -0.877686 -0.439209 -4.514122 1.769048 -1.403038 164902963375.000000
0.171875 -0.878906 -0.435791 -4.453120 2.257061 -1.464040 164902966295.000000
0.167480 -0.878418 -0.436035 -4.392119 2.135058 -1.220033 164902969210.000000
0.167969 -0.876953 -0.440430 -4.209114 2.379064 -0.732020 164902972126.000000
0.163574 -0.881348 -0.442383 -4.209114 2.562069 -0.427012 164902975043.000000
0.160645 -0.877686 -0.437500 -4.209114 2.623071 -0.122003 164902977959.000000
0.160889 -0.881348 -0.432861 -4.087110 2.562069 0.366010 164902980888.000000
0.163574 -0.883301 -0.431885 -3.904105 2.501068 0.610016 164902983803.000000
0.158447 -0.881836 -0.435059 -3.721100 2.562069 0.793021 164902986721.000000
0.158447 -0.888428 -0.434814 -3.599097 2.379064 1.037028 164902989637.000000
0.159912 -0.887451 -0.423096 -3.172086 2.379064 1.647044 164902992550.000000
0.156006 -0.886475 -0.426758 -3.050082 2.074056 1.647044 164902995469.000000
0.157227 -0.887207 -0.429688 -3.050082 2.074056 1.830049 164902998383.000000
0.154785 -0.886475 -0.418457 -3.172086 2.074056 2.074056 164903001299.000000
0.158691 -0.885498 -0.429443 -3.050082 1.952053 1.952053 164903004215.000000
0.156250 -0.882813 -0.422852 -2.745074 2.196059 2.318063 164903007146.000000
0.156982 -0.885498 -0.426758 -3.111084 2.684072 2.257061 164903010061.000000
0.160645 -0.885742 -0.421875 -2.867077 2.867077 2.501068 164903012977.000000
0.156006 -0.877197 -0.421875 -3.050082 3.416092 2.684072 164903015899.000000
0.156982 -0.874268 -0.420410 -3.172086 3.477094 2.501068 164903018817.000000
0.154541 -0.876221 -0.425537 -3.477094 4.270115 2.745074 164903021732.000000
0.155273 -0.875000 -0.424561 -3.477094 4.392119 2.562069 164903024650.000000
0.151855 -0.874756 -0.418945 -3.782102 4.880132 2.562069 164903027565.000000
0.153076 -0.867432 -0.441162 -4.819130 4.697127 2.013054 164903030482.000000
0.145020 -0.885986 -0.413574 -4.819130 5.307143 1.830049 164903033397.000000
0.135986 -0.887207 -0.409912 -2.379064 5.368145 1.952053 164903036324.000000
0.136963 -0.877441 -0.430176 -4.026109 5.734155 2.013054 164903039241.000000
0.128174 -0.878418 -0.437744 -5.673153 5.673153 1.830049 164903042156.000000
0.120117 -0.878418 -0.426514 -4.514122 5.490148 2.013054 164903045077.000000
0.116211 -0.871826 -0.427002 -3.599097 5.307143 1.647044 164903047992.000000
0.113770 -0.873779 -0.443604 -4.941133 5.307143 1.159031 164903050909.000000
0.110596 -0.871094 -0.447754 -6.161166 4.819130 0.976026 164903053904.000000
0.105225 -0.874268 -0.440918 -5.368145 4.331117 0.549015 164903056824.000000
0.101074 -0.876465 -0.428711 -5.185140 4.209114 0.366010 164903059741.000000
0.103516 -0.875244 -0.440918 -5.917160 3.294089 -0.244007 164903062655.000000
0.092041 -0.882324 -0.442383 -5.856158 2.928079 -0.671018 164903065570.000000
0.086670 -0.888184 -0.435303 -4.819130 1.586043 -0.793021 164903068484.000000
0.087646 -0.881104 -0.445801 -5.063137 0.915025 -1.159031 164903071399.000000
0.086670 -0.876953 -0.456787 -6.527176 0.366010 -1.525041 164903074315.000000
0.079102 -0.884766 -0.446289 -6.527176 -0.793021 -2.013054 164903077232.000000
0.076660 -0.879395 -0.437988 -5.002135 -1.769048 -2.623071 164903080146.000000
0.080078 -0.878662 -0.446533 -5.307143 -2.623071 -2.745074 164903083062.000000
0.077881 -0.873779 -0.459717 -5.978161 -3.538096 -3.233087 164903086024.000000
0.075928 -0.877930 -0.447998 -5.612152 -4.758128 -3.599097 164903088941.000000
0.073486 -0.877686 -0.451904 -4.880132 -5.917160 -4.026109 164903091864.000000
0.079346 -0.878418 -0.446777 -5.185140 -6.405173 -4.636125 164903094787.000000
0.081787 -0.876709 -0.444336 -5.063137 -7.930214 -4.941133 164903097708.000000
0.081055 -0.875000 -0.457520 -5.002135 -8.479229 -5.368145 164903100624.000000
0.084717 -0.875000 -0.458008 -4.880132 -10.126273 -5.978161 164903103538.000000
0.084473 -0.885986 -0.443115 -4.392119 -10.431282 -6.588178 164903106456.000000
0.088623 -0.883057 -0.450684 -2.562069 -11.163301 -6.893186 164903109371.000000
0.100586 -0.871826 -0.470215 -4.209114 -11.956323 -7.259196 164903112286.000000
0.106934 -0.862793 -0.475586 -5.246142 -12.261331 -7.625206 164903115208.000000
0.113770 -0.865723 -0.462891 -5.490148 -12.627341 -8.052217 164903118127.000000
0.116699 -0.871338 -0.444092 -3.172086 -13.054352 -8.418227 164903121044.000000
0.122314 -0.868408 -0.448730 -3.599097 -13.115354 -8.601232 164903123958.000000
0.124268 -0.862305 -0.471680 -4.697127 -13.603367 -8.662234 164903126885.000000
0.126221 -0.860596 -0.465820 -4.575124 -14.274385 -8.845239 164903129802.000000
0.130127 -0.861572 -0.457031 -3.172086 -14.457390 -9.028244 164903132737.000000
0.133301 -0.862061 -0.462646 -3.355091 -13.664369 -9.272250 164903135659.000000
0.138916 -0.859619 -0.471924 -4.331117 -14.274385 -9.211249 164903138578.000000
0.139648 -0.860107 -0.474854 -4.026109 -14.701397 -9.211249 164903141494.000000
0.136719 -0.859863 -0.466064 -2.928079 -14.457390 -9.211249 164903144411.000000
0.142822 -0.860596 -0.469482 -3.355091 -14.091380 -9.211249 164903147341.000000
0.144531 -0.857178 -0.469971 -3.477094 -13.908376 -9.028244 164903150256.000000
0.145020 -0.859375 -0.470215 -3.172086 -14.457390 -8.723236 164903153199.000000
0.145020 -0.855225 -0.468018 -2.745074 -14.030379 -8.418227 164903156117.000000
0.150146 -0.859131 -0.462646 -2.562069 -13.542366 -8.235222 164903159041.000000
0.155029 -0.857178 -0.470215 -2.623071 -13.542366 -8.418227 164903161955.000000
0.150391 -0.856934 -0.467041 -2.623071 -13.054352 -7.869212 164903164888.000000
0.153320 -0.852295 -0.473145 -2.318063 -13.176356 -7.686208 164903167803.000000
0.159180 -0.857422 -0.470459 -2.379064 -12.261331 -7.259196 164903170719.000000
0.155273 -0.862549 -0.473877 -2.074056 -12.200329 -7.076191 164903173633.000000
0.157959 -0.855957 -0.472900 -2.257061 -11.773318 -6.710181 164903176550.000000
0.155029 -0.855957 -0.468018 -2.318063 -11.163301 -6.283170 164903179465.000000
0.154053 -0.857910 -0.474365 -2.013054 -10.614287 -5.856158 164903182380.000000
0.156982 -0.855469 -0.477051 -2.196059 -10.065272 -5.673153 164903185296.000000
0.157715 -0.857910 -0.471924 -2.074056 -9.821265 -5.063137 164903188212.000000
0.154053 -0.856445 -0.472656 -2.196059 -8.906240 -4.819130 164903191127.000000
0.156494 -0.862793 -0.462646 -1.708046 -8.418227 -4.575124 164903194053.000000
0.153320 -0.866699 -0.464600 -1.220033 -7.808211 -4.270115 164903196979.000000
0.158447 -0.861572 -0.468506 -1.220033 -7.320198 -3.477094 164903199895.000000
0.146240 -0.861572 -0.462402 -1.769048 -6.710181 -3.599097 164903202811.000000
0.156006 -0.863525 -0.479248 -1.952053 -6.283170 -2.928079 164903205733.000000
0.162598 -0.859375 -0.472168 -1.220033 -5.856158 -2.745074 164903208651.000000
0.157471 -0.861816 -0.475830 -1.464040 -5.002135 -2.562069 164903211568.000000
0.162598 -0.862305 -0.478271 -1.464040 -4.514122 -2.196059 164903214484.000000
0.160645 -0.863281 -0.472656 -1.586043 -4.026109 -1.830049 164903217440.000000
0.158203 -0.860596 -0.477783 -1.464040 -3.355091 -1.586043 164903220356.000000
0.160156 -0.862549 -0.469971 -1.281035 -2.623071 -1.281035 164903223271.000000
0.160156 -0.861572 -0.476074 -1.281035 -2.196059 -0.915025 164903226197.000000
0.160400 -0.862305 -0.473145 -1.098030 -1.769048 -0.671018 164903229113.000000
0.165527 -0.858643 -0.474365 -0.915025 -1.342036 -0.366010 164903232033.000000
0.165039 -0.860107 -0.474365 -0.915025 -0.854023 0.122003 164903234957.000000
0.168457 -0.859619 -0.477783 -0.366010 -0.183005 0.488013 164903237876.000000
0.166016 -0.856934 -0.467529 -0.549015 -0.183005 0.671018 164903240791.000000
0.165039 -0.855713 -0.471436 -0.427012 0.000000 1.220033 164903243706.000000
0.164551 -0.861084 -0.473389 0.000000 0.488013 1.342036 164903246623.000000
0.159180 -0.857666 -0.474365 0.061002 0.915025 1.647044 164903249537.000000
0.158936 -0.864990 -0.473633 0.427012 0.915025 2.135058 164903252453.000000
0.154541 -0.860107 -0.475586 0.366010 0.976026 2.196059 164903255399.000000
0.155518 -0.865723 -0.475342 0.610016 1.464040 2.562069 164903258317.000000
0.150635 -0.861816 -0.466797 0.854023 1.464040 3.050082 164903261232.000000
0.152832 -0.863037 -0.463623 1.281035 1.525041 3.111084 164903264147.000000
0.151123 -0.863281 -0.464355 1.220033 1.708046 3.721100 164903267063.000000
0.144775 -0.862305 -0.459961 1.281035 1.647044 3.721100 164903269977.000000
0.137451 -0.861816 -0.463623 1.220033 1.586043 3.965107 164903272890.000000
0.137207 -0.862305 -0.465088 1.647044 1.525041 4.026109 164903275806.000000
0.131836 -0.862549 -0.460938 1.830049 1.403038 4.148112 164903278722.000000
0.128174 -0.860107 -0.456299 1.708046 1.159031 4.331117 164903281635.000000
0.126221 -0.861816 -0.458740 1.952053 1.159031 4.148112 164903284551.000000
0.123047 -0.861816 -0.448975 1.769048 0.854023 3.843104 164903287542.000000
0.117432 -0.863281 -0.460693 2.135058 0.183005 3.843104 164903290458.000000
0.116455 -0.863525 -0.454102 1.891051 0.061002 3.355091 164903293373.000000
0.117676 -0.866943 -0.449707 1.830049 -0.244007 3.355091 164903296298.000000
0.110596 -0.867188 -0.453613 1.525041 -0.976026 2.684072 164903299213.000000
0.109375 -0.867676 -0.445068 1.525041 -0.915025 2.379064 164903302128.000000
0.114990 -0.868896 -0.447510 1.281035 -1.342036 2.318063 164903305044.000000
0.111572 -0.871582 -0.449951 1.037028 -1.708046 1.708046 164903307960.000000
0.104980 -0.872803 -0.445557 1.037028 -2.196059 1.464040 164903310874.000000
0.105713 -0.874756 -0.447021 1.037028 -2.562069 1.220033 164903313788.000000
0.106201 -0.873535 -0.447021 0.976026 -2.623071 0.732020 164903316713.000000
0.110352 -0.873047 -0.454346 0.427012 -3.294089 0.366010 164903319628.000000
0.101318 -0.875977 -0.447998 0.427012 -3.050082 0.000000 164903322543.000000
0.104004 -0.874023 -0.443359 0.549015 -3.904105 -0.305008 164903325466.000000
0.103516 -0.876953 -0.448242 0.427012 -3.904105 -0.854023 164903328384.000000
0.103760 -0.880371 -0.451416 0.061002 -4.575124 -1.220033 164903331312.000000
0.102539 -0.879150 -0.444580 0.671018 -4.514122 -1.464040 164903334226.000000
0.103760 -0.876465 -0.447021 0.122003 -5.002135 -1.464040 164903337158.000000
0.104248 -0.875000 -0.447021 -0.122003 -5.307143 -2.074056 164903340074.000000
0.105225 -0.871338 -0.442627 -0.183005 -5.795156 -2.196059 164903342989.000000
0.108398 -0.876709 -0.441162 -0.061002 -5.490148 -2.196059 164903345918.000000
0.105957 -0.874023 -0.446533 -0.305008 -5.978161 -2.867077 164903348846.000000
0.107666 -0.878174 -0.446045 0.061002 -5.612152 -2.928079 164903351760.000000
0.105713 -0.878662 -0.450928 -0.122003 -5.673153 -2.867077 164903354678.000000
0.109619 -0.880371 -0.445557 -0.366010 -5.917160 -3.233087 164903357592.000000
0.107422 -0.904053 -0.428955 -0.183005 -6.161166 -3.233087 164903360506.000000
0.083008 -0.916748 -0.357422 9.089245 -4.209114 -1.891051 164903363420.000000
0.110840 -0.837646 -0.556152 1.342036 -3.904105 -1.830049 164903366336.000000
0.139893 -0.848633 -0.562744 -8.662234 -3.965107 -2.501068 164903369268.000000
0.140137 -0.868652 -0.483398 -3.904105 -4.575124 -3.355091 164903372184.000000
0.137939 -0.882324 -0.399170 3.050082 -4.209114 -4.026109 164903375102.000000
0.131348 -0.879150 -0.390137 2.074056 -2.379064 -3.904105 164903378017.000000
0.132324 -0.853027 -0.493164 -3.416092 -4.148112 -3.294089 164903380945.000000
0.132813 -0.848145 -0.466553 -3.111084 -5.063137 -2.989081 164903383859.000000
0.135742 -0.868652 -0.414551 0.915025 -4.148112 -3.050082 164903386775.000000
0.142090 -0.858398 -0.448730 0.366010 -3.050082 -3.233087 164903389688.000000
0.140869 -0.861084 -0.468750 -1.891051 -3.294089 -3.233087 164903392602.000000
0.133301 -0.861084 -0.463135 -2.013054 -4.209114 -2.562069 164903395525.000000
0.134277 -0.864746 -0.453613 -0.244007 -3.416092 -2.501068 164903398447.000000
0.142334 -0.859619 -0.461426 -0.610016 -2.074056 -2.196059 164903401365.000000
0.149902 -0.858643 -0.463623 -1.098030 -2.135058 -2.440066 164903404287.000000
0.145020 -0.864258 -0.472900 -1.342036 -2.440066 -2.257061 164903407212.000000
0.145020 -0.861084 -0.462891 -0.732020 -2.501068 -2.562069 164903410128.000000
0.153076 -0.858643 -0.460938 -0.671018 -1.830049 -2.379064 164903413045.000000
0.149170 -0.861816 -0.459717 -0.244007 -1.708046 -2.135058 164903415963.000000
0.149170 -0.863525 -0.467041 -0.366010 -2.440066 -2.074056 164903418879.000000
0.148193 -0.863037 -0.464355 -0.366010 -2.684072 -1.830049 164903421795.000000
0.144531 -0.863770 -0.461670 -0.122003 -2.196059 -1.830049 164903425851.000000
0.143799 -0.862061 -0.459229 0.549015 -2.562069 -1.769048 164903428822.000000
0.143311 -0.862305 -0.472412 0.549015 -2.440066 -1.708046 164903431745.000000
0.139160 -0.857422 -0.458008 0.549015 -2.684072 -1.647044 164903434664.000000
0.140625 -0.858398 -0.457520 0.793021 -2.806076 -1.647044 164903437794.000000
0.141602 -0.854736 -0.455078 1.159031 -2.684072 -1.525041 164903440712.000000
0.138672 -0.858154 -0.470459 0.732020 -3.172086 -1.769048 164903443630.000000
0.136719 -0.858887 -0.456543 0.854023 -3.172086 -2.013054 164903446549.000000
0.136230 -0.860596 -0.459473 1.220033 -3.294089 -2.074056 164903449463.000000
0.134521 -0.862549 -0.457031 1.281035 -3.599097 -2.257061 164903452378.000000
0.131592 -0.862549 -0.455322 1.403038 -3.965107 -2.318063 164903455330.000000
0.131592 -0.859863 -0.461182 0.732020 -3.965107 -2.806076 164903458249.000000
0.133789 -0.859131 -0.463623 0.671018 -4.453120 -2.684072 164903461167.000000
0.132324 -0.864014 -0.450195 1.037028 -4.453120 -3.050082 164903464082.000000
0.134766 -0.862061 -0.458252 1.037028 -4.697127 -3.172086 164903466999.000000
0.132324 -0.864258 -0.457764 0.915025 -5.063137 -3.050082 164903469915.000000
0.130127 -0.864746 -0.451416 0.854023 -5.063137 -3.660099 164903472830.000000
0.129883 -0.871338 -0.447510 1.037028 -5.673153 -3.538096 164903475748.000000
0.131104 -0.870605 -0.454590 1.464040 -6.039163 -3.904105 164903478664.000000
0.128418 -0.865479 -0.455811 0.915025 -6.649180 -3.904105 164903481578.000000
0.131104 -0.868164 -0.454346 0.976026 -6.405173 -4.209114 164903484494.000000
0.129883 -0.870850 -0.451660 0.793021 -7.686208 -4.148112 164903487449.000000
0.131836 -0.868896 -0.446777 1.037028 -7.564204 -4.636125 164903490364.000000
0.131104 -0.867676 -0.443115 0.915025 -8.174221 -4.697127 164903493279.000000
0.130127 -0.868164 -0.451172 1.098030 -8.845239 -4.819130 164903496195.000000
0.130371 -0.872314 -0.439209 0.976026 -9.394254 -5.307143 164903499109.000000
0.129395 -0.873291 -0.446533 0.793021 -9.760264 -5.551150 164903502025.000000
0.129883 -0.873535 -0.447998 1.098030 -10.004270 -5.673153 164903504941.000000
0.127686 -0.872559 -0.447021 1.342036 -10.858293 -5.673153 164903507855.000000
0.128418 -0.878662 -0.432129 1.525041 -10.797292 -5.917160 164903510770.000000
0.126953 -0.876953 -0.440186 1.342036 -11.468310 -5.856158 164903513684.000000
0.123047 -0.873779 -0.443115 0.732020 -11.895321 -6.283170 164903516610.000000
0.127686 -0.878906 -0.443604 0.610016 -12.200329 -6.466175 164903519525.000000
0.130615 -0.882324 -0.440430 1.342036 -12.688343 -6.649180 164903522454.000000
0.131104 -0.880859 -0.440674 1.159031 -12.505338 -6.649180 164903525378.000000
0.129150 -0.878418 -0.444580 0.671018 -12.749344 -7.015189 164903528303.000000
0.136719 -0.884521 -0.448486 0.488013 -13.054352 -7.137193 164903531221.000000
0.139160 -0.883545 -0.447754 0.488013 -13.176356 -7.076191 164903534136.000000
0.139160 -0.881592 -0.443848 0.549015 -12.993351 -7.198194 164903537061.000000
0.137451 -0.876953 -0.452393 -0.122003 -12.688343 -6.710181 164903539977.000000
0.138184 -0.878662 -0.446777 -0.366010 -12.566339 -6.954188 164903542892.000000
0.148682 -0.876465 -0.443359 0.305008 -12.383334 -6.832184 164903545808.000000
0.148193 -0.880127 -0.433350 0.549015 -11.834320 -7.076191 164903548738.000000
0.150635 -0.877197 -0.447754 0.061002 -11.590313 -6.832184 164903551655.000000
0.143799 -0.870361 -0.441895 -0.305008 -11.346306 -6.832184 164903554570.000000
0.148193 -0.873291 -0.447510 -0.244007 -11.163301 -6.283170 164903557553.000000
0.149902 -0.868652 -0.452393 -0.976026 -10.370280 -6.344171 164903560467.000000
0.145020 -0.869141 -0.450195 -0.793021 -9.882267 -6.344171 164903563382.000000
0.143799 -0.865967 -0.451660 -0.610016 -9.882267 -6.222168 164903566299.000000
0.142334 -0.860107 -0.465332 -1.464040 -9.455255 -5.490148 164903569212.000000
0.149902 -0.862549 -0.459717 -2.013054 -8.540231 -5.673153 164903572126.000000
0.150635 -0.863770 -0.443604 -0.366010 -8.418227 -5.734155 164903575046.000000
0.151367 -0.866699 -0.444824 -0.305008 -7.686208 -5.673153 164903577960.000000
0.151123 -0.862305 -0.460449 -1.159031 -7.564204 -5.307143 164903580887.000000
0.145264 -0.863037 -0.457764 -1.342036 -7.381199 -5.124138 164903583808.000000
0.146973 -0.863770 -0.447998 -0.915025 -7.076191 -4.697127 164903586725.000000
0.142334 -0.866943 -0.454102 -0.854023 -6.771183 -4.697127 164903589641.000000
0.149414 -0.864990 -0.454834 -1.037028 -6.222168 -4.392119 164903592556.000000
0.145264 -0.867676 -0.449219 -1.098030 -6.283170 -4.270115 164903595479.000000
0.151611 -0.866455 -0.451904 -0.976026 -6.161166 -4.087110 164903598397.000000
0.145996 -0.866455 -0.445068 -0.732020 -5.917160 -3.843104 164903601311.000000
0.148682 -0.871338 -0.458740 -1.220033 -5.429147 -3.843104 164903604225.000000
0.152832 -0.863037 -0.451416 -1.037028 -5.246142 -3.721100 164903607151.000000
0.147705 -0.870850 -0.452148 -0.915025 -5.551150 -3.599097 164903610069.000000
0.152832 -0.865234 -0.453613 -0.671018 -4.880132 -3.477094 164903612980.000000
0.151611 -0.871094 -0.447021 -0.610016 -4.941133 -3.233087 164903615902.000000
0.150146 -0.869873 -0.455078 -0.793021 -5.185140 -3.050082 164903618821.000000
0.146240 -0.873779 -0.451172 -0.427012 -5.063137 -3.111084 164903621738.000000
0.148682 -0.866699 -0.454346 -0.671018 -5.002135 -3.111084 164903624655.000000
0.152588 -0.867188 -0.448975 -0.915025 -5.124138 -2.989081 164903627569.000000
0.148682 -0.872803 -0.451904 -0.427012 -5.246142 -3.050082 164903630485.000000
0.146240 -0.866943 -0.448242 -0.915025 -5.063137 -3.172086 164903633399.000000
0.148682 -0.868896 -0.452881 -0.915025 -5.124138 -3.111084 164903636324.000000
0.149170 -0.864502 -0.456787 -0.915025 -5.368145 -3.233087 164903639237.000000
0.143311 -0.866211 -0.446045 -0.671018 -5.612152 -3.172086 164903642154.000000
0.140625 -0.879883 -0.439941 -0.732020 -5.734155 -2.806076 164903645071.000000
0.101563 -0.901855 -0.372070 7.686208 -3.477094 -1.159031 164903647987.000000
0.137695 -0.823486 -0.574219 0.122003 -3.416092 -1.342036 164903650902.000000
0.172363 -0.830566 -0.575928 -9.394254 -3.599097 -2.440066 164903653816.000000
0.167480 -0.869873 -0.446533 -4.819130 -4.087110 -3.477094 164903656769.000000
0.163574 -0.877441 -0.409180 3.538096 -4.209114 -4.453120 164903659687.000000
0.151855 -0.871582 -0.415527 1.342036 -3.477094 -4.270115 164903662603.000000
0.146729 -0.845703 -0.504639 -3.355091 -5.490148 -4.148112 164903665523.000000
0.143066 -0.846436 -0.471191 -1.769048 -6.771183 -3.477094 164903668439.000000
0.137451 -0.862061 -0.426758 1.647044 -6.405173 -3.355091 164903671354.000000
0.146484 -0.859863 -0.457031 0.305008 -5.856158 -3.904105 164903674269.000000
0.145020 -0.861084 -0.481934 -1.769048 -6.466175 -3.477094 164903677188.000000
0.132568 -0.863037 -0.467773 -1.342036 -7.686208 -3.233087 164903680103.000000
0.135986 -0.864502 -0.457275 -0.061002 -6.832184 -3.050082 164903683017.000000
0.141602 -0.863281 -0.451416 0.122003 -6.039163 -3.111084 164903685934.000000
0.143311 -0.857666 -0.473389 -0.854023 -6.466175 -2.928079 164903688850.000000
0.144531 -0.858887 -0.468750 -0.854023 -6.954188 -3.050082 164903691765.000000
0.145020 -0.862549 -0.457275 -0.183005 -6.588178 -3.111084 164903694689.000000
0.142822 -0.860352 -0.460205 -0.061002 -6.649180 -3.233087 164903697606.000000
0.151367 -0.857178 -0.461670 0.061002 -6.466175 -3.233087 164903700523.000000
0.152344 -0.858643 -0.460205 -0.061002 -6.710181 -3.050082 164903703438.000000
0.154541 -0.859131 -0.464355 -0.183005 -6.832184 -2.989081 164903706364.000000
0.156006 -0.859619 -0.458740 -0.061002 -6.405173 -2.989081 164903709278.000000
0.162109 -0.861816 -0.463135 0.305008 -5.917160 -3.294089 164903712194.000000
0.163574 -0.857178 -0.470703 -0.183005 -5.795156 -2.684072 164903715117.000000
0.160156 -0.855957 -0.465088 -0.122003 -5.795156 -2.928079 164903718033.000000
0.163330 -0.862793 -0.459961 0.183005 -5.368145 -2.745074 164903720946.000000
0.164063 -0.856445 -0.462646 0.488013 -5.124138 -2.745074 164903723861.000000
0.162109 -0.861328 -0.464600 0.305008 -5.246142 -2.745074 164903726788.000000
0.161865 -0.859619 -0.462158 0.427012 -5.490148 -2.684072 164903729704.000000
0.158447 -0.859131 -0.457275 0.610016 -4.941133 -2.257061 164903732620.000000
0.156738 -0.866455 -0.458252 1.098030 -5.063137 -2.440066 164903735543.000000
0.155518 -0.860840 -0.459961 0.915025 -5.124138 -2.318063 164903738463.000000
0.154785 -0.861816 -0.464600 0.671018 -5.124138 -2.013054 164903741377.000000
0.152588 -0.868164 -0.467529 0.793021 -5.429147 -1.830049 164903744291.000000
0.153809 -0.865479 -0.461670 1.403038 -4.514122 -1.891051 164903747208.000000
0.155029 -0.868896 -0.454590 1.220033 -4.880132 -1.464040 164903750123.000000
0.146973 -0.866211 -0.465820 1.098030 -5.185140 -1.586043 164903753038.000000
0.153564 -0.863525 -0.452148 1.952053 -4.941133 -1.220033 164903760696.000000
0.149658 -0.864258 -0.455322 1.891051 -4.819130 -1.098030 164903763833.000000
0.147949 -0.869629 -0.449219 1.769048 -5.002135 -1.037028 164903766794.000000
0.146973 -0.868652 -0.455566 2.135058 -4.697127 -0.793021 164903769725.000000
0.149170 -0.870117 -0.446533 2.074056 -4.819130 -0.671018 164903772740.000000
0.144043 -0.870850 -0.453125 1.708046 -4.697127 -0.610016 164903775734.000000
0.142090 -0.866943 -0.451660 1.769048 -4.636125 -0.305008 164903778669.000000
0.143799 -0.869629 -0.451660 1.952053 -4.270115 -0.488013 164903781601.000000
0.144043 -0.871826 -0.452393 1.708046 -4.331117 0.000000 164903784515.000000
0.143799 -0.868164 -0.457031 1.891051 -3.599097 -0.183005 164903787473.000000
0.144287 -0.869141 -0.460449 1.403038 -3.965107 0.122003 164903790389.000000
0.146240 -0.871826 -0.451416 1.586043 -3.782102 0.122003 164903793298.000000
0.142578 -0.872803 -0.454590 1.891051 -3.538096 0.183005 164903796234.000000
0.140869 -0.875244 -0.443115 1.769048 -3.294089 0.366010 164903799156.000000
0.141846 -0.875977 -0.448242 1.708046 -3.233087 0.671018 164903802069.000000
0.136719 -0.875977 -0.439697 1.830049 -2.501068 0.549015 164903804985.000000
0.140869 -0.877197 -0.453613 1.586043 -2.623071 0.854023 164903807900.000000
0.139160 -0.881348 -0.453369 1.769048 -2.501068 1.037028 164903810815.000000
0.136230 -0.879395 -0.445801 1.830049 -1.830049 1.220033 164903813727.000000
0.136475 -0.878174 -0.443604 1.586043 -1.830049 1.159031 164903816645.000000
0.136230 -0.878906 -0.451416 1.586043 -1.586043 1.464040 164903819556.000000
0.141602 -0.883301 -0.447021 1.586043 -1.159031 1.525041 164903822466.000000
0.134277 -0.880615 -0.437500 1.830049 -1.525041 1.708046 164903825376.000000
0.136719 -0.881836 -0.448486 1.952053 -1.037028 1.952053 164903828289.000000
0.139404 -0.879150 -0.440430 2.013054 -0.671018 1.769048 164903831209.000000
0.136475 -0.879150 -0.442627 1.647044 -0.793021 2.074056 164903834120.000000
0.136719 -0.873535 -0.443359 1.830049 -0.671018 2.074056 164903837042.000000
0.131836 -0.875732 -0.442871 1.525041 -0.488013 2.013054 164903839960.000000
0.134277 -0.873291 -0.440186 1.708046 -0.488013 2.135058 164903842880.000000
0.135010 -0.873291 -0.437988 1.525041 -0.305008 2.074056 164903845812.000000
0.136963 -0.870850 -0.442383 1.159031 0.427012 2.013054 164903848732.000000
0.131836 -0.870850 -0.448730 1.098030 -0.183005 1.891051 164903851659.000000
0.135498 -0.871826 -0.444336 1.159031 0.061002 2.318063 164903854611.000000
0.131104 -0.875244 -0.439697 1.220033 0.244007 2.074056 164903857530.000000
0.133789 -0.867920 -0.449463 0.427012 0.122003 1.952053 164903860561.000000
0.135986 -0.872070 -0.448242 0.732020 0.305008 1.891051 164903863487.000000
0.131836 -0.869629 -0.442139 0.549015 0.183005 1.891051 164903866408.000000
0.135742 -0.869385 -0.448975 0.915025 0.427012 2.135058 164903869334.000000
0.136230 -0.865234 -0.445557 0.366010 0.122003 1.952053 164903872263.000000
0.135742 -0.864258 -0.451904 0.244007 -0.061002 2.013054 164903875185.000000
0.133057 -0.867676 -0.442139 0.793021 0.244007 2.135058 164903878107.000000
0.137695 -0.862549 -0.448975 1.098030 0.244007 1.830049 164903881023.000000
0.133789 -0.858398 -0.458252 0.183005 0.610016 2.074056 164903883939.000000
0.134766 -0.861816 -0.455566 0.427012 0.366010 1.830049 164903886862.000000
0.131592 -0.867676 -0.446045 1.159031 0.854023 2.074056 164903889781.000000
0.128906 -0.862305 -0.452393 0.793021 0.732020 1.830049 164903892698.000000
0.131348 -0.861816 -0.454590 0.183005 0.488013 2.074056 164903895619.000000
0.126709 -0.867432 -0.447998 0.427012 0.183005 1.891051 164903898544.000000
0.121826 -0.866211 -0.445068 1.220033 0.244007 1.952053 164903901466.000000
0.117188 -0.867432 -0.454102 0.793021 0.610016 1.586043 164903904383.000000
0.116699 -0.866455 -0.455322 0.427012 -0.122003 1.769048 164903907306.000000
0.115234 -0.870850 -0.438965 0.488013 0.000000 1.830049 164903910225.000000
0.115234 -0.874268 -0.436523 1.220033 -0.183005 1.525041 164903913139.000000
0.111084 -0.872559 -0.440918 0.732020 -0.122003 1.220033 164903916058.000000
0.105957 -0.875000 -0.441895 0.732020 -0.488013 1.159031 164903918977.000000
0.107666 -0.873779 -0.440674 0.549015 -0.671018 1.098030 164903921891.000000
0.104492 -0.876953 -0.439453 0.915025 -0.854023 1.159031 164903924828.000000
0.100098 -0.880859 -0.434570 0.793021 -1.403038 0.854023 164903927752.000000
0.099609 -0.882080 -0.439209 0.915025 -1.403038 0.366010 164903930773.000000
0.096191 -0.881348 -0.434326 0.732020 -2.013054 0.305008 164903933895.000000
0.095215 -0.883545 -0.422852 0.793021 -2.074056 0.366010 164903936985.000000
0.095215 -0.882080 -0.436035 0.793021 -2.196059 -0.122003 164903940005.000000
0.093506 -0.882324 -0.430664 0.671018 -2.745074 -0.610016 164903942937.000000
0.088867 -0.886230 -0.426270 0.244007 -2.623071 -0.793021 164903945857.000000
0.092773 -0.885742 -0.427979 0.366010 -2.867077 -1.220033 164903948798.000000
0.092041 -0.885742 -0.425537 0.000000 -2.928079 -1.525041 164903951714.000000
0.090820 -0.878174 -0.427734 -0.305008 -3.355091 -2.013054 164903954632.000000
0.090332 -0.880371 -0.424316 -0.366010 -3.355091 -2.379064 164903957547.000000
0.089844 -0.883545 -0.424561 -0.549015 -3.843104 -2.562069 164903960461.000000
0.087646 -0.883545 -0.420654 -0.854023 -3.843104 -2.684072 164903963378.000000
0.085938 -0.882324 -0.427979 -1.098030 -4.148112 -3.233087 164903966297.000000
0.093018 -0.884277 -0.428467 -1.403038 -4.514122 -3.599097 164903969213.000000
0.094238 -0.883545 -0.426758 -1.464040 -4.209114 -4.209114 164903972131.000000
0.093994 -0.887695 -0.428223 -1.464040 -4.697127 -4.148112 164903975047.000000
0.096924 -0.886963 -0.423096 -1.769048 -5.002135 -4.636125 164903977961.000000
0.095459 -0.885010 -0.431641 -2.013054 -4.880132 -5.063137 164903980889.000000
0.100586 -0.884521 -0.419189 -2.013054 -5.002135 -5.063137 164903983803.000000
0.100586 -0.890869 -0.419189 -1.952053 -5.185140 -5.368145 164903986723.000000
0.104736 -0.886475 -0.420898 -1.769048 -5.490148 -5.612152 164903989638.000000
0.110352 -0.890137 -0.421875 -1.830049 -5.246142 -5.307143 164903992553.000000
0.110352 -0.886719 -0.425293 -2.074056 -5.673153 -5.551150 164903995494.000000
0.116211 -0.883057 -0.437744 -2.257061 -5.429147 -5.734155 164903998409.000000
0.117432 -0.880859 -0.438477 -2.379064 -5.246142 -5.551150 164904001329.000000
0.121338 -0.882080 -0.433105 -2.684072 -5.124138 -5.429147 164904004245.000000
0.125977 -0.884277 -0.435303 -2.745074 -5.002135 -5.551150 164904007163.000000
0.127197 -0.880127 -0.434082 -2.440066 -4.514122 -5.246142 164904010080.000000
0.134277 -0.874756 -0.453613 -3.904105 -4.209114 -5.368145 164904012995.000000
0.140137 -0.876953 -0.437256 -3.965107 -4.026109 -5.124138 164904015912.000000
0.135254 -0.875732 -0.431152 -3.599097 -3.538096 -5.185140 164904018827.000000
0.137207 -0.875732 -0.431396 -2.867077 -3.111084 -4.697127 164904021742.000000
0.140381 -0.867676 -0.438721 -3.904105 -3.050082 -4.575124 164904024658.000000
0.144043 -0.865723 -0.452637 -4.270115 -2.501068 -4.453120 164904027572.000000
0.141357 -0.866211 -0.442139 -4.087110 -2.379064 -4.392119 164904030489.000000
0.145752 -0.867432 -0.446289 -3.965107 -1.647044 -3.965107 164904033404.000000
0.144531 -0.867188 -0.456055 -4.148112 -1.830049 -3.965107 164904036324.000000
0.146484 -0.864258 -0.448975 -4.636125 -1.281035 -3.477094 164904039240.000000
0.146484 -0.863525 -0.452393 -4.453120 -0.671018 -3.721100 164904042155.000000
0.144287 -0.867676 -0.445801 -4.270115 0.000000 -3.111084 164904045074.000000
0.143555 -0.866455 -0.458008 -4.331117 -0.061002 -3.050082 164904047989.000000
0.143066 -0.864990 -0.461914 -4.819130 0.122003 -2.867077 164904050906.000000
0.145264 -0.866943 -0.460938 -4.514122 0.122003 -2.806076 164904053821.000000
0.145996 -0.861328 -0.456299 -4.697127 0.854023 -2.501068 164904056741.000000
0.144043 -0.864990 -0.454834 -4.270115 1.098030 -2.257061 164904059656.000000
0.142090 -0.862549 -0.459717 -4.636125 1.586043 -2.623071 164904062572.000000
0.146240 -0.863525 -0.454102 -4.453120 1.525041 -2.196059 164904065491.000000
0.145752 -0.863037 -0.454102 -4.636125 1.891051 -2.196059 164904068406.000000
0.148682 -0.864014 -0.459473 -4.270115 2.196059 -2.196059 164904071320.000000
0.143311 -0.859375 -0.457031 -4.575124 2.318063 -2.379064 164904074235.000000
0.143555 -0.865234 -0.465332 -4.697127 2.501068 -2.074056 164904077164.000000
0.141846 -0.861084 -0.463379 -4.880132 2.501068 -2.074056 164904080080.000000
0.141602 -0.862305 -0.451660 -4.575124 2.745074 -2.135058 164904082994.000000
0.138672 -0.869385 -0.450928 -4.697127 2.806076 -2.196059 164904085911.000000
0.135254 -0.866211 -0.456543 -4.331117 2.440066 -2.196059 164904088826.000000
0.136963 -0.862793 -0.456055 -4.575124 2.623071 -2.074056 164904091742.000000
0.135010 -0.867188 -0.455078 -4.514122 2.501068 -2.013054 164904094673.000000
0.137939 -0.867432 -0.458252 -4.331117 2.623071 -2.440066 164904097598.000000
0.135254 -0.862549 -0.453613 -4.758128 2.318063 -2.318063 164904100515.000000
0.136230 -0.859863 -0.458496 -4.941133 2.379064 -2.501068 164904103431.000000
0.132568 -0.861084 -0.468506 -4.880132 2.379064 -2.440066 164904106359.000000
0.130615 -0.865967 -0.461426 -4.758128 2.013054 -2.806076 164904109274.000000
0.131104 -0.868164 -0.455811 -4.941133 1.891051 -2.989081 164904112188.000000
0.128906 -0.866211 -0.454102 -4.819130 1.586043 -3.050082 164904115110.000000
0.128174 -0.868652 -0.452637 -4.819130 1.403038 -3.172086 164904118028.000000
0.128418 -0.865723 -0.457031 -5.063137 1.220033 -3.294089 164904120941.000000
0.126709 -0.864258 -0.456543 -5.185140 0.610016 -3.599097 164904123857.000000
0.128174 -0.868408 -0.452637 -4.941133 0.549015 -3.355091 164904126785.000000
0.130371 -0.868652 -0.453857 -4.636125 0.488013 -3.904105 164904129698.000000
0.131836 -0.862305 -0.466309 -5.124138 0.244007 -3.904105 164904132613.000000
0.131592 -0.862549 -0.467041 -5.307143 -0.061002 -4.209114 164904135536.000000
0.135498 -0.861572 -0.467041 -5.246142 0.061002 -4.026109 164904138454.000000
0.135498 -0.858887 -0.459473 -5.612152 0.061002 -4.514122 164904141369.000000
0.134277 -0.857422 -0.459961 -5.612152 -0.305008 -4.392119 164904144293.000000
0.138672 -0.858643 -0.456543 -5.429147 -0.244007 -4.697127 164904147213.000000
0.135010 -0.862549 -0.460938 -5.490148 -0.732020 -4.697127 164904150130.000000
0.134277 -0.866699 -0.445068 -5.368145 -0.549015 -5.063137 164904153044.000000
0.129639 -0.878662 -0.437744 -4.514122 -1.464040 -5.246142 164904155960.000000
0.118164 -0.904541 -0.418213 -1.952053 -1.037028 -3.965107 164904158875.000000
0.110596 -0.880127 -0.431641 3.721100 -0.244007 -3.111084 164904161788.000000
0.142822 -0.814209 -0.592285 -10.919295 0.793021 -3.416092 164904164704.000000
0.159668 -0.844971 -0.553467 -12.200329 -0.610016 -4.514122 164904167618.000000
0.164795 -0.867188 -0.416748 -5.063137 -0.793021 -5.185140 164904170536.000000
0.163574 -0.866943 -0.421631 -1.708046 0.061002 -6.161166 164904173453.000000
0.155518 -0.855957 -0.449219 -6.344171 -0.366010 -5.917160 164904176369.000000
0.149170 -0.839844 -0.494141 -8.418227 -2.257061 -5.917160 164904179284.000000
0.143799 -0.853271 -0.427002 -4.209114 -2.745074 -5.490148 164904182198.000000
0.151611 -0.855957 -0.432129 -3.660099 -1.769048 -5.978161 164904185116.000000
0.148438 -0.856445 -0.476807 -5.795156 -1.586043 -6.100165 164904188031.000000
0.148193 -0.864014 -0.460938 -6.161166 -2.379064 -5.551150 164904190955.000000
0.147461 -0.864990 -0.466064 -5.246142 -2.989081 -5.795156 164904192969.000000
0.144531 -0.864014 -0.461914 -4.697127 -2.379064 -5.551150 164904194775.000000
0.144531 -0.864502 -0.464600 -4.758128 -1.525041 -5.490148 164904196574.000000
0.149414 -0.865234 -0.481201 -5.307143 -1.159031 -5.795156 164904198375.000000
0.156494 -0.860840 -0.474609 -5.917160 -1.281035 -5.795156 164904200176.000000
0.157471 -0.866943 -0.479492 -5.856158 -1.464040 -5.856158 164904201977.000000
0.161133 -0.867432 -0.479004 -5.673153 -2.196059 -5.551150 164904203778.000000
0.155518 -0.863281 -0.470459 -5.673153 -1.525041 -5.734155 164904205587.000000
0.158691 -0.864502 -0.470947 -5.795156 -1.403038 -5.856158 164904207387.000000
0.157959 -0.863525 -0.471191 -5.612152 -0.976026 -5.734155 164904209188.000000
0.156982 -0.864258 -0.460938 -5.246142 -0.854023 -5.490148 164904210989.000000
0.157959 -0.866699 -0.457031 -5.185140 -1.281035 -5.612152 164904212790.000000
0.155029 -0.868652 -0.461182 -4.758128 -1.769048 -5.856158 164904214595.000000
0.152100 -0.861084 -0.458740 -4.697127 -2.013054 -5.490148 164904216399.000000
0.141357 -0.864502 -0.467285 -5.124138 -2.318063 -5.185140 164904218199.000000
0.158936 -0.870605 -0.467041 -5.551150 -2.074056 -5.124138 164904220001.000000
0.147217 -0.874268 -0.471680 -5.429147 -1.708046 -4.941133 164904221801.000000
0.145020 -0.885498 -0.442871 -4.331117 -2.135058 -5.063137 164904223603.000000
0.143555 -0.901367 -0.398926 -0.915025 -1.159031 -4.392119 164904225408.000000
0.159424 -0.863281 -0.447754 2.684072 -0.549015 -3.904105 164904227213.000000
0.164063 -0.830078 -0.550537 0.000000 -0.671018 -4.026109 164904229015.000000
0.163818 -0.823975 -0.563721 -7.381199 0.244007 -4.209114 164904230815.000000
0.174561 -0.831299 -0.545410 -9.821265 -0.427012 -4.148112 164904232615.000000
0.167236 -0.848633 -0.503418 -8.357226 -0.793021 -4.453120 164904234418.000000
0.174805 -0.861328 -0.442139 -5.307143 -0.427012 -4.758128 164904236225.000000
0.175293 -0.859619 -0.444336 -2.318063 -0.671018 -4.941133 164904238028.000000
0.172363 -0.863281 -0.443848 -1.708046 0.122003 -4.758128 164904239829.000000
0.164063 -0.858643 -0.443359 -3.233087 0.488013 -5.002135 164904241631.000000
0.157715 -0.849121 -0.493408 -5.063137 -0.610016 -4.819130 164904243432.000000
0.157715 -0.843506 -0.501709 -6.283170 -1.525041 -4.575124 164904245234.000000
0.154297 -0.845215 -0.466064 -5.551150 -1.403038 -4.514122 164904247036.000000
0.157715 -0.844971 -0.458008 -3.416092 -1.464040 -4.331117 164904248837.000000
0.156250 -0.847168 -0.457764 -3.050082 -0.854023 -4.087110 164904250642.000000
0.161133 -0.843994 -0.484863 -3.843104 -0.366010 -4.392119 164904252447.000000
0.164307 -0.839600 -0.495605 -4.758128 -0.854023 -4.514122 164904254250.000000
0.159668 -0.842773 -0.485840 -5.307143 -0.610016 -4.270115 164904256051.000000
0.160400 -0.843750 -0.484131 -5.490148 -1.037028 -4.087110 164904257852.000000
0.161377 -0.839355 -0.481934 -4.819130 -0.854023 -4.148112 164904259653.000000
0.159912 -0.841064 -0.485596 -4.392119 -0.610016 -3.599097 164904261454.000000
0.162598 -0.841064 -0.485107 -4.453120 -0.122003 -3.721100 164904263256.000000
0.164063 -0.839844 -0.489990 -4.514122 0.061002 -4.026109 164904265058.000000
0.164307 -0.839844 -0.496094 -5.124138 0.061002 -3.782102 164904266860.000000
0.167725 -0.841309 -0.493408 -5.185140 -0.061002 -3.782102 164904268661.000000
0.163818 -0.843018 -0.490723 -4.697127 -0.244007 -3.843104 164904270462.000000
0.166748 -0.840088 -0.493652 -4.697127 -0.427012 -3.843104 164904272265.000000
0.167236 -0.843018 -0.489258 -4.758128 -0.061002 -3.782102 164904274066.000000
0.170410 -0.843506 -0.490723 -4.697127 -0.122003 -3.782102 164904275869.000000
0.168701 -0.838867 -0.490723 -4.575124 -0.061002 -3.782102 164904277670.000000
0.168457 -0.839355 -0.489990 -4.453120 -0.488013 -3.965107 164904279470.000000
0.170410 -0.838623 -0.495850 -4.453120 -0.427012 -3.721100 164904281270.000000
0.169678 -0.837891 -0.501709 -4.453120 -0.732020 -3.782102 164904283070.000000
0.173828 -0.836670 -0.496582 -4.575124 -0.244007 -3.965107 164904284872.000000
0.176270 -0.834229 -0.496094 -4.880132 -0.305008 -3.538096 164904286673.000000
0.181396 -0.836670 -0.499023 -4.575124 -0.061002 -3.721100 164904288472.000000
0.180908 -0.831787 -0.499512 -4.270115 0.732020 -3.721100 164904290276.000000
0.184570 -0.832031 -0.502197 -4.209114 0.549015 -3.721100 164904292077.000000
0.185303 -0.834229 -0.503662 -4.453120 0.610016 -3.660099 164904293877.000000
0.190918 -0.828613 -0.502686 -4.819130 0.915025 -3.843104 164904295684.000000
0.190918 -0.831787 -0.502930 -4.941133 0.915025 -4.087110 164904297485.000000
0.190186 -0.833740 -0.502197 -4.697127 0.976026 -3.904105 164904299285.000000
0.194092 -0.827148 -0.498779 -4.392119 1.647044 -4.209114 164904301085.000000
0.193604 -0.827637 -0.499512 -4.148112 1.830049 -3.843104 164904302886.000000
0.193604 -0.828857 -0.493164 -4.148112 2.013054 -3.965107 164904304692.000000
0.192871 -0.834473 -0.494629 -4.087110 2.074056 -4.087110 164904306495.000000
0.191406 -0.830811 -0.502930 -4.270115 2.135058 -3.843104 164904308295.000000
0.188721 -0.833984 -0.499756 -4.270115 2.257061 -3.782102 164904310096.000000
0.187012 -0.833740 -0.496826 -4.270115 2.745074 -3.355091 164904311898.000000
0.189697 -0.834961 -0.494629 -3.843104 2.623071 -3.233087 164904313702.000000
0.186523 -0.833740 -0.503906 -3.721100 2.684072 -2.989081 164904315512.000000
0.186035 -0.838379 -0.498047 -3.477094 2.867077 -2.867077 164904317314.000000
0.182861 -0.841064 -0.488770 -3.477094 2.867077 -2.684072 164904319114.000000
0.182129 -0.842529 -0.488037 -3.294089 2.745074 -2.318063 164904320915.000000
0.178955 -0.841553 -0.495117 -2.928079 2.928079 -2.196059 164904322716.000000
0.177490 -0.842041 -0.490967 -2.562069 2.928079 -1.891051 164904324518.000000
0.174316 -0.845459 -0.491211 -2.562069 2.867077 -1.769048 164904326319.000000
0.170166 -0.847168 -0.490479 -2.196059 2.867077 -1.281035 164904328121.000000
0.169922 -0.845703 -0.492432 -2.135058 2.684072 -1.464040 164904329926.000000
0.168213 -0.845459 -0.485107 -2.196059 2.501068 -1.098030 164904331729.000000
0.168213 -0.851563 -0.489258 -2.013054 2.562069 -1.037028 164904333530.000000
0.171875 -0.842773 -0.491943 -1.952053 2.013054 -0.915025 164904335335.000000
0.170898 -0.844971 -0.484131 -1.647044 2.135058 -0.671018 164904337138.000000
0.172119 -0.850098 -0.485840 -1.464040 2.135058 -0.671018 164904338939.000000
0.176758 -0.850586 -0.491699 -1.464040 1.891051 -0.488013 164904340742.000000
0.170166 -0.850342 -0.481445 -1.464040 1.647044 -0.427012 164904342544.000000
0.175049 -0.850830 -0.488281 -1.220033 1.464040 -0.061002 164904344343.000000
0.170410 -0.847656 -0.489746 -0.915025 1.647044 -0.183005 164904346146.000000
0.175049 -0.850586 -0.489746 -0.793021 1.464040 0.061002 164904347946.000000
0.173340 -0.850830 -0.473633 -0.671018 1.586043 0.305008 164904349746.000000
0.167969 -0.852051 -0.486084 -0.366010 1.037028 0.488013 164904351546.000000
0.168213 -0.852539 -0.477295 -0.061002 1.403038 0.671018 164904353346.000000
0.170898 -0.855469 -0.485840 0.183005 1.342036 0.183005 164904355148.000000
0.173828 -0.854980 -0.484619 0.366010 1.342036 0.549015 164904356949.000000
0.172852 -0.853760 -0.482178 0.122003 1.281035 0.854023 164904358750.000000
0.166504 -0.853027 -0.484375 0.244007 1.708046 0.671018 164904360552.000000
0.167725 -0.853271 -0.480225 0.488013 1.952053 0.854023 164904362353.000000
0.169434 -0.854492 -0.479980 0.427012 2.013054 1.037028 164904364155.000000
0.169189 -0.855957 -0.480225 0.488013 2.013054 0.915025 164904365957.000000
0.175293 -0.850098 -0.488281 0.732020 2.013054 0.976026 164904367760.000000
0.169678 -0.855957 -0.493408 0.244007 2.013054 0.854023 164904369566.000000
0.169922 -0.848633 -0.483398 0.244007 2.257061 0.854023 164904371368.000000
0.172607 -0.848877 -0.483398 0.488013 2.440066 0.854023 164904373169.000000
0.175049 -0.849854 -0.481445 0.427012 2.257061 1.159031 164904374971.000000
0.173828 -0.851074 -0.486816 0.427012 2.318063 0.976026 164904376771.000000
0.172363 -0.851807 -0.485352 0.061002 2.745074 0.793021 164904378572.000000
0.171875 -0.851563 -0.475098 0.061002 2.562069 0.915025 164904380373.000000
0.173096 -0.849609 -0.479980 0.183005 2.745074 1.098030 164904382173.000000
0.173828 -0.845703 -0.472656 0.061002 2.684072 0.854023 164904383974.000000
0.171387 -0.847412 -0.482178 0.183005 2.745074 1.220033 164904385775.000000
0.174561 -0.848145 -0.478516 0.061002 2.867077 1.220033 164904387577.000000
0.173096 -0.846436 -0.486816 -0.122003 2.928079 0.976026 164904389377.000000
0.172363 -0.848633 -0.478027 0.061002 2.867077 0.976026 164904391177.000000
0.173828 -0.847168 -0.480957 0.244007 2.867077 1.098030 164904392978.000000
0.171631 -0.854004 -0.478271 -0.183005 3.294089 1.037028 164904394789.000000
0.172363 -0.853027 -0.478271 -0.061002 3.599097 1.220033 164904396702.000000
0.173096 -0.848633 -0.486084 -0.122003 2.989081 1.403038 164904398509.000000
0.173584 -0.850342 -0.479492 0.061002 3.416092 1.281035 164904400310.000000
0.177734 -0.850586 -0.486816 -0.061002 3.660099 1.098030 164904402112.000000
0.178467 -0.847168 -0.479736 0.061002 3.660099 1.525041 164904403914.000000
0.174805 -0.849365 -0.479980 0.183005 3.538096 1.342036 164904405721.000000
0.177490 -0.845947 -0.481934 0.000000 3.843104 1.464040 164904407523.000000
0.174316 -0.848877 -0.484375 0.305008 3.660099 1.464040 164904409324.000000
0.180420 -0.848145 -0.483643 0.000000 4.026109 1.708046 164904411126.000000
0.180664 -0.849854 -0.481934 0.122003 4.209114 1.891051 164904412928.000000
0.179688 -0.847412 -0.484863 0.305008 4.148112 1.769048 164904414732.000000
0.176270 -0.846680 -0.487549 0.366010 4.209114 1.952053 164904416536.000000
0.182617 -0.844727 -0.480957 0.244007 4.209114 2.013054 164904418340.000000
0.179688 -0.846436 -0.486572 0.000000 4.453120 2.074056 164904420141.000000
0.177734 -0.847656 -0.486328 0.366010 4.148112 2.074056 164904421941.000000
0.179688 -0.845459 -0.480469 0.610016 4.209114 2.318063 164904423747.000000
0.179688 -0.847412 -0.480957 0.549015 4.575124 2.440066 164904425554.000000
0.176514 -0.845703 -0.482178 0.427012 4.331117 2.318063 164904427356.000000
0.178467 -0.843262 -0.476807 0.854023 4.392119 2.623071 164904429160.000000
0.181885 -0.842773 -0.477783 0.671018 4.941133 2.623071 164904430964.000000
0.179199 -0.846924 -0.480469 0.793021 5.002135 2.623071 164904432765.000000
0.178711 -0.845703 -0.481445 1.037028 4.697127 3.050082 164904434565.000000
0.176514 -0.848145 -0.482178 1.098030 4.636125 3.233087 164904436392.000000
0.177490 -0.850586 -0.474365 1.098030 4.941133 3.172086 164904438193.000000
0.179688 -0.849121 -0.476563 1.281035 5.002135 3.294089 164904439993.000000
0.178223 -0.849121 -0.479980 1.281035 4.819130 3.050082 164904441793.000000
0.176270 -0.849121 -0.482422 1.403038 5.185140 3.355091 164904443594.000000
0.178223 -0.849609 -0.480469 1.342036 5.002135 3.477094 164904445398.000000
0.175293 -0.849609 -0.474854 1.525041 4.819130 3.355091 164904447199.000000
0.173584 -0.849365 -0.472656 1.647044 5.124138 3.538096 164904448999.000000
0.173828 -0.852051 -0.471436 1.647044 5.063137 3.721100 164904450806.000000
0.169922 -0.854736 -0.476074 1.952053 5.124138 3.599097 164904452607.000000
0.167969 -0.853271 -0.476074 1.830049 5.124138 3.599097 164904454408.000000
0.170898 -0.850830 -0.483398 2.074056 4.392119 3.721100 164904456210.000000
0.170898 -0.852051 -0.482666 1.830049 4.941133 3.965107 164904458011.000000
0.170166 -0.854492 -0.480713 2.135058 4.880132 4.026109 164904459819.000000
0.167236 -0.852539 -0.472656 2.318063 4.453120 3.660099 164904461620.000000
0.166992 -0.849609 -0.472412 2.501068 4.636125 3.965107 164904463420.000000
0.167969 -0.850830 -0.474609 2.745074 4.575124 3.965107 164904465227.000000
0.165771 -0.851563 -0.475586 2.501068 4.453120 4.148112 164904467028.000000
0.166260 -0.850342 -0.478760 2.318063 4.453120 3.843104 164904468830.000000
0.164063 -0.852051 -0.477783 2.257061 4.270115 4.026109 164904470632.000000
0.167236 -0.850342 -0.482178 2.379064 4.453120 4.087110 164904472434.000000
0.168457 -0.849121 -0.479004 2.440066 4.453120 3.843104 164904474234.000000
0.163574 -0.847168 -0.475098 2.562069 4.270115 3.965107 164904476037.000000
0.165039 -0.847412 -0.479736 2.745074 4.575124 3.721100 164904477837.000000
0.162598 -0.847656 -0.483643 2.257061 4.087110 3.660099 164904479638.000000
0.160156 -0.849609 -0.485596 2.257061 4.026109 3.782102 164904481439.000000
0.160400 -0.849365 -0.481689 2.318063 4.026109 3.721100 164904483240.000000
0.160645 -0.849365 -0.481934 2.623071 4.148112 3.782102 164904485042.000000
0.159668 -0.847900 -0.479492 2.501068 3.965107 3.599097 164904486842.000000
0.157471 -0.847168 -0.475586 2.562069 3.721100 3.599097 164904488646.000000
0.159912 -0.847412 -0.483887 2.501068 3.721100 3.599097 164904490447.000000
0.159668 -0.846680 -0.482910 2.318063 3.660099 3.660099 164904492250.000000
0.159180 -0.849854 -0.485840 2.196059 3.660099 3.599097 164904494052.000000
0.159668 -0.851807 -0.482422 2.379064 3.355091 3.477094 164904495856.000000
0.161133 -0.849854 -0.480713 2.684072 3.050082 3.294089 164904497659.000000
0.159912 -0.854736 -0.480957 2.562069 3.111084 3.416092 164904499461.000000
0.160889 -0.856689 -0.481689 2.623071 3.416092 3.477094 164904501262.000000
0.159912 -0.855957 -0.482666 2.440066 2.806076 3.538096 164904503063.000000
0.162109 -0.848389 -0.489502 2.379064 2.806076 3.355091 164904504867.000000
0.163330 -0.855713 -0.482910 2.440066 2.806076 3.416092 164904506665.000000
0.162842 -0.854248 -0.485596 2.501068 2.318063 3.416092 164904508466.000000
0.163818 -0.854004 -0.480225 2.440066 2.684072 3.721100 164904510266.000000
0.162598 -0.853760 -0.483154 2.257061 2.745074 3.538096 164904512066.000000
0.160645 -0.851807 -0.486084 2.501068 2.745074 3.233087 164904513867.000000
0.162842 -0.855225 -0.477295 2.623071 2.684072 3.538096 164904515682.000000
0.164551 -0.853516 -0.481201 2.440066 2.562069 3.477094 164904517482.000000
0.161621 -0.852783 -0.477051 2.684072 2.745074 3.660099 164904519283.000000
0.165771 -0.851563 -0.477051 2.867077 2.684072 3.660099 164904521084.000000
0.164551 -0.852539 -0.481934 2.806076 2.501068 3.599097 164904522885.000000
0.166748 -0.856934 -0.476563 2.867077 2.318063 3.904105 164904524690.000000
0.167236 -0.853027 -0.469727 2.989081 2.745074 3.721100 164904526494.000000
0.168213 -0.850586 -0.474854 3.111084 2.745074 3.904105 164904528294.000000
0.170898 -0.852295 -0.472168 3.172086 2.867077 3.965107 164904530094.000000
0.166748 -0.854492 -0.471436 3.416092 2.623071 4.087110 164904531895.000000
0.170898 -0.853027 -0.476074 3.416092 2.745074 4.331117 164904533695.000000
0.171631 -0.853516 -0.477539 3.355091 2.806076 4.026109 164904535502.000000
0.168457 -0.854492 -0.475830 3.477094 3.172086 4.270115 164904537302.000000
0.171875 -0.857178 -0.472412 3.477094 3.111084 4.270115 164904539104.000000
0.172363 -0.859131 -0.479004 3.538096 3.355091 4.087110 164904540905.000000
0.170898 -0.852539 -0.473633 3.416092 3.416092 4.209114 164904542706.000000
0.172119 -0.857910 -0.472168 3.538096 3.660099 4.270115 164904544508.000000
0.170166 -0.857910 -0.462646 3.599097 3.721100 4.636125 164904546310.000000
0.170410 -0.857178 -0.463135 3.599097 3.599097 4.636125 164904548113.000000
0.171875 -0.858643 -0.455566 4.026109 4.026109 4.758128 164904549913.000000
0.166748 -0.859375 -0.466797 3.965107 3.904105 4.697127 164904551714.000000
0.170410 -0.856445 -0.469727 3.782102 4.087110 4.941133 164904553515.000000
0.174805 -0.861084 -0.470215 3.477094 4.331117 5.002135 164904555323.000000
0.175049 -0.859375 -0.468018 3.538096 4.514122 5.124138 164904557128.000000
0.176514 -0.856201 -0.469971 3.721100 4.636125 5.429147 164904558929.000000
0.172119 -0.853271 -0.474365 3.355091 4.514122 5.124138 164904560730.000000
0.165771 -0.856689 -0.467285 3.233087 4.758128 5.185140 164904562530.000000
0.170410 -0.861572 -0.456787 3.355091 4.941133 5.429147 164904564378.000000
0.170410 -0.859131 -0.458252 3.660099 4.880132 5.490148 164904566847.000000
0.170166 -0.857178 -0.464111 3.843104 5.429147 5.734155 164904569763.000000
0.171387 -0.852783 -0.471191 3.233087 5.551150 5.856158 164904572678.000000
0.173096 -0.850586 -0.469238 2.867077 5.368145 6.222168 164904575594.000000
0.174805 -0.854248 -0.461426 3.355091 5.917160 5.795156 164904578507.000000
0.169189 -0.853027 -0.464844 3.477094 6.039163 6.161166 164904581426.000000
0.172119 -0.853760 -0.469971 3.050082 6.405173 6.161166 164904584339.000000
0.173096 -0.850586 -0.475098 2.379064 6.100165 6.222168 164904587254.000000
0.169678 -0.854004 -0.467285 2.806076 6.466175 6.222168 164904590167.000000
0.164551 -0.859619 -0.453125 4.270115 6.405173 6.710181 164904593080.000000
0.173584 -0.859619 -0.466797 3.721100 7.076191 6.649180 164904596042.000000
0.165527 -0.852783 -0.472656 2.501068 7.076191 6.466175 164904598958.000000
0.167969 -0.854736 -0.467041 2.928079 7.015189 6.771183 164904601872.000000
0.168945 -0.859863 -0.459229 3.782102 7.381199 6.710181 164904604807.000000
0.168213 -0.858398 -0.468018 3.843104 7.381199 6.832184 164904607725.000000
0.166260 -0.862061 -0.467285 3.172086 7.259196 6.710181 164904610638.000000
0.167725 -0.867432 -0.461670 3.477094 7.137193 7.015189 164904613552.000000
0.166016 -0.863525 -0.466064 3.904105 6.832184 7.137193 164904616477.000000
0.162842 -0.865234 -0.457764 3.599097 7.320198 7.076191 164904619394.000000
0.167480 -0.859375 -0.470215 3.050082 6.832184 7.015189 164904622309.000000
0.164307 -0.856201 -0.465820 2.745074 6.954188 7.259196 164904625231.000000
0.156006 -0.864258 -0.459229 2.989081 6.771183 7.198194 164904628149.000000
0.156982 -0.870117 -0.456299 3.965107 6.649180 7.503203 164904631062.000000
0.156250 -0.863770 -0.451416 4.087110 6.649180 7.564204 164904633975.000000
0.151123 -0.861572 -0.464355 3.172086 6.466175 7.381199 164904636914.000000
0.154541 -0.861572 -0.456055 3.721100 6.222168 7.564204 164904639830.000000
0.159912 -0.852783 -0.480957 2.379064 6.588178 7.259196 164904642744.000000
0.155518 -0.871826 -0.434570 2.318063 6.039163 7.137193 164904645660.000000
0.145020 -0.876221 -0.418213 4.819130 5.124138 7.259196 164904648585.000000
0.150146 -0.875488 -0.443115 5.429147 5.307143 7.442201 164904651504.000000
0.148193 -0.871826 -0.452881 4.087110 5.307143 7.625206 164904654418.000000
0.151367 -0.867432 -0.469971 3.904105 5.002135 7.808211 164904657333.000000
0.151855 -0.865479 -0.454346 3.843104 5.307143 7.564204 164904661328.000000
0.156738 -0.869385 -0.452637 4.087110 5.185140 7.137193 164904664272.000000
0.157471 -0.863281 -0.460693 4.026109 5.246142 7.442201 164904667193.000000
0.156982 -0.860107 -0.459229 4.026109 5.124138 7.564204 164904670111.000000
0.155762 -0.857910 -0.456299 3.599097 5.185140 7.442201 164904673025.000000
0.158447 -0.862793 -0.447266 3.904105 5.307143 7.198194 164904675942.000000
0.162354 -0.855469 -0.456787 3.904105 5.429147 7.198194 164904678857.000000
0.160889 -0.855957 -0.454834 3.599097 4.880132 7.015189 164904681770.000000
0.163818 -0.860840 -0.451416 3.904105 5.185140 7.076191 164904684686.000000
0.158936 -0.858643 -0.452148 3.721100 5.307143 7.015189 164904687602.000000
0.157471 -0.858154 -0.458496 3.782102 5.307143 7.137193 164904690518.000000
0.162354 -0.860840 -0.458496 3.782102 5.124138 7.198194 164904693433.000000
0.156006 -0.857178 -0.460693 3.660099 5.002135 7.320198 164904696358.000000
0.160645 -0.860107 -0.452881 3.904105 4.819130 6.832184 164904699272.000000
0.158691 -0.864502 -0.460938 3.965107 4.819130 7.198194 164904702187.000000
0.158203 -0.860107 -0.463867 3.843104 5.124138 7.076191 164904705108.000000
0.154053 -0.859131 -0.456299 3.538096 4.331117 7.137193 164904708027.000000
0.153320 -0.863770 -0.459717 4.026109 4.819130 7.320198 164904710942.000000
0.157227 -0.867920 -0.454102 3.843104 4.392119 7.015189 164904713856.000000
0.152344 -0.865234 -0.459229 4.148112 4.636125 7.259196 164904716794.000000
0.153564 -0.862061 -0.461182 3.843104 4.819130 7.259196 164904719708.000000
0.152100 -0.863525 -0.456055 4.148112 4.514122 7.320198 164904722622.000000
0.155273 -0.862793 -0.456787 3.965107 4.392119 7.015189 164904725542.000000
0.155518 -0.864014 -0.459961 3.721100 4.514122 7.503203 164904728459.000000
0.155518 -0.861572 -0.453857 3.965107 4.514122 7.320198 164904731372.000000
0.155273 -0.860840 -0.455322 3.965107 4.697127 7.686208 164904734286.000000
0.154297 -0.860840 -0.456543 3.782102 5.002135 7.442201 164904737201.000000
0.157959 -0.842041 -0.467529 2.928079 5.368145 7.320198 164904740116.000000
0.171387 -0.830078 -0.493164 -0.732020 5.490148 6.649180 164904743031.000000
0.162842 -0.864014 -0.453613 -1.403038 4.514122 6.161166 164904745969.000000
0.155029 -0.895020 -0.367920 6.710181 4.148112 6.527176 164904748899.000000
0.141113 -0.881348 -0.406006 7.137193 5.368145 6.954188 164904751814.000000
0.139648 -0.866943 -0.479248 2.745074 5.063137 7.381199 164904754732.000000
0.142090 -0.867676 -0.464600 1.708046 4.514122 7.869212 164904757646.000000
0.142578 -0.875000 -0.450928 5.063137 5.307143 7.442201 164904760560.000000
0.154297 -0.878174 -0.447510 4.392119 6.405173 7.442201 164904763483.000000
0.154297 -0.873779 -0.464844 2.379064 6.344171 7.564204 164904766434.000000
0.151611 -0.871094 -0.460449 2.684072 5.734155 7.686208 164904769349.000000
0.146973 -0.874023 -0.442383 4.270115 6.283170 7.808211 164904772263.000000
0.151855 -0.870117 -0.441895 3.660099 6.405173 8.357226 164904775180.000000
0.159912 -0.869873 -0.443359 3.172086 6.527176 8.052217 164904778096.000000
0.150146 -0.870605 -0.446777 3.660099 5.978161 8.357226 164904781010.000000
0.155762 -0.874756 -0.439697 3.599097 5.673153 8.235222 164904783923.000000
0.151855 -0.871582 -0.436768 4.148112 6.161166 8.662234 164904786840.000000
0.152100 -0.873535 -0.448486 3.782102 6.161166 8.601232 164904789754.000000
0.147461 -0.871826 -0.441406 3.538096 6.100165 8.723236 164904792668.000000
0.142822 -0.873047 -0.436523 3.965107 6.283170 8.601232 164904795583.000000
0.145020 -0.874023 -0.430420 3.843104 6.527176 8.906240 164904798497.000000
0.142334 -0.875244 -0.427246 3.904105 6.527176 9.028244 164904801412.000000
0.144531 -0.863281 -0.438721 3.538096 6.527176 8.601232 164904804325.000000
0.148682 -0.859375 -0.454346 2.562069 6.649180 8.540231 164904807249.000000
0.148438 -0.860352 -0.443848 1.159031 6.405173 7.991216 164904810163.000000
0.145508 -0.883057 -0.409180 2.745074 6.344171 8.174221 164904813077.000000
0.136475 -0.888916 -0.389404 5.795156 5.795156 8.540231 164904816028.000000
0.134766 -0.882324 -0.420898 4.148112 6.161166 8.418227 164904818944.000000
0.130615 -0.877197 -0.440918 2.623071 6.161166 8.601232 164904821859.000000
0.136230 -0.881836 -0.440918 2.989081 6.100165 8.601232 164904824782.000000
0.143311 -0.884766 -0.434082 3.172086 6.649180 8.418227 164904827709.000000
0.140625 -0.888672 -0.433105 2.379064 6.588178 8.174221 164904830624.000000
0.142090 -0.882324 -0.434570 2.013054 6.649180 8.235222 164904833537.000000
0.142090 -0.880615 -0.430908 2.501068 6.832184 8.113219 164904836462.000000
0.144775 -0.880615 -0.432129 1.647044 7.076191 7.991216 164904839377.000000
0.147705 -0.873535 -0.426270 1.952053 7.442201 7.808211 164904842291.000000
0.144287 -0.872803 -0.423584 2.013054 7.625206 7.686208 164904845209.000000
0.148193 -0.870117 -0.441162 1.464040 7.564204 7.808211 164904848122.000000
0.145996 -0.868652 -0.433594 1.342036 8.052217 7.625206 164904851036.000000
0.150391 -0.868896 -0.437988 0.976026 8.357226 7.503203 164904853950.000000
0.142334 -0.869141 -0.431152 0.549015 8.296224 7.503203 164904856867.000000
0.138428 -0.875732 -0.421631 0.671018 8.540231 7.625206 164904859782.000000
0.133545 -0.879395 -0.424805 1.037028 8.479229 7.625206 164904862694.000000
0.127930 -0.879150 -0.421875 1.037028 8.418227 7.625206 164904865636.000000
0.120361 -0.883545 -0.422852 1.037028 8.174221 7.930214 164904868552.000000
0.121826 -0.887451 -0.425293 0.976026 7.869212 8.174221 164904871466.000000
0.124512 -0.891357 -0.421387 1.281035 7.747209 8.174221 164904874381.000000
0.120605 -0.890869 -0.421631 1.525041 7.259196 8.052217 164904877297.000000
0.118164 -0.894531 -0.427002 1.220033 7.381199 8.357226 164904880210.000000
0.125732 -0.887451 -0.425537 1.037028 7.076191 8.357226 164904883123.000000
0.125732 -0.885986 -0.428955 0.915025 7.076191 8.235222 164904886039.000000
0.127197 -0.887939 -0.425293 0.854023 7.015189 8.174221 164904888953.000000
0.131104 -0.891846 -0.418945 1.098030 6.893186 7.869212 164904891869.000000
0.134277 -0.891113 -0.419189 1.037028 6.771183 7.930214 164904894792.000000
0.135742 -0.883057 -0.415039 0.549015 6.893186 7.808211 164904897708.000000
0.138672 -0.886475 -0.421387 0.427012 7.076191 7.869212 164904900624.000000
0.140381 -0.880859 -0.413574 0.488013 7.198194 7.686208 164904903538.000000
0.138916 -0.884521 -0.409180 0.427012 7.564204 7.442201 164904906454.000000
0.134521 -0.878174 -0.418945 0.427012 8.357226 7.808211 164904909367.000000
0.135010 -0.878174 -0.416504 0.305008 8.601232 7.503203 164904912281.000000
0.132813 -0.873779 -0.421875 -0.488013 8.845239 7.198194 164904915203.000000
0.128906 -0.876221 -0.424316 -0.549015 8.784237 6.954188 164904918122.000000
0.121826 -0.883545 -0.425781 -0.549015 8.784237 6.832184 164904921035.000000
0.126221 -0.879150 -0.422607 -1.098030 8.906240 6.466175 164904923959.000000
0.121338 -0.881104 -0.424316 -1.769048 8.784237 6.588178 164904926884.000000
0.116943 -0.879639 -0.432861 -1.769048 8.540231 6.405173 164904929797.000000
0.114502 -0.881104 -0.435547 -1.952053 8.479229 5.795156 164904932712.000000
0.117432 -0.881104 -0.432617 -2.379064 8.418227 5.917160 164904935636.000000
0.121094 -0.883057 -0.437988 -2.440066 7.869212 5.734155 164904938555.000000
0.117188 -0.882324 -0.425293 -2.867077 7.686208 5.490148 164904941468.000000
0.122070 -0.883301 -0.437012 -2.806076 6.832184 5.246142 164904944381.000000
0.119385 -0.888428 -0.442871 -2.806076 6.466175 5.185140 164904947297.000000
0.126709 -0.890381 -0.429688 -2.928079 6.344171 5.124138 164904950210.000000
0.126221 -0.887695 -0.427490 -2.623071 6.161166 4.880132 164904953122.000000
0.129639 -0.888428 -0.427002 -1.891051 5.734155 5.002135 164904956038.000000
0.130127 -0.883057 -0.432617 -2.074056 6.100165 5.307143 164904958954.000000
0.129639 -0.885254 -0.431641 -2.135058 5.429147 5.063137 164904961867.000000
0.132324 -0.887695 -0.420654 -2.074056 5.856158 5.429147 164904964797.000000
0.129395 -0.885254 -0.415527 -1.586043 5.856158 5.185140 164904967739.000000
0.131836 -0.885986 -0.429932 -1.586043 5.612152 5.368145 164904970655.000000
0.131104 -0.881592 -0.423340 -1.952053 5.673153 5.429147 164904973568.000000
0.128662 -0.882813 -0.423584 -1.586043 5.429147 5.551150 164904976483.000000
0.129395 -0.880371 -0.421387 -1.586043 5.368145 5.490148 164904979397.000000
0.127930 -0.884033 -0.427002 -1.647044 5.734155 5.490148 164904982312.000000
0.125977 -0.880859 -0.424561 -2.135058 5.673153 5.246142 164904985226.000000
0.124756 -0.881592 -0.418945 -2.257061 5.551150 5.490148 164904988140.000000
0.124756 -0.884277 -0.427246 -2.806076 5.673153 4.941133 164904995892.000000
0.124512 -0.878662 -0.425049 -2.684072 5.185140 4.636125 164904999039.000000
0.124268 -0.878418 -0.425049 -2.989081 5.429147 4.392119 164905001996.000000
0.127686 -0.878662 -0.430664 -3.416092 5.063137 4.453120 164905004936.000000
0.131104 -0.871826 -0.435303 -4.026109 5.246142 4.026109 164905007944.000000
0.128418 -0.878418 -0.436035 -3.904105 5.307143 3.843104 164905010942.000000
0.127686 -0.875244 -0.426270 -3.416092 5.490148 3.599097 164905013868.000000
0.129395 -0.871338 -0.437988 -4.026109 5.368145 3.721100 164905016784.000000
0.133789 -0.869873 -0.434082 -4.697127 5.185140 3.294089 164905019706.000000
0.131836 -0.870605 -0.436523 -4.392119 5.063137 3.172086 164905022623.000000
0.132813 -0.870117 -0.429443 -4.148112 5.307143 3.233087 164905025534.000000
0.135742 -0.871338 -0.433350 -4.514122 5.551150 2.928079 164905028448.000000
0.137695 -0.870361 -0.436279 -4.636125 5.246142 3.111084 164905031360.000000
0.137695 -0.868408 -0.435547 -4.331117 5.368145 2.928079 164905034294.000000
0.139648 -0.867676 -0.440430 -4.880132 5.673153 2.806076 164905037213.000000
0.141846 -0.869873 -0.436035 -4.575124 5.246142 2.806076 164905040148.000000
0.141602 -0.875000 -0.443359 -4.880132 5.551150 2.867077 164905043066.000000
0.143066 -0.872314 -0.442871 -4.758128 4.880132 2.745074 164905046024.000000
0.140869 -0.875488 -0.434082 -4.392119 5.124138 2.989081 164905048948.000000
0.139648 -0.878174 -0.437500 -4.209114 5.063137 3.233087 164905051867.000000
0.141846 -0.880615 -0.444336 -4.331117 4.575124 3.416092 164905054782.000000
0.139404 -0.876465 -0.440918 -4.331117 4.697127 3.355091 164905057695.000000
0.138916 -0.879395 -0.437500 -4.087110 4.209114 3.660099 164905060604.000000
0.138428 -0.881592 -0.426758 -3.904105 3.660099 4.087110 164905063513.000000
0.138428 -0.880371 -0.437500 -4.270115 4.087110 3.660099 164905066516.000000
0.141602 -0.876953 -0.431396 -3.965107 3.782102 3.660099 164905068957.000000
0.138184 -0.882568 -0.425293 -3.843104 3.477094 3.477094 164905070759.000000
0.136719 -0.881592 -0.427490 -3.782102 3.294089 3.843104 164905072562.000000
0.136719 -0.882080 -0.429932 -3.538096 3.233087 3.782102 164905074363.000000
0.140381 -0.877686 -0.430908 -3.904105 3.111084 3.599097 164905076188.000000
0.139893 -0.877441 -0.431396 -4.270115 2.928079 3.416092 164905078005.000000
0.139893 -0.879395 -0.435059 -3.843104 2.928079 3.111084 164905079809.000000
0.137695 -0.878418 -0.440186 -4.453120 2.867077 3.416092 164905081613.000000
0.138184 -0.877441 -0.438477 -4.453120 3.050082 3.294089 164905083417.000000
0.135498 -0.875977 -0.437744 -4.331117 2.928079 2.989081 164905085226.000000
0.139404 -0.882324 -0.437012 -4.331117 2.806076 3.111084 164905087029.000000
0.137939 -0.881592 -0.433838 -4.453120 3.172086 2.989081 164905088830.000000
0.131348 -0.880859 -0.433838 -4.453120 2.989081 3.111084 164905090632.000000
0.134033 -0.881592 -0.435791 -4.819130 2.989081 2.928079 164905092437.000000
0.134521 -0.883545 -0.436035 -4.819130 3.050082 2.867077 164905094237.000000
0.134277 -0.881348 -0.436523 -4.636125 2.501068 2.928079 164905096042.000000
0.132813 -0.886963 -0.439453 -4.758128 2.745074 2.684072 164905097851.000000
0.132813 -0.883545 -0.435303 -4.453120 2.928079 2.745074 164905100629.000000
0.135986 -0.885010 -0.441406 -4.514122 2.806076 2.440066 164905103554.000000
0.140137 -0.882813 -0.447021 -5.124138 3.111084 2.501068 164905106482.000000
0.139648 -0.878174 -0.449707 -5.612152 2.989081 2.379064 164905109402.000000
0.142334 -0.877441 -0.436523 -4.880132 3.050082 2.684072 164905112319.000000
0.135010 -0.876953 -0.435059 -4.758128 3.477094 2.806076 164905115237.000000
0.145020 -0.871094 -0.453613 -5.490148 3.904105 2.745074 164905118173.000000
0.141357 -0.878418 -0.439453 -5.551150 3.660099 2.745074 164905121089.000000
0.142822 -0.880859 -0.429443 -4.270115 3.721100 3.111084 164905124005.000000
0.143311 -0.883301 -0.446289 -4.148112 4.331117 3.294089 164905126926.000000
0.141846 -0.876709 -0.447266 -5.002135 4.087110 3.660099 164905129849.000000
0.143799 -0.878418 -0.445801 -4.636125 4.453120 3.843104 164905132787.000000
0.144287 -0.877930 -0.440918 -3.660099 4.514122 4.087110 164905135816.000000
0.142334 -0.879150 -0.440918 -3.904105 4.636125 4.148112 164905138903.000000
0.145752 -0.888184 -0.428955 -3.477094 4.575124 4.026109 164905141945.000000
0.153320 -0.913818 -0.404785 -0.671018 3.538096 3.782102 164905144952.000000
0.160645 -0.876709 -0.430664 2.318063 5.002135 3.843104 164905147884.000000
0.153564 -0.853516 -0.486328 -3.416092 5.490148 4.392119 164905150807.000000
0.156006 -0.851563 -0.472412 -4.148112 5.002135 5.124138 164905153722.000000
0.145996 -0.850586 -0.443115 -1.525041 5.734155 5.734155 164905156662.000000
0.139893 -0.850342 -0.446777 -1.159031 6.161166 5.734155 164905159572.000000
0.136230 -0.852051 -0.455566 -4.331117 7.137193 6.283170 164905162481.000000
0.136475 -0.854736 -0.466797 -4.392119 6.588178 5.978161 164905165402.000000
0.135010 -0.862061 -0.444580 -2.562069 6.649180 6.161166 164905168321.000000
0.134766 -0.849365 -0.467285 -3.843104 7.259196 5.673153 164905171252.000000
0.138672 -0.854980 -0.469238 -5.368145 6.954188 5.368145 164905174170.000000
0.130859 -0.854492 -0.457275 -4.636125 6.344171 5.002135 164905177084.000000
0.133301 -0.853516 -0.463867 -4.636125 6.466175 4.880132 164905179994.000000
0.136475 -0.860352 -0.460449 -5.307143 6.405173 4.514122 164905182902.000000
0.132568 -0.861572 -0.461182 -4.819130 6.649180 4.453120 164905185815.000000
0.133057 -0.863525 -0.457275 -4.514122 6.161166 3.904105 164905188746.000000
0.137207 -0.867676 -0.469727 -4.819130 5.978161 3.904105 164905191661.000000
0.131836 -0.859863 -0.469727 -5.246142 5.917160 3.721100 164905194614.000000
0.130859 -0.867432 -0.469238 -5.063137 5.673153 3.904105 164905197541.000000
0.128906 -0.862793 -0.466553 -4.697127 5.368145 3.721100 164905200455.000000
0.130127 -0.860107 -0.470947 -5.002135 4.758128 3.660099 164905203371.000000
0.134766 -0.862549 -0.464844 -4.636125 4.148112 3.233087 164905206297.000000
0.135986 -0.886230 -0.435303 -3.355091 3.477094 2.806076 164905209211.000000
0.140625 -0.871582 -0.429199 0.732020 3.782102 2.867077 164905212127.000000
0.136963 -0.832764 -0.501953 -4.087110 4.026109 3.111084 164905215049.000000
0.141846 -0.834717 -0.498779 -6.405173 3.538096 3.294089 164905217975.000000
0.134766 -0.841553 -0.445313 -4.392119 3.416092 3.416092 164905220904.000000
0.127930 -0.850830 -0.442627 -1.098030 3.477094 3.477094 164905223818.000000
0.123047 -0.849609 -0.454590 -3.172086 3.904105 3.782102 164905226743.000000
0.125977 -0.850586 -0.495361 -5.063137 2.867077 3.660099 164905229658.000000
0.121338 -0.860840 -0.457520 -3.172086 2.257061 3.355091 164905232571.000000
0.125244 -0.867676 -0.446289 -1.342036 2.501068 3.416092 164905235508.000000
0.130371 -0.864258 -0.458496 -1.891051 2.501068 3.233087 164905238425.000000
0.127686 -0.860596 -0.475586 -2.806076 1.830049 3.233087 164905241351.000000
0.125000 -0.860596 -0.462646 -2.379064 0.915025 3.477094 164905244267.000000
0.131348 -0.860352 -0.453613 -1.586043 1.281035 3.477094 164905247185.000000
0.134766 -0.859863 -0.456055 -1.891051 1.830049 3.111084 164905250103.000000
0.134277 -0.857666 -0.461914 -2.074056 1.647044 3.050082 164905253019.000000
0.136963 -0.854736 -0.456787 -2.196059 0.976026 2.867077 164905255942.000000
0.136475 -0.859863 -0.464600 -2.379064 1.220033 2.928079 164905258850.000000
0.134766 -0.863281 -0.453613 -1.891051 1.647044 2.928079 164905261766.000000
0.130615 -0.864502 -0.453125 -1.708046 1.464040 2.806076 164905264679.000000
0.123779 -0.863525 -0.461914 -2.135058 1.403038 2.867077 164905267597.000000
0.119873 -0.866699 -0.461670 -2.501068 1.281035 2.867077 164905270514.000000
0.117920 -0.874756 -0.456055 -1.769048 1.403038 2.745074 164905273429.000000
0.116699 -0.870850 -0.463623 -1.647044 1.403038 2.745074 164905276345.000000
0.117676 -0.875244 -0.465332 -2.501068 0.915025 2.562069 164905279253.000000
0.110352 -0.876221 -0.462402 -2.745074 0.976026 2.623071 164905282167.000000
0.112793 -0.876465 -0.461426 -2.318063 0.976026 2.196059 164905285096.000000
0.109131 -0.875732 -0.466064 -2.074056 0.549015 1.891051 164905288014.000000
0.109863 -0.877197 -0.458496 -2.867077 0.183005 2.135058 164905290930.000000
0.109619 -0.879150 -0.465820 -2.501068 -0.122003 2.074056 164905293845.000000
0.111816 -0.878662 -0.454346 -2.440066 -0.244007 2.074056 164905296770.000000
0.110596 -0.876953 -0.458984 -2.196059 0.183005 1.891051 164905299685.000000
0.108154 -0.875000 -0.455322 -2.501068 0.122003 1.952053 164905302606.000000
0.110596 -0.877686 -0.454346 -2.440066 0.122003 1.891051 164905305528.000000
0.119629 -0.875732 -0.455811 -2.013054 0.122003 1.830049 164905308448.000000
0.116455 -0.874756 -0.451660 -2.074056 0.244007 1.952053 164905311363.000000
0.117920 -0.873779 -0.441162 -2.013054 0.366010 1.830049 164905314283.000000
0.121338 -0.874756 -0.446777 -2.196059 0.000000 2.196059 164905317214.000000
0.121582 -0.876709 -0.451660 -1.952053 0.244007 2.135058 164905320130.000000
0.125000 -0.874023 -0.446533 -1.647044 0.610016 2.074056 164905323045.000000
0.128174 -0.869385 -0.446777 -1.952053 0.488013 2.379064 164905325966.000000
0.129150 -0.869629 -0.446533 -1.708046 0.793021 2.379064 164905328884.000000
0.131348 -0.871582 -0.447754 -2.013054 0.793021 2.684072 164905331800.000000
0.130859 -0.873047 -0.451660 -1.769048 1.525041 2.501068 164905334725.000000
0.132568 -0.871826 -0.454346 -1.952053 1.037028 2.806076 164905337639.000000
0.134521 -0.869873 -0.453857 -1.647044 1.891051 2.745074 164905340554.000000
0.137207 -0.864502 -0.457520 -1.769048 1.525041 2.806076 164905343469.000000
0.140381 -0.863037 -0.463135 -1.891051 1.891051 2.989081 164905346386.000000
0.139160 -0.862549 -0.461426 -1.830049 2.013054 3.050082 164905349308.000000
0.139648 -0.859375 -0.456299 -1.647044 2.196059 2.989081 164905352228.000000
0.136719 -0.860107 -0.463135 -1.891051 2.562069 3.416092 164905355152.000000
0.139404 -0.860107 -0.464844 -1.708046 2.196059 3.416092 164905358075.000000
0.137695 -0.858887 -0.463135 -1.830049 2.989081 3.416092 164905360996.000000
0.136230 -0.861816 -0.462402 -1.830049 2.196059 3.416092 164905363913.000000
0.132080 -0.859375 -0.465088 -1.403038 2.623071 3.538096 164905366837.000000
0.133301 -0.859131 -0.468994 -1.769048 2.745074 3.782102 164905369752.000000
0.130371 -0.863037 -0.464600 -1.708046 2.440066 3.599097 164905372667.000000
0.127441 -0.856934 -0.465332 -1.647044 2.684072 3.782102 164905375586.000000
0.127686 -0.864990 -0.466064 -1.586043 2.623071 3.904105 164905378501.000000
0.124268 -0.864746 -0.464355 -1.586043 2.562069 3.599097 164905381418.000000
0.119629 -0.861816 -0.464111 -1.525041 2.562069 4.026109 164905384332.000000
0.121582 -0.862061 -0.468750 -1.220033 2.440066 3.660099 164905387249.000000
0.116455 -0.862793 -0.463379 -1.342036 2.440066 3.355091 164905390164.000000
0.116699 -0.869141 -0.461182 -1.586043 2.684072 3.538096 164905393082.000000
0.114014 -0.869629 -0.465088 -1.464040 1.830049 3.294089 164905396038.000000
0.107422 -0.865234 -0.462646 -1.220033 2.135058 3.233087 164905398969.000000
0.107910 -0.867188 -0.460449 -1.220033 2.074056 3.111084 164905401893.000000
0.106934 -0.871338 -0.452881 -0.976026 2.074056 2.989081 164905404835.000000
0.108398 -0.868408 -0.452393 -1.342036 1.342036 2.684072 164905407754.000000
0.105225 -0.873047 -0.450928 -1.220033 1.220033 2.684072 164905410671.000000
0.105225 -0.867676 -0.452637 -1.342036 0.915025 2.318063 164905413592.000000
0.104736 -0.870361 -0.453369 -1.281035 1.098030 1.952053 164905416524.000000
0.107178 -0.869141 -0.457764 -1.159031 0.610016 1.830049 164905419441.000000
0.111572 -0.874023 -0.457764 -1.281035 0.427012 1.586043 164905422358.000000
0.112305 -0.871094 -0.452393 -1.281035 0.305008 1.220033 164905425281.000000
0.114746 -0.873779 -0.449219 -1.281035 0.732020 0.976026 164905428200.000000
0.113281 -0.871338 -0.450195 -1.464040 0.610016 0.793021 164905431114.000000
0.114502 -0.873779 -0.456543 -1.647044 0.671018 0.671018 164905434033.000000
0.116211 -0.868896 -0.449219 -1.708046 0.427012 0.610016 164905436972.000000
0.117432 -0.871826 -0.451172 -1.830049 0.366010 0.488013 164905439886.000000
0.119385 -0.873535 -0.454102 -1.647044 0.427012 0.183005 164905442800.000000
0.122559 -0.875488 -0.454102 -2.074056 0.183005 0.061002 164905445719.000000
0.122070 -0.873779 -0.447510 -1.769048 0.427012 0.427012 164905448634.000000
0.120361 -0.873535 -0.453369 -2.013054 0.244007 0.305008 164905451557.000000
0.120117 -0.870605 -0.455566 -2.013054 0.488013 0.305008 164905454472.000000
0.117188 -0.871094 -0.453857 -2.135058 -0.061002 0.488013 164905457422.000000
0.119141 -0.873535 -0.456543 -2.318063 0.000000 0.488013 164905460338.000000
0.119873 -0.871826 -0.455566 -2.196059 -0.244007 0.610016 164905463254.000000
0.117432 -0.871582 -0.452148 -2.257061 -0.244007 0.610016 164905466173.000000
0.116211 -0.868652 -0.457031 -2.440066 -0.366010 0.610016 164905469089.000000
0.118408 -0.872803 -0.451904 -2.074056 -0.549015 0.549015 164905472007.000000
0.117920 -0.872559 -0.452881 -2.135058 -0.610016 0.793021 164905474924.000000
0.118408 -0.875000 -0.447754 -2.196059 -0.915025 0.671018 164905477839.000000
0.116455 -0.874268 -0.456543 -2.074056 -1.159031 0.549015 164905480752.000000
0.118652 -0.870605 -0.459473 -1.952053 -1.220033 0.549015 164905483667.000000
0.115234 -0.870605 -0.458252 -2.013054 -1.342036 0.488013 164905486590.000000
0.114502 -0.873047 -0.451172 -1.952053 -1.769048 0.549015 164905489507.000000
0.117676 -0.873779 -0.455811 -1.586043 -1.769048 0.488013 164905492423.000000
0.117676 -0.870850 -0.454346 -1.586043 -2.318063 0.427012 164905495341.000000
0.121826 -0.869873 -0.453613 -1.525041 -2.135058 0.488013 164905498257.000000
0.122314 -0.870117 -0.460938 -1.403038 -2.135058 0.610016 164905501171.000000
0.127197 -0.869385 -0.461182 -1.403038 -1.891051 0.610016 164905504087.000000
0.128174 -0.866943 -0.462891 -1.403038 -2.379064 0.671018 164905507014.000000
0.128662 -0.866211 -0.455811 -1.281035 -1.830049 0.427012 164905509931.000000
0.130615 -0.866211 -0.462158 -1.342036 -2.196059 0.549015 164905512853.000000
