0.132813 -0.979492 0.321533 -1.220033 0.305008 -0.671018 202927092018.000000
0.133545 -0.980957 0.317627 -1.098030 0.122003 -0.427012 202927094931.000000
0.136719 -0.985352 0.314697 -1.281035 -0.122003 -0.305008 202927097857.000000
0.137939 -0.976807 0.313721 -0.854023 -0.671018 -0.488013 202927100773.000000
0.137207 -0.976318 0.313965 -1.220033 -0.671018 -0.366010 202927103688.000000
0.137207 -0.971924 0.311523 -1.098030 -0.915025 -0.488013 202927106606.000000
0.138672 -0.968750 0.299316 -1.342036 -1.098030 -0.366010 202927109519.000000
0.137695 -0.967529 0.303467 -1.769048 -1.464040 -0.732020 202927112432.000000
0.134277 -0.966553 0.299316 -1.769048 -1.769048 -0.549015 202927115349.000000
0.137695 -0.964111 0.306396 -2.440066 -1.769048 -0.976026 202927118267.000000
0.137695 -0.965576 0.304688 -2.989081 -1.647044 -0.671018 202927121179.000000
0.137695 -0.967285 0.304688 -3.477094 -1.708046 -0.610016 202927124093.000000
0.135498 -0.961914 0.310303 -3.660099 -1.586043 -0.732020 202927127010.000000
0.133789 -0.966797 0.315918 -4.087110 -1.586043 -0.915025 202927129928.000000
0.131104 -0.962402 0.315674 -4.087110 -1.159031 -1.159031 202927132842.000000
0.134033 -0.959961 0.318359 -4.331117 -1.159031 -0.610016 202927135758.000000
0.130127 -0.967041 0.316406 -4.087110 -0.976026 -1.037028 202927138672.000000
0.127930 -0.967285 0.325195 -4.209114 -1.464040 -0.915025 202927141586.000000
0.134521 -0.967773 0.328857 -4.331117 -1.220033 -0.732020 202927144499.000000
0.135498 -0.975342 0.332031 -3.965107 -1.281035 -0.549015 202927147417.000000
0.128418 -0.973877 0.337158 -4.148112 -1.159031 -0.793021 202927150330.000000
0.128662 -0.975830 0.339111 -3.660099 -1.220033 -0.244007 202927153245.000000
0.135254 -0.975586 0.330811 -3.416092 -0.976026 -0.488013 202927156170.000000
0.131592 -0.979736 0.328857 -3.233087 -1.098030 -0.366010 202927159088.000000
0.137451 -0.979004 0.334229 -3.477094 -0.915025 -0.305008 202927162002.000000
0.129639 -0.980469 0.332520 -3.111084 -0.915025 -0.488013 202927164915.000000
0.131348 -0.978027 0.341064 -3.050082 -0.915025 -0.549015 202927167839.000000
0.133301 -0.977783 0.333984 -2.867077 -0.671018 -0.366010 202927170753.000000
0.132568 -0.978516 0.340576 -2.745074 -0.610016 -0.488013 202927173676.000000
0.130371 -0.977051 0.331787 -2.989081 -0.610016 -0.549015 202927176601.000000
0.128662 -0.977539 0.334229 -2.623071 -0.061002 -0.549015 202927179516.000000
0.131836 -0.980469 0.333496 -2.928079 -0.244007 -0.549015 202927182430.000000
0.128662 -0.979004 0.334229 -2.928079 0.122003 -0.549015 202927185351.000000
0.128418 -0.971924 0.326660 -2.867077 0.305008 -1.037028 202927188271.000000
0.130127 -0.979004 0.330078 -2.928079 0.488013 -0.610016 202927191184.000000
0.132568 -0.976807 0.327148 -2.745074 0.549015 -0.976026 202927194102.000000
0.132813 -0.979004 0.327393 -3.172086 0.793021 -1.037028 202927197027.000000
0.131104 -0.979004 0.327148 -3.477094 1.037028 -0.854023 202927199941.000000
0.138672 -0.981445 0.320068 -3.477094 1.037028 -0.976026 202927202863.000000
0.135010 -0.980469 0.324463 -3.233087 1.037028 -0.671018 202927205779.000000
0.134521 -0.984375 0.319336 -3.599097 1.464040 -1.037028 202927208693.000000
0.133301 -0.981934 0.326904 -3.599097 1.586043 -0.793021 202927211630.000000
0.133789 -0.978760 0.318848 -3.477094 1.586043 -1.159031 202927214550.000000
0.134033 -0.981934 0.320313 -3.660099 1.525041 -0.793021 202927217473.000000
0.137695 -0.983887 0.317139 -3.599097 1.647044 -0.732020 202927220410.000000
0.139404 -0.975586 0.317627 -3.782102 1.586043 -1.037028 202927223331.000000
0.139893 -0.977783 0.320313 -3.599097 1.769048 -0.427012 202927226258.000000
0.144531 -0.970703 0.323486 -4.087110 1.769048 -1.220033 202927229180.000000
0.143311 -0.974609 0.325195 -3.904105 1.952053 -1.220033 202927232094.000000
0.140625 -0.971924 0.321533 -3.904105 1.769048 -1.037028 202927235010.000000
0.140625 -0.972412 0.318604 -4.087110 1.708046 -1.159031 202927238031.000000
0.138428 -0.968506 0.316162 -4.026109 1.830049 -1.281035 202927240946.000000
0.139893 -0.969971 0.317383 -4.209114 1.830049 -1.952053 202927243863.000000
0.136230 -0.968506 0.313477 -3.904105 1.525041 -1.647044 202927246780.000000
0.133057 -0.972412 0.311768 -4.026109 1.647044 -2.135058 202927249694.000000
0.134521 -0.969727 0.314697 -3.477094 2.074056 -2.257061 202927252609.000000
0.131348 -0.972900 0.319580 -3.233087 1.769048 -2.867077 202927255530.000000
0.129883 -0.970215 0.331055 -3.355091 1.586043 -2.806076 202927258449.000000
0.126465 -0.967285 0.321533 -3.355091 0.915025 -3.050082 202927261362.000000
0.123535 -0.966064 0.324707 -3.721100 0.549015 -3.233087 202927264275.000000
0.127930 -0.963135 0.319580 -3.660099 0.366010 -3.721100 202927267191.000000
0.123291 -0.963867 0.319092 -3.721100 0.366010 -3.721100 202927270112.000000
0.120605 -0.968994 0.313965 -3.721100 -0.183005 -3.904105 202927273030.000000
0.123779 -0.961670 0.317627 -3.904105 -0.183005 -4.453120 202927275952.000000
0.121338 -0.961914 0.312744 -4.392119 0.000000 -4.392119 202927278874.000000
0.116455 -0.969238 0.304688 -4.331117 0.000000 -4.392119 202927281789.000000
0.120361 -0.964111 0.302002 -4.331117 0.061002 -5.002135 202927284704.000000
0.118164 -0.963379 0.299561 -4.575124 -0.244007 -5.368145 202927287631.000000
0.116455 -0.971436 0.302979 -4.575124 -0.061002 -5.429147 202927290545.000000
0.109863 -0.967041 0.307373 -4.392119 0.000000 -5.429147 202927293459.000000
0.112549 -0.970947 0.304443 -4.575124 0.305008 -5.917160 202927296380.000000
0.109131 -0.970459 0.307373 -4.819130 0.305008 -5.978161 202927299299.000000
0.109131 -0.973389 0.306152 -5.185140 0.610016 -6.100165 202927302214.000000
0.104736 -0.975830 0.304199 -5.490148 0.854023 -6.161166 202927305131.000000
0.105225 -0.980713 0.298828 -5.246142 0.793021 -6.222168 202927308045.000000
0.111816 -0.980225 0.307129 -5.734155 0.915025 -6.466175 202927310962.000000
0.116211 -0.985596 0.306641 -5.551150 1.037028 -6.222168 202927313877.000000
0.112793 -0.986328 0.305420 -5.368145 0.854023 -6.222168 202927316793.000000
0.114258 -0.987061 0.312988 -5.124138 0.793021 -5.795156 202927319707.000000
0.119141 -0.986816 0.309814 -5.185140 0.305008 -5.856158 202927322620.000000
0.119141 -0.987305 0.308105 -5.124138 0.793021 -5.307143 202927325536.000000
0.118164 -0.984131 0.312500 -5.185140 0.366010 -5.368145 202927328449.000000
0.122314 -0.987793 0.310547 -4.697127 0.061002 -5.246142 202927331364.000000
0.125488 -0.989014 0.316895 -5.124138 0.000000 -4.819130 202927334278.000000
0.129883 -0.984619 0.314453 -4.880132 0.244007 -4.819130 202927337194.000000
0.128174 -0.985352 0.316162 -4.575124 -0.061002 -4.758128 202927340109.000000
0.128418 -0.984863 0.311768 -5.002135 0.000000 -4.636125 202927343021.000000
0.129639 -0.983887 0.314453 -4.514122 -0.122003 -4.941133 202927345937.000000
0.127686 -0.989990 0.315430 -4.697127 0.183005 -4.758128 202927348852.000000
0.129150 -0.986572 0.318359 -4.514122 -0.061002 -5.124138 202927351765.000000
0.127686 -0.985107 0.312500 -4.453120 -0.122003 -4.819130 202927354682.000000
0.128906 -0.986816 0.316406 -4.209114 -0.122003 -5.429147 202927357608.000000
0.127197 -0.989990 0.319336 -4.209114 -0.427012 -5.246142 202927360523.000000
0.124268 -0.987793 0.321777 -3.965107 -0.427012 -5.490148 202927363437.000000
0.119873 -0.988281 0.317627 -4.087110 -0.610016 -5.673153 202927366354.000000
0.119141 -0.989746 0.316162 -3.660099 -0.793021 -5.734155 202927369268.000000
0.114746 -0.986328 0.315918 -3.355091 -0.915025 -6.283170 202927372189.000000
0.107422 -0.987793 0.317627 -3.355091 -1.159031 -6.100165 202927375117.000000
0.110107 -0.990234 0.315918 -2.989081 -1.281035 -6.466175 202927378036.000000
0.113525 -0.994141 0.322510 -2.867077 -1.037028 -6.466175 202927380950.000000
0.106445 -0.992920 0.313721 -2.562069 -1.403038 -6.954188 202927383864.000000
0.112793 -0.989746 0.318604 -2.440066 -1.586043 -7.076191 202927386789.000000
0.111084 -0.996826 0.314941 -1.952053 -1.586043 -7.137193 202927389704.000000
0.113525 -0.999512 0.303711 -1.830049 -1.708046 -7.442201 202927392628.000000
0.111328 -1.000000 0.311279 -1.586043 -1.952053 -7.442201 202927395550.000000
0.118896 -0.998047 0.306396 -1.220033 -2.196059 -7.686208 202927398468.000000
0.116943 -0.998291 0.306641 -1.037028 -2.684072 -7.381199 202927401384.000000
0.117676 -0.996826 0.308105 -0.610016 -2.928079 -7.686208 202927404313.000000
0.120117 -0.994873 0.304688 -0.427012 -3.416092 -7.564204 202927407229.000000
0.125244 -0.993408 0.317139 -0.244007 -3.782102 -7.747209 202927410143.000000
0.123291 -0.994873 0.310791 -0.305008 -4.392119 -7.625206 202927413054.000000
0.124756 -0.986084 0.298828 -0.244007 -5.246142 -7.442201 202927415969.000000
0.125732 -0.985352 0.307373 -0.549015 -5.002135 -7.991216 202927418883.000000
0.127930 -0.985107 0.302734 -0.549015 -5.490148 -7.869212 202927421797.000000
0.127441 -0.984375 0.312256 -0.427012 -6.100165 -8.174221 202927424713.000000
0.124512 -0.979492 0.302490 -0.488013 -6.527176 -8.662234 202927427631.000000
0.124023 -0.978760 0.305664 -0.305008 -6.832184 -8.479229 202927430549.000000
0.124268 -0.975098 0.305420 -0.122003 -7.076191 -9.211249 202927433465.000000
0.123535 -0.976318 0.306396 -0.122003 -7.198194 -9.028244 202927436395.000000
0.123535 -0.973389 0.296631 -0.244007 -8.052217 -9.150247 202927439309.000000
0.122314 -0.976807 0.297363 0.000000 -7.869212 -9.638260 202927442224.000000
0.123779 -0.977539 0.295410 -0.427012 -8.418227 -9.516257 202927445141.000000
0.129395 -0.975342 0.296875 -0.305008 -8.723236 -9.882267 202927448064.000000
0.129639 -0.969971 0.291992 -0.366010 -8.906240 -10.126273 202927450980.000000
0.128662 -0.976318 0.297119 -0.488013 -9.333252 -9.760264 202927453894.000000
0.132324 -0.974365 0.297363 -0.305008 -9.516257 -10.126273 202927456809.000000
0.135010 -0.971680 0.291260 -0.366010 -10.065272 -10.065272 202927459723.000000
0.136963 -0.980957 0.296387 -0.915025 -10.248277 -10.492283 202927462636.000000
0.138916 -0.980225 0.293701 -0.427012 -10.614287 -10.187275 202927465552.000000
0.140137 -0.980957 0.291992 -0.732020 -10.736290 -10.797292 202927468487.000000
0.144287 -0.974854 0.290039 -0.915025 -11.285305 -10.858293 202927471400.000000
0.144287 -0.977295 0.287842 -0.671018 -11.468310 -10.919295 202927474320.000000
0.147461 -0.979736 0.291260 -0.976026 -12.200329 -10.919295 202927477246.000000
0.149658 -0.980469 0.296631 -0.732020 -12.322333 -10.492283 202927480160.000000
0.157227 -0.975586 0.295410 -0.488013 -12.627341 -11.102300 202927483073.000000
0.152832 -0.977295 0.295654 -0.244007 -12.383334 -10.492283 202927485994.000000
0.152100 -0.977051 0.293701 -0.854023 -12.993351 -10.919295 202927488910.000000
0.155518 -0.979980 0.298340 -0.549015 -13.298359 -10.370280 202927491826.000000
0.159180 -0.977295 0.298584 -0.854023 -13.176356 -10.797292 202927494741.000000
0.159668 -0.980469 0.297607 -0.366010 -13.359361 -10.431282 202927497665.000000
0.162598 -0.981934 0.295410 -0.610016 -13.542366 -10.553285 202927500579.000000
0.163086 -0.979736 0.308350 -0.305008 -14.213384 -10.370280 202927503493.000000
0.162842 -0.980469 0.300537 -0.244007 -13.969377 -10.736290 202927506409.000000
0.163086 -0.982178 0.290283 -0.366010 -14.152382 -10.858293 202927509323.000000
0.166992 -0.984375 0.298584 -0.305008 -14.396389 -10.675288 202927512244.000000
0.159668 -0.982910 0.303467 -0.244007 -14.579394 -10.980296 202927515177.000000
0.168701 -0.984131 0.304932 -0.183005 -14.945404 -10.736290 202927518095.000000
0.160889 -0.982666 0.307373 -0.366010 -15.250412 -10.797292 202927521009.000000
0.167969 -0.984619 0.307617 0.061002 -15.006405 -10.919295 202927523924.000000
0.163574 -0.988525 0.310303 -0.061002 -15.372415 -10.858293 202927526840.000000
0.158691 -0.981201 0.309570 0.122003 -15.433417 -10.797292 202927529755.000000
0.158691 -0.985107 0.317627 0.061002 -15.311413 -11.224303 202927532669.000000
0.159180 -0.978271 0.315430 0.488013 -15.677423 -10.980296 202927535588.000000
0.156982 -0.982422 0.308350 0.305008 -15.677423 -10.675288 202927538504.000000
0.159912 -0.976318 0.300293 0.427012 -15.433417 -11.163301 202927541419.000000
0.159912 -0.974609 0.299072 0.305008 -15.799427 -10.797292 202927544333.000000
0.166016 -0.973389 0.291504 0.061002 -15.921430 -11.224303 202927547249.000000
0.164307 -0.974365 0.295898 0.366010 -16.592448 -10.614287 202927550165.000000
0.172607 -0.970215 0.289795 0.183005 -17.141463 -10.919295 202927553078.000000
0.174805 -0.968262 0.284424 0.427012 -18.117489 -11.285305 202927556000.000000
0.177979 -0.965820 0.290039 0.305008 -18.239492 -11.163301 202927558920.000000
0.180420 -0.973389 0.286621 0.732020 -18.544501 -11.285305 202927561836.000000
0.183350 -0.966064 0.284668 0.915025 -18.544501 -11.163301 202927564749.000000
0.184326 -0.968018 0.285889 0.488013 -18.666504 -11.163301 202927567679.000000
0.188232 -0.964844 0.295898 0.610016 -18.788507 -10.919295 202927570594.000000
0.190674 -0.966797 0.288818 0.549015 -19.032514 -11.163301 202927573515.000000
0.186768 -0.970459 0.297607 0.488013 -19.093516 -11.346306 202927576438.000000
0.192627 -0.962891 0.295654 0.366010 -19.764534 -11.590313 202927579357.000000
0.196045 -0.967773 0.299072 0.061002 -19.703532 -11.163301 202927582273.000000
0.197998 -0.966064 0.295898 -0.061002 -19.215519 -11.407308 202927585195.000000
0.189697 -0.964600 0.302002 0.000000 -19.093516 -11.102300 202927588114.000000
0.197021 -0.963867 0.312744 -0.305008 -19.520527 -11.163301 202927591029.000000
0.198975 -0.970459 0.316406 -0.061002 -19.398524 -11.407308 202927593944.000000
0.200439 -0.967041 0.312500 0.427012 -19.337522 -11.285305 202927596869.000000
0.197998 -0.977051 0.317139 0.671018 -19.093516 -11.102300 202927599784.000000
0.209229 -0.976563 0.323486 1.281035 -19.459525 -11.163301 202927602699.000000
0.208740 -0.979492 0.315430 1.891051 -19.337522 -10.614287 202927605692.000000
0.212158 -0.981689 0.324707 2.074056 -19.520527 -10.736290 202927608608.000000
0.208008 -0.983643 0.316895 2.562069 -19.764534 -10.309278 202927611523.000000
0.204102 -0.982178 0.312256 2.867077 -19.581529 -10.370280 202927614437.000000
0.209717 -0.987793 0.320313 3.111084 -20.008540 -10.553285 202927617353.000000
0.210938 -0.991943 0.307861 3.599097 -19.581529 -10.553285 202927620270.000000
0.209229 -0.986816 0.299805 3.416092 -19.947539 -10.431282 202927623187.000000
0.214844 -0.984131 0.291992 3.599097 -20.191545 -10.675288 202927626104.000000
0.212891 -0.985596 0.285645 3.294089 -19.764534 -10.858293 202927629020.000000
0.214355 -0.986816 0.273682 2.928079 -19.581529 -10.492283 202927631933.000000
0.218994 -0.979736 0.284424 2.806076 -19.642530 -10.736290 202927634846.000000
0.223145 -0.976318 0.286865 2.257061 -19.947539 -10.919295 202927637761.000000
0.218994 -0.969727 0.268311 2.379064 -19.886537 -11.041298 202927640674.000000
0.219971 -0.971924 0.276611 1.586043 -20.252547 -10.980296 202927643588.000000
0.225342 -0.968018 0.270508 1.220033 -20.374550 -10.736290 202927646504.000000
0.221191 -0.963135 0.277832 0.610016 -20.862563 -10.980296 202927649421.000000
0.226074 -0.963379 0.287842 0.122003 -21.228573 -11.224303 202927652351.000000
0.222656 -0.959961 0.288330 -0.854023 -21.350576 -11.346306 202927655273.000000
0.222412 -0.960449 0.288818 -1.037028 -21.533581 -11.285305 202927658194.000000
0.221191 -0.959229 0.295898 -1.769048 -22.082596 -11.163301 202927661108.000000
0.224121 -0.966064 0.297852 -2.074056 -22.448606 -11.346306 202927664021.000000
0.222656 -0.962891 0.294922 -2.501068 -22.875618 -11.346306 202927666946.000000
0.222900 -0.968018 0.298584 -2.623071 -22.265601 -11.468310 202927669866.000000
0.225586 -0.967041 0.299561 -3.294089 -22.509608 -11.102300 202927672783.000000
0.229248 -0.968506 0.300293 -3.050082 -22.509608 -11.529311 202927675706.000000
0.231689 -0.975098 0.296143 -3.477094 -22.692613 -11.651315 202927678623.000000
0.232178 -0.978271 0.297119 -3.660099 -22.753614 -11.590313 202927681539.000000
0.233887 -0.980225 0.304688 -4.026109 -22.997621 -11.651315 202927684467.000000
0.237061 -0.989014 0.309082 -4.026109 -23.302629 -11.834320 202927687392.000000
0.244385 -0.986328 0.308105 -3.965107 -23.058623 -11.956323 202927690308.000000
0.240234 -0.992188 0.296631 -3.721100 -23.119624 -12.017324 202927693229.000000
0.242920 -0.991211 0.306396 -3.538096 -23.241628 -12.261331 202927696154.000000
0.250244 -0.996582 0.300781 -3.660099 -23.180626 -11.895321 202927699075.000000
0.246826 -0.995605 0.302490 -3.965107 -23.302629 -12.322333 202927701989.000000
0.247070 -0.998291 0.296387 -3.050082 -22.936619 -12.200329 202927704929.000000
0.256104 -0.999268 0.301270 -3.172086 -22.997621 -12.383334 202927707847.000000
0.257568 -1.001709 0.305176 -3.599097 -22.204600 -12.749344 202927710768.000000
0.257568 -1.004150 0.293457 -3.172086 -22.326603 -12.810346 202927713684.000000
0.264893 -1.006104 0.306641 -3.050082 -22.387604 -13.298359 202927716601.000000
0.266357 -1.005859 0.300781 -3.111084 -22.814616 -13.664369 202927719517.000000
0.268799 -1.012207 0.312744 -2.928079 -23.607637 -14.274385 202927722431.000000
0.271973 -1.007568 0.312744 -3.050082 -25.071677 -16.043433 202927725348.000000
0.271240 -1.024658 0.306152 -3.294089 -26.596718 -19.886537 202927728262.000000
0.283936 -1.023926 0.322754 -3.050082 -26.169707 -19.581529 202927731178.000000
0.255127 -0.991699 0.309082 -3.294089 -25.315684 -19.032514 202927734092.000000
0.262939 -1.013184 0.309326 -3.477094 -26.230708 -18.422497 202927737007.000000
0.265137 -1.006836 0.316895 -3.111084 -25.498688 -18.239492 202927739921.000000
0.251465 -1.016846 0.298584 -2.379064 -23.424632 -19.459525 202927742837.000000
0.256836 -1.000488 0.329102 -3.111084 -24.888672 -18.300494 202927745754.000000
0.258057 -0.993652 0.318359 -2.623071 -25.376685 -18.300494 202927748668.000000
0.254639 -1.002441 0.306152 -2.623071 -25.132679 -19.337522 202927751581.000000
0.263428 -1.003174 0.296631 -1.830049 -23.973647 -19.642530 202927754496.000000
0.253906 -1.001221 0.293945 -2.013054 -23.546636 -19.459525 202927757420.000000
0.250732 -1.002441 0.294434 -1.830049 -23.180626 -19.703532 202927760334.000000
0.256592 -0.983643 0.293945 -1.952053 -23.241628 -19.886537 202927763263.000000
0.249268 -0.985840 0.306641 -2.135058 -23.119624 -20.252547 202927766185.000000
0.250732 -0.977295 0.297607 -2.013054 -22.692613 -19.886537 202927769114.000000
0.238770 -0.975830 0.303223 -1.342036 -22.143598 -20.191545 202927772031.000000
0.232910 -0.971680 0.303467 -1.464040 -22.631611 -20.923565 202927774947.000000
0.241699 -0.962158 0.302490 -0.671018 -22.936619 -20.984567 202927777862.000000
0.237061 -0.957764 0.293701 -0.183005 -22.082596 -20.740560 202927780778.000000
0.239502 -0.963623 0.288086 0.976026 -21.533581 -20.801562 202927783693.000000
0.245361 -0.962402 0.298584 0.915025 -21.411578 -19.947539 202927786619.000000
0.238037 -0.961914 0.291016 1.830049 -21.167572 -19.520527 202927789534.000000
0.238037 -0.956299 0.288086 2.135058 -21.228573 -19.215519 202927792447.000000
0.246094 -0.952637 0.295898 2.501068 -22.509608 -18.971512 202927795369.000000
0.308350 -0.977051 0.278076 -3.111084 -42.823156 -30.378820 202927798288.000000
0.307129 -1.291016 0.176270 8.479229 -38.553041 -42.335143 202927801202.000000
0.198486 -0.939209 0.305908 8.113219 -27.267736 -39.712072 202927804118.000000
0.102783 -0.811523 0.258545 5.673153 -22.143598 -31.415848 202927807036.000000
0.163330 -0.747803 0.426514 -5.124138 -35.319954 -16.531446 202927809952.000000
0.154785 -0.889160 0.198730 3.538096 -23.363631 -15.006405 202927812867.000000
0.220703 -0.920410 0.194336 5.673153 -15.494418 -15.006405 202927815783.000000
0.251953 -0.934570 0.247070 3.355091 -17.629476 -14.030379 202927818701.000000
0.260498 -0.931885 0.283447 2.135058 -21.777588 -13.603367 202927821615.000000
0.241699 -0.939453 0.226318 4.880132 -19.032514 -14.274385 202927824529.000000
0.239258 -0.932617 0.230713 3.355091 -17.812481 -14.335387 202927827447.000000
0.235352 -0.924072 0.262695 1.220033 -19.459525 -13.420362 202927830360.000000
0.222168 -0.927002 0.250244 1.342036 -20.557555 -12.993351 202927833276.000000
0.220459 -0.929443 0.244629 1.159031 -18.422497 -12.993351 202927836194.000000
0.220947 -0.923096 0.257568 0.549015 -17.934484 -12.566339 202927839107.000000
0.229248 -0.918457 0.269531 0.610016 -18.849509 -11.590313 202927842023.000000
0.227783 -0.923584 0.258301 1.891051 -18.178491 -12.200329 202927844936.000000
0.231689 -0.917969 0.255371 2.257061 -17.446471 -11.407308 202927847852.000000
0.237549 -0.919434 0.261230 2.745074 -17.812481 -11.285305 202927850766.000000
0.240479 -0.915771 0.264648 3.599097 -18.971512 -10.797292 202927853681.000000
0.241699 -0.914795 0.260986 4.148112 -18.788507 -10.675288 202927856607.000000
0.249512 -0.914063 0.266357 4.514122 -18.849509 -10.248277 202927859520.000000
0.250977 -0.912598 0.269775 4.148112 -19.093516 -9.699262 202927862440.000000
0.254883 -0.917236 0.265381 4.636125 -19.520527 -9.394254 202927865355.000000
0.250732 -0.920898 0.239014 4.392119 -18.788507 -9.272250 202927868277.000000
0.255615 -0.923096 0.254883 3.599097 -19.032514 -9.272250 202927871192.000000
0.320557 -0.926758 0.252930 2.867077 -25.315684 -12.444336 202927874107.000000
0.295654 -0.998535 0.225098 6.039163 -24.095651 -17.141463 202927877035.000000
0.232666 -0.907715 0.329346 4.636125 -23.058623 -15.738425 202927879949.000000
0.197754 -0.892822 0.266602 6.649180 -22.753614 -11.956323 202927882864.000000
0.228516 -0.901855 0.330566 3.904105 -24.827670 -8.906240 202927885785.000000
0.238770 -0.938721 0.219482 7.808211 -18.605502 -9.638260 202927888703.000000
0.251953 -0.943115 0.255615 6.710181 -17.934484 -8.418227 202927891618.000000
0.253906 -0.956543 0.252197 6.588178 -18.971512 -8.113219 202927894532.000000
0.254395 -0.940186 0.274414 6.100165 -19.276520 -7.869212 202927897459.000000
0.253662 -0.949707 0.256836 6.344171 -18.788507 -7.564204 202927900391.000000
0.254150 -0.946777 0.280029 6.344171 -19.520527 -7.625206 202927903306.000000
0.254639 -0.950928 0.273193 5.856158 -20.557555 -7.442201 202927906223.000000
0.255127 -0.947266 0.278320 6.161166 -20.191545 -7.503203 202927909138.000000
0.251953 -0.946777 0.274414 6.039163 -20.313548 -7.320198 202927912051.000000
0.259521 -0.945068 0.279297 5.856158 -20.313548 -7.137193 202927914968.000000
0.260254 -0.947998 0.273926 5.490148 -20.313548 -6.588178 202927917922.000000
0.267822 -0.945801 0.267578 5.856158 -19.886537 -6.832184 202927920836.000000
0.261963 -0.947754 0.271240 6.100165 -19.520527 -6.649180 202927923752.000000
0.269775 -0.945557 0.274658 6.649180 -19.764534 -7.015189 202927926668.000000
0.271240 -0.944824 0.278076 7.442201 -20.191545 -6.710181 202927929581.000000
0.270264 -0.941895 0.286377 7.747209 -20.374550 -6.283170 202927932507.000000
0.273926 -0.945801 0.275391 8.174221 -20.374550 -6.039163 202927935425.000000
0.279053 -0.937256 0.274414 8.662234 -20.374550 -6.222168 202927938346.000000
0.281738 -0.935059 0.276367 9.089245 -20.313548 -5.856158 202927941262.000000
0.281250 -0.942139 0.261230 9.211249 -20.313548 -5.734155 202927944178.000000
0.286133 -0.936768 0.259766 9.272250 -19.764534 -5.734155 202927947096.000000
0.289795 -0.938232 0.268066 9.699262 -19.825535 -5.124138 202927950008.000000
0.295898 -0.931396 0.269287 9.699262 -19.520527 -5.612152 202927952923.000000
0.297363 -0.935303 0.268555 9.699262 -18.849509 -5.185140 202927955846.000000
0.299805 -0.933838 0.269531 9.577259 -18.605502 -4.941133 202927958764.000000
0.302734 -0.939453 0.255859 9.943268 -18.544501 -4.636125 202927961683.000000
0.306152 -0.938232 0.258301 10.004270 -17.751479 -5.246142 202927964598.000000
0.315674 -0.936523 0.265381 9.516257 -17.873483 -4.270115 202927967524.000000
0.322266 -0.932373 0.272949 9.211249 -17.507473 -4.148112 202927970439.000000
0.321289 -0.938721 0.250488 10.004270 -16.897456 -4.331117 202927974431.000000
0.333496 -0.940918 0.272949 10.004270 -16.653450 -4.331117 202927977392.000000
0.337402 -0.945801 0.278076 10.187275 -16.775453 -4.148112 202927980334.000000
0.338379 -0.947021 0.275146 10.736290 -17.141463 -4.819130 202927983249.000000
0.335693 -0.942139 0.251465 12.078326 -15.677423 -5.124138 202927986165.000000
0.344482 -0.937012 0.281494 10.431282 -16.714451 -4.331117 202927989082.000000
0.334229 -0.939209 0.268799 10.492283 -16.043433 -4.880132 202927991997.000000
0.328857 -0.938721 0.271729 10.370280 -15.128408 -4.575124 202927994922.000000
0.327881 -0.936035 0.269043 10.065272 -14.274385 -4.819130 202927997846.000000
0.317871 -0.930908 0.267578 10.126273 -13.420362 -5.063137 202928000759.000000
0.310303 -0.929688 0.244385 11.285305 -11.590313 -5.185140 202928003676.000000
0.312500 -0.926758 0.255859 10.370280 -10.492283 -4.392119 202928006592.000000
0.315674 -0.921143 0.270996 10.370280 -9.882267 -4.087110 202928009521.000000
0.312500 -0.920898 0.251221 11.163301 -9.394254 -3.904105 202928012445.000000
0.309570 -0.910889 0.242676 12.383334 -8.418227 -3.599097 202928015368.000000
0.312988 -0.912354 0.257324 12.261331 -8.418227 -3.233087 202928018285.000000
0.316406 -0.902100 0.260986 12.505338 -8.601232 -3.294089 202928021201.000000
0.310791 -0.900391 0.244385 13.115354 -8.357226 -2.684072 202928024114.000000
0.316406 -0.889404 0.240234 13.115354 -7.747209 -2.501068 202928027042.000000
0.310547 -0.888916 0.238770 12.566339 -7.381199 -2.135058 202928029955.000000
0.315430 -0.890869 0.228516 12.200329 -6.588178 -2.074056 202928032868.000000
0.312256 -0.890137 0.219238 11.773318 -6.344171 -1.769048 202928035785.000000
0.316406 -0.895508 0.228027 11.224303 -5.978161 -1.769048 202928038700.000000
0.307617 -0.895996 0.237793 10.370280 -5.856158 -1.525041 202928041626.000000
0.306885 -0.902100 0.229736 10.431282 -5.734155 -1.464040 202928044541.000000
0.305664 -0.910400 0.238525 10.126273 -5.917160 -1.891051 202928047458.000000
0.300049 -0.912354 0.248779 9.882267 -5.917160 -1.647044 202928050372.000000
0.293701 -0.908936 0.250732 9.333252 -5.612152 -0.793021 202928053289.000000
0.287842 -0.914551 0.258545 8.967242 -6.405173 -0.610016 202928056211.000000
0.288330 -0.926758 0.268066 8.662234 -6.588178 -0.915025 202928059130.000000
0.280518 -0.931885 0.279053 8.601232 -6.588178 -0.915025 202928062045.000000
0.277588 -0.935059 0.291748 8.479229 -6.832184 -1.342036 202928064958.000000
0.264160 -0.937256 0.280273 8.662234 -7.137193 -1.220033 202928067925.000000
0.256348 -0.935547 0.278564 8.052217 -6.771183 -1.464040 202928070840.000000
0.243652 -0.936035 0.272461 8.113219 -6.222168 -1.220033 202928073755.000000
0.242920 -0.936035 0.272217 7.381199 -5.612152 -1.098030 202928076679.000000
0.235840 -0.932373 0.268799 6.832184 -5.185140 -0.488013 202928079592.000000
0.233398 -0.936035 0.271484 6.832184 -4.880132 -0.793021 202928082507.000000
0.234131 -0.933105 0.263184 6.283170 -4.819130 -0.488013 202928085429.000000
0.239746 -0.930908 0.256836 7.259196 -4.331117 -0.427012 202928088347.000000
0.235107 -0.928223 0.270996 7.259196 -4.880132 -0.183005 202928091263.000000
0.241699 -0.928467 0.263672 8.357226 -5.002135 0.000000 202928094180.000000
0.237305 -0.924316 0.281738 8.723236 -4.636125 0.305008 202928097104.000000
0.234131 -0.919189 0.288086 8.357226 -4.636125 0.915025 202928100020.000000
0.234131 -0.919434 0.287842 8.174221 -5.124138 1.220033 202928102935.000000
0.231445 -0.921631 0.287842 8.296224 -5.490148 2.013054 202928105882.000000
0.233398 -0.916748 0.292236 7.808211 -5.978161 2.257061 202928108799.000000
0.235352 -0.918945 0.303467 7.625206 -6.039163 2.501068 202928111713.000000
0.237793 -0.917725 0.316162 7.137193 -6.527176 2.684072 202928114627.000000
0.235352 -0.922607 0.319092 7.076191 -6.893186 2.806076 202928117543.000000
0.233398 -0.927246 0.324463 6.466175 -7.320198 2.867077 202928120457.000000
0.233398 -0.932373 0.333252 6.832184 -8.052217 3.172086 202928123373.000000
0.223877 -0.940430 0.334717 6.649180 -7.808211 2.562069 202928126288.000000
0.223145 -0.948242 0.350586 6.832184 -8.723236 2.440066 202928129203.000000
0.223877 -0.951416 0.351318 6.832184 -8.418227 2.257061 202928132119.000000
0.214355 -0.958008 0.348145 6.832184 -8.662234 2.196059 202928135034.000000
0.209473 -0.963135 0.337402 7.381199 -8.540231 1.708046 202928137983.000000
0.204102 -0.965576 0.328369 7.991216 -7.320198 1.220033 202928140897.000000
0.207031 -0.959961 0.318604 8.479229 -6.893186 1.647044 202928143810.000000
0.195801 -0.960938 0.318359 9.455255 -6.832184 1.159031 202928146726.000000
0.199707 -0.947510 0.325928 9.821265 -7.564204 1.464040 202928149641.000000
0.199219 -0.939941 0.320557 10.736290 -7.747209 1.708046 202928152554.000000
0.201416 -0.931396 0.316895 11.041298 -8.296224 1.952053 202928155475.000000
0.197998 -0.920654 0.313721 11.407308 -9.516257 2.318063 202928158401.000000
0.209473 -0.905029 0.308838 11.285305 -10.004270 3.233087 202928161316.000000
0.200195 -0.903076 0.297363 11.041298 -10.980296 3.721100 202928164232.000000
0.197021 -0.896729 0.302734 10.187275 -11.407308 4.026109 202928167158.000000
0.201904 -0.888184 0.294678 10.065272 -11.834320 4.697127 202928170076.000000
0.212402 -0.887939 0.290527 9.455255 -12.749344 5.490148 202928172992.000000
0.214111 -0.885742 0.304199 8.967242 -13.481364 6.649180 202928175914.000000
0.216553 -0.887695 0.306396 8.174221 -14.213384 7.198194 202928178832.000000
0.217041 -0.892090 0.309082 7.625206 -16.043433 7.747209 202928181746.000000
0.227295 -0.895752 0.330811 6.954188 -17.812481 8.906240 202928184666.000000
0.229492 -0.897217 0.327881 7.015189 -18.727506 9.028244 202928187585.000000
0.228027 -0.913086 0.345703 5.917160 -20.496553 9.455255 202928190500.000000
0.232910 -0.919189 0.349609 6.161166 -21.838590 9.394254 202928193414.000000
0.238525 -0.932617 0.362061 5.734155 -23.973647 9.150247 202928196352.000000
0.230957 -0.951660 0.354004 5.368145 -25.071677 9.455255 202928199270.000000
0.232910 -0.962646 0.368408 5.368145 -26.047703 8.845239 202928202184.000000
0.223145 -0.972656 0.373779 5.917160 -27.023730 8.784237 202928205101.000000
0.218750 -0.979248 0.364258 5.978161 -27.450741 8.357226 202928208043.000000
0.213623 -0.982666 0.349609 6.344171 -27.389740 8.601232 202928210959.000000
0.201660 -0.987061 0.340332 6.100165 -26.474715 8.418227 202928213874.000000
0.196777 -0.988281 0.325928 7.198194 -24.888672 8.174221 202928216790.000000
0.193115 -0.983398 0.314697 7.564204 -23.363631 8.052217 202928219705.000000
0.189941 -0.980713 0.318848 7.869212 -22.448606 7.625206 202928222618.000000
0.198486 -0.965820 0.324707 8.540231 -20.923565 7.564204 202928225532.000000
0.199463 -0.956299 0.329834 9.089245 -19.947539 8.357226 202928228458.000000
0.200439 -0.942871 0.333496 9.272250 -19.520527 7.930214 202928231372.000000
0.206299 -0.928955 0.345703 10.309278 -20.679558 8.723236 202928234286.000000
0.215332 -0.916748 0.350586 10.919295 -21.228573 9.333252 202928237211.000000
0.219971 -0.909912 0.361084 11.224303 -22.814616 9.882267 202928240125.000000
0.141357 -0.894287 0.361816 17.385469 -8.845239 12.993351 202928243049.000000
0.156250 -0.667480 0.456787 7.259196 -14.213384 23.912646 202928245964.000000
0.288818 -0.951660 0.287842 13.054352 -24.156652 22.570609 202928248877.000000
0.412598 -1.013428 0.377441 13.237357 -28.914781 17.629476 202928251791.000000
0.398682 -1.039063 0.243164 19.459525 -20.496553 8.357226 202928254710.000000
0.363770 -0.946777 0.412842 12.078326 -33.550906 9.028244 202928257645.000000
0.293457 -0.919434 0.386475 12.078326 -41.725127 10.492283 202928260560.000000
0.265137 -0.915039 0.359863 11.895321 -39.590069 11.224303 202928263476.000000
0.274414 -0.934082 0.353516 11.407308 -37.455011 11.590313 202928266392.000000
0.289795 -0.940674 0.406738 9.150247 -42.640151 13.298359 202928269306.000000
0.281738 -0.963379 0.396973 10.370280 -44.409199 13.237357 202928272220.000000
0.272949 -0.982178 0.386719 10.797292 -42.945160 12.505338 202928275140.000000
0.271484 -0.995361 0.395264 10.370280 -43.189166 12.749344 202928278058.000000
0.255371 -1.002197 0.400391 10.919295 -45.202220 12.505338 202928280971.000000
0.245117 -1.005615 0.370605 12.017324 -44.287196 12.505338 202928283886.000000
0.237549 -1.017822 0.340088 12.078326 -41.420118 11.346306 202928286813.000000
0.229004 -1.015625 0.314209 12.322333 -37.516013 11.529311 202928289728.000000
0.089355 -0.977539 0.314941 15.067407 -24.949674 15.250412 202928292642.000000
0.147705 -0.966797 0.316895 12.993351 -23.607637 18.910511 202928295562.000000
0.357666 -1.035400 0.303711 13.847374 -30.134814 12.688343 202928298480.000000
0.347900 -1.073242 0.334717 17.690478 -29.036784 7.503203 202928301393.000000
0.266602 -0.981689 0.335205 16.470445 -34.587934 2.318063 202928309433.000000
0.239990 -0.955078 0.293945 17.507473 -29.158787 1.708046 202928312575.000000
0.247559 -0.936523 0.305908 17.324468 -27.633746 1.281035 202928315511.000000
0.265869 -0.914063 0.352051 15.921430 -30.744830 2.318063 202928318446.000000
0.270508 -0.908936 0.345703 15.982432 -31.598853 2.257061 202928321454.000000
0.283936 -0.911377 0.326660 15.799427 -31.049838 1.708046 202928324502.000000
0.292969 -0.903809 0.327881 15.921430 -31.964863 2.257061 202928327419.000000
0.296387 -0.900879 0.327637 16.409443 -34.038919 2.623071 202928330333.000000
0.303223 -0.897705 0.317139 16.775453 -34.160922 3.233087 202928333253.000000
0.307617 -0.893555 0.312988 16.287440 -33.916916 3.843104 202928336168.000000
0.308838 -0.904297 0.305664 16.348441 -35.197950 4.697127 202928339108.000000
0.326660 -0.921143 0.296387 15.982432 -36.051973 4.575124 202928342037.000000
0.320313 -0.927979 0.278564 15.128408 -35.014945 5.063137 202928344946.000000
0.329834 -0.950928 0.279541 14.457390 -36.234978 4.636125 202928347873.000000
0.350830 -0.961426 0.300781 12.810346 -38.797048 3.965107 202928350792.000000
0.339355 -0.979492 0.295166 11.590313 -39.956079 3.111084 202928353714.000000
0.330566 -0.994873 0.295166 9.272250 -41.115110 2.074056 202928356626.000000
0.321533 -0.990479 0.293213 7.015189 -41.481120 1.464040 202928359558.000000
0.303711 -0.978760 0.305176 4.819130 -42.213140 0.732020 202928362469.000000
0.283203 -0.975586 0.306885 3.294089 -42.152138 -0.366010 202928365384.000000
0.274414 -0.966309 0.312256 1.220033 -40.810102 -1.525041 202928368295.000000
0.253418 -0.947266 0.335693 -0.122003 -40.017080 -2.196059 202928371214.000000
0.245605 -0.927246 0.353027 -3.355091 -40.261087 -2.013054 202928374128.000000
0.221436 -0.919434 0.337891 -4.148112 -38.614043 -2.806076 202928377045.000000
0.210449 -0.899902 0.364014 -6.649180 -37.272006 -2.318063 202928379955.000000
0.189697 -0.899414 0.365967 -7.869212 -35.746965 -2.562069 202928382866.000000
0.181641 -0.878174 0.386719 -9.028244 -36.478985 -1.952053 202928385792.000000
0.172852 -0.878906 0.385254 -9.455255 -36.478985 -1.281035 202928388704.000000
0.164063 -0.883301 0.384277 -9.333252 -35.197950 -1.342036 202928391612.000000
0.159180 -0.876709 0.385986 -8.784237 -34.404929 -0.488013 202928394521.000000
0.154297 -0.872803 0.383301 -8.052217 -34.221924 0.366010 202928397430.000000
0.158447 -0.875488 0.378906 -7.442201 -34.282926 1.220033 202928400346.000000
0.169922 -0.875488 0.370605 -7.625206 -33.489904 2.928079 202928403260.000000
0.182129 -0.880371 0.364990 -7.259196 -33.306899 3.355091 202928406193.000000
0.193359 -0.893311 0.369873 -6.283170 -34.160922 4.575124 202928409198.000000
0.206055 -0.909180 0.386230 -5.368145 -35.624962 5.673153 202928412118.000000
0.220947 -0.919922 0.379150 -5.063137 -36.356982 6.649180 202928415046.000000
0.241943 -0.934326 0.391602 -4.453120 -37.394010 7.747209 202928418002.000000
0.250488 -0.951904 0.388428 -3.782102 -38.431038 8.662234 202928420923.000000
0.273682 -0.972656 0.379639 -3.355091 -39.407064 9.638260 202928423840.000000
0.287109 -0.995361 0.379395 -2.806076 -39.590069 10.614287 202928426762.000000
0.299805 -1.018555 0.385498 -2.867077 -40.566095 11.529311 202928429685.000000
0.310303 -1.031006 0.372559 -2.013054 -40.688099 12.383334 202928432603.000000
0.312744 -1.031250 0.360107 -1.769048 -39.895077 13.176356 202928435531.000000
0.310547 -1.031250 0.362061 -1.586043 -40.261087 14.640395 202928438442.000000
0.290527 -1.023682 0.358887 0.244007 -36.173977 16.897456 202928441351.000000
0.200684 -0.943115 0.373047 1.586043 -27.145733 22.875618 202928444260.000000
0.222168 -0.965820 0.406250 3.904105 -30.073812 24.461660 202928447185.000000
0.343018 -1.047852 0.406494 7.442201 -34.831940 26.108705 202928450107.000000
0.359619 -1.053955 0.377686 13.054352 -29.890807 24.034649 202928453032.000000
0.347656 -1.052979 0.352295 14.396389 -29.951809 21.960593 202928455958.000000
0.405029 -1.015869 0.396484 11.651315 -37.150003 19.703532 202928458888.000000
0.364258 -1.015381 0.359131 12.444336 -37.760020 18.056488 202928461805.000000
0.344238 -0.983887 0.333740 12.017324 -37.211005 16.897456 202928464720.000000
0.327148 -0.967041 0.302979 11.834320 -35.990972 16.592448 202928467639.000000
0.316895 -0.947754 0.355713 9.455255 -37.455011 17.690478 202928470557.000000
0.302734 -0.947510 0.314209 11.285305 -35.380955 17.080461 202928473474.000000
0.297363 -0.935303 0.337891 11.285305 -36.783993 17.385469 202928476410.000000
0.308105 -0.932617 0.315918 11.773318 -35.990972 17.141463 202928479356.000000
0.301758 -0.938965 0.320313 11.895321 -36.295980 16.653450 202928482411.000000
0.314453 -0.946289 0.318115 10.187275 -38.675044 15.433417 202928485497.000000
0.331543 -0.951172 0.302002 7.747209 -40.871104 13.359361 202928488533.000000
0.315918 -0.959961 0.278076 7.076191 -38.919051 12.139328 202928491528.000000
0.292725 -0.959473 0.233398 8.113219 -31.171842 12.261331 202928494453.000000
0.282715 -0.956543 0.284180 5.307143 -28.792777 13.603367 202928497369.000000
0.281494 -0.957764 0.293457 3.477094 -27.511743 14.701397 202928500292.000000
0.269775 -0.977539 0.279053 3.172086 -26.657720 14.701397 202928503202.000000
0.281006 -0.997559 0.267578 3.111084 -23.973647 13.115354 202928506115.000000
0.284668 -1.009766 0.295166 0.793021 -23.912646 11.834320 202928509033.000000
0.289795 -1.020508 0.285400 0.366010 -24.156652 10.675288 202928511956.000000
0.287842 -1.023438 0.294434 -0.366010 -25.559690 8.540231 202928514880.000000
0.293457 -1.033203 0.306641 -3.477094 -28.731776 6.527176 202928517799.000000
0.300049 -1.021973 0.283447 -4.880132 -29.463796 5.490148 202928520707.000000
0.323975 -1.050293 0.310791 -16.104435 -38.431038 -0.427012 202928523616.000000
0.413818 -1.048096 0.490723 -29.890807 -66.430794 -0.976026 202928526554.000000
0.338379 -1.069580 -0.083252 -6.527176 -29.951809 -10.431282 202928529474.000000
0.299561 -0.995117 0.197266 -3.904105 -15.372415 -12.444336 202928532408.000000
0.289551 -0.958496 0.309082 -1.281035 -15.067407 -10.919295 202928535325.000000
0.284668 -0.930908 0.441406 -9.638260 -29.829805 -5.002135 202928538233.000000
0.276367 -0.926758 0.457275 -4.209114 -34.953944 -3.294089 202928541143.000000
0.267334 -0.948242 0.311768 0.915025 -23.912646 -4.331117 202928544060.000000
0.287109 -0.946533 0.347168 -0.305008 -19.520527 -3.599097 202928546976.000000
0.302979 -0.933594 0.396973 -1.159031 -26.108705 -1.220033 202928549899.000000
0.301514 -0.945313 0.353027 -0.732020 -29.219789 -1.342036 202928552815.000000
0.338379 -0.952393 0.332031 -1.830049 -25.010675 -1.403038 202928555744.000000
0.343994 -0.979736 0.280029 -1.525041 -17.507473 -3.782102 202928558668.000000
0.358398 -0.974609 0.340088 -0.976026 -18.910511 -3.843104 202928561594.000000
0.358643 -0.995605 0.298828 0.305008 -18.788507 -4.331117 202928564523.000000
0.364502 -1.007324 0.322266 0.122003 -15.799427 -5.612152 202928567449.000000
0.364746 -1.030273 0.327148 0.671018 -15.860428 -7.198194 202928570364.000000
0.363281 -1.050781 0.280762 4.209114 -12.871348 -9.577259 202928573279.000000
0.375732 -1.060791 0.295654 5.063137 -13.603367 -11.346306 202928576206.000000
0.396973 -1.054443 0.288818 8.052217 -9.455255 -12.200329 202928579126.000000
0.373047 -1.080322 0.248779 8.662234 -10.614287 -14.945404 202928582040.000000
0.381592 -1.075684 0.310791 9.577259 -12.383334 -16.104435 202928584953.000000
0.368164 -1.087158 0.225586 13.420362 -9.272250 -18.910511 202928587870.000000
0.365479 -1.060547 0.265137 14.884402 -6.832184 -20.801562 202928590784.000000
0.349365 -1.054199 0.311279 14.274385 -8.357226 -20.984567 202928593706.000000
0.333008 -1.024170 0.307373 14.518392 -11.102300 -24.827670 202928596632.000000
0.390137 -0.987549 0.308594 13.359361 -14.701397 -23.058623 202928599545.000000
0.334229 -0.995605 0.228516 16.714451 -10.980296 -25.559690 202928602460.000000
0.301270 -0.967529 0.208252 16.836455 -5.551150 -26.535716 202928605377.000000
0.291504 -0.934570 0.120605 15.067407 -2.074056 -24.766669 202928608303.000000
0.294922 -0.922363 0.305420 10.309278 -6.283170 -21.411578 202928611218.000000
0.270264 -0.946045 0.253174 9.638260 -9.089245 -22.204600 202928614133.000000
0.264160 -0.948242 0.261719 12.566339 -7.991216 -23.424632 202928617050.000000
0.252441 -0.940674 0.305908 9.760264 -13.603367 -24.461660 202928619966.000000
0.266846 -0.943604 0.321045 9.089245 -15.372415 -23.241628 202928622880.000000
0.233154 -0.949707 0.302979 8.845239 -17.507473 -23.729641 202928625797.000000
0.221191 -0.968018 0.262451 8.601232 -13.481364 -24.766669 202928628711.000000
0.204834 -0.966797 0.285400 6.710181 -15.677423 -24.949674 202928631626.000000
0.184326 -0.985596 0.298096 6.405173 -17.202464 -24.583664 202928634541.000000
0.181641 -1.002930 0.242432 6.588178 -14.884402 -24.461660 202928637457.000000
0.172363 -1.005615 0.277588 4.514122 -13.603367 -23.729641 202928640381.000000
0.160400 -1.015137 0.295410 3.965107 -15.982432 -22.814616 202928643297.000000
0.171875 -1.011963 0.306396 3.294089 -14.518392 -21.838590 202928646213.000000
0.171875 -1.020508 0.308838 2.623071 -12.810346 -21.289575 202928649133.000000
0.169189 -1.037109 0.324463 1.342036 -13.298359 -20.862563 202928652048.000000
0.183350 -1.031250 0.335693 3.172086 -12.627341 -20.740560 202928654971.000000
0.166260 -1.025391 0.340332 3.416092 -13.603367 -18.727506 202928657934.000000
0.161865 -1.027832 0.323975 6.405173 -12.566339 -18.910511 202928660851.000000
0.170410 -1.020020 0.374756 7.442201 -13.176356 -17.629476 202928663765.000000
0.170654 -1.030762 0.332764 12.322333 -11.895321 -17.141463 202928666690.000000
0.178711 -1.025879 0.390137 14.091380 -12.932349 -15.555420 202928669605.000000
0.153320 -1.038818 0.341797 17.507473 -13.786372 -15.128408 202928672519.000000
0.182373 -1.017334 0.375488 17.385469 -14.396389 -13.664369 202928675456.000000
0.178467 -1.025635 0.339111 19.886537 -11.956323 -13.176356 202928678376.000000
0.200439 -1.006104 0.361816 20.679558 -12.871348 -11.041298 202928681290.000000
0.199463 -1.006592 0.354736 22.936619 -14.030379 -10.980296 202928684205.000000
0.199707 -1.003174 0.368408 23.912646 -16.470445 -9.394254 202928687131.000000
0.208740 -1.001953 0.354980 25.498688 -15.860428 -9.211249 202928690053.000000
0.212646 -0.999512 0.320801 24.949674 -14.762399 -8.052217 202928692968.000000
0.215576 -0.994873 0.319336 24.278656 -13.054352 -8.723236 202928695889.000000
0.237305 -0.985352 0.300781 22.753614 -15.799427 -7.503203 202928698807.000000
0.238281 -0.984863 0.304688 22.936619 -12.627341 -6.466175 202928701722.000000
0.235840 -0.970947 0.308105 21.899591 -11.834320 -6.771183 202928704635.000000
0.254883 -0.966797 0.297852 20.435552 -13.359361 -5.673153 202928707554.000000
0.257324 -0.966309 0.303223 20.374550 -11.102300 -5.185140 202928710466.000000
0.266846 -0.962891 0.297852 19.825535 -9.516257 -5.490148 202928713379.000000
0.280518 -0.956055 0.308838 18.910511 -9.577259 -5.185140 202928716307.000000
0.281250 -0.935547 0.307129 17.995486 -9.577259 -5.124138 202928719221.000000
0.279785 -0.942871 0.275879 17.202464 -8.967242 -4.453120 202928722136.000000
0.290283 -0.922363 0.317627 15.860428 -7.564204 -4.453120 202928725096.000000
0.290527 -0.918701 0.293945 14.884402 -7.442201 -3.904105 202928728013.000000
0.304199 -0.906738 0.328369 14.457390 -7.076191 -3.782102 202928730929.000000
0.308594 -0.901367 0.295898 14.213384 -6.283170 -3.416092 202928733842.000000
0.317383 -0.884766 0.344971 13.176356 -6.283170 -3.538096 202928736758.000000
0.314941 -0.880859 0.322021 13.725371 -6.344171 -3.050082 202928739672.000000
0.314697 -0.875977 0.343018 13.298359 -5.673153 -3.233087 202928742586.000000
0.320801 -0.872314 0.351318 13.298359 -6.039163 -2.562069 202928745514.000000
0.319580 -0.870605 0.325928 13.420362 -4.209114 -2.623071 202928748451.000000
0.311279 -0.882324 0.285889 14.213384 -2.318063 -3.050082 202928751370.000000
0.329590 -0.865479 0.360596 12.200329 -4.819130 -2.074056 202928754289.000000
0.326172 -0.865967 0.303711 13.786372 -3.172086 -1.952053 202928757205.000000
0.337646 -0.858398 0.311768 13.847374 -0.549015 -2.013054 202928760125.000000
0.338135 -0.860840 0.288574 13.481364 1.159031 -2.013054 202928763047.000000
0.332764 -0.852295 0.302734 13.359361 1.037028 -1.525041 202928765964.000000
0.336670 -0.844238 0.308105 12.688343 0.366010 -0.549015 202928768879.000000
0.334717 -0.853271 0.292725 13.176356 3.355091 -0.854023 202928771794.000000
0.336182 -0.850586 0.308105 11.651315 2.928079 -0.183005 202928774709.000000
0.327637 -0.847168 0.303223 11.407308 2.196059 0.366010 202928777644.000000
0.327148 -0.852295 0.296143 10.614287 3.416092 0.366010 202928780559.000000
0.337158 -0.851318 0.304932 9.089245 4.331117 0.610016 202928783472.000000
0.327393 -0.853760 0.288574 8.845239 5.368145 1.403038 202928786389.000000
0.323242 -0.849365 0.295654 7.869212 5.490148 2.257061 202928789305.000000
0.330566 -0.856689 0.309814 5.978161 6.771183 2.501068 202928792219.000000
0.326172 -0.864746 0.288574 4.880132 8.296224 2.501068 202928795142.000000
0.322754 -0.862549 0.300781 3.477094 7.808211 3.660099 202928798061.000000
0.307373 -0.870850 0.266113 4.514122 11.163301 3.538096 202928800975.000000
0.316895 -0.862793 0.350098 0.305008 8.967242 5.246142 202928803890.000000
0.301270 -0.888428 0.267090 2.074056 12.810346 4.636125 202928806807.000000
0.318359 -0.885498 0.333496 -0.488013 11.163301 6.039163 202928809720.000000
0.310547 -0.901123 0.291016 0.549015 13.725371 5.429147 202928812643.000000
0.310791 -0.900635 0.319824 -0.976026 12.505338 6.161166 202928815559.000000
0.309570 -0.911133 0.308350 0.061002 14.274385 5.734155 202928818475.000000
0.303711 -0.913574 0.326904 -0.549015 14.396389 6.039163 202928821390.000000
0.303955 -0.914063 0.331299 0.061002 15.067407 5.978161 202928824303.000000
0.296631 -0.918701 0.318848 -0.061002 16.592448 6.039163 202928827219.000000
0.300537 -0.917236 0.333008 0.305008 17.080461 5.856158 202928830139.000000
0.296631 -0.916748 0.327148 0.732020 17.629476 6.283170 202928833052.000000
0.291016 -0.918457 0.328857 0.793021 18.178491 5.856158 202928835970.000000
0.288574 -0.915283 0.344482 1.525041 19.703532 7.076191 202928838884.000000
0.311035 -0.921875 0.320068 2.501068 21.838590 6.649180 202928841799.000000
0.311523 -0.927490 0.345459 2.318063 22.082596 6.527176 202928844719.000000
0.318359 -0.933594 0.342773 3.172086 21.289575 5.734155 202928847635.000000
0.316162 -0.935303 0.352539 3.233087 20.984567 5.795156 202928850549.000000
0.309326 -0.936035 0.322998 4.026109 22.387604 4.697127 202928853463.000000
0.317627 -0.927246 0.341797 3.904105 21.716586 4.514122 202928856384.000000
0.317871 -0.925293 0.349365 3.294089 21.167572 4.331117 202928859303.000000
0.314453 -0.924805 0.340332 3.843104 20.862563 4.209114 202928862217.000000
0.316650 -0.925049 0.339844 3.477094 20.862563 3.599097 202928865140.000000
0.318604 -0.922607 0.346191 2.989081 20.191545 3.538096 202928868055.000000
0.319336 -0.919678 0.343018 2.623071 18.666504 3.172086 202928870970.000000
0.320068 -0.916504 0.328125 1.952053 19.032514 2.318063 202928873884.000000
0.312012 -0.918213 0.316895 0.915025 20.313548 2.013054 202928876809.000000
0.310303 -0.911865 0.313477 -0.122003 21.350576 1.830049 202928879723.000000
0.312500 -0.901855 0.325439 -1.708046 20.740560 1.647044 202928882638.000000
0.312256 -0.906250 0.323486 -2.196059 21.106570 1.159031 202928885560.000000
0.304199 -0.901611 0.336182 -3.965107 22.021595 0.976026 202928888477.000000
0.304199 -0.904785 0.334961 -4.270115 22.448606 0.671018 202928891391.000000
0.309570 -0.898438 0.350342 -5.185140 22.082596 0.915025 202928894306.000000
0.306396 -0.906494 0.342041 -5.002135 22.143598 0.488013 202928897231.000000
0.304443 -0.912109 0.344727 -5.856158 22.509608 0.915025 202928900152.000000
0.301270 -0.915283 0.338867 -6.100165 23.058623 0.610016 202928903074.000000
0.299561 -0.917969 0.339600 -6.649180 23.607637 0.976026 202928905991.000000
0.300049 -0.926270 0.346191 -8.113219 23.668639 1.281035 202928908905.000000
0.305908 -0.929688 0.356689 -7.991216 24.095651 0.915025 202928911820.000000
0.302490 -0.933838 0.348389 -7.442201 24.339657 1.159031 202928914735.000000
0.299072 -0.937500 0.357422 -7.198194 25.132679 0.793021 202928917652.000000
0.300781 -0.936523 0.366455 -7.198194 25.193680 1.281035 202928920565.000000
0.294189 -0.936768 0.375000 -7.686208 24.278656 1.647044 202928923480.000000
0.292236 -0.943604 0.367920 -7.869212 25.376685 1.647044 202928926397.000000
0.293945 -0.937012 0.352051 -6.832184 26.413713 1.830049 202928929312.000000
0.290283 -0.938477 0.362793 -5.978161 26.291710 2.257061 202928932232.000000
0.290771 -0.941895 0.361328 -5.490148 26.230708 2.196059 202928935154.000000
0.292969 -0.942139 0.370361 -4.941133 26.840725 2.562069 202928938071.000000
0.335938 -0.975830 0.359863 -7.930214 22.570609 4.453120 202928940985.000000
0.385742 -1.081299 0.323730 -3.599097 27.206735 1.403038 202928943904.000000
0.294678 -0.910400 0.357666 -4.880132 31.659855 0.305008 202928946820.000000
0.219482 -0.863770 0.352295 -7.442201 31.232843 3.233087 202928949736.000000
0.252441 -0.881592 0.414551 -8.662234 25.498688 6.649180 202928952649.000000
0.274902 -0.937012 0.343506 -4.087110 30.927835 5.429147 202928955571.000000
0.298096 -0.953369 0.350586 -4.026109 34.526932 4.453120 202928958488.000000
0.303223 -0.947266 0.362305 -4.636125 32.696883 5.002135 202928961402.000000
0.307129 -0.941406 0.369385 -4.819130 30.500824 5.673153 202928964333.000000
0.294189 -0.937500 0.328369 -4.209114 33.916916 5.490148 202928967257.000000
0.280518 -0.949707 0.338135 -5.002135 34.465931 4.148112 202928970176.000000
0.305664 -0.928955 0.385254 -6.649180 31.903861 5.185140 202928973090.000000
0.301514 -0.941895 0.338379 -6.100165 32.086866 5.490148 202928976017.000000
0.301270 -0.933105 0.371338 -7.015189 33.916916 5.185140 202928978935.000000
0.287842 -0.937744 0.326904 -7.259196 35.441957 5.490148 202928981850.000000
0.288086 -0.919922 0.365479 -8.174221 34.648936 5.734155 202928984765.000000
0.288574 -0.919678 0.345703 -8.906240 35.136949 6.832184 202928987684.000000
0.279053 -0.913086 0.341064 -9.455255 36.600988 6.832184 202928990599.000000
0.270508 -0.914795 0.348633 -9.821265 37.089001 7.930214 202928993517.000000
0.275146 -0.916016 0.356934 -10.370280 37.150003 8.601232 202928996451.000000
0.270020 -0.917236 0.347656 -10.675288 36.966998 8.357226 202928999369.000000
0.266846 -0.914795 0.346680 -11.163301 38.370036 9.150247 202929002284.000000
0.267090 -0.922363 0.342773 -11.529311 39.529067 9.333252 202929005203.000000
0.271973 -0.923828 0.361328 -11.895321 39.956079 9.821265 202929008117.000000
0.267822 -0.924316 0.361816 -12.383334 39.346062 9.333252 202929011041.000000
0.271484 -0.926758 0.352539 -12.627341 39.773074 9.699262 202929013955.000000
0.276367 -0.926514 0.359863 -12.871348 40.932105 10.126273 202929016873.000000
0.257080 -0.946289 0.354980 -13.359361 39.712072 8.845239 202929019788.000000
0.280518 -0.939209 0.354980 -13.054352 39.834076 8.784237 202929022701.000000
0.285156 -0.938477 0.351563 -13.786372 40.688099 8.601232 202929025627.000000
0.279297 -0.941895 0.354980 -13.481364 41.725127 7.930214 202929028542.000000
0.274170 -0.937988 0.363770 -12.871348 41.481120 8.601232 202929031456.000000
0.268066 -0.946533 0.364014 -12.749344 41.237113 7.869212 202929034378.000000
0.274902 -0.947998 0.360596 -12.261331 41.420118 8.723236 202929037296.000000
0.277344 -0.945801 0.350098 -11.407308 41.176112 8.052217 202929040210.000000
0.269775 -0.949951 0.343994 -10.858293 41.115110 7.991216 202929043130.000000
0.269775 -0.945801 0.348633 -11.102300 41.176112 7.625206 202929046048.000000
0.270508 -0.951660 0.340576 -11.651315 40.200085 7.686208 202929048962.000000
0.266846 -0.944336 0.324951 -11.407308 41.176112 7.259196 202929051877.000000
0.270508 -0.951172 0.335693 -11.529311 41.420118 6.832184 202929054792.000000
0.274414 -0.946045 0.331543 -12.322333 41.237113 6.466175 202929057717.000000
0.274170 -0.950928 0.329590 -13.298359 41.176112 5.856158 202929060634.000000
0.282227 -0.945068 0.314697 -14.274385 41.176112 4.758128 202929063548.000000
0.282715 -0.956055 0.321045 -15.799427 40.932105 3.599097 202929066508.000000
0.281982 -0.948975 0.324951 -16.470445 41.054108 2.501068 202929069426.000000
0.276123 -0.954346 0.332520 -17.995486 40.688099 1.891051 202929072341.000000
0.267090 -0.955811 0.339844 -19.215519 40.261087 0.854023 202929075265.000000
0.263916 -0.950684 0.342529 -20.740560 40.200085 0.366010 202929078184.000000
0.268799 -0.948242 0.343262 -22.021595 41.298115 -0.122003 202929081097.000000
0.255615 -0.956299 0.348877 -22.265601 40.810102 -1.159031 202929084013.000000
0.257813 -0.958252 0.336426 -22.814616 40.932105 -1.464040 202929086937.000000
0.260986 -0.964844 0.361572 -23.302629 40.627097 -2.501068 202929089851.000000
0.253906 -0.958496 0.338379 -23.668639 42.152138 -2.684072 202929092777.000000
0.251465 -0.959473 0.341309 -23.058623 43.555176 -2.440066 202929095700.000000
0.238037 -0.953613 0.355957 -22.875618 45.141219 -1.586043 202929098619.000000
0.237061 -0.947510 0.352295 -21.594583 47.825291 -0.488013 202929101536.000000
0.233887 -0.944580 0.349365 -20.252547 51.424388 1.220033 202929104449.000000
0.227539 -0.950928 0.379395 -20.008540 50.204356 2.745074 202929107368.000000
0.241699 -0.951172 0.369629 -18.788507 50.082352 3.843104 202929110283.000000
0.270264 -0.914551 0.342041 -17.080461 54.352468 6.283170 202929113198.000000
0.234619 -0.943604 0.297363 -15.189410 54.474471 5.429147 202929116189.000000
0.247070 -0.928467 0.368652 -15.250412 52.400415 6.832184 202929119110.000000
0.240723 -0.937988 0.346924 -13.725371 51.790398 6.710181 202929122026.000000
0.249023 -0.920410 0.343018 -12.871348 53.193436 6.710181 202929124941.000000
0.252930 -0.916260 0.317139 -13.237357 53.376441 6.832184 202929127857.000000
0.254150 -0.898682 0.340332 -14.152382 51.729397 7.747209 202929130775.000000
0.255127 -0.893066 0.326416 -14.030379 51.485390 8.357226 202929133698.000000
0.251465 -0.895996 0.322021 -14.579394 51.363387 8.235222 202929136617.000000
0.252441 -0.888916 0.318359 -15.311413 50.997377 8.296224 202929139533.000000
0.255615 -0.886963 0.320313 -15.738425 51.058379 8.784237 202929142447.000000
0.246338 -0.885742 0.318848 -16.470445 51.790398 9.272250 202929145364.000000
0.246094 -0.891357 0.328125 -17.507473 52.522418 9.272250 202929148283.000000
0.241943 -0.893311 0.345215 -18.483499 52.278412 10.126273 202929151196.000000
0.240234 -0.894531 0.346191 -18.239492 51.790398 10.553285 202929154111.000000
0.234863 -0.901611 0.353271 -18.727506 51.790398 10.370280 202929157036.000000
0.228760 -0.899658 0.350342 -18.971512 52.400415 11.102300 202929159951.000000
0.227295 -0.903564 0.361816 -18.605502 52.583420 11.651315 202929162865.000000
0.218262 -0.904541 0.368164 -18.483499 52.705423 12.261331 202929165793.000000
0.210938 -0.904785 0.366455 -18.910511 53.010431 12.505338 202929168712.000000
0.214600 -0.903564 0.369385 -19.703532 53.925456 13.725371 202929171628.000000
0.199951 -0.916992 0.359131 -19.337522 55.755505 13.603367 202929174544.000000
0.207520 -0.907715 0.351074 -19.642530 57.341548 14.396389 202929177468.000000
0.204834 -0.919922 0.361816 -19.520527 58.195571 14.701397 202929180396.000000
0.208008 -0.921875 0.354736 -18.117489 59.720612 14.823400 202929183310.000000
0.212891 -0.927002 0.374268 -17.629476 60.269627 15.250412 202929186228.000000
0.213623 -0.932373 0.381348 -15.982432 60.452632 15.189410 202929189144.000000
0.218994 -0.938232 0.399902 -15.860428 59.049594 15.555420 202929192059.000000
0.221436 -0.946289 0.379150 -14.274385 58.378576 15.250412 202929194974.000000
0.223389 -0.942383 0.378418 -13.664369 57.341548 15.250412 202929197976.000000
0.215332 -0.949219 0.379639 -12.261331 56.304520 15.006405 202929200893.000000
0.219971 -0.943604 0.375488 -11.834320 55.084487 14.823400 202929203808.000000
0.216309 -0.951416 0.371094 -11.529311 54.108461 14.945404 202929206725.000000
0.214111 -0.952637 0.359619 -11.956323 53.803453 16.043433 202929209641.000000
0.207031 -0.963623 0.366699 -12.444336 53.071433 15.677423 202929212555.000000
0.201172 -0.963135 0.364746 -12.627341 52.522418 16.470445 202929215478.000000
0.190430 -0.963379 0.378418 -13.298359 51.790398 16.775453 202929218392.000000
0.175537 -0.970215 0.385986 -14.396389 50.631367 16.409443 202929221307.000000
0.181885 -0.956787 0.370605 -14.945404 50.509364 17.019460 202929224222.000000
0.185303 -0.953857 0.378906 -16.531446 49.838346 17.934484 202929227139.000000
0.185059 -0.957764 0.407471 -17.812481 48.923321 17.629476 202929230052.000000
0.164307 -0.960938 0.398193 -18.300494 48.435308 17.751479 202929232965.000000
0.154297 -0.976074 0.410889 -18.422497 48.130300 17.812481 202929235886.000000
0.153076 -0.970703 0.416016 -19.032514 47.459281 16.897456 202929238801.000000
0.152100 -0.978027 0.410889 -18.361496 47.764290 16.592448 202929241716.000000
0.153076 -0.978027 0.425049 -17.995486 47.459281 17.324468 202929244632.000000
0.144531 -0.992432 0.449951 -18.422497 47.337278 16.653450 202929247549.000000
0.161133 -0.991943 0.432129 -17.995486 47.520283 17.568474 202929250463.000000
0.152100 -1.009521 0.445557 -16.592448 47.093272 16.409443 202929253378.000000
0.156250 -1.003174 0.440918 -14.396389 46.788263 15.494418 202929256300.000000
0.165771 -1.000977 0.442871 -13.115354 46.117245 15.128408 202929259218.000000
0.165527 -1.004883 0.449951 -12.383334 44.348197 13.969377 202929262132.000000
0.171387 -0.999756 0.443604 -10.858293 42.762155 13.298359 202929265045.000000
0.169922 -1.009277 0.438965 -8.784237 41.725127 12.444336 202929268001.000000
0.173828 -1.009521 0.433350 -8.235222 41.481120 11.529311 202929270917.000000
0.176025 -1.007324 0.422363 -7.076191 40.688099 11.834320 202929273831.000000
0.179199 -1.010742 0.442139 -7.442201 38.370036 11.163301 202929276760.000000
0.169678 -1.008301 0.433105 -5.551150 38.492039 10.187275 202929279674.000000
0.169189 -1.006836 0.441162 -6.039163 37.150003 9.760264 202929282588.000000
0.166260 -1.008301 0.467773 -6.527176 35.136949 9.516257 202929285509.000000
0.159668 -1.000977 0.453613 -6.832184 34.221924 10.065272 202929288427.000000
0.155273 -1.006592 0.447021 -5.673153 33.916916 8.540231 202929291341.000000
0.169434 -0.987305 0.460693 -6.405173 33.062893 9.638260 202929294255.000000
0.147949 -0.994385 0.464844 -6.710181 32.208870 8.967242 202929297178.000000
0.158203 -0.978516 0.480469 -8.235222 31.110840 9.516257 202929300093.000000
0.149658 -0.992432 0.468750 -7.442201 30.622827 9.394254 202929303007.000000
0.146973 -0.983643 0.475098 -8.113219 30.073812 10.675288 202929305932.000000
0.145752 -0.986328 0.465576 -8.235222 29.890807 10.187275 202929308849.000000
0.157227 -0.985352 0.467285 -8.967242 29.280791 9.882267 202929311764.000000
0.157471 -0.978027 0.453613 -8.784237 29.524797 9.516257 202929314681.000000
0.163818 -0.977051 0.444580 -9.150247 29.036784 8.662234 202929317598.000000
0.178467 -0.963135 0.435791 -9.272250 28.853779 8.662234 202929320513.000000
0.187256 -0.957764 0.433594 -9.272250 28.609772 7.930214 202929323429.000000
0.194336 -0.951172 0.407227 -8.845239 29.219789 6.954188 202929326346.000000
0.189453 -0.947998 0.396240 -8.113219 29.036784 6.100165 202929329267.000000
0.197998 -0.939697 0.379395 -8.967242 28.792777 4.880132 202929332182.000000
0.202637 -0.939697 0.361328 -8.052217 28.731776 4.087110 202929335100.000000
0.204834 -0.938232 0.363770 -7.686208 28.243763 3.233087 202929338015.000000
0.205322 -0.937256 0.355957 -7.625206 27.999756 2.196059 202929340930.000000
0.203369 -0.934326 0.345215 -7.564204 27.999756 1.159031 202929343843.000000
0.202637 -0.926025 0.351074 -7.503203 27.511743 0.732020 202929346760.000000
0.202637 -0.929688 0.344482 -7.869212 26.596718 -0.183005 202929349676.000000
0.197998 -0.932617 0.330322 -7.686208 26.413713 -0.793021 202929352589.000000
0.196045 -0.934326 0.321777 -8.357226 25.803697 -1.586043 202929355514.000000
0.192627 -0.944580 0.322021 -8.235222 25.193680 -2.745074 202929358433.000000
0.190430 -0.944824 0.328369 -8.967242 24.034649 -2.501068 202929361346.000000
0.161865 -0.959717 0.338867 -9.394254 23.363631 -4.209114 202929364260.000000
0.173584 -0.942383 0.318604 -10.492283 22.753614 -4.514122 202929367176.000000
0.165039 -0.944824 0.300537 -10.248277 23.424632 -5.185140 202929370090.000000
0.156494 -0.935059 0.316650 -12.139328 22.692613 -4.697127 202929373004.000000
0.144287 -0.935059 0.310791 -12.383334 22.875618 -4.819130 202929375924.000000
0.136963 -0.921387 0.303711 -13.542366 23.607637 -3.843104 202929378843.000000
0.121094 -0.929932 0.296631 -14.335387 23.729641 -3.904105 202929381757.000000
0.117920 -0.923340 0.303223 -15.677423 24.522662 -3.050082 202929384671.000000
0.105713 -0.918457 0.313721 -16.409443 24.644665 -2.379064 202929387589.000000
0.096191 -0.925537 0.311035 -16.775453 25.010675 -1.586043 202929390510.000000
0.094971 -0.915771 0.311279 -17.385469 25.254682 -0.854023 202929393425.000000
0.086670 -0.914551 0.319092 -17.568474 25.254682 0.244007 202929396361.000000
0.093506 -0.923828 0.313721 -17.873483 24.766669 1.098030 202929399280.000000
0.095703 -0.923340 0.340332 -18.727506 24.888672 2.135058 202929402195.000000
0.090576 -0.926514 0.314697 -18.727506 25.071677 2.623071 202929405113.000000
0.097900 -0.937256 0.330322 -19.947539 24.888672 3.904105 202929408028.000000
0.106445 -0.938965 0.314209 -20.191545 25.254682 5.002135 202929410943.000000
0.110840 -0.946045 0.310791 -21.106570 25.254682 5.185140 202929413857.000000
0.116699 -0.953857 0.312256 -20.740560 25.986702 5.307143 202929416774.000000
0.128906 -0.968018 0.306641 -21.045568 25.925700 5.673153 202929419688.000000
0.133789 -0.970459 0.307129 -20.679558 25.986702 6.283170 202929422603.000000
0.144043 -0.985596 0.322754 -20.740560 24.461660 6.466175 202929425522.000000
0.160400 -0.990967 0.334717 -20.618557 23.729641 6.710181 202929428455.000000
0.164795 -0.996094 0.322754 -21.167572 22.997621 7.503203 202929431369.000000
0.169434 -1.004883 0.322510 -19.764534 22.509608 6.832184 202929434283.000000
0.174561 -1.001465 0.328125 -20.191545 22.875618 9.272250 202929437198.000000
0.145264 -1.015137 0.354248 -19.703532 21.411578 8.540231 202929442045.000000
0.161865 -0.994385 0.358643 -18.239492 20.618557 7.442201 202929445047.000000
0.168701 -0.999756 0.332031 -17.202464 20.008540 7.381199 202929448044.000000
0.161377 -1.008789 0.329346 -17.324468 20.008540 7.381199 202929450966.000000
0.145508 -1.002197 0.307373 -16.226438 21.472580 7.137193 202929453882.000000
0.136963 -1.001221 0.304932 -14.823400 23.668639 5.856158 202929456808.000000
0.133545 -1.014893 0.304443 -13.481364 24.705667 5.612152 202929459725.000000
0.138916 -1.010254 0.322998 -12.139328 24.461660 4.880132 202929462651.000000
0.147949 -1.016846 0.347900 -12.444336 23.607637 5.368145 202929465567.000000
0.150146 -1.059326 0.344238 -12.017324 21.899591 5.673153 202929468494.000000
0.132324 -1.050537 0.352295 -10.797292 21.289575 5.063137 202929471409.000000
0.101563 -1.023682 0.279297 -8.357226 22.448606 2.013054 202929474323.000000
0.115967 -0.992432 0.276123 -8.906240 23.241628 2.013054 202929477249.000000
0.121094 -0.996338 0.285645 -9.882267 23.546636 3.050082 202929480163.000000
0.116455 -0.997803 0.298340 -10.248277 23.424632 3.538096 202929483080.000000
0.115479 -1.008301 0.301514 -9.882267 23.180626 4.087110 202929486001.000000
0.112061 -1.014160 0.302490 -9.882267 22.387604 4.209114 202929488920.000000
0.118652 -1.006348 0.299316 -9.577259 21.472580 5.307143 202929491833.000000
0.125732 -1.005127 0.291748 -10.004270 21.411578 6.527176 202929494748.000000
0.112549 -1.009766 0.288574 -9.394254 21.960593 5.856158 202929497673.000000
0.117920 -1.001465 0.252441 -8.052217 22.509608 5.246142 202929500587.000000
0.121338 -0.997314 0.285156 -8.296224 21.777588 6.100165 202929503500.000000
0.134033 -0.995361 0.304443 -9.333252 21.106570 6.527176 202929506418.000000
0.116699 -0.995117 0.280029 -7.015189 20.313548 5.978161 202929509338.000000
0.124268 -0.987793 0.269775 -5.124138 19.154517 8.113219 202929512399.000000
0.108398 -1.007813 0.252686 -1.159031 18.971512 5.856158 202929515324.000000
0.134033 -1.006592 0.290283 -5.490148 17.934484 5.612152 202929518243.000000
0.145996 -1.000488 0.270996 -5.124138 18.178491 5.734155 202929521156.000000
0.141602 -0.999512 0.302979 -7.137193 16.348441 6.222168 202929524071.000000
0.172363 -0.972168 0.270996 -6.405173 16.104435 9.150247 202929526987.000000
0.133301 -1.121826 0.220215 -1.464040 18.788507 5.063137 202929529904.000000
0.168457 -0.950195 0.255859 -3.965107 18.483499 6.344171 202929532819.000000
0.141846 -1.010254 0.286133 -4.026109 17.751479 5.917160 202929535735.000000
0.156982 -0.969238 0.258057 -3.172086 18.300494 19.276520 202929538650.000000
0.015869 -0.852295 0.204102 3.721100 13.969377 9.455255 202929541565.000000
0.177979 -1.015869 0.413330 -7.320198 10.492283 7.625206 202929544479.000000
0.126465 -0.998047 0.102295 4.697127 16.043433 1.220033 202929547397.000000
0.151855 -1.067139 0.297119 -5.490148 13.054352 1.281035 202929550313.000000
0.155273 -0.972656 0.170654 -2.379064 16.043433 0.244007 202929553227.000000
0.152344 -0.955566 0.248535 -6.283170 16.104435 1.220033 202929556148.000000
0.154541 -0.977783 0.263672 -4.148112 16.104435 0.793021 202929559066.000000
0.142578 -0.978516 0.250977 -2.257061 16.165436 0.061002 202929561981.000000
0.146973 -0.978271 0.254883 -2.745074 16.470445 0.000000 202929564896.000000
0.156738 -0.989746 0.260986 -4.880132 16.592448 0.488013 202929567821.000000
0.145020 -0.992920 0.250488 -5.124138 17.690478 -0.366010 202929570738.000000
0.147217 -0.994385 0.239014 -4.087110 17.995486 -0.671018 202929573652.000000
0.144531 -0.982422 0.252686 -3.355091 18.483499 -1.281035 202929576576.000000
0.152100 -0.981689 0.265381 -3.477094 18.300494 -1.098030 202929579491.000000
0.147705 -0.976074 0.260254 -3.111084 19.154517 -1.220033 202929582404.000000
0.142334 -0.987305 0.253418 -1.952053 19.337522 -1.952053 202929585325.000000
0.146973 -0.978271 0.254395 -1.525041 19.520527 -1.647044 202929588244.000000
0.144775 -0.977783 0.251709 -1.769048 19.886537 -1.830049 202929591157.000000
0.150879 -0.981689 0.248291 -2.135058 19.825535 -1.647044 202929594072.000000
0.142578 -0.983154 0.254150 -1.647044 19.337522 -2.013054 202929596997.000000
0.146973 -0.973633 0.253418 -1.342036 19.398524 -1.769048 202929599911.000000
0.138672 -0.974365 0.241455 -0.793021 19.459525 -2.318063 202929602824.000000
0.141602 -0.965576 0.247314 -1.037028 19.276520 -2.196059 202929605741.000000
0.151123 -0.963135 0.244629 -1.159031 19.703532 -2.318063 202929608656.000000
0.145752 -0.962891 0.247314 -1.220033 19.337522 -2.623071 202929611571.000000
0.141113 -0.961670 0.252930 -1.037028 19.093516 -1.952053 202929614486.000000
0.143555 -0.954590 0.247803 -0.671018 19.581529 -1.830049 202929617403.000000
0.133057 -0.955078 0.242432 -0.183005 19.459525 -1.769048 202929620333.000000
0.135010 -0.961182 0.261230 -0.732020 18.849509 -1.464040 202929623249.000000
0.132568 -0.967285 0.249756 -1.586043 18.178491 -0.488013 202929626166.000000
0.138672 -0.955566 0.234863 -0.488013 19.886537 1.464040 202929629082.000000
0.122803 -0.966553 0.242188 -1.586043 19.764534 -0.427012 202929631996.000000
0.130371 -0.961670 0.235840 -2.318063 19.825535 -1.098030 202929634922.000000
0.130371 -0.962646 0.231201 -3.172086 19.764534 -0.183005 202929637853.000000
0.123779 -0.969238 0.227539 -2.867077 20.252547 -0.610016 202929640767.000000
0.198730 -0.878174 0.229004 -4.148112 21.838590 6.527176 202929643682.000000
0.072266 -1.027100 0.238770 -0.732020 23.363631 1.281035 202929646598.000000
0.125000 -0.984863 0.302734 -3.538096 20.557555 1.037028 202929649512.000000
0.097412 -1.002686 0.191895 -2.501068 20.923565 0.732020 202929652435.000000
0.108887 -0.986328 0.251221 -7.808211 19.581529 -1.098030 202929655355.000000
0.136230 -1.018311 0.229980 -9.699262 9.272250 -12.566339 202929658272.000000
0.426025 -1.031738 0.087646 -8.479229 3.538096 -27.389740 202929661186.000000
0.120361 -0.991455 0.223877 -8.540231 9.516257 -29.341792 202929664098.000000
0.023926 -0.916016 0.283203 -13.298359 8.418227 -16.836455 202929667025.000000
-0.162598 -0.956055 0.357178 -14.945404 15.616422 -2.318063 202929669940.000000
-0.038086 -0.940918 0.390869 -13.969377 21.655585 2.928079 202929672854.000000
0.056396 -1.007080 0.275879 -8.418227 25.071677 2.806076 202929675777.000000
0.120605 -1.014893 0.331543 -7.625206 22.021595 1.830049 202929678695.000000
0.121826 -1.018311 0.299072 -5.429147 21.716586 -0.244007 202929681620.000000
0.112549 -1.001709 0.270996 -4.941133 22.265601 -1.098030 202929684535.000000
0.102051 -0.989258 0.279297 -5.734155 20.923565 -1.098030 202929687461.000000
0.084229 -0.979248 0.271973 -4.941133 20.862563 -1.281035 202929690375.000000
0.087891 -0.972900 0.270752 -4.209114 21.045568 -0.915025 202929693290.000000
0.083740 -0.974365 0.272705 -2.806076 21.289575 -0.976026 202929696211.000000
0.084229 -0.962646 0.276855 -2.196059 20.618557 -0.549015 202929699131.000000
0.086670 -0.967529 0.270264 -1.281035 20.496553 -0.122003 202929702045.000000
0.088135 -0.966064 0.265137 -0.366010 20.069542 -0.244007 202929704959.000000
0.113037 -0.974854 0.250732 -0.732020 19.032514 -0.793021 202929707928.000000
0.142090 -0.978271 0.216553 -0.305008 17.263466 -2.745074 202929710844.000000
0.102783 -0.971680 0.227539 0.061002 17.995486 -3.538096 202929713758.000000
0.066406 -0.953369 0.243652 -1.098030 18.422497 -2.318063 202929716707.000000
0.070801 -0.958984 0.252197 -2.928079 17.995486 -0.732020 202929719622.000000
0.092529 -0.965820 0.255615 -3.294089 18.117489 0.366010 202929722536.000000
0.112061 -0.969238 0.236572 -2.501068 18.422497 0.122003 202929725453.000000
0.120850 -0.979248 0.230225 -2.074056 17.324468 -0.427012 202929728367.000000
0.120605 -0.978271 0.245361 -2.928079 16.592448 -0.915025 202929731281.000000
0.114746 -0.981689 0.245605 -2.928079 15.982432 -1.220033 202929734194.000000
0.118652 -0.976318 0.255371 -3.233087 14.457390 -1.830049 202929737109.000000
0.111816 -0.978027 0.263672 -3.782102 14.335387 -2.318063 202929740022.000000
0.112061 -0.973877 0.274170 -3.660099 13.359361 -2.867077 202929742936.000000
0.106934 -0.978027 0.277100 -3.111084 13.115354 -2.623071 202929745855.000000
0.105713 -0.981445 0.287354 -3.172086 12.444336 -3.111084 202929748770.000000
0.101563 -0.980225 0.289063 -2.745074 11.895321 -2.318063 202929751684.000000
0.089844 -0.986328 0.304688 -2.806076 11.285305 -2.684072 202929754599.000000
0.098633 -0.984131 0.306152 -2.135058 11.102300 -3.050082 202929757526.000000
0.091064 -0.982666 0.301758 -1.952053 10.736290 -2.745074 202929760441.000000
0.089600 -0.984619 0.310303 -1.586043 10.675288 -2.867077 202929763355.000000
0.085693 -0.986328 0.304443 -1.220033 10.187275 -2.867077 202929766278.000000
0.085205 -0.988281 0.307129 -0.305008 10.431282 -2.684072 202929769196.000000
0.085449 -0.987305 0.292236 1.159031 10.187275 -2.379064 202929776771.000000
0.081543 -0.984131 0.300049 1.220033 10.431282 -2.135058 202929779921.000000
0.076660 -0.984619 0.295898 1.708046 9.638260 -2.318063 202929782863.000000
0.076416 -0.983154 0.297852 1.464040 9.394254 -2.074056 202929785786.000000
0.074707 -0.983887 0.292969 2.013054 9.394254 -2.013054 202929788796.000000
0.077148 -0.984863 0.297119 1.891051 8.967242 -1.952053 202929791788.000000
0.080322 -0.987549 0.298096 1.525041 8.235222 -2.013054 202929794703.000000
0.081543 -0.987793 0.299805 1.708046 7.686208 -1.830049 202929797614.000000
0.078857 -0.986328 0.298828 1.586043 7.381199 -1.464040 202929800527.000000
0.081055 -0.983887 0.300293 1.525041 6.893186 -1.647044 202929803445.000000
0.079590 -0.982666 0.296387 1.403038 6.588178 -1.403038 202929806362.000000
0.084229 -0.987061 0.296387 1.525041 6.344171 -1.647044 202929809288.000000
0.086426 -0.986084 0.294189 1.830049 6.405173 -1.464040 202929812210.000000
0.083984 -0.984619 0.300537 2.257061 5.856158 -0.793021 202929815156.000000
0.082031 -0.991943 0.302246 1.891051 5.612152 -0.976026 202929818113.000000
0.089111 -0.989014 0.298096 2.013054 5.490148 -0.915025 202929821035.000000
0.090576 -0.990479 0.292725 2.196059 5.246142 -0.610016 202929823944.000000
0.095459 -0.989502 0.302734 2.013054 4.941133 -0.610016 202929826857.000000
0.094238 -0.985107 0.298828 2.135058 4.819130 -0.366010 202929829771.000000
0.094971 -0.987305 0.297852 2.623071 4.819130 -0.854023 202929832678.000000
0.096924 -0.990234 0.300781 2.562069 4.697127 -0.305008 202929835587.000000
0.096924 -0.987793 0.297852 3.111084 4.453120 -0.427012 202929838502.000000
0.097900 -0.988037 0.299316 2.562069 4.148112 -0.305008 202929841421.000000
0.094727 -0.991455 0.296875 3.111084 4.087110 -0.244007 202929844349.000000
0.101318 -0.990234 0.301514 3.172086 3.721100 -0.122003 202929847260.000000
0.101318 -0.987549 0.302490 3.599097 3.477094 -0.671018 202929850172.000000
0.101074 -0.991455 0.304688 3.965107 3.294089 -0.366010 202929853080.000000
0.102051 -0.981689 0.304688 4.697127 2.745074 -0.305008 202929856002.000000
0.108643 -0.991211 0.310303 5.246142 2.135058 -0.732020 202929858927.000000
0.107666 -0.989258 0.320801 4.636125 1.891051 -0.427012 202929861846.000000
0.110596 -0.993896 0.325439 4.392119 1.220033 -0.244007 202929864759.000000
0.106201 -0.997803 0.319824 4.087110 1.403038 -0.427012 202929867678.000000
0.110840 -1.002686 0.319092 4.392119 1.098030 -0.366010 202929870595.000000
0.108887 -1.000244 0.323242 4.636125 1.098030 -0.122003 202929873520.000000
0.106934 -0.997803 0.338623 4.331117 0.976026 -0.305008 202929876463.000000
0.109619 -0.996826 0.346191 4.392119 0.671018 -0.183005 202929879381.000000
0.109863 -0.995361 0.343262 4.880132 0.061002 0.061002 202929882297.000000
0.106201 -1.003174 0.339111 5.246142 -0.366010 0.000000 202929885216.000000
0.109131 -1.000000 0.338867 5.246142 -0.549015 0.183005 202929888148.000000
0.108643 -1.000244 0.335938 5.978161 -1.098030 0.305008 202929891066.000000
0.107666 -1.000244 0.334717 6.161166 -0.854023 0.244007 202929893983.000000
0.110840 -0.998291 0.323486 6.771183 -1.281035 0.488013 202929896900.000000
0.112061 -0.998535 0.323730 7.198194 -1.403038 0.305008 202929899815.000000
0.109375 -1.002686 0.314453 7.320198 -1.647044 0.488013 202929902731.000000
0.111328 -0.996338 0.317383 8.052217 -1.891051 0.305008 202929905651.000000
0.108398 -0.994385 0.314453 8.418227 -2.257061 0.427012 202929908579.000000
0.106934 -0.995117 0.309570 8.479229 -2.379064 0.549015 202929911503.000000
0.104980 -0.994141 0.303223 8.662234 -2.440066 0.610016 202929914420.000000
0.104004 -0.985352 0.303955 8.540231 -2.318063 1.098030 202929917421.000000
0.098877 -0.983643 0.296631 8.479229 -2.257061 0.671018 202929920344.000000
0.105469 -0.980469 0.307129 8.052217 -2.684072 0.915025 202929923266.000000
0.095703 -0.977783 0.302734 7.686208 -2.379064 0.671018 202929926190.000000
0.097900 -0.978027 0.308350 7.686208 -2.501068 0.732020 202929929101.000000
0.094238 -0.980225 0.303467 7.259196 -2.501068 0.976026 202929932013.000000
0.093994 -0.978271 0.313721 7.259196 -3.172086 0.854023 202929934923.000000
0.096436 -0.978516 0.320557 7.320198 -3.538096 0.854023 202929937843.000000
0.095459 -0.981445 0.321289 7.320198 -4.026109 0.854023 202929940763.000000
0.093018 -0.979004 0.323730 7.625206 -4.697127 1.281035 202929943686.000000
0.095459 -0.981689 0.323242 7.808211 -5.063137 1.098030 202929946603.000000
0.099365 -0.983398 0.325195 7.686208 -5.734155 1.342036 202929949603.000000
0.094971 -0.985840 0.323486 7.991216 -6.222168 1.525041 202929952687.000000
0.096924 -0.984131 0.328857 8.296224 -6.588178 1.281035 202929955785.000000
0.101318 -0.986572 0.330566 8.174221 -6.954188 0.854023 202929958819.000000
0.098877 -0.986084 0.322021 8.906240 -7.686208 1.098030 202929961741.000000
0.103516 -0.988281 0.328613 8.906240 -7.625206 1.037028 202929964658.000000
0.101807 -0.989502 0.333984 9.394254 -7.930214 0.793021 202929967572.000000
0.104492 -0.988037 0.330811 9.577259 -8.418227 0.549015 202929970482.000000
0.102051 -0.987305 0.331299 9.882267 -8.662234 0.244007 202929973390.000000
0.102295 -0.987793 0.328857 10.309278 -8.906240 0.305008 202929976308.000000
0.104248 -0.988525 0.324707 10.614287 -9.211249 -0.244007 202929979225.000000
0.103760 -0.984375 0.322510 10.797292 -9.455255 -0.183005 202929982148.000000
0.105957 -0.983398 0.327393 10.614287 -9.577259 -0.122003 202929985096.000000
0.106445 -0.985352 0.321777 10.980296 -9.516257 -0.183005 202929988006.000000
0.104004 -0.982422 0.327881 11.224303 -9.882267 -0.427012 202929990915.000000
0.100098 -0.981934 0.328369 11.346306 -10.065272 -0.305008 202929993823.000000
0.106689 -0.977539 0.323242 11.407308 -10.004270 -0.305008 202929996740.000000
0.106445 -0.978516 0.329102 10.980296 -10.065272 -0.427012 202929999660.000000
0.107910 -0.979492 0.327881 11.102300 -10.309278 -0.488013 202930002576.000000
0.108887 -0.974609 0.325684 11.224303 -10.431282 -0.244007 202930005495.000000
0.113525 -0.969482 0.327881 11.163301 -10.858293 0.061002 202930008403.000000
0.116455 -0.965088 0.334473 10.797292 -10.614287 -0.427012 202930011326.000000
0.115967 -0.966797 0.336182 10.065272 -11.102300 -0.427012 202930014234.000000
0.117676 -0.961182 0.337646 9.760264 -11.346306 -0.366010 202930017151.000000
0.117432 -0.960693 0.336670 9.089245 -11.102300 -0.183005 202930020072.000000
0.116699 -0.963379 0.342529 8.845239 -11.529311 -0.305008 202930022991.000000
0.120605 -0.959717 0.345947 8.296224 -11.651315 -0.244007 202930025909.000000
0.121094 -0.958252 0.339111 7.747209 -11.773318 -0.183005 202930028817.000000
0.118896 -0.960938 0.346191 7.381199 -12.078326 -0.366010 202930031724.000000
0.115479 -0.957031 0.342773 6.954188 -12.444336 -0.061002 202930034633.000000
0.115479 -0.958984 0.345703 6.588178 -12.566339 -0.305008 202930037552.000000
0.112305 -0.957275 0.347168 6.588178 -12.566339 0.061002 202930040468.000000
0.113281 -0.963867 0.353027 6.161166 -12.749344 0.244007 202930043387.000000
0.107666 -0.961914 0.344238 6.039163 -12.932349 0.488013 202930046305.000000
0.105713 -0.968994 0.347656 5.551150 -12.871348 0.061002 202930049211.000000
0.104980 -0.971680 0.339600 5.368145 -12.993351 0.061002 202930052119.000000
0.104980 -0.975586 0.342285 5.551150 -13.054352 0.183005 202930055027.000000
0.102539 -0.973145 0.338135 5.246142 -12.993351 0.305008 202930058008.000000
0.103271 -0.980469 0.343994 5.002135 -13.176356 0.671018 202930060927.000000
0.101074 -0.977051 0.337646 5.002135 -13.786372 0.244007 202930063843.000000
0.097412 -0.980713 0.334229 4.880132 -13.664369 0.183005 202930066770.000000
0.099121 -0.982422 0.333740 4.636125 -13.908376 0.488013 202930069684.000000
0.100342 -0.979492 0.332764 4.148112 -14.091380 0.366010 202930072596.000000
0.099609 -0.980713 0.329590 4.270115 -14.518392 0.305008 202930075518.000000
0.104736 -0.976318 0.330566 4.087110 -15.006405 0.549015 202930078436.000000
0.099854 -0.978760 0.328857 3.538096 -14.884402 0.183005 202930081350.000000
0.102295 -0.979736 0.326904 3.172086 -15.372415 0.366010 202930084266.000000
0.102051 -0.981689 0.327637 2.745074 -15.494418 0.305008 202930087191.000000
0.103760 -0.977051 0.330566 2.196059 -16.043433 0.244007 202930090107.000000
0.101318 -0.976074 0.328125 2.013054 -15.982432 -0.183005 202930093022.000000
0.105469 -0.976318 0.324219 1.098030 -16.531446 -0.061002 202930095944.000000
0.105713 -0.977783 0.338379 0.976026 -16.897456 -0.549015 202930098862.000000
0.104736 -0.972656 0.333008 0.793021 -17.263466 -0.183005 202930101780.000000
0.104492 -0.974121 0.340576 -0.061002 -17.507473 -0.610016 202930104694.000000
0.101563 -0.969727 0.332031 -0.183005 -18.056488 -0.671018 202930107618.000000
0.105469 -0.973389 0.337402 -0.427012 -18.239492 -0.854023 202930110535.000000
0.107422 -0.974609 0.339111 -0.488013 -17.995486 -0.793021 202930113449.000000
0.107422 -0.976807 0.340820 -1.098030 -17.934484 -0.671018 202930116378.000000
0.105957 -0.977295 0.340820 -0.915025 -17.873483 -0.671018 202930119292.000000
0.105469 -0.980225 0.340088 -1.037028 -18.117489 -0.854023 202930122208.000000
0.107666 -0.978027 0.343262 -0.976026 -18.300494 -0.732020 202930125125.000000
0.114990 -0.977051 0.338379 -0.854023 -18.178491 -0.610016 202930128039.000000
0.108643 -0.975098 0.324707 -0.793021 -18.239492 -0.854023 202930130953.000000
0.114502 -0.972412 0.336914 -0.793021 -18.361496 -0.366010 202930133875.000000
0.115479 -0.979492 0.332764 -1.037028 -18.300494 -0.854023 202930136790.000000
0.120117 -0.975342 0.329834 -0.976026 -18.239492 -0.732020 202930139706.000000
0.119629 -0.971191 0.326660 -0.793021 -18.422497 -0.793021 202930142619.000000
0.126709 -0.972656 0.322754 -1.098030 -18.849509 -1.037028 202930145534.000000
0.125488 -0.973633 0.321533 -1.220033 -19.154517 -1.159031 202930148481.000000
0.133301 -0.969971 0.317871 -1.403038 -19.764534 -1.464040 202930151396.000000
0.131104 -0.969482 0.306152 -0.793021 -19.398524 -1.464040 202930154317.000000
0.132813 -0.969727 0.310547 -0.366010 -18.971512 -1.647044 202930157242.000000
0.131592 -0.971436 0.317627 -0.366010 -18.788507 -1.769048 202930160157.000000
0.130615 -0.969482 0.321533 -0.183005 -18.788507 -2.196059 202930163082.000000
0.131104 -0.966309 0.325928 0.244007 -18.300494 -2.013054 202930166006.000000
0.129150 -0.965332 0.324951 0.305008 -18.239492 -2.013054 202930168930.000000
0.130615 -0.963867 0.323486 0.427012 -18.056488 -2.379064 202930171855.000000
0.128662 -0.958252 0.328125 0.183005 -17.934484 -2.257061 202930174770.000000
0.126953 -0.954346 0.332275 0.366010 -17.568474 -1.891051 202930177696.000000
0.120117 -0.954590 0.326660 0.244007 -17.263466 -1.830049 202930180616.000000
0.125000 -0.953369 0.345947 0.122003 -17.080461 -1.769048 202930183531.000000
0.122559 -0.955322 0.350830 0.183005 -16.836455 -1.586043 202930186447.000000
0.119141 -0.956299 0.350586 -0.061002 -16.836455 -1.464040 202930189362.000000
0.124512 -0.958740 0.346680 0.244007 -16.714451 -1.220033 202930192278.000000
0.123535 -0.961914 0.344971 0.000000 -16.470445 -1.403038 202930195200.000000
0.124756 -0.964111 0.344971 0.183005 -15.738425 -1.220033 202930198119.000000
0.120850 -0.970947 0.348145 0.366010 -15.616422 -1.159031 202930201038.000000
0.124512 -0.975342 0.353516 0.305008 -15.555420 -1.037028 202930203954.000000
0.124512 -0.977295 0.351807 0.671018 -15.738425 -1.037028 202930206885.000000
0.127197 -0.977783 0.350830 0.854023 -15.982432 -0.915025 202930209801.000000
0.133301 -0.982666 0.343262 1.220033 -16.165436 -1.098030 202930212714.000000
0.131104 -0.981689 0.336182 1.281035 -16.531446 -0.854023 202930215630.000000
0.131836 -0.983643 0.329834 1.525041 -16.165436 -0.854023 202930218544.000000
0.136963 -0.981934 0.328613 1.891051 -16.958458 -0.854023 202930221459.000000
0.143799 -0.979004 0.329102 1.891051 -16.958458 -0.854023 202930224375.000000
0.139648 -0.979492 0.326660 1.952053 -17.690478 -0.915025 202930227293.000000
0.137451 -0.972900 0.322266 1.769048 -17.995486 -0.915025 202930230207.000000
0.139404 -0.973877 0.324463 1.525041 -18.056488 -0.915025 202930233121.000000
0.135010 -0.967529 0.325439 1.708046 -18.727506 -1.037028 202930236038.000000
0.136475 -0.962158 0.322266 0.793021 -18.605502 -0.854023 202930238952.000000
0.135742 -0.958984 0.326904 0.610016 -18.666504 -0.854023 202930241868.000000
0.136230 -0.958252 0.323486 0.183005 -18.300494 -1.403038 202930244782.000000
0.133301 -0.956543 0.325928 -0.061002 -18.239492 -1.037028 202930247700.000000
0.127686 -0.962646 0.335938 -0.305008 -18.666504 -0.793021 202930250615.000000
0.129150 -0.956299 0.337158 -0.427012 -18.300494 -0.854023 202930253531.000000
0.132080 -0.958740 0.333984 -0.793021 -18.361496 -0.610016 202930256446.000000
0.130371 -0.957764 0.343750 -1.159031 -17.690478 -0.488013 202930259360.000000
0.134277 -0.965576 0.344971 -1.220033 -17.751479 -0.244007 202930262273.000000
0.132080 -0.966797 0.351563 -1.098030 -17.324468 -0.122003 202930265195.000000
0.135254 -0.969727 0.350586 -1.220033 -17.385469 0.244007 202930268114.000000
0.137939 -0.977539 0.354736 -1.037028 -17.019460 0.366010 202930271028.000000
0.138184 -0.983154 0.355713 -0.854023 -16.836455 0.732020 202930273948.000000
0.140869 -0.982178 0.357910 -0.427012 -16.714451 0.915025 202930276874.000000
0.144531 -0.986816 0.362793 -0.244007 -16.592448 0.610016 202930279789.000000
0.141846 -0.985107 0.359375 -0.061002 -16.287440 1.159031 202930282703.000000
0.143555 -0.987305 0.359619 0.183005 -16.592448 1.220033 202930285624.000000
0.144287 -0.991211 0.366455 0.671018 -16.470445 0.915025 202930288541.000000
0.146484 -0.991699 0.353516 0.976026 -16.409443 0.976026 202930291455.000000
0.149414 -0.989502 0.361328 1.220033 -16.287440 0.915025 202930294372.000000
0.155029 -0.986816 0.355957 1.525041 -16.104435 0.915025 202930297298.000000
0.153076 -0.986816 0.358887 1.708046 -15.982432 1.098030 202930300214.000000
0.152344 -0.984863 0.358643 1.769048 -16.409443 0.915025 202930303128.000000
0.156006 -0.980225 0.350830 1.891051 -16.348441 0.549015 202930306052.000000
0.157227 -0.982422 0.351074 1.830049 -15.677423 0.671018 202930308968.000000
0.158936 -0.977539 0.349365 2.196059 -15.799427 0.427012 202930311883.000000
0.161133 -0.974121 0.351318 2.074056 -15.738425 0.000000 202930314798.000000
0.161133 -0.973877 0.349121 2.257061 -15.677423 0.122003 202930317715.000000
0.165039 -0.974121 0.338379 2.318063 -15.555420 -0.305008 202930320628.000000
0.168457 -0.976318 0.338867 2.074056 -15.494418 -0.305008 202930323542.000000
0.162842 -0.975830 0.341797 1.769048 -15.250412 -0.793021 202930326460.000000
0.164307 -0.970947 0.340088 2.196059 -14.884402 -1.037028 202930329377.000000
0.165039 -0.973633 0.336182 1.830049 -14.823400 -1.098030 202930332306.000000
0.165527 -0.972412 0.335938 1.647044 -15.006405 -0.854023 202930335222.000000
0.168945 -0.974365 0.336670 1.586043 -14.884402 -1.159031 202930338143.000000
0.166748 -0.974609 0.332275 1.464040 -14.213384 -1.647044 202930341058.000000
0.163330 -0.967529 0.328125 1.403038 -14.274385 -1.708046 202930343971.000000
0.166016 -0.968994 0.336426 1.342036 -13.847374 -1.708046 202930346899.000000
0.161621 -0.968018 0.328125 1.220033 -13.786372 -1.647044 202930349813.000000
0.161377 -0.964600 0.325439 0.976026 -13.725371 -1.952053 202930352727.000000
0.161865 -0.964844 0.326904 1.098030 -13.359361 -1.830049 202930355643.000000
0.164063 -0.965088 0.321289 1.037028 -13.359361 -1.891051 202930358556.000000
0.163574 -0.960938 0.323242 0.854023 -12.993351 -1.647044 202930361482.000000
0.164551 -0.960449 0.325195 0.793021 -12.871348 -1.769048 202930364395.000000
0.164307 -0.962402 0.322754 0.793021 -12.627341 -1.891051 202930367310.000000
0.166260 -0.960693 0.322021 0.549015 -12.322333 -2.135058 202930370232.000000
0.165527 -0.963623 0.321777 0.671018 -11.895321 -2.318063 202930373146.000000
0.160400 -0.966309 0.321777 1.098030 -11.529311 -2.318063 202930376071.000000
0.160889 -0.965576 0.320313 1.159031 -10.675288 -2.013054 202930378994.000000
0.162109 -0.964600 0.324219 1.891051 -10.431282 -2.379064 202930381908.000000
0.161621 -0.967773 0.330811 1.647044 -10.004270 -2.135058 202930384823.000000
0.155518 -0.965576 0.342529 1.464040 -9.882267 -1.647044 202930387741.000000
0.157715 -0.966064 0.333984 1.769048 -9.882267 -1.647044 202930390656.000000
0.156982 -0.970459 0.326660 2.074056 -9.882267 -1.647044 202930393570.000000
0.156982 -0.964844 0.326660 2.196059 -9.211249 -1.586043 202930396508.000000
0.162598 -0.964355 0.324463 2.501068 -8.906240 -1.098030 202930399422.000000
0.162109 -0.965332 0.321777 2.684072 -8.357226 -1.220033 202930402341.000000
0.167236 -0.969238 0.324707 2.928079 -8.235222 -1.403038 202930405264.000000
0.164063 -0.963623 0.316650 2.745074 -7.808211 -1.342036 202930408182.000000
0.162842 -0.965820 0.319336 3.111084 -7.564204 -1.220033 202930411097.000000
0.161865 -0.973633 0.312988 3.111084 -7.198194 -0.854023 202930414011.000000
0.162354 -0.969238 0.312988 3.416092 -6.771183 -1.220033 202930416928.000000
0.168213 -0.967041 0.313721 3.660099 -6.466175 -1.464040 202930419843.000000
0.163574 -0.969482 0.312256 3.538096 -6.344171 -1.525041 202930422757.000000
0.161865 -0.966309 0.322266 3.294089 -5.856158 -1.403038 202930425673.000000
0.161377 -0.969238 0.316650 3.172086 -5.429147 -1.403038 202930428588.000000
0.160889 -0.968262 0.316406 2.745074 -5.307143 -1.403038 202930431500.000000
0.156494 -0.969971 0.320801 2.135058 -4.758128 -1.342036 202930434413.000000
0.159668 -0.970459 0.317139 2.501068 -4.941133 -1.464040 202930437329.000000
0.162598 -0.973145 0.321289 2.440066 -4.514122 -1.647044 202930440244.000000
0.161133 -0.972656 0.321289 2.318063 -4.575124 -1.098030 202930443160.000000
0.161133 -0.973145 0.328369 2.684072 -4.575124 -1.403038 202930446084.000000
0.159180 -0.974365 0.326660 2.562069 -4.331117 -1.464040 202930448999.000000
0.160400 -0.969482 0.330078 3.050082 -4.453120 -1.342036 202930451915.000000
0.160889 -0.972656 0.328369 2.989081 -4.453120 -1.220033 202930454832.000000
0.156738 -0.969482 0.328613 3.233087 -4.331117 -1.464040 202930457749.000000
0.158447 -0.969971 0.324219 2.989081 -4.148112 -1.342036 202930460663.000000
0.156982 -0.967285 0.324951 2.989081 -4.270115 -1.281035 202930463577.000000
0.151123 -0.963135 0.327148 3.172086 -4.148112 -1.098030 202930466500.000000
0.153564 -0.962891 0.332520 2.745074 -3.965107 -1.098030 202930469420.000000
0.150635 -0.959229 0.328369 2.745074 -3.782102 -1.281035 202930472335.000000
0.148682 -0.957031 0.325684 2.379064 -3.843104 -1.525041 202930475258.000000
0.147461 -0.959717 0.322266 2.257061 -3.416092 -1.159031 202930478176.000000
0.151855 -0.955811 0.328857 2.074056 -3.172086 -0.915025 202930481090.000000
0.146484 -0.957275 0.331055 2.013054 -2.806076 -1.281035 202930484006.000000
0.150635 -0.959717 0.327637 1.708046 -2.623071 -1.037028 202930486932.000000
0.151367 -0.957520 0.332520 1.586043 -2.440066 -0.976026 202930489847.000000
0.146484 -0.959961 0.332031 1.403038 -2.074056 -1.037028 202930492763.000000
0.148193 -0.960938 0.334961 1.708046 -1.769048 -1.403038 202930495683.000000
0.150391 -0.965820 0.341797 1.403038 -1.647044 -0.732020 202930498603.000000
0.148926 -0.965332 0.343262 1.586043 -1.342036 -1.037028 202930501521.000000
0.147705 -0.968018 0.338135 1.525041 -1.037028 -0.793021 202930504434.000000
0.150635 -0.972656 0.345703 1.525041 -0.915025 -0.793021 202930507349.000000
0.150391 -0.978271 0.341797 1.891051 -0.549015 -0.915025 202930510262.000000
0.148926 -0.974609 0.347900 1.586043 -0.183005 -0.122003 202930513174.000000
0.149902 -0.980225 0.351318 1.769048 -0.061002 -0.122003 202930516098.000000
0.153564 -0.980225 0.363037 2.013054 0.305008 -0.671018 202930519021.000000
0.150879 -0.983398 0.355469 2.318063 0.366010 -0.122003 202930521937.000000
0.148682 -0.983643 0.354248 2.440066 0.732020 0.000000 202930524853.000000
0.153320 -0.986816 0.355225 2.684072 0.549015 0.183005 202930527770.000000
0.152832 -0.985107 0.358398 2.684072 0.976026 0.183005 202930530684.000000
0.152588 -0.987061 0.355957 2.867077 1.098030 0.366010 202930533602.000000
0.151367 -0.987305 0.350586 3.416092 0.610016 0.183005 202930536519.000000
0.151611 -0.986816 0.352783 3.660099 0.854023 0.122003 202930539435.000000
0.145264 -0.981934 0.350342 3.721100 0.793021 0.183005 202930542350.000000
0.146240 -0.981689 0.351807 3.904105 0.671018 0.061002 202930545266.000000
0.149414 -0.980225 0.348633 4.209114 0.305008 0.305008 202930548182.000000
0.147949 -0.979004 0.346436 4.514122 0.610016 0.183005 202930551095.000000
0.147461 -0.975342 0.344727 4.331117 0.061002 -0.244007 202930554010.000000
0.147705 -0.972656 0.348633 4.514122 0.244007 -0.183005 202930556927.000000
0.139404 -0.971436 0.340820 4.392119 -0.305008 0.000000 202930559841.000000
0.138916 -0.967773 0.338623 4.453120 0.305008 -0.122003 202930562756.000000
0.139404 -0.968750 0.336670 3.904105 0.061002 -0.427012 202930565673.000000
0.137451 -0.963379 0.333740 3.904105 0.244007 0.183005 202930568594.000000
0.134277 -0.971436 0.331299 3.782102 0.183005 0.061002 202930571511.000000
0.137207 -0.968262 0.337402 3.172086 0.061002 0.061002 202930574425.000000
0.138672 -0.967285 0.333252 3.050082 0.244007 -0.488013 202930577339.000000
0.131348 -0.971191 0.332275 2.928079 0.000000 -0.244007 202930580255.000000
0.134766 -0.968750 0.332764 2.745074 -0.061002 -0.427012 202930583169.000000
0.132324 -0.966553 0.329834 2.745074 0.061002 -0.244007 202930586086.000000
0.134033 -0.967285 0.329102 2.684072 -0.244007 -0.671018 202930589003.000000
0.133057 -0.973145 0.335449 2.440066 -0.305008 -0.305008 202930591917.000000
0.132813 -0.970215 0.338135 2.257061 -0.183005 -0.610016 202930594832.000000
0.130371 -0.970459 0.333252 2.867077 -0.549015 -0.549015 202930597758.000000
0.131348 -0.971191 0.333984 2.623071 -0.305008 -0.488013 202930600678.000000
0.133545 -0.967773 0.336914 2.623071 -0.671018 -0.427012 202930603593.000000
0.138428 -0.972412 0.334473 2.623071 -0.305008 -0.488013 202930606519.000000
0.135498 -0.970459 0.334961 2.440066 -0.488013 -0.427012 202930609435.000000
0.133789 -0.973633 0.331787 2.501068 -0.244007 -0.305008 202930612366.000000
0.139404 -0.969238 0.336670 2.501068 -0.427012 -0.427012 202930615283.000000
0.134766 -0.961182 0.340576 2.501068 -0.305008 -0.305008 202930618197.000000
0.133545 -0.962891 0.340576 2.806076 -0.793021 -0.183005 202930621111.000000
0.129150 -0.959473 0.347168 2.684072 -0.488013 -0.122003 202930624107.000000
0.130859 -0.950928 0.347412 2.623071 -0.427012 0.549015 202930627036.000000
0.126465 -0.943115 0.344971 2.623071 0.122003 0.305008 202930629950.000000
0.126465 -0.946045 0.351807 2.135058 0.366010 0.549015 202930632865.000000
0.127441 -0.949463 0.342773 1.769048 0.915025 1.159031 202930635782.000000
0.133545 -0.947510 0.349854 1.403038 1.464040 1.891051 202930638696.000000
0.130127 -0.945557 0.354736 1.342036 1.464040 1.525041 202930641622.000000
0.130127 -0.948486 0.348389 0.732020 1.464040 2.013054 202930644535.000000
0.131592 -0.948242 0.355225 0.854023 1.220033 1.769048 202930647450.000000
0.136230 -0.950439 0.348877 0.488013 1.586043 2.318063 202930650364.000000
0.136230 -0.950928 0.346191 0.244007 1.403038 2.257061 202930653277.000000
0.138428 -0.957031 0.354248 -0.427012 0.976026 2.257061 202930656194.000000
0.143066 -0.955566 0.343018 -0.488013 0.549015 2.135058 202930659109.000000
0.146973 -0.958740 0.341309 -0.427012 0.671018 1.830049 202930662024.000000
0.152100 -0.962646 0.337158 -0.488013 0.427012 1.891051 202930664943.000000
0.147461 -0.968750 0.344971 0.122003 0.610016 1.281035 202930667860.000000
0.145752 -0.972656 0.346924 0.122003 0.427012 1.586043 202930670777.000000
0.150635 -0.969238 0.353027 0.122003 0.305008 0.915025 202930673692.000000
0.145264 -0.968262 0.349365 0.183005 0.549015 0.732020 202930676617.000000
0.145264 -0.967529 0.352295 0.061002 0.549015 0.488013 202930679532.000000
0.145752 -0.968994 0.351074 0.244007 0.488013 0.183005 202930682446.000000
0.149414 -0.969727 0.347656 -0.427012 1.159031 0.183005 202930685369.000000
0.144043 -0.970947 0.353271 -0.305008 1.403038 -0.488013 202930688286.000000
0.145020 -0.974121 0.363525 -0.732020 1.708046 -0.549015 202930691201.000000
0.143066 -0.979004 0.371826 -0.854023 1.708046 -0.793021 202930694121.000000
0.143066 -0.974121 0.372559 -0.671018 1.830049 -0.976026 202930697052.000000
0.138916 -0.973633 0.379150 -0.366010 1.830049 -1.220033 202930699969.000000
0.141846 -0.974365 0.383057 0.122003 1.891051 -1.525041 202930702883.000000
0.133545 -0.976318 0.387939 0.793021 1.952053 -1.586043 202930705799.000000
0.136475 -0.974365 0.393555 1.281035 2.379064 -1.159031 202930708713.000000
0.133789 -0.971924 0.389160 1.830049 2.623071 -1.586043 202930711627.000000
0.130615 -0.972656 0.390381 1.952053 2.867077 -0.976026 202930714541.000000
0.134521 -0.970947 0.378418 2.318063 3.050082 -0.366010 202930717458.000000
0.130371 -0.971680 0.370850 2.684072 3.355091 -0.732020 202930720371.000000
0.134521 -0.972412 0.369629 2.684072 3.538096 -0.915025 202930723325.000000
0.136719 -0.972900 0.352783 2.806076 3.904105 -0.549015 202930726243.000000
0.135742 -0.968750 0.347900 2.806076 3.233087 -0.488013 202930729156.000000
