-0.193848 -0.991455 -0.022217 16.653450 16.104435 6.954188 144429205329.000000
-0.194580 -0.993408 -0.013916 16.775453 15.616422 7.442201 144429208245.000000
-0.191162 -0.990234 -0.026123 16.531446 14.945404 7.198194 144429211159.000000
-0.190430 -0.993164 -0.026611 16.348441 14.579394 7.564204 144429214076.000000
-0.187988 -0.992920 -0.026855 16.348441 13.847374 7.076191 144429216991.000000
-0.182373 -0.996338 -0.021973 16.653450 13.481364 7.198194 144429219907.000000
-0.182861 -0.995361 -0.023193 16.836455 13.115354 7.381199 144429222822.000000
-0.176514 -0.992676 -0.021240 16.836455 12.871348 7.320198 144429225746.000000
-0.178467 -1.001953 -0.024170 16.897456 12.566339 7.198194 144429228660.000000
-0.173340 -0.999023 -0.026123 17.141463 12.627341 6.832184 144429231594.000000
-0.172363 -1.002197 -0.020996 17.385469 12.383334 7.076191 144429234515.000000
-0.172363 -0.998291 -0.024414 17.324468 12.200329 7.198194 144429237441.000000
-0.167725 -0.997070 -0.021973 17.629476 12.566339 6.832184 144429240356.000000
-0.166260 -1.001709 -0.023926 17.629476 12.261331 7.259196 144429243277.000000
-0.167236 -0.996094 -0.024658 17.629476 12.566339 6.832184 144429246196.000000
-0.163574 -0.996826 -0.029297 17.324468 12.322333 7.015189 144429249111.000000
-0.169434 -0.993408 -0.024170 17.446471 12.627341 7.259196 144429252025.000000
-0.166992 -0.991699 -0.023193 17.202464 12.505338 6.832184 144429254949.000000
-0.166016 -0.992676 -0.032715 17.263466 12.688343 7.076191 144429257867.000000
-0.171387 -0.992188 -0.029541 17.202464 12.810346 7.076191 144429260782.000000
-0.166260 -0.990234 -0.024902 17.141463 12.810346 7.198194 144429263709.000000
-0.166016 -0.990234 -0.031738 17.324468 12.810346 7.076191 144429266635.000000
-0.163330 -0.989502 -0.023193 16.897456 12.566339 7.076191 144429269553.000000
-0.172607 -0.987305 -0.031250 17.141463 12.810346 7.137193 144429272475.000000
-0.170166 -0.988770 -0.028320 17.141463 12.810346 7.564204 144429275391.000000
-0.175537 -0.991211 -0.027588 17.019460 12.749344 7.686208 144429278332.000000
-0.174072 -0.991455 -0.030273 17.019460 12.261331 7.442201 144429281247.000000
-0.171631 -0.989746 -0.025879 17.080461 12.444336 7.442201 144429284162.000000
-0.172607 -0.991943 -0.031494 16.958458 12.200329 7.503203 144429287076.000000
-0.177734 -0.981934 -0.034668 16.775453 11.895321 7.381199 144429289993.000000
-0.172852 -0.979492 -0.031738 16.653450 11.529311 7.137193 144429292908.000000
-0.176758 -0.979492 -0.032471 16.470445 11.346306 7.503203 144429295826.000000
-0.181152 -0.979248 -0.032715 16.531446 10.309278 7.259196 144429298739.000000
-0.183838 -0.985840 -0.027588 16.531446 10.614287 7.503203 144429301656.000000
-0.183838 -0.981689 -0.023926 16.409443 9.821265 7.564204 144429304573.000000
-0.177734 -0.982910 -0.025879 16.592448 9.516257 7.320198 144429307487.000000
-0.178955 -0.981445 -0.026855 16.714451 9.394254 7.625206 144429310403.000000
-0.179199 -0.979980 -0.029053 16.775453 8.845239 7.564204 144429313318.000000
-0.178223 -0.977783 -0.030518 16.714451 8.418227 7.503203 144429316234.000000
-0.172119 -0.978271 -0.033447 16.714451 8.479229 7.381199 144429319148.000000
-0.167480 -0.975342 -0.029785 16.531446 7.930214 7.137193 144429322061.000000
-0.168213 -0.974854 -0.030518 16.409443 7.930214 7.198194 144429324985.000000
-0.170166 -0.982178 -0.024170 16.531446 7.747209 7.259196 144429327901.000000
-0.162354 -0.978027 -0.027100 16.531446 7.869212 7.015189 144429330820.000000
-0.163086 -0.982910 -0.028564 16.592448 7.808211 7.137193 144429333736.000000
-0.157471 -0.984619 -0.028076 16.836455 7.747209 6.466175 144429336654.000000
-0.158203 -0.982422 -0.025146 16.775453 8.113219 6.893186 144429339570.000000
-0.156494 -0.984375 -0.023682 16.775453 8.540231 6.588178 144429342494.000000
-0.153809 -0.980713 -0.026611 17.141463 8.906240 6.893186 144429345420.000000
-0.151123 -0.980225 -0.023193 16.836455 9.394254 6.588178 144429348334.000000
-0.150879 -0.976074 -0.022949 17.019460 9.943268 6.954188 144429351248.000000
-0.153564 -0.978027 -0.024414 17.019460 10.309278 6.710181 144429354169.000000
-0.150879 -0.978516 -0.022461 17.324468 11.102300 6.771183 144429357089.000000
-0.153076 -0.976563 -0.022705 17.019460 11.773318 7.442201 144429360005.000000
-0.150879 -0.975342 -0.019531 17.324468 12.627341 7.259196 144429362918.000000
-0.153809 -0.978760 -0.026367 17.141463 13.054352 7.564204 144429365844.000000
-0.156006 -0.977783 -0.016602 17.324468 14.213384 7.686208 144429368761.000000
-0.159668 -0.980225 -0.016846 17.385469 14.457390 7.991216 144429371691.000000
-0.162354 -0.976807 -0.016357 17.324468 15.067407 8.296224 144429374608.000000
-0.165283 -0.975586 -0.021240 17.385469 15.677423 8.540231 144429377552.000000
-0.173096 -0.974854 -0.014648 17.324468 16.104435 8.784237 144429380469.000000
-0.170410 -0.977783 -0.015869 17.446471 16.287440 8.906240 144429383386.000000
-0.174561 -0.978760 -0.013428 17.263466 16.775453 9.028244 144429386306.000000
-0.174561 -0.978516 -0.004639 17.385469 16.775453 9.211249 144429389222.000000
-0.177246 -0.975830 -0.008057 17.690478 16.897456 9.394254 144429392137.000000
-0.176514 -0.978516 -0.006348 17.507473 16.897456 9.577259 144429395055.000000
-0.172119 -0.984863 -0.000244 17.507473 16.775453 9.150247 144429397969.000000
-0.169922 -0.986816 -0.007324 17.690478 16.653450 9.882267 144429400883.000000
-0.171387 -0.990967 0.001709 17.873483 16.409443 9.333252 144429403807.000000
-0.172363 -0.988037 -0.001709 18.056488 16.348441 9.089245 144429406759.000000
-0.168457 -0.991699 0.004150 18.178491 16.226438 8.723236 144429409676.000000
-0.165771 -0.991699 -0.000244 18.178491 16.409443 8.967242 144429412596.000000
-0.164307 -0.992920 0.004883 18.666504 16.531446 8.662234 144429415527.000000
-0.162354 -0.992432 0.004639 18.727506 16.409443 8.418227 144429418443.000000
-0.168213 -0.989990 0.003662 18.300494 16.653450 8.906240 144429421358.000000
-0.159668 -0.994385 0.002441 18.971512 16.958458 8.723236 144429424281.000000
-0.161621 -0.991943 0.008545 19.154517 17.080461 8.662234 144429427204.000000
-0.161865 -0.990723 0.013184 19.398524 17.141463 8.418227 144429430129.000000
-0.162842 -0.996582 0.012939 19.520527 17.568474 8.723236 144429433044.000000
-0.168213 -0.993164 0.016357 19.764534 17.812481 8.723236 144429435968.000000
-0.167236 -0.994141 0.019043 19.947539 18.056488 8.845239 144429438884.000000
-0.178467 -0.996094 0.020264 20.130544 18.422497 8.845239 144429441809.000000
-0.179199 -0.994385 0.016846 20.435552 18.727506 9.028244 144429444731.000000
-0.179199 -0.993408 0.017578 20.496553 19.337522 9.455255 144429447665.000000
-0.186768 -0.989502 0.019287 20.679558 19.276520 9.333252 144429450581.000000
-0.185059 -0.991455 0.022217 20.801562 19.581529 9.882267 144429453496.000000
-0.187012 -0.987793 0.028809 20.862563 20.008540 9.760264 144429456421.000000
-0.190674 -0.992676 0.032959 21.045568 20.313548 9.821265 144429459335.000000
-0.186523 -0.988037 0.035400 21.228573 20.069542 9.577259 144429462259.000000
-0.192627 -0.982910 0.028320 21.045568 20.496553 9.760264 144429465180.000000
-0.189941 -0.984863 0.036865 21.289575 20.801562 9.577259 144429468098.000000
-0.186279 -0.979248 0.032227 21.228573 20.679558 9.577259 144429471022.000000
-0.186279 -0.981201 0.036133 21.716586 20.679558 9.455255 144429473940.000000
-0.186768 -0.975098 0.036621 21.228573 20.923565 9.699262 144429476856.000000
-0.185303 -0.975342 0.040527 21.777588 20.862563 9.394254 144429479798.000000
-0.180664 -0.972900 0.047363 21.716586 21.106570 9.272250 144429482712.000000
-0.179199 -0.975830 0.043701 21.533581 20.923565 9.577259 144429485630.000000
-0.176270 -0.970459 0.036133 21.472580 21.106570 9.760264 144429488548.000000
-0.169922 -0.968506 0.036133 21.472580 20.923565 9.516257 144429491462.000000
-0.169922 -0.970947 0.036133 21.350576 21.533581 9.577259 144429494380.000000
-0.162109 -0.968750 0.032959 20.923565 21.533581 9.394254 144429497308.000000
-0.150879 -0.970215 0.038574 20.923565 22.143598 9.638260 144429500223.000000
-0.150635 -0.963135 0.035156 20.557555 22.570609 9.699262 144429503144.000000
-0.144043 -0.965820 0.026611 20.557555 23.302629 10.065272 144429506068.000000
-0.138184 -0.962158 0.032959 20.435552 24.095651 10.126273 144429508983.000000
-0.130127 -0.955811 0.034912 20.496553 25.010675 10.736290 144429511898.000000
-0.123291 -0.954346 0.038330 20.313548 26.230708 10.553285 144429514818.000000
-0.119141 -0.947266 0.033203 20.069542 27.694748 10.919295 144429517734.000000
-0.114746 -0.943359 0.038574 20.130544 29.158787 11.102300 144429520648.000000
-0.114746 -0.941650 0.036621 20.008540 30.927835 11.529311 144429523562.000000
-0.109619 -0.929199 0.029785 20.252547 33.245898 12.078326 144429526485.000000
-0.103516 -0.922363 0.022217 19.764534 35.319954 12.688343 144429529403.000000
-0.105957 -0.914063 0.020020 19.703532 37.821021 13.542366 144429532319.000000
-0.108398 -0.915527 0.010986 19.154517 40.444092 14.518392 144429535247.000000
-0.108154 -0.914063 0.008057 18.849509 43.616178 15.616422 144429538168.000000
-0.114502 -0.914063 0.006836 18.666504 46.727262 16.409443 144429541084.000000
-0.119629 -0.916748 0.004883 18.605502 50.265357 18.300494 144429544007.000000
-0.118896 -0.914551 -0.004150 18.239492 53.376441 19.093516 144429546923.000000
-0.120605 -0.917725 -0.001953 18.239492 56.731532 20.374550 144429549838.000000
-0.124756 -0.921631 -0.010742 17.873483 60.025621 21.472580 144429552752.000000
-0.131836 -0.929688 -0.008545 17.385469 63.441713 22.631611 144429555677.000000
-0.125977 -0.934326 -0.011719 17.141463 66.491795 23.180626 144429558592.000000
-0.133545 -0.940918 -0.016602 17.080461 69.602879 24.034649 144429561508.000000
-0.138916 -0.950195 -0.014404 16.592448 72.164948 24.827670 144429564430.000000
-0.144775 -0.950195 -0.015625 16.775453 75.093028 25.559690 144429567351.000000
-0.153564 -0.949951 -0.016113 16.836455 77.655097 26.047703 144429570269.000000
-0.167480 -0.959961 -0.005859 16.958458 79.912158 27.145733 144429573184.000000
-0.177734 -0.963623 -0.014160 17.446471 82.291222 27.572744 144429576101.000000
-0.193115 -0.969727 -0.010498 18.239492 84.365278 28.487769 144429579041.000000
-0.210205 -0.971924 -0.017334 18.300494 86.744342 29.402794 144429581958.000000
-0.232666 -0.979004 -0.009766 18.910511 88.513390 30.195815 144429584879.000000
-0.237305 -0.984619 -0.009277 19.032514 89.855426 31.110840 144429587795.000000
-0.260498 -0.990967 -0.002686 19.886537 91.197462 31.598853 144429590710.000000
-0.274902 -0.992676 0.002930 20.008540 91.990484 32.269871 144429593626.000000
-0.292969 -1.002686 0.000244 20.252547 92.478497 32.696883 144429596541.000000
-0.308594 -0.998047 0.000244 20.374550 92.905508 33.306899 144429599455.000000
-0.316650 -1.001709 0.003418 20.557555 92.600500 33.367901 144429602370.000000
-0.333984 -1.005371 0.016113 20.374550 92.478497 33.550906 144429605323.000000
-0.340576 -1.009033 0.013916 20.191545 91.624474 33.855914 144429608243.000000
-0.352539 -1.005859 0.019287 19.825535 89.977429 33.550906 144429611158.000000
-0.358398 -1.006836 0.017334 19.581529 88.452388 33.611908 144429614075.000000
-0.374512 -1.005371 0.020996 19.642530 86.927347 33.489904 144429616991.000000
-0.380859 -1.003418 0.013916 18.788507 84.853291 33.550906 144429619904.000000
-0.385742 -1.004883 0.009766 18.605502 81.925212 33.184896 144429622820.000000
-0.392822 -1.000488 0.011963 17.873483 79.180138 32.818886 144429625752.000000
-0.395264 -0.991211 0.010498 17.446471 75.947051 32.818886 144429628667.000000
-0.399658 -0.991211 0.002930 16.836455 72.652962 32.025865 144429631595.000000
-0.397705 -0.989502 -0.009766 15.921430 69.114866 31.537852 144429634517.000000
-0.397461 -0.982910 -0.015381 15.128408 65.637772 31.110840 144429637443.000000
-0.396240 -0.978271 -0.014893 14.152382 62.343683 30.744830 144429640358.000000
-0.390625 -0.972656 -0.024414 13.359361 58.805588 30.134814 144429643273.000000
-0.380615 -0.964600 -0.027344 12.322333 55.877509 29.463796 144429646192.000000
-0.385742 -0.954346 -0.041748 11.468310 53.315440 29.097786 144429649113.000000
-0.374023 -0.951172 -0.049805 10.187275 50.753370 28.975782 144429652029.000000
-0.364990 -0.942383 -0.058594 9.150247 48.435308 28.975782 144429654953.000000
-0.361572 -0.937744 -0.064453 7.808211 46.666260 28.548771 144429657872.000000
-0.352539 -0.930664 -0.067627 6.527176 44.592204 28.975782 144429660787.000000
-0.352783 -0.926270 -0.072021 5.612152 43.189166 29.341792 144429663713.000000
-0.346924 -0.922363 -0.085205 4.270115 41.908132 29.829805 144429666638.000000
-0.344971 -0.916504 -0.085693 2.989081 40.688099 30.317819 144429669555.000000
-0.343018 -0.910889 -0.100342 1.708046 40.017080 31.049838 144429672472.000000
-0.344238 -0.906006 -0.094727 0.549015 39.712072 31.842860 144429675391.000000
-0.343750 -0.902344 -0.114014 -0.976026 39.529067 32.696883 144429678305.000000
-0.338867 -0.897217 -0.103760 -1.891051 39.590069 33.367901 144429681248.000000
-0.339844 -0.901611 -0.122314 -2.989081 40.322089 34.343927 144429684165.000000
-0.335693 -0.898682 -0.127441 -3.660099 40.932105 35.258952 144429687079.000000
-0.342773 -0.905518 -0.127686 -4.514122 41.603123 36.112975 144429689995.000000
-0.340088 -0.898682 -0.128662 -5.490148 43.006161 37.089001 144429692909.000000
-0.336426 -0.897461 -0.148682 -6.039163 44.592204 38.126029 144429695825.000000
-0.340332 -0.901367 -0.160645 -7.259196 45.934240 38.858049 144429698740.000000
-0.339600 -0.904541 -0.168457 -8.052217 47.825291 39.773074 144429701653.000000
-0.332031 -0.906250 -0.166992 -8.906240 49.411334 40.627097 144429704570.000000
-0.334473 -0.894287 -0.180908 -10.065272 51.729397 41.298115 144429707483.000000
-0.330566 -0.898193 -0.187500 -11.224303 53.559446 42.091136 144429710398.000000
-0.330811 -0.899658 -0.192871 -12.749344 55.694504 42.823156 144429713311.000000
-0.331055 -0.897949 -0.203369 -13.603367 57.646556 43.555176 144429716235.000000
-0.331787 -0.895264 -0.200684 -14.762399 59.293601 44.348197 144429719153.000000
-0.332520 -0.901123 -0.210693 -15.921430 60.879644 44.958214 144429722072.000000
-0.329102 -0.882324 -0.213379 -16.470445 62.526688 45.324224 144429724991.000000
-0.357666 -0.868408 -0.198242 -16.897456 64.539743 48.618313 144429727907.000000
-0.320557 -0.902100 -0.234619 -17.995486 65.576771 47.764290 144429730821.000000
-0.345703 -0.881836 -0.261719 -20.008540 67.223815 48.496309 144429733738.000000
-0.344971 -0.869141 -0.244873 -22.570609 68.931861 48.801318 144429736671.000000
-0.344971 -0.861328 -0.251953 -24.827670 69.114866 49.411334 144429739586.000000
-0.344971 -0.854004 -0.245850 -25.559690 70.273897 50.021351 144429742501.000000
-0.345215 -0.847900 -0.254150 -26.596718 72.103947 50.753370 144429745427.000000
-0.360596 -0.838135 -0.262451 -28.365766 74.056000 51.851400 144429748342.000000
-0.368896 -0.822510 -0.288818 -30.866833 76.130056 53.193436 144429751257.000000
-0.370850 -0.814453 -0.290527 -32.391875 78.997133 54.657476 144429754178.000000
-0.384277 -0.805908 -0.303955 -34.282926 81.925212 56.304520 144429757096.000000
-0.397705 -0.788574 -0.314697 -36.600988 84.609284 58.195571 144429760010.000000
-0.399902 -0.782471 -0.324951 -39.407064 88.086378 60.147624 144429762925.000000
-0.413818 -0.782471 -0.332275 -41.664125 90.770451 61.977673 144429765855.000000
-0.425293 -0.772705 -0.338379 -43.921186 93.454523 63.746721 144429768771.000000
-0.429199 -0.774902 -0.351807 -47.093272 96.626609 66.125785 144429771686.000000
-0.452148 -0.779053 -0.347168 -49.228329 99.432685 68.199841 144429774603.000000
-0.470703 -0.778809 -0.338379 -51.851400 101.689746 70.273897 144429777518.000000
-0.481445 -0.786377 -0.348877 -53.986458 103.946807 72.896968 144429780460.000000
-0.494629 -0.794922 -0.359863 -56.609528 106.142866 74.483011 144429783377.000000
-0.499512 -0.810791 -0.367920 -58.927591 108.582932 76.862075 144429786293.000000
-0.504150 -0.818359 -0.367432 -61.062649 110.290978 77.960105 144429789211.000000
-0.507568 -0.831787 -0.370117 -63.075703 111.511011 79.058135 144429792127.000000
-0.515381 -0.848389 -0.374268 -65.027756 112.731044 79.973159 144429795045.000000
-0.521484 -0.861572 -0.370117 -66.552797 113.524065 80.461172 144429797959.000000
-0.531738 -0.867920 -0.375244 -67.711828 114.012078 80.705179 144429800874.000000
-0.539795 -0.875732 -0.370850 -69.358873 114.439090 80.766181 144429803790.000000
-0.543457 -0.876709 -0.382324 -70.273897 113.829073 80.766181 144429806743.000000
-0.555664 -0.882813 -0.370605 -70.700909 113.829073 80.949186 144429809660.000000
-0.564697 -0.883545 -0.382813 -72.042945 113.219057 81.010187 144429812575.000000
-0.575439 -0.882080 -0.373535 -73.018972 112.670042 80.949186 144429815493.000000
-0.591064 -0.879150 -0.375000 -73.506985 111.267004 80.522174 144429818409.000000
-0.605713 -0.875000 -0.358398 -74.117001 109.253950 80.827182 144429821331.000000
-0.595947 -0.879639 -0.368408 -75.093028 107.606905 80.461172 144429824255.000000
-0.608398 -0.871826 -0.353760 -75.642042 105.898859 80.156164 144429827172.000000
-0.618164 -0.870850 -0.363525 -77.045080 104.373818 79.790154 144429830100.000000
-0.613281 -0.877197 -0.365723 -78.082108 102.543769 79.485146 144429833021.000000
-0.613525 -0.875977 -0.366455 -79.058135 101.201732 79.241140 144429835939.000000
-0.607666 -0.885742 -0.377441 -80.644177 100.469713 78.692125 144429838854.000000
-0.604492 -0.892578 -0.385742 -81.620204 99.432685 78.326115 144429841769.000000
-0.587646 -0.903076 -0.399170 -83.511255 98.761667 77.899103 144429844704.000000
-0.589600 -0.910156 -0.400146 -84.914293 98.700665 77.777100 144429847634.000000
-0.587646 -0.913086 -0.408691 -86.561337 98.273653 77.655097 144429850549.000000
-0.585205 -0.920654 -0.422607 -88.208382 98.029647 77.899103 144429853463.000000
-0.589111 -0.921143 -0.435059 -89.794424 98.334655 77.960105 144429856389.000000
-0.587402 -0.921875 -0.435547 -90.892454 98.334655 78.143110 144429859303.000000
-0.584473 -0.929688 -0.443359 -92.356494 97.846642 78.326115 144429862230.000000
-0.578857 -0.929443 -0.440674 -93.088513 98.090648 78.021107 144429865152.000000
-0.588867 -0.923828 -0.461182 -94.674556 97.785640 78.509120 144429868070.000000
-0.589111 -0.920654 -0.462646 -95.711584 96.992619 78.997133 144429870985.000000
-0.584229 -0.919434 -0.475830 -96.992619 96.016592 78.570121 144429873908.000000
-0.590332 -0.909424 -0.473877 -98.151650 94.735558 78.936131 144429876834.000000
-0.589355 -0.896240 -0.500732 -99.310681 94.308546 79.668151 144429879751.000000
-0.572510 -0.882080 -0.511719 -101.506741 92.722504 79.485146 144429882698.000000
-0.568848 -0.887207 -0.504883 -102.360764 91.502471 79.180138 144429885618.000000
-0.561279 -0.884033 -0.512207 -103.580797 91.014457 78.997133 144429888533.000000
-0.571289 -0.871582 -0.496338 -104.800830 89.550418 78.753126 144429891453.000000
-0.567383 -0.869141 -0.511230 -105.837858 88.269383 78.631123 144429894371.000000
-0.557861 -0.875977 -0.508789 -106.508876 87.537364 78.082108 144429897285.000000
-0.546631 -0.874756 -0.521729 -107.057891 87.293357 77.228085 144429900201.000000
-0.544189 -0.873779 -0.529053 -108.338925 86.988349 76.557067 144429903115.000000
-0.527100 -0.876221 -0.530273 -109.070945 86.683340 75.764046 144429906033.000000
-0.513672 -0.890869 -0.530762 -109.680961 87.903373 74.056000 144429908948.000000
-0.510498 -0.900146 -0.532471 -109.863966 88.574392 73.323980 144429911861.000000
-0.504883 -0.906006 -0.524658 -110.107973 89.428415 72.103947 144429914776.000000
-0.501953 -0.908447 -0.535400 -110.656988 90.221436 71.432929 144429917691.000000
-0.510254 -0.921631 -0.533691 -110.534984 92.051485 71.432929 144429920614.000000
-0.507324 -0.923096 -0.536377 -110.778991 93.332520 71.676935 144429923529.000000
-0.518799 -0.923340 -0.546143 -111.450009 95.589581 71.737937 144429927521.000000
-0.520264 -0.914795 -0.549805 -111.572012 98.029647 72.347953 144429930475.000000
-0.530029 -0.903320 -0.546387 -112.060026 99.249680 72.957970 144429933394.000000
-0.539307 -0.894775 -0.552490 -113.036052 100.408711 73.506985 144429936322.000000
-0.552002 -0.879150 -0.551270 -113.280059 100.957726 73.994998 144429939238.000000
-0.554932 -0.863525 -0.562500 -114.744098 101.384737 74.483011 144429942154.000000
-0.560303 -0.842773 -0.561035 -115.171110 101.018728 74.849021 144429945071.000000
-0.570068 -0.832520 -0.573730 -115.720124 101.018728 74.910023 144429947989.000000
-0.561768 -0.820313 -0.580078 -116.269139 100.347709 74.849021 144429950904.000000
-0.553223 -0.811768 -0.581055 -115.903129 99.554688 74.117001 144429953817.000000
-0.554443 -0.801270 -0.594727 -116.757152 98.883670 73.384981 144429956856.000000
-0.553711 -0.802490 -0.604248 -117.123162 98.578662 72.103947 144429959773.000000
-0.544922 -0.801758 -0.590088 -116.879156 97.663637 71.066919 144429962703.000000
-0.554932 -0.802979 -0.603516 -116.696151 97.663637 69.846886 144429965631.000000
-0.549805 -0.809570 -0.603027 -116.635149 97.419630 68.443848 144429968547.000000
-0.569824 -0.811279 -0.600830 -116.452144 97.846642 67.711828 144429971464.000000
-0.572754 -0.815430 -0.607422 -116.696151 98.334655 67.284817 144429974382.000000
-0.557373 -0.822754 -0.614990 -117.062161 98.395657 66.369792 144429977296.000000
-0.562500 -0.824463 -0.623779 -117.611176 98.761667 65.515769 144429980209.000000
-0.555908 -0.828125 -0.612793 -118.221192 97.968645 65.332764 144429983156.000000
-0.540039 -0.839844 -0.611084 -118.648204 97.114622 63.746721 144429986073.000000
-0.535889 -0.847168 -0.635986 -118.831208 96.626609 62.770695 144429988988.000000
-0.539307 -0.856201 -0.632080 -119.929238 95.894589 61.611664 144429991903.000000
-0.549072 -0.857422 -0.634521 -120.112243 95.040566 60.452632 144429994821.000000
-0.546875 -0.848877 -0.635986 -120.356250 94.003538 59.537608 144429997736.000000
-0.549561 -0.839844 -0.632324 -121.027268 92.417495 58.561581 144430000652.000000
-0.547607 -0.833252 -0.638184 -121.149271 90.770451 58.073568 144430003565.000000
-0.528564 -0.833252 -0.654053 -121.942292 88.513390 57.158543 144430006483.000000
-0.522705 -0.825684 -0.650391 -122.186299 86.683340 55.633502 144430009398.000000
-0.530762 -0.818115 -0.640137 -122.308302 84.914293 54.474471 144430012312.000000
-0.517334 -0.808838 -0.662842 -123.101324 82.840237 53.071433 144430015232.000000
-0.527588 -0.800537 -0.656982 -123.467334 81.132191 51.607393 144430018155.000000
-0.507813 -0.783936 -0.679688 -124.077350 79.790154 49.899347 144430021071.000000
-0.505859 -0.773193 -0.677002 -124.016348 78.021107 48.984323 144430023994.000000
-0.513184 -0.754395 -0.675537 -124.565363 76.069054 48.374306 144430026935.000000
-0.507080 -0.747559 -0.673828 -124.077350 73.994998 47.886293 144430029858.000000
-0.503906 -0.738770 -0.670898 -123.955347 71.920942 47.520283 144430032777.000000
-0.498291 -0.733887 -0.664795 -123.589337 69.541878 46.971268 144430035704.000000
-0.478516 -0.726074 -0.664551 -123.284329 66.735802 46.544257 144430038623.000000
-0.480713 -0.738770 -0.661377 -122.674312 64.722748 45.690234 144430041542.000000
-0.489746 -0.736572 -0.662109 -121.393278 62.892698 44.958214 144430044464.000000
-0.488525 -0.739258 -0.669922 -120.844263 62.221680 44.165192 144430047383.000000
-0.489990 -0.734619 -0.667236 -120.173245 61.428659 43.189166 144430050298.000000
-0.476807 -0.728516 -0.686035 -120.112243 60.696639 42.701153 144430053214.000000
-0.467773 -0.728027 -0.671875 -118.892210 60.574636 41.786128 144430056143.000000
-0.449951 -0.730713 -0.682373 -118.892210 59.964619 41.237113 144430059058.000000
-0.444092 -0.727295 -0.679932 -118.160190 60.025621 40.017080 144430061974.000000
-0.425293 -0.720703 -0.690430 -118.587202 59.903617 39.285061 144430064897.000000
-0.417480 -0.715332 -0.686279 -118.221192 59.781614 37.760020 144430067816.000000
-0.426514 -0.704346 -0.706543 -118.892210 60.940645 37.028000 144430070731.000000
-0.414063 -0.694824 -0.708984 -119.136217 62.282682 35.624962 144430073646.000000
-0.420898 -0.683594 -0.715332 -119.746233 63.380711 34.648936 144430076561.000000
-0.431152 -0.666016 -0.724121 -120.234246 64.234734 34.587934 144430079478.000000
-0.417725 -0.667480 -0.710693 -120.722260 64.600744 33.855914 144430082424.000000
-0.407715 -0.660889 -0.718018 -120.173245 64.722748 33.245898 144430085346.000000
-0.401855 -0.649658 -0.725342 -120.539255 65.149759 32.635881 144430088263.000000
-0.399902 -0.638916 -0.737305 -120.844263 65.088757 32.330873 144430091177.000000
-0.387451 -0.635254 -0.751221 -120.722260 64.661746 31.720856 144430094107.000000
-0.387451 -0.624268 -0.752930 -120.051241 64.600744 31.659855 144430097022.000000
-0.383301 -0.620850 -0.758057 -119.197218 63.380711 30.744830 144430099937.000000
-0.396240 -0.629150 -0.761719 -119.075215 62.404685 30.927835 144430102852.000000
-0.392090 -0.632568 -0.752686 -118.282194 61.672665 30.256817 144430105771.000000
-0.391602 -0.641113 -0.762939 -117.367169 60.208626 29.524797 144430108698.000000
-0.419678 -0.645752 -0.745361 -116.696151 59.476606 29.402794 144430111613.000000
-0.417480 -0.652100 -0.753906 -115.171110 58.439578 28.914781 144430114531.000000
-0.425049 -0.656738 -0.750488 -113.951077 56.914537 29.158787 144430117455.000000
-0.424805 -0.652588 -0.750488 -112.792045 54.596474 28.853779 144430120372.000000
-0.416504 -0.660645 -0.754639 -111.389008 52.766425 28.853779 144430123285.000000
-0.430664 -0.648193 -0.746826 -109.375953 50.204356 28.853779 144430126202.000000
-0.433350 -0.646240 -0.745605 -107.484902 47.642286 28.548771 144430129119.000000
-0.445068 -0.646484 -0.757568 -106.325871 43.860184 28.731776 144430132034.000000
-0.449219 -0.641602 -0.760742 -105.288843 40.200085 28.609772 144430134956.000000
-0.459961 -0.642578 -0.743408 -103.580797 35.990972 28.182761 144430137881.000000
-0.472412 -0.630615 -0.746338 -102.299762 30.683828 28.182761 144430140795.000000
-0.489014 -0.624512 -0.742920 -101.384737 25.376685 28.426768 144430143722.000000
-0.497559 -0.613281 -0.740479 -100.408711 20.618557 27.389740 144430146645.000000
-0.512695 -0.594238 -0.737061 -100.103703 16.592448 26.962728 144430149560.000000
-0.510498 -0.588623 -0.748291 -99.798695 11.895321 25.498688 144430152475.000000
-0.500000 -0.566895 -0.766602 -101.079729 7.991216 25.071677 144430155400.000000
-0.510498 -0.536621 -0.747559 -101.018728 5.673153 23.729641 144430158318.000000
-0.486328 -0.506104 -0.746582 -101.445739 3.355091 21.899591 144430161233.000000
-0.487061 -0.464355 -0.740234 -101.689746 1.708046 20.923565 144430164154.000000
-0.437012 -0.442139 -0.783447 -105.654853 -0.122003 18.483499 144430167074.000000
-0.405762 -0.419922 -0.792969 -107.545904 -0.122003 16.165436 144430169989.000000
-0.373535 -0.389648 -0.784424 -109.619960 0.244007 13.786372 144430172905.000000
-0.351074 -0.380615 -0.817383 -111.938022 0.122003 11.712316 144430175824.000000
-0.327637 -0.363281 -0.823242 -115.232111 0.488013 10.004270 144430178738.000000
-0.306641 -0.359131 -0.835938 -117.367169 1.891051 7.808211 144430181654.000000
-0.289795 -0.368164 -0.851318 -119.685232 3.111084 6.039163 144430184597.000000
-0.275391 -0.367188 -0.886719 -121.515281 4.270115 5.185140 144430187512.000000
-0.273682 -0.384277 -0.879883 -123.162325 6.771183 4.453120 144430190428.000000
-0.280762 -0.385742 -0.896973 -123.833344 9.821265 5.185140 144430193341.000000
-0.275391 -0.403809 -0.916992 -123.955347 12.383334 5.673153 144430196258.000000
-0.266846 -0.409180 -0.926514 -123.711340 15.494418 6.161166 144430199174.000000
-0.279297 -0.417725 -0.923096 -122.857317 18.544501 6.283170 144430202090.000000
-0.278076 -0.419678 -0.956299 -123.284329 22.448606 6.527176 144430205007.000000
-0.286865 -0.422119 -0.959961 -122.735314 25.437687 6.832184 144430207920.000000
-0.302734 -0.414063 -0.961182 -122.003294 28.853779 7.503203 144430210833.000000
-0.310547 -0.402588 -0.956055 -120.661258 32.025865 7.930214 144430213748.000000
-0.319336 -0.397949 -0.958252 -119.624230 34.404929 8.662234 144430216664.000000
-0.326416 -0.389893 -0.956543 -118.587202 37.211005 8.723236 144430219580.000000
-0.340576 -0.380615 -0.957764 -117.245166 40.383090 8.967242 144430222495.000000
-0.346191 -0.371338 -0.958496 -117.245166 42.396145 8.479229 144430225420.000000
-0.359863 -0.354492 -0.959229 -116.269139 44.043189 8.479229 144430228335.000000
-0.368896 -0.344482 -0.951904 -116.147136 45.080217 8.052217 144430231250.000000
-0.363281 -0.332520 -0.958984 -116.086134 46.178247 7.320198 144430234171.000000
-0.372314 -0.324951 -0.968506 -116.025133 46.910267 6.466175 144430237089.000000
-0.379639 -0.315918 -0.965088 -115.964131 47.520283 5.917160 144430240004.000000
-0.399414 -0.301025 -0.970703 -116.513146 48.069298 5.307143 144430242920.000000
-0.403076 -0.305420 -0.966064 -116.879156 48.252303 4.758128 144430245845.000000
-0.404541 -0.309326 -0.975586 -117.367169 47.947295 4.026109 144430248760.000000
-0.414795 -0.306885 -0.973145 -117.672177 47.764290 3.416092 144430251674.000000
-0.426514 -0.304443 -0.967041 -117.855182 47.276276 2.318063 144430254596.000000
-0.432373 -0.272217 -0.982666 -118.465199 43.921186 -0.793021 144430262172.000000
-0.435547 -0.270752 -0.987793 -119.502227 41.481120 -1.830049 144430265281.000000
-0.432373 -0.274170 -0.987793 -119.868236 38.797048 -3.416092 144430268222.000000
-0.448242 -0.263184 -0.999268 -120.905264 35.441957 -4.880132 144430271142.000000
-0.444336 -0.270264 -0.984375 -120.600256 31.903861 -6.649180 144430274157.000000
-0.428711 -0.276123 -0.996826 -121.027268 28.731776 -8.784237 144430277157.000000
-0.447021 -0.273682 -0.993652 -120.600256 25.193680 -10.431282 144430280088.000000
-0.465820 -0.268555 -1.016357 -121.881291 20.923565 -11.651315 144430282999.000000
-0.461182 -0.275146 -1.010742 -122.491307 17.629476 -12.993351 144430285912.000000
-0.451660 -0.276611 -1.006836 -122.125297 14.274385 -14.457390 144430288826.000000
-0.454590 -0.267578 -0.997559 -120.905264 11.102300 -15.921430 144430291735.000000
-0.443115 -0.270264 -1.031982 -122.064296 7.076191 -17.812481 144430294655.000000
-0.427002 -0.266113 -1.030029 -122.796316 3.782102 -19.337522 144430297587.000000
-0.422363 -0.258057 -1.024658 -123.589337 0.366010 -21.228573 144430300496.000000
-0.418945 -0.251221 -1.026611 -123.223327 -2.562069 -22.448606 144430303406.000000
-0.425049 -0.242676 -1.016846 -122.857317 -6.161166 -23.302629 144430306317.000000
-0.423584 -0.246338 -1.035645 -123.223327 -9.089245 -23.790642 144430309230.000000
-0.419434 -0.242676 -1.035645 -123.650339 -11.773318 -24.583664 144430312142.000000
-0.427246 -0.236816 -1.039795 -123.711340 -14.152382 -24.461660 144430315055.000000
-0.432373 -0.230957 -1.041992 -124.016348 -16.592448 -24.522662 144430317964.000000
-0.425293 -0.217529 -1.037598 -123.589337 -19.276520 -24.278656 144430320891.000000
-0.421875 -0.208740 -1.046875 -123.589337 -21.289575 -24.278656 144430323798.000000
-0.421387 -0.195068 -1.050537 -124.199353 -22.814616 -23.668639 144430326751.000000
-0.415039 -0.188965 -1.043701 -123.833344 -24.339657 -23.485634 144430329669.000000
-0.405762 -0.179688 -1.052979 -123.711340 -25.132679 -23.668639 144430332575.000000
-0.409668 -0.177490 -1.056152 -123.101324 -26.108705 -23.973647 144430335509.000000
-0.404053 -0.171387 -1.057617 -123.162325 -26.474715 -23.790642 144430338430.000000
-0.398682 -0.164063 -1.055908 -122.857317 -26.657720 -23.790642 144430341347.000000
-0.393555 -0.164551 -1.055908 -122.491307 -26.779723 -24.583664 144430344266.000000
-0.388672 -0.161865 -1.062744 -122.430306 -26.962728 -24.949674 144430347191.000000
-0.384033 -0.151855 -1.065918 -122.369304 -26.901726 -25.132679 144430350122.000000
-0.367676 -0.144531 -1.068848 -122.247301 -26.657720 -25.498688 144430353037.000000
-0.364502 -0.138428 -1.073242 -121.637284 -26.535716 -25.620692 144430355954.000000
-0.357910 -0.129883 -1.074951 -121.515281 -26.718721 -25.986702 144430358878.000000
-0.346191 -0.124268 -1.073242 -120.661258 -25.803697 -26.230708 144430361794.000000
-0.333984 -0.118896 -1.084717 -120.295248 -25.010675 -26.779723 144430364720.000000
-0.331299 -0.112061 -1.077637 -119.319222 -23.912646 -27.328738 144430367650.000000
-0.332764 -0.102783 -1.086426 -118.831208 -22.875618 -27.999756 144430370568.000000
-0.333740 -0.097412 -1.080811 -118.343195 -21.838590 -28.365766 144430373490.000000
-0.323242 -0.092285 -1.089600 -118.526200 -21.045568 -28.975782 144430376411.000000
-0.320068 -0.090820 -1.089355 -118.465199 -19.642530 -29.646800 144430379329.000000
-0.320068 -0.090576 -1.093506 -118.526200 -18.666504 -29.890807 144430382262.000000
-0.322754 -0.086426 -1.084229 -118.770207 -17.751479 -29.829805 144430385182.000000
-0.334473 -0.089355 -1.081055 -119.807235 -16.653450 -29.707802 144430388119.000000
-0.342041 -0.094727 -1.081299 -120.661258 -15.982432 -29.463796 144430391040.000000
-0.346924 -0.093506 -1.074219 -121.820289 -15.067407 -29.097786 144430393978.000000
-0.361328 -0.091309 -1.069580 -122.247301 -14.579394 -27.816751 144430396901.000000
-0.372070 -0.088379 -1.072266 -123.162325 -14.091380 -26.657720 144430399828.000000
-0.381836 -0.081299 -1.049805 -122.979320 -13.725371 -25.437687 144430402744.000000
-0.400635 -0.081299 -1.044434 -122.613311 -13.542366 -23.912646 144430405664.000000
-0.414795 -0.082520 -1.048584 -122.003294 -13.725371 -22.692613 144430408581.000000
-0.420654 -0.088379 -1.043701 -121.942292 -13.908376 -22.082596 144430411496.000000
-0.395264 -0.133057 -1.039551 -122.003294 -13.725371 -22.753614 144430414416.000000
-0.471924 -0.071289 -1.021484 -119.990240 -13.420362 -20.923565 144430417334.000000
-0.461182 -0.066650 -1.013428 -120.234246 -14.335387 -20.130544 144430420252.000000
-0.470947 -0.059570 -1.026855 -119.624230 -14.945404 -19.276520 144430423169.000000
-0.470459 -0.054443 -1.003662 -119.136217 -15.555420 -19.459525 144430426088.000000
-0.475098 -0.045898 -1.010010 -119.136217 -16.714451 -19.520527 144430429008.000000
-0.474854 -0.034912 -1.008545 -118.648204 -17.934484 -20.557555 144430431926.000000
-0.474609 -0.026855 -0.997314 -118.404197 -18.666504 -22.021595 144430434894.000000
-0.474121 -0.011475 -1.005127 -118.587202 -20.557555 -23.302629 144430438017.000000
-0.453613 0.001709 -0.992920 -118.953212 -22.326603 -25.193680 144430441118.000000
-0.447021 0.012207 -0.986572 -119.014213 -24.034649 -26.718721 144430444146.000000
-0.429688 0.019043 -0.977783 -119.319222 -25.681693 -28.060758 144430447116.000000
-0.415039 0.025146 -0.979004 -120.478253 -27.816751 -29.097786 144430450041.000000
-0.402832 0.026611 -0.971436 -121.637284 -28.731776 -29.890807 144430452960.000000
-0.393311 0.015137 -0.957520 -122.369304 -30.195815 -30.134814 144430455892.000000
-0.390137 0.000977 -0.951416 -122.857317 -30.500824 -31.049838 144430458807.000000
-0.407959 -0.008545 -0.948730 -123.528335 -30.439822 -30.805832 144430461723.000000
-0.422852 -0.025391 -0.961670 -124.748368 -29.646800 -30.256817 144430464641.000000
-0.424316 -0.020752 -0.951660 -124.382358 -28.853779 -30.561825 144430467554.000000
-0.415771 -0.015625 -0.952637 -124.321357 -28.975782 -30.256817 144430470476.000000
-0.418213 -0.013672 -0.938721 -123.894345 -30.134814 -29.768804 144430473399.000000
-0.435303 -0.017578 -0.931396 -122.979320 -31.476850 -28.853779 144430476317.000000
-0.440430 -0.018311 -0.921631 -121.942292 -32.940889 -28.731776 144430479234.000000
-0.448730 -0.014893 -0.927490 -121.515281 -34.221924 -27.877753 144430482156.000000
-0.460205 -0.010010 -0.914063 -120.722260 -35.746965 -27.816751 144430485075.000000
-0.473877 0.006104 -0.924072 -120.539255 -36.722992 -27.877753 144430487989.000000
-0.482178 0.017090 -0.906250 -119.929238 -38.187031 -27.328738 144430490904.000000
-0.480957 0.033936 -0.906738 -119.807235 -39.590069 -28.060758 144430493825.000000
-0.489502 0.049805 -0.899658 -119.075215 -41.603123 -28.304764 144430496791.000000
-0.489746 0.069580 -0.893555 -119.441225 -43.616178 -28.121759 144430499706.000000
-0.477295 0.073486 -0.859375 -117.977185 -45.934240 -28.853779 144430502623.000000
-0.452637 0.069092 -0.864258 -117.733179 -48.496309 -30.073812 144430505540.000000
-0.449951 0.092041 -0.857910 -117.062161 -51.241384 -30.805832 144430508454.000000
-0.433105 0.095215 -0.856689 -117.550174 -53.254438 -31.537852 144430511370.000000
-0.429932 0.090820 -0.848877 -116.940157 -55.206491 -32.696883 144430514286.000000
-0.415771 0.092529 -0.835205 -116.635149 -56.487525 -33.672909 144430517201.000000
-0.398682 0.078125 -0.829346 -115.598121 -58.073568 -34.404929 144430520118.000000
-0.399414 0.070801 -0.824463 -115.354115 -58.988593 -33.977917 144430523031.000000
-0.394043 0.057373 -0.809570 -114.744098 -58.866589 -34.404929 144430525951.000000
-0.402100 0.046143 -0.798340 -113.890075 -58.622583 -33.916916 144430528867.000000
-0.423096 0.032959 -0.799072 -114.561093 -58.195571 -33.245898 144430531781.000000
-0.400879 0.030762 -0.778076 -114.622095 -58.439578 -32.452876 144430534705.000000
-0.393799 0.018066 -0.776611 -114.378088 -58.256573 -31.659855 144430537623.000000
-0.420166 0.021484 -0.761475 -113.707070 -57.646556 -30.256817 144430540538.000000
-0.429443 0.014648 -0.756836 -113.158055 -55.938510 -28.853779 144430543452.000000
-0.427734 0.010742 -0.747314 -110.473983 -54.230464 -27.450741 144430546379.000000
-0.433594 -0.000977 -0.733887 -108.948942 -52.156408 -25.742695 144430549295.000000
-0.433838 0.005615 -0.741699 -107.850912 -50.631367 -25.010675 144430552210.000000
-0.416748 0.012451 -0.727783 -105.837858 -49.289331 -24.827670 144430555131.000000
-0.414795 0.020020 -0.733398 -104.678826 -48.069298 -25.132679 144430558051.000000
-0.425049 0.034912 -0.727783 -103.031782 -46.910267 -25.010675 144430560966.000000
-0.431641 0.042969 -0.712402 -101.567742 -46.117245 -26.169707 144430563916.000000
-0.464355 0.082764 -0.687256 -99.310681 -45.324224 -25.925700 144430566840.000000
-0.456299 0.084961 -0.690674 -98.761667 -45.385225 -26.291710 144430569760.000000
-0.445313 0.105469 -0.684082 -97.053620 -45.446227 -26.474715 144430572689.000000
-0.445557 0.125000 -0.671631 -96.016592 -45.812237 -26.413713 144430575608.000000
-0.439453 0.135498 -0.672607 -96.199597 -46.666260 -26.596718 144430578522.000000
-0.429688 0.148193 -0.669678 -96.382602 -47.215275 -27.145733 144430581439.000000
-0.429199 0.155029 -0.650879 -96.382602 -47.398280 -27.877753 144430584357.000000
-0.436523 0.151855 -0.641113 -96.565607 -47.398280 -28.121759 144430587273.000000
-0.413818 0.149902 -0.625244 -96.199597 -48.374306 -29.341792 144430590188.000000
-0.408691 0.162109 -0.616943 -96.626609 -49.045324 -29.158787 144430593104.000000
-0.396729 0.146729 -0.609863 -96.321601 -48.740316 -29.768804 144430596021.000000
-0.389404 0.144043 -0.619873 -95.772586 -48.618313 -30.500824 144430598936.000000
-0.390381 0.128418 -0.592773 -94.003538 -48.862319 -30.927835 144430601849.000000
-0.365723 0.137451 -0.574219 -91.563472 -48.130300 -31.171842 144430604766.000000
-0.367676 0.129883 -0.573242 -89.611420 -47.520283 -31.903861 144430607693.000000
-0.373291 0.130127 -0.587891 -88.208382 -46.605258 -32.452876 144430610608.000000
-0.369873 0.126221 -0.587158 -87.232355 -45.019216 -32.879888 144430613522.000000
-0.369385 0.124512 -0.612549 -87.537364 -43.677179 -33.367901 144430616440.000000
-0.385742 0.139648 -0.591553 -85.951321 -42.396145 -33.733911 144430619355.000000
-0.386963 0.135742 -0.595215 -84.975294 -41.359117 -33.916916 144430622270.000000
-0.395752 0.142578 -0.568359 -83.206247 -41.176112 -33.977917 144430625187.000000
-0.411377 0.140869 -0.559570 -81.498200 -41.481120 -33.916916 144430628100.000000
-0.421631 0.132813 -0.544922 -79.363143 -41.908132 -34.221924 144430631014.000000
-0.432861 0.151855 -0.555908 -77.838102 -41.664125 -33.977917 144430633944.000000
-0.454346 0.156006 -0.541748 -75.398036 -41.664125 -33.794912 144430636863.000000
-0.462158 0.156006 -0.558594 -74.971024 -42.152138 -33.428903 144430639779.000000
-0.473877 0.156738 -0.530518 -72.164948 -41.908132 -33.306899 144430642693.000000
-0.485840 0.156494 -0.513916 -70.517904 -42.213140 -33.184896 144430645618.000000
-0.481201 0.159424 -0.511230 -68.748856 -42.762155 -33.489904 144430648534.000000
-0.484863 0.159912 -0.490479 -66.735802 -43.677179 -33.367901 144430651450.000000
-0.491211 0.164063 -0.465820 -64.234734 -44.958214 -33.794912 144430654372.000000
-0.486328 0.164307 -0.449951 -62.343683 -46.727262 -34.221924 144430657291.000000
-0.486084 0.171143 -0.422363 -59.415604 -48.496309 -34.770939 144430660206.000000
-0.488281 0.175781 -0.397705 -56.975538 -50.875374 -35.746965 144430663122.000000
-0.493164 0.182373 -0.386963 -54.108461 -52.827426 -36.722992 144430666052.000000
-0.485352 0.194824 -0.393555 -51.912402 -54.169463 -37.760020 144430668974.000000
-0.492432 0.222168 -0.421143 -50.753370 -54.779479 -38.492039 144430671890.000000
-0.477539 0.241699 -0.437500 -49.716342 -55.328494 -39.712072 144430674807.000000
-0.473145 0.258789 -0.448486 -48.496309 -55.755505 -40.749100 144430677723.000000
-0.452637 0.272949 -0.448486 -46.910267 -55.938510 -42.457146 144430680637.000000
-0.448730 0.289795 -0.450195 -44.958214 -56.060514 -43.555176 144430683552.000000
-0.437500 0.303955 -0.438721 -43.006161 -56.304520 -45.080217 144430686468.000000
-0.426514 0.319336 -0.431152 -41.115110 -56.670530 -46.239248 144430689382.000000
-0.406250 0.338135 -0.427979 -38.858049 -56.548527 -48.130300 144430692294.000000
-0.405762 0.350342 -0.437500 -37.028000 -56.487525 -49.899347 144430695211.000000
-0.390625 0.369385 -0.455566 -36.478985 -56.121515 -51.424388 144430698150.000000
-0.387695 0.380371 -0.473389 -35.502959 -55.206491 -53.193436 144430701075.000000
-0.377930 0.389160 -0.480225 -35.136949 -54.413469 -54.840481 144430704000.000000
-0.368164 0.390625 -0.501953 -34.892942 -53.071433 -56.609528 144430706917.000000
-0.365967 0.393311 -0.507813 -35.075947 -51.302385 -57.951565 144430709839.000000
-0.371826 0.390625 -0.519043 -35.441957 -49.594339 -58.927591 144430712761.000000
-0.363037 0.375000 -0.512695 -35.502959 -47.398280 -59.964619 144430715682.000000
-0.368896 0.369385 -0.505615 -35.624962 -45.385225 -61.062649 144430718598.000000
-0.373535 0.343994 -0.499023 -34.526932 -43.189166 -61.794668 144430721519.000000
-0.387695 0.321289 -0.476074 -33.245898 -40.871104 -62.526688 144430724445.000000
-0.398682 0.303223 -0.503418 -32.269871 -38.309034 -62.282682 144430727365.000000
-0.410889 0.291260 -0.503906 -31.598853 -35.380955 -61.855670 144430730281.000000
-0.419434 0.276367 -0.546143 -31.415848 -31.903861 -61.306655 144430733196.000000
-0.434570 0.262451 -0.546631 -30.683828 -28.731776 -60.818642 144430736123.000000
-0.444824 0.249023 -0.557861 -30.500824 -25.559690 -60.513634 144430739038.000000
-0.458252 0.247314 -0.563477 -29.890807 -22.570609 -60.025621 144430741954.000000
-0.464600 0.240479 -0.569336 -29.585799 -19.581529 -60.086622 144430744877.000000
-0.468750 0.243164 -0.562500 -28.731776 -17.263466 -59.537608 144430747795.000000
-0.469482 0.247314 -0.553223 -27.084731 -15.433417 -59.232599 144430750710.000000
-0.471680 0.245361 -0.547852 -25.071677 -14.091380 -59.354603 144430753625.000000
-0.468018 0.243652 -0.549316 -23.363631 -12.810346 -60.330629 144430756549.000000
-0.459717 0.248291 -0.551514 -21.411578 -12.139328 -61.428659 144430759464.000000
-0.449463 0.252441 -0.557861 -20.008540 -11.407308 -62.831696 144430762377.000000
-0.430664 0.258301 -0.557373 -18.056488 -11.407308 -65.027756 144430765343.000000
-0.402588 0.257568 -0.563477 -16.104435 -10.736290 -68.565851 144430768268.000000
-0.376953 0.255615 -0.556396 -14.396389 -10.736290 -72.164948 144430771185.000000
-0.355469 0.254639 -0.546875 -12.810346 -10.980296 -76.435064 144430774115.000000
-0.320557 0.251709 -0.536377 -10.675288 -11.346306 -81.498200 144430777030.000000
-0.297852 0.250488 -0.540283 -8.967242 -10.919295 -86.073324 144430779945.000000
-0.271729 0.252930 -0.549561 -7.442201 -10.187275 -91.258464 144430782860.000000
-0.262695 0.250000 -0.550781 -5.978161 -9.089245 -95.711584 144430785777.000000
-0.245850 0.251709 -0.558594 -4.758128 -7.442201 -99.737693 144430788703.000000
-0.241211 0.255371 -0.571533 -3.416092 -5.490148 -103.458793 144430791633.000000
-0.239990 0.248047 -0.565186 -1.891051 -2.562069 -105.471848 144430794551.000000
-0.251709 0.247070 -0.559326 -0.549015 0.732020 -106.813884 144430797466.000000
-0.271973 0.248291 -0.548828 1.769048 3.660099 -107.179894 144430800381.000000
-0.296875 0.247070 -0.545654 3.477094 7.137193 -106.081864 144430803295.000000
-0.327393 0.251465 -0.529297 5.246142 10.675288 -104.312816 144430806224.000000
-0.356201 0.259033 -0.532715 6.527176 13.420362 -101.994754 144430809138.000000
-0.381348 0.265625 -0.533203 7.503203 16.409443 -99.127676 144430812051.000000
-0.399658 0.273926 -0.546631 8.113219 19.154517 -96.687611 144430814971.000000
-0.420166 0.287109 -0.550781 7.808211 21.533581 -94.064540 144430817885.000000
-0.435547 0.295166 -0.567627 7.625206 23.546636 -91.868480 144430820811.000000
-0.435547 0.297363 -0.565186 7.442201 25.559690 -90.526444 144430823725.000000
-0.441406 0.291748 -0.567871 7.137193 27.633746 -90.038431 144430826640.000000
-0.435547 0.289307 -0.560791 7.747209 29.280791 -89.916428 144430829555.000000
-0.421631 0.275635 -0.527100 8.845239 31.049838 -91.258464 144430832470.000000
-0.423340 0.252441 -0.490723 11.102300 33.062893 -92.844507 144430835386.000000
-0.422607 0.220947 -0.470947 13.359361 35.319954 -94.979564 144430838301.000000
-0.420898 0.199219 -0.453613 16.470445 38.126029 -97.053620 144430841214.000000
-0.417480 0.174316 -0.447021 18.422497 41.725127 -99.127676 144430844135.000000
-0.411621 0.155029 -0.432617 21.289575 45.263222 -101.933752 144430847054.000000
-0.425537 0.129639 -0.426025 23.790642 50.082352 -103.092784 144430849968.000000
-0.440674 0.116699 -0.424316 26.230708 54.474471 -104.922833 144430852883.000000
-0.458252 0.104248 -0.406494 29.097786 59.659611 -105.227841 144430855809.000000
-0.491943 0.099365 -0.423096 31.293845 64.417739 -104.922833 144430858725.000000
-0.514893 0.087402 -0.399170 33.733911 69.297871 -104.434820 144430861652.000000
-0.529785 0.086670 -0.422607 34.953944 73.628988 -103.397792 144430864579.000000
-0.544678 0.084229 -0.411621 36.600988 78.265113 -102.909779 144430867498.000000
-0.562256 0.079590 -0.432617 36.905996 82.352224 -101.445739 144430870414.000000
-0.576172 0.077637 -0.425049 38.065028 85.951321 -100.652718 144430873331.000000
-0.585938 0.078613 -0.441162 37.882023 89.123406 -100.591716 144430876247.000000
-0.583008 0.069580 -0.422363 39.407064 91.136461 -100.408711 144430879168.000000
-0.604248 0.053955 -0.401855 40.322089 92.722504 -100.286708 144430882084.000000
-0.621338 0.022217 -0.371826 42.518148 93.149515 -100.469713 144430885001.000000
-0.622803 -0.003174 -0.337891 46.117245 91.990484 -100.103703 144430887917.000000
-0.637939 -0.031738 -0.319336 48.862319 89.794424 -100.835723 144430890831.000000
-0.665527 -0.061768 -0.311523 52.705423 87.293357 -100.896724 144430893744.000000
-0.692627 -0.082520 -0.312256 55.206491 84.487281 -100.530714 144430896660.000000
-0.718506 -0.106445 -0.303223 58.439578 80.644177 -100.591716 144430899572.000000
-0.744385 -0.132568 -0.293213 61.672665 75.886049 -99.859696 144430902486.000000
-0.779785 -0.153809 -0.272705 64.661746 70.883914 -99.310681 144430905403.000000
-0.808838 -0.181152 -0.260010 67.406820 66.491795 -98.700665 144430908317.000000
-0.842285 -0.199219 -0.245605 70.944916 61.672665 -97.724639 144430911232.000000
-0.858154 -0.223877 -0.230469 73.994998 57.158543 -97.053620 144430914148.000000
-0.879883 -0.234619 -0.225830 77.106082 53.010431 -96.443604 144430917064.000000
-0.900146 -0.244141 -0.239746 79.729153 49.899347 -95.467578 144430919978.000000
-0.919189 -0.239990 -0.237305 82.535228 47.215275 -94.735558 144430922892.000000
-0.919434 -0.241455 -0.261719 84.365278 44.409199 -94.491551 144430925817.000000
-0.925293 -0.236328 -0.287109 85.341304 41.420118 -94.247545 144430928733.000000
-0.922607 -0.223633 -0.293945 86.134326 38.553041 -94.430550 144430931647.000000
-0.930176 -0.229004 -0.298340 86.500336 34.892942 -94.796560 144430934569.000000
-0.933838 -0.228271 -0.287109 87.293357 30.378820 -94.735558 144430937488.000000
-0.941406 -0.229492 -0.289551 88.452388 26.108705 -94.918563 144430940401.000000
-0.953125 -0.230225 -0.293457 89.184408 21.594583 -94.857561 144430943315.000000
-0.953125 -0.246582 -0.305664 89.977429 16.470445 -94.674556 144430946246.000000
-0.941406 -0.255127 -0.331787 90.648448 11.834320 -95.162569 144430949162.000000
-0.941650 -0.264648 -0.364502 91.014457 6.954188 -95.223571 144430952077.000000
-0.944824 -0.269531 -0.403076 90.770451 2.013054 -95.528579 144430954998.000000
-0.961426 -0.270020 -0.433838 90.831452 -2.989081 -95.040566 144430957917.000000
-0.970947 -0.272217 -0.463867 90.282438 -7.869212 -94.552553 144430960837.000000
-0.989014 -0.272705 -0.503418 90.038431 -13.176356 -93.271518 144430963755.000000
-1.004639 -0.265381 -0.543213 88.696395 -16.958458 -91.624474 144430966673.000000
-1.008301 -0.259521 -0.585205 86.927347 -20.435552 -89.977429 144430969588.000000
-1.009033 -0.256592 -0.635498 84.853291 -22.997621 -88.757396 144430972503.000000
-0.999512 -0.244385 -0.689209 82.962240 -23.546636 -87.842372 144430975421.000000
-0.991455 -0.233887 -0.748047 80.278168 -23.119624 -86.805344 144430978335.000000
-1.016113 -0.246826 -0.762939 78.814128 -20.862563 -86.500336 144430981249.000000
-0.949463 -0.213379 -0.794189 77.350088 -19.459525 -86.683340 144430984165.000000
-0.899170 -0.192627 -0.822754 77.289087 -20.801562 -86.012322 144430987078.000000
-0.885498 -0.179932 -0.887695 76.008052 -22.387604 -85.341304 144430989994.000000
-0.854736 -0.160645 -0.944580 75.032026 -22.936619 -84.548283 144430992908.000000
-0.851563 -0.157959 -0.966064 74.605014 -23.180626 -84.304276 144430995826.000000
-0.844727 -0.145752 -1.000244 73.506985 -22.997621 -83.999268 144430998743.000000
-0.832520 -0.141846 -1.007813 72.652962 -22.692613 -83.389252 144431001657.000000
-0.820801 -0.126465 -1.021973 71.920942 -21.777588 -83.450253 144431004576.000000
-0.803711 -0.125732 -1.029785 71.676935 -21.045568 -82.596230 144431007504.000000
-0.797119 -0.125488 -1.020752 71.249924 -20.618557 -81.925212 144431010418.000000
-0.783936 -0.132324 -1.026367 71.005917 -19.276520 -80.827182 144431013334.000000
-0.782471 -0.144043 -1.031738 69.968889 -17.690478 -79.546148 144431016252.000000
-0.785400 -0.146973 -1.029541 68.565851 -15.189410 -77.655097 144431019168.000000
-0.813477 -0.156006 -1.015381 67.040810 -12.627341 -75.764046 144431022096.000000
-0.778320 -0.180664 -0.991943 66.369792 -11.285305 -74.300006 144431025017.000000
-0.774414 -0.201172 -0.994385 66.186787 -10.370280 -71.920942 144431028135.000000
-0.768066 -0.227295 -1.000488 66.430794 -7.625206 -70.578906 144431031060.000000
-0.785889 -0.246582 -1.022217 66.552797 -4.209114 -69.053864 144431033986.000000
-0.800049 -0.250732 -1.032959 66.918807 -0.305008 -67.162813 144431036905.000000
-0.820313 -0.246338 -1.044189 66.613799 3.843104 -65.088757 144431039822.000000
-0.835693 -0.229248 -1.053467 66.125785 8.052217 -62.831696 144431042736.000000
-0.844727 -0.217285 -1.055176 65.942780 12.078326 -60.635637 144431045662.000000
-0.858398 -0.201172 -1.062256 65.393766 16.104435 -57.707558 144431048578.000000
-0.859863 -0.185547 -1.054932 64.722748 19.520527 -55.084487 144431051492.000000
-0.849854 -0.166992 -1.042480 63.990728 22.936619 -52.827426 144431054414.000000
-0.841797 -0.157959 -1.027344 63.197706 25.498688 -50.631367 144431057331.000000
-0.824951 -0.149414 -1.020020 62.160678 28.426768 -49.350332 144431060258.000000
-0.810059 -0.142334 -1.011230 60.940645 30.073812 -48.069298 144431063181.000000
-0.804688 -0.132568 -0.999268 59.415604 31.964863 -47.398280 144431066108.000000
-0.797852 -0.125732 -0.998535 57.280547 32.879888 -46.605258 144431069025.000000
-0.792725 -0.126953 -0.988770 55.267492 33.245898 -46.117245 144431071942.000000
-0.797852 -0.132080 -0.977051 53.620448 33.062893 -44.958214 144431074859.000000
-0.798096 -0.141113 -0.949219 52.339413 32.330873 -43.982188 144431077775.000000
-0.808350 -0.162109 -0.928711 50.570365 31.232843 -42.457146 144431080690.000000
-0.821045 -0.170654 -0.916016 49.411334 29.951809 -41.176112 144431083605.000000
-0.844971 -0.186523 -0.901855 47.642286 28.121759 -38.919051 144431086524.000000
-0.865234 -0.201172 -0.890137 46.178247 26.657720 -37.150003 144431089521.000000
-0.887207 -0.209229 -0.888428 43.982188 24.949674 -35.502959 144431092436.000000
-0.897949 -0.221191 -0.894043 42.213140 23.607637 -33.977917 144431095357.000000
-0.912109 -0.227295 -0.887695 40.200085 21.594583 -33.062893 144431098273.000000
-0.916260 -0.228027 -0.883301 38.858049 19.703532 -32.330873 144431101190.000000
-0.917725 -0.231934 -0.883057 37.760020 17.812481 -32.086866 144431104107.000000
-0.919189 -0.226807 -0.867676 37.272006 15.982432 -32.086866 144431107025.000000
-0.921875 -0.223877 -0.865234 36.722992 13.786372 -31.842860 144431109942.000000
-0.916748 -0.216309 -0.868408 36.173977 12.078326 -32.025865 144431112856.000000
-0.915039 -0.207275 -0.857666 35.258952 10.248277 -31.537852 144431115771.000000
-0.925537 -0.198975 -0.857910 34.465931 8.845239 -30.134814 144431118684.000000
-0.912598 -0.198486 -0.869873 33.855914 7.198194 -28.975782 144431121599.000000
-0.895752 -0.190674 -0.888184 33.245898 5.551150 -27.755749 144431124523.000000
-0.879639 -0.194580 -0.885986 32.391875 4.758128 -26.108705 144431127439.000000
-0.869873 -0.194824 -0.906982 31.537852 4.270115 -24.949674 144431130353.000000
-0.851563 -0.203613 -0.907471 30.622827 3.782102 -24.095651 144431133269.000000
-0.833252 -0.211670 -0.902832 29.890807 3.843104 -23.607637 144431136187.000000
-0.809814 -0.227783 -0.887207 29.402794 3.538096 -22.875618 144431139101.000000
-0.798584 -0.239014 -0.881836 28.975782 3.050082 -22.326603 144431142015.000000
-0.791748 -0.246826 -0.868164 28.304764 2.928079 -22.326603 144431144940.000000
-0.790527 -0.245605 -0.876709 27.084731 2.379064 -21.716586 144431147857.000000
-0.788086 -0.242920 -0.887207 25.498688 1.891051 -20.984567 144431150771.000000
-0.782227 -0.237793 -0.893555 23.729641 1.525041 -20.374550 144431153687.000000
-0.779297 -0.235107 -0.896484 22.570609 1.037028 -19.947539 144431156618.000000
-0.777344 -0.237793 -0.882813 21.533581 -0.305008 -19.154517 144431159549.000000
-0.769531 -0.241943 -0.869629 21.228573 -0.854023 -18.361496 144431162465.000000
-0.767578 -0.252441 -0.850586 20.862563 -2.013054 -17.873483 144431165392.000000
-0.762695 -0.266113 -0.839600 21.167572 -2.806076 -16.958458 144431168307.000000
-0.759766 -0.272217 -0.827637 21.350576 -3.233087 -16.409443 144431171222.000000
-0.749756 -0.278320 -0.826660 22.021595 -3.294089 -14.762399 144431174142.000000
-0.742676 -0.275391 -0.822021 21.838590 -3.538096 -13.969377 144431177058.000000
-0.742188 -0.282959 -0.811523 22.204600 -3.050082 -13.237357 144431179973.000000
-0.741699 -0.280273 -0.807129 22.265601 -2.379064 -11.529311 144431182890.000000
-0.738525 -0.282471 -0.803711 22.326603 -1.769048 -10.370280 144431185807.000000
-0.735107 -0.280273 -0.797119 22.570609 -1.098030 -9.333252 144431188721.000000
-0.729248 -0.278076 -0.790527 22.265601 -0.488013 -8.418227 144431191679.000000
-0.725342 -0.278076 -0.782471 22.204600 0.549015 -7.442201 144431194604.000000
-0.719971 -0.277344 -0.779785 21.960593 0.976026 -7.259196 144431197520.000000
-0.716553 -0.270508 -0.777588 21.045568 1.891051 -6.954188 144431200435.000000
-0.717041 -0.265869 -0.779297 20.679558 2.318063 -6.954188 144431203349.000000
-0.708252 -0.262207 -0.780762 19.520527 3.538096 -6.832184 144431206266.000000
-0.708252 -0.258789 -0.784180 18.788507 4.026109 -6.832184 144431209182.000000
-0.703857 -0.253418 -0.788330 17.873483 4.697127 -6.710181 144431212096.000000
-0.703613 -0.244873 -0.791504 17.263466 5.124138 -6.527176 144431215014.000000
-0.705322 -0.243896 -0.789795 16.287440 5.246142 -6.344171 144431217927.000000
-0.696533 -0.238770 -0.789795 15.982432 5.368145 -5.856158 144431220842.000000
-0.697510 -0.237061 -0.785645 15.128408 4.880132 -5.429147 144431223760.000000
-0.694092 -0.242432 -0.779053 15.067407 4.758128 -4.941133 144431226685.000000
-0.693115 -0.236572 -0.780762 14.396389 4.148112 -4.087110 144431229601.000000
-0.689453 -0.238037 -0.777100 14.274385 3.416092 -3.538096 144431232516.000000
-0.688721 -0.242188 -0.766357 14.213384 2.867077 -3.111084 144431235441.000000
-0.683105 -0.245361 -0.778564 13.725371 2.562069 -2.318063 144431238357.000000
-0.682861 -0.247070 -0.770264 14.396389 2.379064 -2.013054 144431241271.000000
-0.678223 -0.252686 -0.768799 14.091380 1.830049 -1.220033 144431244193.000000
-0.673584 -0.259766 -0.774414 14.213384 2.074056 -0.793021 144431247120.000000
-0.670166 -0.263184 -0.778320 14.030379 1.952053 -0.549015 144431250041.000000
-0.663330 -0.267334 -0.779297 14.274385 2.318063 0.061002 144431252957.000000
-0.660156 -0.268555 -0.782715 14.152382 2.684072 0.549015 144431255883.000000
-0.654541 -0.274658 -0.781006 14.213384 2.623071 0.549015 144431258796.000000
-0.646484 -0.274170 -0.779541 14.396389 3.477094 0.732020 144431261713.000000
-0.648926 -0.283203 -0.774902 14.701397 4.331117 1.281035 144431264634.000000
-0.642090 -0.287598 -0.771729 14.945404 4.819130 1.708046 144431267551.000000
-0.638916 -0.292236 -0.759521 15.250412 5.612152 1.830049 144431270465.000000
-0.632813 -0.300049 -0.745850 15.677423 5.856158 2.135058 144431273380.000000
-0.634521 -0.306885 -0.746094 16.043433 6.649180 2.013054 144431276296.000000
-0.630127 -0.302002 -0.740234 15.982432 6.954188 2.074056 144431279210.000000
-0.627686 -0.304199 -0.739502 16.043433 7.503203 2.318063 144431282125.000000
-0.626465 -0.304443 -0.739990 15.677423 8.418227 2.135058 144431285043.000000
-0.624268 -0.300537 -0.741455 15.433417 9.089245 2.196059 144431287958.000000
-0.622314 -0.299561 -0.742920 15.372415 9.699262 2.135058 144431290900.000000
-0.626221 -0.298584 -0.740234 15.372415 10.675288 2.196059 144431293817.000000
-0.626221 -0.296631 -0.737793 15.677423 11.346306 2.257061 144431296825.000000
-0.622070 -0.294922 -0.725342 15.799427 11.956323 2.074056 144431299742.000000
-0.624023 -0.295166 -0.713379 16.592448 12.505338 2.013054 144431302663.000000
-0.621826 -0.300049 -0.711670 16.897456 12.566339 2.074056 144431305579.000000
-0.618408 -0.307861 -0.699219 17.507473 12.383334 1.708046 144431308493.000000
-0.608154 -0.310303 -0.678955 18.239492 12.200329 1.769048 144431311407.000000
-0.605713 -0.314941 -0.680664 18.971512 11.834320 1.403038 144431314326.000000
-0.603516 -0.322021 -0.668701 19.459525 11.834320 1.342036 144431317241.000000
-0.600342 -0.326660 -0.666504 19.947539 11.163301 1.220033 144431320156.000000
-0.598145 -0.330566 -0.663330 20.862563 10.797292 1.098030 144431323070.000000
-0.588623 -0.333740 -0.658203 21.167572 10.309278 0.183005 144431325987.000000
-0.583496 -0.343262 -0.647461 22.143598 10.187275 0.305008 144431328902.000000
-0.583252 -0.352783 -0.641113 22.753614 9.943268 0.183005 144431331816.000000
-0.577637 -0.355957 -0.618896 23.851644 9.089245 0.061002 144431334734.000000
-0.576172 -0.363037 -0.626465 24.888672 8.662234 -0.549015 144431337648.000000
-0.576416 -0.374268 -0.614014 26.352712 8.113219 -0.427012 144431340561.000000
-0.569824 -0.387207 -0.597900 27.755749 7.320198 -0.915025 144431343482.000000
-0.559814 -0.400879 -0.588379 29.524797 6.893186 -1.525041 144431346413.000000
-0.554932 -0.418213 -0.576660 31.110840 5.978161 -1.891051 144431349328.000000
-0.549316 -0.431885 -0.559326 33.245898 4.880132 -2.928079 144431352241.000000
-0.548096 -0.446045 -0.537842 35.319954 4.636125 -3.477094 144431355158.000000
-0.532715 -0.461426 -0.526123 37.821021 3.172086 -4.270115 144431358087.000000
-0.528809 -0.483643 -0.505859 40.383090 2.135058 -5.307143 144431361003.000000
-0.526123 -0.498291 -0.485352 43.372171 1.525041 -6.466175 144431363926.000000
-0.528076 -0.511230 -0.465088 46.483255 0.427012 -7.625206 144431366845.000000
-0.525879 -0.525879 -0.451416 49.594339 -0.366010 -8.296224 144431369766.000000
-0.536621 -0.529785 -0.445557 52.949430 -0.976026 -9.028244 144431372693.000000
-0.541016 -0.525391 -0.444580 55.694504 -1.708046 -9.760264 144431375625.000000
-0.550293 -0.516602 -0.439209 58.012566 -2.379064 -9.882267 144431378540.000000
-0.567383 -0.506348 -0.443604 60.086622 -3.477094 -9.821265 144431381457.000000
-0.580811 -0.487793 -0.434326 61.977673 -4.758128 -9.882267 144431384373.000000
-0.591553 -0.473389 -0.418945 63.685720 -6.283170 -9.882267 144431387287.000000
-0.596680 -0.461914 -0.422363 65.515769 -8.418227 -10.492283 144431390214.000000
-0.604980 -0.444336 -0.401123 66.796804 -10.065272 -11.224303 144431394272.000000
-0.599854 -0.431152 -0.394775 68.870860 -13.237357 -12.444336 144431397231.000000
-0.594971 -0.423828 -0.397705 70.090892 -15.189410 -14.030379 144431400155.000000
-0.591064 -0.414063 -0.388428 71.920942 -17.507473 -15.433417 144431403069.000000
-0.584961 -0.410156 -0.395264 72.957970 -19.825535 -17.263466 144431405989.000000
-0.575439 -0.402344 -0.387207 74.178003 -22.204600 -19.337522 144431408904.000000
-0.576172 -0.401123 -0.387207 74.849021 -24.583664 -21.350576 144431411818.000000
-0.571533 -0.399658 -0.382324 76.191057 -26.779723 -22.997621 144431414736.000000
-0.568604 -0.400146 -0.378906 76.801074 -29.524797 -25.254682 144431417650.000000
-0.565918 -0.403320 -0.382324 77.960105 -32.635881 -26.901726 144431420570.000000
-0.568604 -0.412109 -0.373291 78.936131 -35.319954 -28.853779 144431423498.000000
-0.569824 -0.418701 -0.372559 79.973159 -37.577015 -30.012810 144431426416.000000
-0.570557 -0.425537 -0.382080 81.254194 -40.200085 -31.293845 144431429332.000000
-0.576660 -0.427490 -0.390869 82.413225 -42.152138 -32.147868 144431432247.000000
-0.575928 -0.430176 -0.403564 82.596230 -44.409199 -33.062893 144431435164.000000
-0.573975 -0.433350 -0.410156 83.450253 -46.727262 -33.855914 144431438091.000000
-0.582764 -0.434570 -0.426758 83.328250 -48.801318 -34.404929 144431441017.000000
-0.582275 -0.437988 -0.437256 83.633258 -50.997377 -35.014945 144431443939.000000
-0.586426 -0.441406 -0.455322 83.267248 -53.132435 -35.624962 144431446859.000000
-0.578857 -0.444580 -0.458008 83.084243 -54.962484 -36.539987 144431449775.000000
-0.577148 -0.447510 -0.473877 82.901238 -56.609528 -37.760020 144431452699.000000
-0.567627 -0.449219 -0.486816 82.657232 -57.890563 -39.102056 144431455636.000000
-0.558350 -0.447510 -0.510010 82.596230 -58.134570 -40.261087 144431458551.000000
-0.544434 -0.454102 -0.512695 82.962240 -58.988593 -42.091136 144431461469.000000
-0.534180 -0.458496 -0.536621 82.596230 -58.927591 -43.921186 144431464387.000000
-0.525146 -0.469482 -0.546143 82.779235 -58.988593 -45.568230 144431467304.000000
-0.516113 -0.474121 -0.563965 83.023242 -58.622583 -47.764290 144431470229.000000
-0.504639 -0.477295 -0.568359 82.901238 -58.378576 -49.350332 144431473147.000000
-0.505615 -0.485596 -0.572998 83.145245 -57.646556 -50.692369 144431476066.000000
-0.498779 -0.493652 -0.587646 83.450253 -57.280547 -52.278412 144431478980.000000
-0.489990 -0.503906 -0.592041 83.511255 -56.365522 -53.986458 144431481896.000000
-0.481689 -0.516846 -0.601807 83.816263 -55.938510 -55.450497 144431484822.000000
-0.475342 -0.536865 -0.590820 85.036296 -55.389496 -56.731532 144431487736.000000
-0.479980 -0.555908 -0.594971 85.951321 -54.718477 -58.195571 144431490649.000000
-0.468994 -0.566406 -0.595703 87.293357 -53.803453 -59.659611 144431493600.000000
-0.461426 -0.591553 -0.596680 88.757396 -52.766425 -60.696639 144431496519.000000
-0.458252 -0.607422 -0.592529 90.587446 -51.851400 -61.733667 144431499432.000000
-0.448486 -0.624512 -0.604248 92.295492 -50.509364 -63.136705 144431502349.000000
-0.440918 -0.638428 -0.601074 94.064540 -48.618313 -64.417739 144431505266.000000
-0.444824 -0.646484 -0.603760 95.833588 -46.727262 -65.332764 144431508181.000000
-0.440918 -0.646973 -0.624023 96.870616 -44.348197 -66.613799 144431511097.000000
-0.446777 -0.649902 -0.630371 98.822668 -41.481120 -67.162813 144431514014.000000
-0.453857 -0.649658 -0.649658 99.493686 -38.614043 -67.772830 144431516929.000000
-0.458496 -0.645996 -0.653076 100.530714 -35.380955 -67.589825 144431519846.000000
-0.453857 -0.634766 -0.665527 101.140731 -32.086866 -67.894833 144431522759.000000
-0.462891 -0.632568 -0.661621 101.628744 -29.036784 -68.077838 144431525685.000000
-0.458252 -0.625000 -0.677734 101.994754 -25.376685 -68.443848 144431528601.000000
-0.459473 -0.622314 -0.680664 101.933752 -22.326603 -68.565851 144431531518.000000
-0.457764 -0.620605 -0.689453 102.360764 -19.337522 -68.931861 144431534440.000000
-0.453857 -0.627441 -0.693359 102.604770 -15.799427 -69.419874 144431537359.000000
-0.446777 -0.627441 -0.692383 101.994754 -12.627341 -70.517904 144431540274.000000
-0.437988 -0.632324 -0.696289 102.360764 -9.699262 -71.493930 144431543189.000000
-0.435303 -0.638428 -0.698486 101.567742 -6.588178 -72.347953 144431546115.000000
-0.431396 -0.649658 -0.704834 101.506741 -3.782102 -73.506985 144431549029.000000
-0.425537 -0.661865 -0.702881 100.835723 -1.037028 -74.849021 144431551944.000000
-0.423096 -0.675049 -0.703369 100.774721 1.647044 -75.947051 144431554865.000000
-0.419434 -0.686279 -0.700928 100.408711 4.209114 -77.838102 144431557785.000000
-0.418945 -0.701660 -0.698486 100.347709 6.710181 -79.180138 144431560697.000000
-0.425537 -0.716797 -0.691895 100.225706 9.211249 -80.766181 144431563611.000000
-0.431885 -0.730225 -0.685547 100.652718 11.529311 -81.864210 144431566529.000000
-0.437988 -0.740967 -0.685303 101.140731 14.091380 -83.267248 144431569442.000000
-0.450195 -0.748779 -0.685791 101.689746 16.592448 -83.572256 144431572357.000000
-0.460693 -0.745117 -0.682861 102.421765 19.154517 -84.670286 144431575274.000000
-0.477539 -0.739990 -0.680664 102.970780 21.350576 -84.731288 144431578191.000000
-0.496338 -0.733398 -0.683350 103.458793 23.668639 -84.670286 144431581107.000000
-0.514648 -0.717285 -0.685059 103.580797 26.047703 -84.853291 144431584023.000000
-0.537598 -0.703369 -0.683105 103.885805 27.877753 -83.877265 144431586938.000000
-0.554443 -0.686279 -0.687744 103.946807 29.524797 -83.694260 144431589853.000000
-0.573486 -0.675537 -0.688965 103.824803 30.805832 -82.962240 144431592793.000000
-0.582275 -0.666992 -0.685791 103.397792 31.903861 -82.413225 144431595712.000000
-0.602539 -0.663330 -0.688477 102.726774 32.147868 -82.474227 144431598628.000000
-0.609131 -0.657471 -0.682129 101.994754 31.903861 -82.474227 144431601543.000000
-0.618408 -0.661621 -0.673584 101.079729 31.354847 -82.718233 144431604459.000000
-0.622314 -0.672119 -0.662842 100.469713 29.829805 -83.694260 144431607375.000000
-0.627197 -0.687012 -0.654053 99.798695 27.511743 -84.426280 144431610293.000000
-0.627441 -0.701660 -0.635254 99.615690 25.193680 -86.073324 144431613210.000000
-0.622070 -0.726807 -0.617920 98.883670 21.655585 -88.208382 144431616137.000000
-0.615479 -0.738525 -0.603027 99.066675 18.239492 -90.282438 144431619052.000000
-0.598633 -0.766602 -0.589355 99.066675 13.847374 -92.905508 144431621966.000000
-0.588135 -0.787354 -0.567871 99.127676 9.516257 -95.711584 144431624890.000000
-0.564941 -0.806641 -0.555908 99.615690 5.185140 -98.883670 144431627809.000000
-0.562012 -0.815430 -0.535400 100.774721 0.671018 -101.811749 144431630724.000000
-0.549072 -0.835205 -0.516113 101.628744 -3.050082 -104.617825 144431633639.000000
-0.544189 -0.845947 -0.497803 103.641798 -6.466175 -106.996889 144431636563.000000
-0.546143 -0.852051 -0.473633 105.227841 -9.211249 -108.643933 144431639491.000000
-0.550781 -0.855713 -0.449707 107.301897 -11.407308 -109.558958 144431642405.000000
-0.554199 -0.854492 -0.437744 109.741963 -13.054352 -109.924968 144431645326.000000
-0.562012 -0.845703 -0.414551 111.877021 -14.091380 -109.985970 144431648242.000000
-0.574707 -0.833740 -0.407959 113.951077 -14.762399 -109.741963 144431651159.000000
-0.586182 -0.822266 -0.400879 115.476118 -15.311413 -109.009943 144431654095.000000
-0.596924 -0.805420 -0.386475 116.574148 -15.982432 -107.972915 144431657020.000000
-0.609375 -0.789551 -0.384277 117.367169 -16.592448 -106.935887 144431659934.000000
-0.618896 -0.781250 -0.379150 117.367169 -16.226438 -105.654853 144431662849.000000
-0.632080 -0.770752 -0.374023 117.245166 -16.287440 -104.678826 144431665774.000000
-0.636719 -0.772949 -0.360840 117.062161 -16.287440 -104.007808 144431668698.000000
-0.651611 -0.775879 -0.345703 116.879156 -15.982432 -103.458793 144431671625.000000
-0.661621 -0.790283 -0.329834 117.001159 -15.555420 -102.665772 144431674546.000000
-0.676025 -0.806396 -0.309082 117.428171 -15.921430 -102.299762 144431677463.000000
-0.687988 -0.830566 -0.293213 117.916184 -15.982432 -102.116757 144431680376.000000
-0.713867 -0.856445 -0.273682 118.526200 -16.592448 -102.177759 144431683290.000000
-0.723145 -0.883789 -0.249268 119.197218 -18.117489 -102.787775 144431686218.000000
-0.736816 -0.920166 -0.227783 119.746233 -20.618557 -103.275788 144431689136.000000
-0.751953 -0.950439 -0.218262 120.600256 -23.607637 -104.312816 144431692051.000000
-0.764404 -0.984375 -0.190430 121.515281 -27.450741 -105.715854 144431694995.000000
-0.781982 -1.018066 -0.177979 122.308302 -32.086866 -106.996889 144431697909.000000
-0.798096 -1.046143 -0.169678 123.040322 -36.905996 -108.460928 144431700828.000000
-0.806641 -1.063965 -0.159668 124.138352 -42.457146 -110.046971 144431703740.000000
-0.819336 -1.090820 -0.159180 125.175380 -47.764290 -111.328006 144431706656.000000
-0.837646 -1.104980 -0.154053 126.151406 -54.291466 -112.975050 144431709572.000000
-0.844727 -1.123779 -0.156982 126.395413 -60.086622 -113.951077 144431712487.000000
-0.853760 -1.134277 -0.171631 126.517416 -65.759776 -114.866101 144431715404.000000
-0.852783 -1.142822 -0.180908 126.151406 -71.371927 -116.147136 144431718318.000000
-0.861328 -1.147949 -0.174561 126.273409 -76.557067 -117.184164 144431721233.000000
-0.871338 -1.133057 -0.193115 125.968401 -89.611420 -117.672177 144431729033.000000
-0.855225 -1.129150 -0.198730 125.114378 -94.918563 -117.428171 144431732216.000000
-0.833252 -1.121826 -0.213867 124.382358 -99.310681 -117.489172 144431735173.000000
-0.807861 -1.114502 -0.217529 123.833344 -103.519795 -117.489172 144431738109.000000
-0.764160 -1.105225 -0.227783 122.552309 -107.667907 -118.038187 144431741099.000000
-0.726563 -1.099854 -0.236084 121.454279 -111.328006 -118.526200 144431744117.000000
-0.688721 -1.093750 -0.254150 120.234246 -113.768072 -118.831208 144431747044.000000
-0.651611 -1.088623 -0.260010 118.892210 -115.354115 -118.892210 144431749964.000000
-0.614990 -1.096436 -0.271729 117.977185 -116.513146 -118.770207 144431752878.000000
-0.567627 -1.099854 -0.279297 116.696151 -117.306167 -118.709205 144431755789.000000
-0.536621 -1.101318 -0.283203 115.232111 -117.123162 -118.587202 144431758701.000000
-0.486572 -1.105957 -0.289063 114.500092 -116.635149 -118.465199 144431761609.000000
-0.442383 -1.111084 -0.293701 113.341060 -114.988105 -118.831208 144431764520.000000
-0.395996 -1.112549 -0.303711 112.365034 -113.097054 -118.892210 144431767460.000000
-0.355469 -1.109619 -0.311279 110.839993 -110.412981 -118.892210 144431770378.000000
-0.317871 -1.112549 -0.314697 109.558958 -106.752882 -119.746233 144431773318.000000
-0.284180 -1.105713 -0.326172 108.094919 -103.153785 -119.624230 144431776255.000000
-0.253174 -1.100830 -0.332764 106.874886 -98.639663 -119.197218 144431779170.000000
-0.229980 -1.100830 -0.337402 105.166840 -93.820533 -118.648204 144431782103.000000
-0.209229 -1.094727 -0.347412 103.153785 -88.086378 -117.916184 144431785015.000000
-0.188477 -1.092041 -0.344238 101.567742 -82.474227 -117.123162 144431787926.000000
-0.171875 -1.094238 -0.347656 99.981700 -76.618069 -116.757152 144431790836.000000
-0.165283 -1.095459 -0.348145 98.517660 -69.907888 -115.415116 144431793834.000000
-0.157959 -1.097168 -0.342041 97.846642 -63.624718 -114.317087 144431796821.000000
-0.166504 -1.089355 -0.339111 96.077594 -57.219545 -112.914049 144431799745.000000
-0.171875 -1.089355 -0.326904 95.589581 -50.753370 -110.900994 144431802661.000000
-0.186035 -1.083984 -0.308838 95.467578 -44.409199 -109.009943 144431805585.000000
-0.204834 -1.081543 -0.298828 95.284573 -38.187031 -106.447874 144431808505.000000
-0.230469 -1.073486 -0.285156 94.918563 -32.391875 -103.702800 144431811423.000000
-0.263428 -1.061523 -0.275146 95.040566 -26.657720 -100.713719 144431814341.000000
-0.302490 -1.046143 -0.257568 95.223571 -21.045568 -97.114622 144431817275.000000
-0.342529 -1.024414 -0.236328 95.223571 -15.677423 -93.698530 144431820190.000000
-0.387695 -1.001953 -0.217285 95.711584 -11.346306 -89.916428 144431823106.000000
-0.429443 -0.967041 -0.206299 95.772586 -7.137193 -86.073324 144431826025.000000
-0.457031 -0.941406 -0.204346 94.674556 -4.758128 -82.474227 144431828944.000000
-0.476807 -0.921387 -0.195313 93.393522 -2.196059 -79.424144 144431831862.000000
-0.480225 -0.906250 -0.196045 91.563472 -1.708046 -77.411090 144431834778.000000
-0.481201 -0.890869 -0.196289 89.672421 -1.403038 -75.642042 144431837701.000000
-0.471191 -0.873779 -0.194580 87.232355 -1.647044 -75.154029 144431840624.000000
-0.460449 -0.868896 -0.195557 84.304276 -3.050082 -74.849021 144431843540.000000
-0.443115 -0.867676 -0.206543 82.169219 -4.209114 -74.483011 144431846466.000000
-0.432129 -0.872314 -0.208008 79.424144 -5.368145 -74.361008 144431849383.000000
-0.412842 -0.879395 -0.207520 76.618069 -7.015189 -74.361008 144431852300.000000
-0.403076 -0.890381 -0.220947 74.178003 -8.235222 -74.422009 144431855220.000000
-0.383789 -0.901367 -0.226318 71.676935 -9.455255 -73.689990 144431858146.000000
-0.367188 -0.916504 -0.226074 69.663881 -10.736290 -73.262978 144431861064.000000
-0.350342 -0.934082 -0.231689 67.284817 -11.651315 -72.408955 144431863983.000000
-0.336182 -0.944336 -0.229004 65.698774 -12.688343 -71.371927 144431866899.000000
-0.324707 -0.959717 -0.242920 63.563716 -13.603367 -70.395901 144431869827.000000
-0.317871 -0.970947 -0.248291 61.062649 -14.457390 -69.236869 144431872746.000000
-0.299561 -0.989502 -0.265137 58.439578 -14.945404 -68.443848 144431875671.000000
-0.284668 -0.994385 -0.260742 56.731532 -15.738425 -67.650827 144431878593.000000
-0.274414 -0.995605 -0.264648 54.840481 -16.409443 -67.223815 144431881518.000000
-0.270508 -0.997314 -0.270996 53.132435 -17.263466 -66.308790 144431884437.000000
-0.259033 -0.989990 -0.274170 51.180382 -17.812481 -66.003782 144431887354.000000
-0.251953 -0.979004 -0.275146 49.350332 -18.544501 -65.637772 144431890270.000000
-0.243896 -0.972656 -0.262695 47.642286 -20.069542 -65.210761 144431893193.000000
-0.232910 -0.959961 -0.257324 45.995242 -20.984567 -65.027756 144431896114.000000
-0.217285 -0.945068 -0.257324 43.860184 -22.570609 -64.661746 144431899037.000000
-0.204834 -0.924316 -0.271729 41.176112 -23.241628 -63.929726 144431902057.000000
-0.184326 -0.911133 -0.269531 38.126029 -23.973647 -63.197706 144431905179.000000
-0.180420 -0.897461 -0.251953 35.624962 -24.339657 -62.160678 144431908277.000000
-0.170898 -0.887207 -0.252197 33.062893 -23.973647 -60.086622 144431911319.000000
-0.160889 -0.883301 -0.242432 30.500824 -22.997621 -58.439578 144431914248.000000
-0.164307 -0.888428 -0.206055 28.853779 -21.594583 -55.694504 144431917167.000000
-0.174316 -0.896729 -0.207031 27.511743 -19.154517 -52.888428 144431920084.000000
-0.180908 -0.908936 -0.197998 26.535716 -15.982432 -49.045324 144431922999.000000
-0.177246 -0.920898 -0.246094 23.241628 -10.919295 -44.287196 144431925918.000000
-0.174316 -0.935059 -0.263916 20.679558 -5.490148 -40.078082 144431928838.000000
-0.172852 -0.934570 -0.270752 17.812481 1.037028 -35.868968 144431931753.000000
-0.165527 -0.940186 -0.283447 16.165436 8.357226 -31.964863 144431934679.000000
-0.154785 -0.934814 -0.307617 13.847374 15.860428 -28.243763 144431937594.000000
-0.147705 -0.932373 -0.315918 11.590313 23.485634 -25.315684 144431940510.000000
-0.140381 -0.919678 -0.327393 10.248277 31.598853 -22.631611 144431943426.000000
-0.149658 -0.919434 -0.298340 10.065272 38.797048 -20.191545 144431946342.000000
-0.156982 -0.916992 -0.283203 9.882267 45.934240 -18.117489 144431949260.000000
-0.166748 -0.918945 -0.284424 9.821265 53.376441 -15.799427 144431952176.000000
-0.185791 -0.924561 -0.277344 9.516257 60.269627 -13.420362 144431955095.000000
-0.206543 -0.934814 -0.262451 8.967242 66.247789 -10.980296 144431958010.000000
-0.229248 -0.944336 -0.251953 8.967242 71.676935 -8.540231 144431960925.000000
-0.250977 -0.949219 -0.243164 8.845239 76.435064 -6.222168 144431963840.000000
-0.267334 -0.954102 -0.229492 8.662234 80.095163 -4.087110 144431966804.000000
-0.288330 -0.951904 -0.214844 9.211249 83.450253 -1.952053 144431969726.000000
-0.309082 -0.939697 -0.197510 9.516257 84.853291 -0.305008 144431972640.000000
-0.325195 -0.934814 -0.182129 9.943268 85.951321 1.342036 144431975574.000000
-0.349121 -0.918945 -0.164795 10.248277 85.829317 2.867077 144431978501.000000
-0.366699 -0.908691 -0.138184 11.224303 84.731288 3.782102 144431981417.000000
-0.387695 -0.889160 -0.131836 11.529311 82.535228 4.575124 144431984337.000000
-0.402832 -0.873535 -0.106934 12.017324 79.546148 5.673153 144431987251.000000
-0.416992 -0.868652 -0.094482 12.017324 75.581041 6.344171 144431990165.000000
-0.427490 -0.859375 -0.087891 12.139328 71.310925 6.832184 144431993080.000000
-0.427734 -0.850830 -0.079102 12.017324 66.430794 7.381199 144431995995.000000
-0.426514 -0.847168 -0.068115 11.651315 61.306655 7.076191 144431998912.000000
-0.420410 -0.847656 -0.060059 11.407308 55.328494 6.832184 144432001827.000000
-0.411377 -0.847168 -0.052979 10.919295 49.716342 6.466175 144432004746.000000
-0.392822 -0.850342 -0.048340 10.919295 43.799183 5.307143 144432007675.000000
-0.380127 -0.854248 -0.043701 10.248277 38.004026 4.514122 144432010588.000000
-0.363525 -0.858887 -0.044189 9.821265 32.513878 3.355091 144432013503.000000
-0.343018 -0.862305 -0.043457 9.516257 26.962728 2.379064 144432016421.000000
-0.318848 -0.867432 -0.037354 9.150247 22.204600 1.220033 144432019335.000000
-0.303467 -0.870605 -0.057861 8.479229 17.751479 0.427012 144432022265.000000
-0.286133 -0.874268 -0.051758 7.991216 13.908376 -0.305008 144432025188.000000
-0.270996 -0.879639 -0.057129 7.564204 10.309278 -0.610016 144432028105.000000
-0.249512 -0.885742 -0.061768 6.954188 7.442201 -1.159031 144432031028.000000
-0.232666 -0.890381 -0.069580 6.100165 4.880132 -1.098030 144432033959.000000
-0.212158 -0.889893 -0.074463 5.551150 2.562069 -1.464040 144432036879.000000
-0.201660 -0.894775 -0.069092 5.124138 0.549015 -1.586043 144432039802.000000
-0.184082 -0.898438 -0.082764 4.453120 -0.915025 -1.952053 144432042717.000000
-0.168701 -0.901855 -0.082764 3.599097 -1.952053 -2.257061 144432045646.000000
-0.147949 -0.909180 -0.087402 2.806076 -3.355091 -2.928079 144432048563.000000
-0.135254 -0.916260 -0.094482 1.830049 -3.843104 -2.928079 144432051478.000000
-0.123535 -0.924316 -0.088379 1.403038 -3.904105 -3.538096 144432054408.000000
-0.109131 -0.933838 -0.092041 0.549015 -3.843104 -3.843104 144432057327.000000
-0.105957 -0.949219 -0.094238 -0.061002 -3.233087 -3.660099 144432060240.000000
-0.095947 -0.958740 -0.090332 -0.366010 -2.440066 -3.599097 144432063156.000000
-0.088867 -0.977295 -0.079346 -0.793021 -1.464040 -3.721100 144432066088.000000
-0.087891 -0.993896 -0.083008 -1.159031 0.366010 -3.416092 144432069003.000000
-0.082764 -1.012695 -0.072998 -1.220033 2.440066 -3.050082 144432071925.000000
-0.078857 -1.025391 -0.067383 -0.671018 4.453120 -2.989081 144432074842.000000
-0.077393 -1.028320 -0.055908 -0.671018 6.283170 -2.440066 144432077757.000000
-0.080322 -1.035889 -0.062988 0.000000 8.967242 -2.013054 144432080671.000000
-0.080078 -1.043213 -0.053467 0.427012 11.529311 -1.952053 144432083585.000000
-0.075684 -1.044678 -0.045654 0.793021 14.335387 -1.403038 144432086504.000000
-0.088379 -1.044678 -0.037598 1.098030 17.324468 -1.037028 144432089428.000000
-0.091064 -1.037842 -0.033447 1.403038 20.679558 -0.671018 144432092347.000000
-0.096924 -1.033936 -0.026855 1.769048 23.424632 -0.183005 144432095266.000000
-0.110840 -1.026367 -0.022705 1.891051 26.779723 -0.061002 144432098182.000000
-0.117188 -1.016846 -0.016602 1.952053 29.829805 0.854023 144432101097.000000
-0.126465 -1.009521 -0.012695 2.013054 32.696883 1.220033 144432104020.000000
-0.133545 -1.010742 -0.005371 1.891051 35.746965 2.196059 144432106935.000000
-0.138916 -1.006836 0.001221 1.891051 38.004026 2.379064 144432109850.000000
-0.149170 -1.004639 0.002686 1.647044 40.383090 2.684072 144432112767.000000
-0.153076 -0.998291 0.006104 1.220033 42.213140 2.989081 144432115683.000000
-0.164063 -1.003418 0.013428 1.098030 43.494174 3.172086 144432118605.000000
-0.171387 -1.000244 0.023926 1.220033 44.653206 3.294089 144432121520.000000
-0.180664 -1.002197 0.023193 1.037028 45.263222 3.660099 144432124441.000000
-0.188477 -1.003418 0.030029 0.915025 45.080217 3.782102 144432127359.000000
-0.196777 -1.004395 0.035400 0.793021 45.385225 3.721100 144432130273.000000
-0.202637 -1.001953 0.041016 1.037028 44.897212 4.026109 144432133188.000000
-0.209717 -1.006348 0.044678 1.037028 43.982188 3.965107 144432136116.000000
-0.218994 -1.002441 0.044678 1.403038 43.189166 4.270115 144432139031.000000
-0.224121 -0.997803 0.046143 1.159031 41.542122 4.087110 144432141944.000000
-0.227539 -0.996582 0.046631 1.586043 40.200085 4.270115 144432144866.000000
-0.235596 -0.994141 0.059326 1.586043 38.248033 4.209114 144432147783.000000
-0.240234 -0.991943 0.052734 1.708046 36.417983 4.087110 144432150699.000000
-0.245850 -0.987549 0.052734 1.708046 33.916916 4.209114 144432153614.000000
-0.250000 -0.990479 0.066650 1.952053 32.147868 4.087110 144432156545.000000
-0.254883 -0.986572 0.061035 2.440066 29.280791 4.575124 144432159462.000000
-0.264648 -0.990234 0.068359 2.501068 26.840725 4.392119 144432162377.000000
-0.271973 -0.989746 0.077393 2.623071 23.668639 4.819130 144432165345.000000
-0.273438 -0.993164 0.071777 3.233087 21.045568 5.185140 144432168261.000000
-0.281250 -0.990234 0.085205 3.172086 17.812481 5.124138 144432171182.000000
-0.286865 -0.987549 0.081543 3.599097 15.128408 5.246142 144432174110.000000
-0.291260 -0.987061 0.081299 3.416092 11.834320 5.063137 144432177028.000000
-0.297852 -0.985596 0.086426 3.843104 8.418227 4.941133 144432179944.000000
-0.303467 -0.982666 0.081543 3.538096 5.246142 5.124138 144432182860.000000
-0.302734 -0.979492 0.082764 3.599097 1.769048 5.002135 144432185777.000000
-0.307373 -0.978516 0.088379 3.416092 -2.013054 4.880132 144432188699.000000
-0.311279 -0.974365 0.083008 3.294089 -5.246142 4.575124 144432191633.000000
-0.309326 -0.977539 0.083740 2.928079 -9.211249 4.331117 144432194550.000000
-0.305664 -0.974854 0.079590 2.806076 -13.115354 4.026109 144432197465.000000
-0.302490 -0.973633 0.082520 2.745074 -16.775453 3.538096 144432200379.000000
-0.297607 -0.977539 0.075684 2.318063 -20.313548 3.172086 144432203296.000000
-0.291016 -0.986328 0.073730 2.074056 -23.973647 2.684072 144432206230.000000
-0.278809 -0.985107 0.071045 1.891051 -26.901726 2.196059 144432209146.000000
-0.270996 -0.993164 0.063232 1.891051 -29.585799 2.013054 144432212060.000000
-0.261230 -0.993164 0.061768 1.769048 -31.903861 1.647044 144432214976.000000
-0.243896 -0.999268 0.048340 1.708046 -33.794912 1.220033 144432217890.000000
-0.235840 -0.999756 0.047852 1.891051 -35.136949 0.915025 144432220813.000000
-0.228027 -1.004639 0.045898 1.891051 -36.051973 1.220033 144432223729.000000
-0.211914 -1.002197 0.032471 2.074056 -36.844995 0.915025 144432226656.000000
-0.201904 -1.004150 0.028320 2.135058 -36.234978 0.732020 144432229570.000000
-0.189209 -1.006836 0.011230 2.379064 -36.295980 0.732020 144432232484.000000
-0.178467 -1.005615 0.012695 2.562069 -35.319954 0.671018 144432235409.000000
-0.168701 -1.001709 0.011475 2.501068 -34.404929 0.793021 144432238323.000000
-0.160645 -1.003906 0.003174 2.745074 -33.001891 1.159031 144432241238.000000
-0.149902 -1.002686 0.000732 2.989081 -31.476850 1.098030 144432244160.000000
-0.146240 -1.007813 -0.012207 3.172086 -29.463796 1.464040 144432247080.000000
-0.133545 -1.004150 -0.012207 3.538096 -27.694748 1.830049 144432249996.000000
-0.131348 -1.003174 -0.016602 4.087110 -25.376685 2.135058 144432252912.000000
-0.130615 -1.001709 -0.026123 3.904105 -23.180626 2.623071 144432255837.000000
-0.123047 -0.994385 -0.028320 4.270115 -20.740560 2.867077 144432258758.000000
-0.118896 -1.001465 -0.028076 4.331117 -18.178491 3.111084 144432261674.000000
-0.115479 -0.995117 -0.032471 4.575124 -15.921430 3.599097 144432264602.000000
-0.110840 -0.997070 -0.037598 4.880132 -13.176356 3.965107 144432267519.000000
-0.111572 -0.999512 -0.043213 5.063137 -10.980296 4.148112 144432270435.000000
-0.108643 -0.994385 -0.044434 5.185140 -8.235222 4.697127 144432273352.000000
-0.111572 -0.994629 -0.037598 5.429147 -5.795156 5.124138 144432276270.000000
-0.114990 -0.991455 -0.039551 5.429147 -3.843104 5.307143 144432279184.000000
-0.112305 -0.989014 -0.038818 5.673153 -1.281035 5.612152 144432282099.000000
-0.114502 -0.987305 -0.041260 5.795156 0.427012 6.161166 144432285017.000000
-0.120117 -0.985107 -0.031006 5.917160 2.501068 6.466175 144432287931.000000
-0.118896 -0.986328 -0.041748 5.917160 4.331117 6.588178 144432290849.000000
-0.120361 -0.983154 -0.034668 6.161166 5.856158 6.832184 144432293767.000000
-0.116211 -0.980713 -0.031738 6.039163 7.564204 7.442201 144432296685.000000
-0.126221 -0.976563 -0.041748 6.283170 8.906240 7.747209 144432299600.000000
-0.124268 -0.972168 -0.027832 6.100165 10.248277 7.808211 144432302517.000000
-0.125488 -0.967285 -0.036621 5.917160 11.651315 7.808211 144432305433.000000
-0.129639 -0.966309 -0.040039 5.917160 12.810346 8.174221 144432308347.000000
-0.129883 -0.962891 -0.042969 5.673153 13.542366 8.296224 144432311262.000000
-0.128662 -0.963379 -0.041748 5.673153 14.823400 8.235222 144432314179.000000
-0.129639 -0.961426 -0.039307 5.246142 15.433417 8.784237 144432317096.000000
-0.134766 -0.961426 -0.035156 5.002135 16.165436 8.540231 144432320011.000000
-0.135986 -0.962891 -0.042725 4.880132 17.019460 8.967242 144432322924.000000
-0.143311 -0.958252 -0.033447 4.819130 17.385469 8.662234 144432325841.000000
-0.144531 -0.961426 -0.037598 4.209114 17.873483 9.150247 144432328758.000000
-0.150879 -0.955566 -0.036865 4.026109 18.300494 8.906240 144432331672.000000
-0.152344 -0.958008 -0.023926 3.599097 18.483499 9.150247 144432334596.000000
-0.154541 -0.960449 -0.034180 2.989081 18.361496 9.211249 144432337511.000000
-0.161133 -0.961914 -0.028320 2.867077 18.117489 9.333252 144432340427.000000
-0.161377 -0.962891 -0.018799 2.196059 17.812481 9.211249 144432343342.000000
-0.160889 -0.965576 -0.021729 2.196059 17.690478 9.028244 144432346266.000000
-0.166260 -0.964111 -0.020508 1.769048 17.080461 8.479229 144432349182.000000
-0.159424 -0.971436 -0.018066 1.464040 16.470445 8.418227 144432352097.000000
-0.163086 -0.973389 -0.016113 1.281035 15.860428 8.418227 144432355019.000000
-0.161377 -0.971924 -0.012695 0.976026 15.616422 7.808211 144432357936.000000
-0.161377 -0.975830 -0.020264 0.305008 14.823400 7.564204 144432360858.000000
-0.162842 -0.980957 -0.011963 0.427012 14.396389 7.015189 144432363773.000000
-0.163086 -0.980469 -0.015869 0.183005 13.725371 7.076191 144432366689.000000
-0.159912 -0.984619 -0.007568 -0.061002 13.176356 6.344171 144432369605.000000
-0.162109 -0.981934 -0.008545 0.000000 12.566339 6.039163 144432372521.000000
-0.161621 -0.985352 -0.000732 -0.183005 11.895321 5.795156 144432375450.000000
-0.152832 -0.985352 0.005371 0.061002 11.529311 5.612152 144432378369.000000
-0.156738 -0.983643 0.000732 -0.061002 10.919295 5.307143 144432381285.000000
-0.154541 -0.984375 0.002197 -0.061002 10.431282 4.758128 144432384206.000000
-0.150635 -0.979004 0.000488 -0.061002 10.248277 4.758128 144432387121.000000
-0.156738 -0.980225 0.007813 0.000000 9.699262 4.331117 144432390043.000000
-0.155518 -0.982666 0.012695 -0.061002 9.638260 4.087110 144432392960.000000
-0.159180 -0.977295 0.006592 0.000000 9.394254 3.965107 144432395876.000000
-0.162354 -0.974854 0.016113 0.061002 9.150247 3.416092 144432398792.000000
-0.163818 -0.971680 0.010498 0.000000 9.211249 3.477094 144432401713.000000
-0.162598 -0.968994 0.014404 -0.122003 9.211249 3.538096 144432404631.000000
-0.166260 -0.974609 0.014648 0.000000 9.089245 3.233087 144432407561.000000
-0.173584 -0.970947 0.015381 -0.061002 8.479229 3.233087 144432410476.000000
-0.178711 -0.969482 0.017334 -0.244007 8.479229 3.050082 144432413392.000000
-0.177002 -0.967285 0.021240 -0.427012 8.113219 3.172086 144432416309.000000
-0.178223 -0.968018 0.018799 -0.183005 7.442201 2.867077 144432419223.000000
-0.180664 -0.967529 0.022949 -0.427012 7.015189 2.745074 144432422139.000000
-0.183838 -0.968994 0.012451 -0.122003 6.649180 2.684072 144432425063.000000
-0.182617 -0.969971 0.017090 -0.671018 5.795156 2.196059 144432427980.000000
-0.191650 -0.968994 0.014893 -0.732020 5.185140 2.013054 144432430903.000000
-0.195801 -0.972656 0.011963 -0.976026 4.636125 2.074056 144432433818.000000
-0.192139 -0.965332 0.015869 -0.915025 3.416092 1.830049 144432436778.000000
-0.202881 -0.971191 0.018799 -1.220033 3.050082 1.830049 144432439705.000000
-0.205566 -0.975830 0.014160 -1.708046 1.525041 1.647044 144432442621.000000
-0.209717 -0.971680 0.016357 -1.403038 0.793021 1.586043 144432445548.000000
-0.208984 -0.978027 0.020996 -1.769048 -0.366010 1.403038 144432448463.000000
-0.216553 -0.979736 0.011230 -2.135058 -1.891051 1.159031 144432451378.000000
-0.225342 -0.983398 0.010010 -2.440066 -3.294089 0.915025 144432454303.000000
-0.228271 -0.985107 0.016357 -2.684072 -4.636125 0.488013 144432457220.000000
-0.233398 -0.984375 0.018311 -2.989081 -6.588178 0.549015 144432460140.000000
-0.237061 -0.994385 0.015137 -3.172086 -8.723236 0.366010 144432463055.000000
-0.236816 -0.996338 0.020264 -3.416092 -10.126273 0.000000 144432465980.000000
-0.240234 -0.997559 0.020020 -3.660099 -12.322333 -0.244007 144432468895.000000
-0.241699 -0.997559 0.015869 -3.660099 -14.518392 -0.366010 144432471811.000000
-0.236816 -1.007324 0.017578 -3.843104 -16.348441 -0.915025 144432474730.000000
-0.237305 -1.002441 0.017090 -3.904105 -18.361496 -1.220033 144432477646.000000
-0.231445 -1.004883 0.018066 -4.209114 -20.252547 -1.708046 144432480561.000000
-0.228760 -1.005859 0.015625 -3.904105 -21.411578 -2.135058 144432483474.000000
-0.223389 -1.004639 0.016113 -4.270115 -23.607637 -2.257061 144432486399.000000
-0.215088 -1.002441 0.009033 -4.331117 -24.766669 -2.806076 144432489321.000000
-0.210449 -1.007568 0.015137 -4.026109 -25.986702 -3.294089 144432492236.000000
-0.203125 -1.007324 0.010498 -4.270115 -27.145733 -3.538096 144432495160.000000
-0.198486 -1.004883 0.013428 -4.209114 -27.816751 -3.843104 144432498077.000000
-0.188477 -1.009521 0.006836 -4.270115 -28.182761 -4.026109 144432501071.000000
-0.181396 -1.006348 0.008301 -4.087110 -28.304764 -4.575124 144432503992.000000
-0.177246 -1.008057 0.005127 -4.209114 -28.487769 -4.575124 144432506909.000000
-0.173096 -1.010498 0.006836 -3.843104 -28.426768 -4.636125 144432509824.000000
-0.170166 -1.011230 0.022461 -3.294089 -28.243763 -4.514122 144432512740.000000
-0.162109 -1.019531 0.010254 -2.867077 -27.877753 -4.697127 144432515656.000000
-0.156006 -1.017822 0.014160 -2.806076 -27.023730 -4.453120 144432518576.000000
-0.161377 -1.021240 0.013184 -2.196059 -26.474715 -4.697127 144432521493.000000
-0.152100 -1.029297 0.014893 -2.074056 -25.437687 -4.575124 144432524415.000000
-0.151367 -1.023438 0.021240 -1.342036 -24.461660 -4.453120 144432527334.000000
-0.148193 -1.030273 0.029541 -1.037028 -23.363631 -5.002135 144432530249.000000
-0.144287 -1.025635 0.027100 -0.793021 -22.204600 -5.063137 144432533165.000000
-0.145020 -1.024170 0.028564 0.183005 -21.167572 -5.002135 144432536091.000000
-0.144775 -1.019287 0.029297 0.671018 -19.886537 -4.941133 144432539006.000000
-0.144775 -1.013184 0.032471 1.281035 -18.849509 -5.063137 144432541921.000000
-0.149414 -1.013184 0.031006 1.464040 -17.812481 -4.941133 144432544844.000000
-0.147705 -1.008057 0.041260 2.013054 -16.775453 -5.063137 144432547761.000000
-0.145508 -0.997559 0.036133 2.257061 -15.677423 -4.819130 144432550675.000000
-0.145752 -0.999512 0.039551 2.562069 -14.396389 -4.697127 144432553589.000000
-0.142090 -0.994141 0.038086 2.623071 -13.603367 -4.453120 144432556514.000000
-0.145508 -0.996826 0.033936 2.989081 -12.444336 -4.148112 144432559437.000000
-0.140381 -0.990723 0.035889 3.294089 -11.346306 -3.782102 144432562353.000000
-0.139648 -0.985596 0.032959 3.416092 -10.614287 -3.843104 144432565274.000000
-0.135010 -0.988525 0.030029 3.599097 -9.638260 -3.416092 144432568190.000000
-0.134033 -0.988770 0.020752 3.721100 -8.479229 -3.233087 144432571104.000000
-0.131592 -0.987793 0.021484 3.843104 -7.381199 -2.806076 144432574022.000000
-0.124023 -0.988770 0.026367 4.087110 -6.222168 -2.867077 144432576940.000000
-0.126709 -0.984863 0.015869 3.904105 -5.124138 -2.684072 144432579860.000000
-0.120361 -0.984375 0.023926 4.087110 -3.965107 -2.684072 144432582781.000000
-0.122070 -0.979980 0.015381 4.148112 -2.684072 -2.196059 144432585699.000000
-0.115967 -0.980713 0.007813 4.514122 -1.647044 -1.952053 144432588617.000000
-0.116211 -0.977051 0.013428 4.331117 -0.793021 -1.464040 144432591548.000000
-0.112793 -0.981689 0.011475 4.514122 0.305008 -1.281035 144432594464.000000
-0.114014 -0.977295 0.011230 4.514122 1.403038 -0.915025 144432597379.000000
-0.117188 -0.979492 -0.000732 4.575124 2.684072 -0.488013 144432600324.000000
-0.114502 -0.974854 0.009766 4.575124 3.355091 -0.061002 144432603239.000000
-0.113281 -0.971924 0.010254 4.636125 4.697127 -0.183005 144432606158.000000
-0.112061 -0.974365 -0.000244 4.941133 5.612152 0.000000 144432609073.000000
-0.111572 -0.974609 0.000488 4.575124 6.466175 0.549015 144432611988.000000
-0.113281 -0.976807 0.002930 4.636125 7.564204 1.037028 144432614906.000000
-0.114014 -0.976807 -0.002197 4.697127 8.479229 0.976026 144432617821.000000
-0.115723 -0.978271 0.005615 4.636125 9.211249 1.159031 144432620733.000000
-0.117188 -0.974854 0.010742 4.697127 9.760264 1.403038 144432623661.000000
-0.120117 -0.975342 0.003906 4.697127 10.675288 1.525041 144432626578.000000
-0.125000 -0.980469 0.002930 4.392119 11.163301 1.708046 144432629494.000000
-0.132080 -0.976563 0.005371 4.697127 11.895321 1.830049 144432632410.000000
-0.136719 -0.969971 0.003662 4.636125 11.956323 2.013054 144432635337.000000
-0.142578 -0.971436 0.010742 4.392119 12.261331 2.379064 144432638254.000000
-0.143066 -0.972412 0.009033 4.514122 11.895321 2.257061 144432641170.000000
-0.147217 -0.973877 0.007080 4.209114 11.773318 2.257061 144432644093.000000
-0.150146 -0.969238 0.016602 4.514122 11.651315 1.952053 144432647019.000000
-0.152832 -0.971191 0.015625 4.331117 11.285305 2.440066 144432649936.000000
-0.155518 -0.969482 0.020264 4.636125 10.797292 2.318063 144432652852.000000
-0.155029 -0.972412 0.010010 4.697127 10.614287 2.257061 144432655787.000000
-0.157471 -0.977783 0.013184 4.697127 9.760264 2.196059 144432658703.000000
-0.158203 -0.981445 0.012451 4.697127 9.211249 1.891051 144432661618.000000
-0.159424 -0.976318 0.006592 4.148112 8.296224 1.342036 144432664540.000000
-0.154785 -0.979492 -0.000732 3.721100 7.686208 1.159031 144432667459.000000
-0.160156 -0.971436 0.001953 3.721100 6.771183 0.549015 144432670374.000000
-0.159424 -0.962891 -0.004395 3.294089 5.978161 0.183005 144432673289.000000
-0.161133 -0.958496 -0.005371 2.867077 5.368145 -0.305008 144432676209.000000
-0.157227 -0.958984 0.005859 2.562069 3.965107 -0.671018 144432679129.000000
-0.161377 -0.954590 0.006348 2.257061 3.050082 -0.793021 144432682044.000000
-0.162598 -0.950195 0.008301 2.013054 1.769048 -1.098030 144432684968.000000
-0.162354 -0.950195 0.009766 1.769048 0.488013 -1.464040 144432687883.000000
-0.162354 -0.948242 0.000000 0.732020 -0.549015 -1.464040 144432690797.000000
-0.157715 -0.953125 0.010498 0.000000 -1.220033 -1.647044 144432693711.000000
-0.163330 -0.946045 0.006836 -0.366010 -2.684072 -1.525041 144432696628.000000
-0.154297 -0.945068 -0.005859 -1.220033 -4.209114 -2.501068 144432699557.000000
-0.151123 -0.943848 0.001953 -2.379064 -5.917160 -3.050082 144432702503.000000
-0.159424 -0.947266 0.034668 -2.867077 -7.991216 -3.721100 144432705422.000000
