0.176514 -1.039795 -0.037598 4.819130 5.124138 7.686208 141705405701.000000
0.174561 -1.043457 -0.036133 5.124138 5.673153 8.052217 141705407500.000000
0.173096 -1.045898 -0.037598 5.185140 5.917160 8.113219 141705409302.000000
0.181152 -1.047607 -0.034180 5.185140 6.039163 8.479229 141705411106.000000
0.175781 -1.049316 -0.040039 5.429147 6.832184 8.967242 141705412907.000000
0.177734 -1.049072 -0.037842 5.551150 7.381199 8.967242 141705414708.000000
0.181396 -1.052246 -0.039551 5.612152 7.869212 9.333252 141705416511.000000
0.183350 -1.055664 -0.039551 5.856158 8.174221 9.455255 141705418315.000000
0.185059 -1.053223 -0.041748 5.856158 8.784237 9.516257 141705420117.000000
0.187500 -1.054443 -0.042969 5.734155 9.272250 9.516257 141705421917.000000
0.191162 -1.051270 -0.049561 5.490148 9.455255 9.577259 141705423718.000000
0.187256 -1.048828 -0.045166 5.185140 9.943268 9.455255 141705425518.000000
0.189697 -1.045898 -0.057617 5.063137 10.309278 9.150247 141705427323.000000
0.189941 -1.048828 -0.045654 4.880132 10.736290 8.967242 141705429122.000000
0.184326 -1.049561 -0.044434 4.392119 11.163301 8.845239 141705430924.000000
0.180908 -1.051270 -0.045410 3.782102 11.651315 8.906240 141705432729.000000
0.174316 -1.055176 -0.027100 4.514122 11.834320 8.967242 141705434531.000000
0.190674 -1.056641 -0.036621 4.270115 11.651315 8.662234 141705436331.000000
0.196533 -1.051758 -0.055420 3.477094 12.017324 8.601232 141705438136.000000
0.198242 -1.056885 -0.060059 2.623071 12.078326 8.296224 141705439934.000000
0.196533 -1.060547 -0.053711 2.501068 11.956323 8.235222 141705441734.000000
0.197998 -1.064209 -0.044434 2.501068 11.834320 8.174221 141705443535.000000
0.199463 -1.064697 -0.041992 2.806076 11.529311 8.052217 141705445340.000000
0.191650 -1.063965 -0.029297 2.806076 11.346306 8.357226 141705447140.000000
0.200439 -1.072510 -0.024170 2.989081 11.224303 8.784237 141705448947.000000
0.195801 -1.071777 -0.025635 2.440066 10.980296 8.967242 141705450748.000000
0.196777 -1.073975 -0.031494 2.135058 10.614287 9.455255 141705452549.000000
0.192627 -1.069580 -0.028809 2.318063 10.370280 10.065272 141705454349.000000
0.197266 -1.066162 -0.018555 2.196059 9.943268 10.370280 141705456149.000000
0.197021 -1.062988 -0.020508 2.562069 10.126273 10.919295 141705457951.000000
0.194580 -1.058594 -0.024414 2.989081 10.065272 11.651315 141705459752.000000
0.200684 -1.059570 -0.010254 3.111084 9.882267 11.956323 141705461557.000000
0.196777 -1.053467 -0.014160 3.294089 9.760264 12.017324 141705463358.000000
0.199219 -1.051514 -0.013428 3.538096 9.577259 12.749344 141705465159.000000
0.194580 -1.046875 -0.009277 3.599097 9.150247 13.237357 141705466960.000000
0.189697 -1.043945 0.001709 4.148112 9.089245 13.908376 141705468761.000000
0.187988 -1.042480 0.001953 4.514122 8.906240 14.030379 141705470562.000000
0.189453 -1.037354 -0.005127 4.758128 8.784237 14.762399 141705472366.000000
0.189697 -1.030762 -0.004395 5.185140 8.357226 15.006405 141705474168.000000
0.184570 -1.027100 -0.001953 5.673153 8.296224 15.189410 141705475969.000000
0.183105 -1.025391 0.002441 5.856158 7.930214 15.738425 141705477771.000000
0.178223 -1.024658 -0.000977 5.856158 7.686208 16.043433 141705479568.000000
0.177002 -1.020020 0.000000 6.344171 7.198194 15.982432 141705481364.000000
0.175293 -1.018555 0.008545 7.015189 7.198194 16.592448 141705483161.000000
0.166992 -1.012451 0.010742 7.137193 7.076191 16.714451 141705484958.000000
0.169189 -1.010498 0.013916 7.442201 6.649180 16.592448 141705486754.000000
0.170166 -1.011719 0.015869 7.686208 6.649180 16.836455 141705488556.000000
0.165771 -1.004639 0.010986 7.564204 6.222168 16.836455 141705490358.000000
0.166748 -1.004395 0.010010 7.869212 5.917160 16.958458 141705492159.000000
0.165527 -1.002197 0.010498 7.991216 5.917160 16.958458 141705493959.000000
0.159912 -1.000244 0.012695 8.479229 5.734155 16.958458 141705495759.000000
0.165771 -0.999268 0.016846 8.662234 5.856158 16.714451 141705497560.000000
0.166504 -1.002197 0.015625 8.662234 5.612152 16.531446 141705499360.000000
0.165527 -1.003906 0.013184 8.723236 5.856158 16.470445 141705501158.000000
0.163818 -1.002686 0.020020 8.906240 5.917160 16.226438 141705502955.000000
0.161133 -1.008789 0.016113 9.272250 6.161166 16.226438 141705504757.000000
0.160889 -1.008057 0.015625 9.272250 6.710181 16.287440 141705506556.000000
0.163574 -1.003174 0.014404 9.394254 7.015189 15.799427 141705508358.000000
0.166504 -1.009277 0.016357 9.272250 7.442201 15.921430 141705510160.000000
0.170410 -1.006836 0.012451 9.577259 8.235222 15.860428 141705511961.000000
0.167236 -1.011230 0.011963 9.211249 8.540231 15.616422 141705513761.000000
0.166504 -1.013428 0.014160 9.638260 9.211249 15.677423 141705515563.000000
0.163574 -1.014404 0.014648 9.821265 9.699262 15.616422 141705517368.000000
0.166504 -1.016846 0.017090 9.821265 10.370280 15.616422 141705519165.000000
0.162598 -1.018311 0.023926 10.004270 11.224303 15.799427 141705520966.000000
0.160156 -1.021240 0.029541 10.370280 11.895321 15.799427 141705522767.000000
0.159912 -1.022461 0.027100 10.736290 12.932349 16.104435 141705524567.000000
0.157471 -1.023682 0.033203 10.614287 13.603367 16.409443 141705526371.000000
0.160400 -1.026123 0.025635 11.224303 14.335387 16.592448 141705528192.000000
0.162842 -1.027100 0.030518 11.285305 14.945404 16.592448 141705529994.000000
0.160156 -1.025391 0.033447 11.224303 15.616422 16.836455 141705531793.000000
0.154541 -1.030029 0.035889 11.407308 16.409443 17.263466 141705533593.000000
0.149902 -1.029785 0.039551 12.078326 16.775453 17.202464 141705535393.000000
0.147705 -1.027588 0.051758 12.383334 17.690478 17.812481 141705537193.000000
0.144775 -1.024658 0.049561 12.505338 17.934484 17.995486 141705538995.000000
0.141357 -1.024414 0.050049 12.200329 18.483499 17.873483 141705540795.000000
0.140381 -1.019043 0.050293 12.261331 18.971512 18.178491 141705542595.000000
0.137695 -1.020264 0.048096 12.322333 19.459525 18.239492 141705544396.000000
0.132813 -1.015137 0.049072 12.627341 19.703532 18.239492 141705546196.000000
0.131104 -1.017090 0.062744 12.627341 19.886537 18.361496 141705548003.000000
0.121826 -1.013672 0.055664 13.054352 19.947539 18.178491 141705549807.000000
0.124512 -1.014648 0.062256 12.993351 19.825535 18.117489 141705551613.000000
0.120605 -1.016357 0.061523 12.871348 19.642530 17.934484 141705553417.000000
0.115967 -1.012207 0.069824 12.749344 19.215519 17.690478 141705555217.000000
0.114014 -1.013184 0.067871 12.810346 18.849509 17.446471 141705557018.000000
0.104492 -1.010010 0.079102 12.688343 18.544501 17.385469 141705558828.000000
0.098145 -1.013428 0.081543 12.993351 17.812481 16.714451 141705560630.000000
0.095703 -1.014893 0.078369 12.688343 17.385469 16.775453 141705562431.000000
0.090088 -1.016846 0.082031 13.054352 16.531446 16.470445 141705564235.000000
0.088379 -1.017578 0.084473 13.298359 15.555420 15.982432 141705566036.000000
0.077637 -1.023438 0.082031 13.176356 15.006405 15.799427 141705567840.000000
0.080811 -1.021484 0.078125 13.054352 14.030379 15.555420 141705569640.000000
0.078857 -1.023926 0.078369 13.481364 12.993351 15.128408 141705571445.000000
0.074951 -1.025391 0.088867 13.542366 12.017324 15.006405 141705573246.000000
0.069336 -1.025879 0.089844 14.030379 10.614287 14.579394 141705575047.000000
0.068604 -1.030273 0.097412 14.030379 9.821265 14.091380 141705576847.000000
0.063232 -1.031006 0.096436 14.030379 8.723236 13.786372 141705578647.000000
0.058838 -1.033203 0.097900 14.640395 7.381199 13.359361 141705580443.000000
0.055908 -1.042480 0.110107 15.006405 6.344171 13.176356 141705582239.000000
0.052734 -1.044189 0.112549 15.250412 5.002135 12.993351 141705584035.000000
0.056641 -1.044922 0.107910 15.616422 3.965107 12.688343 141705585839.000000
0.054199 -1.049316 0.121338 16.104435 2.745074 12.627341 141705587639.000000
0.051270 -1.051514 0.117676 16.104435 2.013054 12.261331 141705589440.000000
0.055664 -1.046631 0.118896 16.531446 0.610016 11.773318 141705591241.000000
0.052734 -1.053955 0.124756 16.531446 -0.488013 11.285305 141705593041.000000
0.057617 -1.054932 0.130127 16.775453 -1.220033 11.041298 141705594841.000000
0.065186 -1.060303 0.136230 17.568474 -2.074056 10.919295 141705596641.000000
0.068115 -1.064697 0.143066 17.934484 -2.989081 10.309278 141705598441.000000
0.056152 -1.068359 0.142090 18.239492 -4.209114 9.943268 141705600238.000000
0.057373 -1.071289 0.157227 18.727506 -4.880132 9.943268 141705602034.000000
0.057861 -1.072510 0.158691 19.032514 -5.490148 9.699262 141705603831.000000
0.058105 -1.077637 0.170898 19.642530 -6.344171 9.638260 141705605627.000000
0.061035 -1.075928 0.169922 19.886537 -7.137193 9.516257 141705607427.000000
0.058594 -1.073975 0.172119 20.435552 -7.503203 9.577259 141705609228.000000
0.061523 -1.079590 0.169922 20.618557 -7.564204 9.455255 141705611030.000000
0.065918 -1.080811 0.177979 20.801562 -8.418227 9.394254 141705612830.000000
0.065430 -1.082275 0.186768 21.594583 -8.601232 9.211249 141705614630.000000
0.063721 -1.079346 0.190186 21.960593 -8.845239 9.150247 141705616430.000000
0.066406 -1.079590 0.195557 22.143598 -9.333252 8.845239 141705618237.000000
0.070557 -1.075684 0.199219 22.387604 -9.516257 8.601232 141705620038.000000
0.074951 -1.076904 0.197266 22.875618 -9.821265 8.723236 141705621837.000000
0.072021 -1.080566 0.208252 23.180626 -9.760264 8.601232 141705623638.000000
0.069580 -1.078613 0.211426 23.363631 -9.943268 8.540231 141705625441.000000
0.071777 -1.077881 0.214355 24.095651 -10.248277 8.479229 141705627242.000000
0.071777 -1.075439 0.217773 24.278656 -10.187275 8.357226 141705629064.000000
0.074463 -1.072266 0.228027 24.278656 -10.187275 8.296224 141705630864.000000
0.072510 -1.067871 0.226563 24.827670 -10.126273 8.296224 141705632664.000000
0.071533 -1.065674 0.227539 25.254682 -10.248277 8.113219 141705634465.000000
0.074219 -1.062012 0.227051 25.498688 -10.309278 7.869212 141705636266.000000
0.075684 -1.060303 0.240723 26.108705 -10.553285 7.747209 141705638070.000000
0.073486 -1.057129 0.241211 26.474715 -10.431282 7.503203 141705639868.000000
0.075684 -1.052734 0.254395 26.718721 -10.309278 7.747209 141705641669.000000
0.074707 -1.056152 0.253174 27.145733 -10.614287 7.564204 141705643470.000000
0.068848 -1.046631 0.253174 27.511743 -10.614287 7.381199 141705645270.000000
0.071045 -1.040527 0.249268 28.182761 -10.797292 7.503203 141705647070.000000
0.068359 -1.036133 0.253418 28.243763 -10.797292 7.320198 141705648877.000000
0.069336 -1.030762 0.243408 28.304764 -10.919295 7.564204 141705650683.000000
0.062988 -1.021240 0.248535 28.365766 -11.102300 7.503203 141705652483.000000
0.064941 -1.015381 0.249268 28.609772 -11.224303 7.259196 141705654284.000000
0.068848 -1.010254 0.245850 28.548771 -11.407308 6.954188 141705656084.000000
0.064941 -0.999268 0.234863 28.731776 -11.712316 7.198194 141705657886.000000
0.063721 -0.989990 0.239990 28.182761 -11.956323 7.198194 141705659693.000000
0.064209 -0.983154 0.231934 28.426768 -11.956323 6.954188 141705661493.000000
0.064941 -0.975342 0.230469 28.182761 -12.017324 7.076191 141705663293.000000
0.054688 -0.967041 0.228516 28.243763 -12.139328 7.015189 141705665093.000000
0.071533 -0.959717 0.224609 28.060758 -12.444336 6.771183 141705666893.000000
0.076904 -0.951172 0.211182 27.633746 -12.688343 6.893186 141705668694.000000
0.075684 -0.943359 0.200195 27.206735 -12.688343 6.405173 141705670495.000000
0.073730 -0.941895 0.202637 27.145733 -13.115354 6.161166 141705672295.000000
0.074219 -0.932861 0.191162 26.901726 -13.176356 6.039163 141705674095.000000
0.077637 -0.930420 0.192627 27.023730 -13.298359 6.100165 141705675896.000000
0.078613 -0.927734 0.183350 27.023730 -13.481364 5.917160 141705677700.000000
0.076904 -0.917480 0.182861 26.901726 -13.725371 5.917160 141705679496.000000
0.079102 -0.919189 0.175781 26.413713 -13.725371 5.917160 141705681293.000000
0.081055 -0.916016 0.170898 26.291710 -14.030379 5.917160 141705683090.000000
0.076416 -0.912109 0.171143 26.108705 -13.969377 6.100165 141705684887.000000
0.081543 -0.913818 0.164307 25.803697 -13.847374 5.856158 141705686687.000000
0.083008 -0.908936 0.155762 26.108705 -13.908376 6.039163 141705688491.000000
0.084717 -0.910645 0.150879 25.925700 -13.969377 6.161166 141705690293.000000
0.087402 -0.908203 0.151367 25.681693 -13.664369 6.405173 141705692094.000000
0.085449 -0.910645 0.145508 25.498688 -13.481364 6.527176 141705693895.000000
0.089844 -0.909180 0.146729 25.803697 -13.298359 6.710181 141705695694.000000
0.092773 -0.911621 0.143066 25.315684 -12.871348 7.137193 141705697496.000000
0.096436 -0.912598 0.141113 25.071677 -12.505338 7.198194 141705699292.000000
0.100830 -0.913574 0.138428 25.254682 -12.139328 7.564204 141705701090.000000
0.097412 -0.911377 0.143311 24.827670 -11.956323 7.564204 141705702885.000000
0.098389 -0.909912 0.135742 24.766669 -11.224303 7.869212 141705704681.000000
0.100830 -0.914795 0.135986 24.827670 -10.553285 8.296224 141705706478.000000
0.104248 -0.914307 0.136475 24.949674 -10.065272 8.662234 141705708279.000000
0.107422 -0.909424 0.130615 24.522662 -9.028244 8.784237 141705710080.000000
0.108887 -0.910889 0.139160 24.461660 -8.479229 9.455255 141705711881.000000
0.116699 -0.909912 0.134766 24.156652 -7.686208 9.516257 141705713681.000000
0.119629 -0.911865 0.137695 23.790642 -6.649180 9.882267 141705715482.000000
0.117432 -0.908691 0.135742 23.180626 -5.673153 10.004270 141705717282.000000
0.129639 -0.906250 0.130615 23.119624 -4.575124 10.187275 141705719104.000000
0.130127 -0.907227 0.126221 22.875618 -3.660099 10.309278 141705720904.000000
0.130615 -0.914307 0.130127 22.631611 -2.440066 9.943268 141705722705.000000
0.138184 -0.914551 0.130127 22.143598 -1.403038 10.431282 141705724505.000000
0.140381 -0.914551 0.127197 21.838590 -0.305008 10.553285 141705726306.000000
0.144531 -0.918701 0.130371 21.411578 0.549015 10.248277 141705728109.000000
0.143311 -0.924316 0.129639 21.045568 1.830049 10.065272 141705729908.000000
0.141846 -0.929443 0.124268 20.923565 3.233087 9.943268 141705731709.000000
0.144287 -0.929688 0.122559 20.679558 4.270115 9.943268 141705733510.000000
0.144531 -0.932373 0.120850 20.374550 5.185140 9.760264 141705735309.000000
0.147217 -0.933594 0.121826 19.642530 6.405173 9.699262 141705737109.000000
0.142334 -0.940674 0.123047 19.398524 7.320198 9.577259 141705738913.000000
0.143799 -0.947021 0.114502 18.849509 8.601232 9.272250 141705740713.000000
0.142334 -0.948975 0.117676 18.666504 9.089245 9.394254 141705742513.000000
0.135010 -0.954590 0.119141 18.422497 9.821265 9.150247 141705744316.000000
0.129883 -0.959473 0.111084 17.751479 10.858293 8.845239 141705746120.000000
0.125244 -0.968994 0.112793 17.629476 11.285305 8.540231 141705747924.000000
0.125000 -0.970947 0.113770 16.958458 11.895321 8.540231 141705749722.000000
0.117920 -0.982422 0.101074 16.653450 12.444336 8.357226 141705751523.000000
0.115234 -0.984863 0.107178 16.226438 12.871348 8.052217 141705753323.000000
0.113525 -0.985596 0.104736 16.104435 13.176356 7.930214 141705755123.000000
0.112305 -0.992432 0.107422 15.616422 13.664369 7.625206 141705756924.000000
0.109375 -0.998291 0.117432 15.555420 13.786372 7.381199 141705758730.000000
0.104248 -0.999023 0.113770 15.250412 13.481364 7.198194 141705760530.000000
0.097656 -1.001465 0.109619 14.945404 14.030379 6.710181 141705762331.000000
0.092041 -1.001709 0.110596 14.823400 13.603367 6.405173 141705764131.000000
0.090820 -1.004150 0.110107 14.640395 13.481364 6.100165 141705765930.000000
0.091064 -1.004395 0.118408 14.091380 13.481364 5.917160 141705767730.000000
0.081299 -1.005127 0.119873 14.030379 13.176356 5.673153 141705769532.000000
0.076172 -1.010010 0.118896 13.603367 12.627341 5.124138 141705771333.000000
0.073486 -1.011475 0.119629 13.725371 12.383334 4.636125 141705773133.000000
0.071045 -1.009766 0.118896 13.359361 12.139328 4.392119 141705774933.000000
0.063965 -1.016602 0.124268 13.176356 11.834320 4.087110 141705776733.000000
0.054199 -1.017578 0.125000 12.932349 10.797292 3.416092 141705778534.000000
0.047119 -1.017822 0.129639 12.932349 10.248277 2.806076 141705780331.000000
0.042969 -1.018555 0.131836 12.932349 9.516257 2.440066 141705782127.000000
0.033936 -1.018066 0.132324 12.627341 8.967242 2.196059 141705783924.000000
0.026367 -1.020508 0.137939 12.505338 7.930214 1.891051 141705785726.000000
0.020264 -1.018555 0.136719 12.505338 6.893186 1.586043 141705787525.000000
0.017334 -1.024658 0.131836 12.444336 5.856158 1.220033 141705789326.000000
0.013184 -1.021973 0.131348 12.078326 4.941133 1.159031 141705791127.000000
0.002197 -1.018066 0.145508 11.834320 3.782102 0.854023 141705792927.000000
-0.013428 -1.017334 0.149414 11.895321 2.623071 0.549015 141705794735.000000
-0.017578 -1.022949 0.155518 11.773318 1.037028 0.427012 141705796536.000000
-0.027344 -1.025879 0.154297 11.834320 0.000000 0.488013 141705798337.000000
-0.031494 -1.027588 0.156982 11.956323 -1.525041 0.122003 141705800133.000000
-0.038574 -1.029053 0.167969 11.834320 -2.989081 -0.061002 141705801930.000000
-0.042480 -1.023438 0.165039 12.139328 -4.697127 -0.183005 141705803726.000000
-0.046143 -1.018555 0.168213 12.017324 -6.222168 -0.366010 141705805522.000000
-0.048584 -1.014648 0.166504 11.834320 -7.625206 -0.549015 141705807339.000000
-0.050781 -1.013428 0.163818 11.590313 -9.638260 -0.793021 141705809143.000000
-0.050293 -1.013916 0.162842 11.285305 -11.102300 -1.159031 141705810944.000000
-0.049561 -1.011230 0.169434 11.285305 -12.688343 -1.464040 141705812745.000000
-0.058594 -1.005615 0.179688 11.346306 -14.823400 -2.074056 141705814545.000000
-0.056396 -1.009766 0.176270 11.529311 -16.653450 -2.379064 141705816346.000000
-0.058105 -1.010742 0.183838 11.224303 -18.300494 -2.684072 141705818147.000000
-0.059814 -1.004883 0.183105 10.980296 -20.313548 -2.989081 141705819948.000000
-0.066162 -1.005859 0.190674 11.041298 -22.082596 -3.294089 141705821749.000000
-0.066650 -1.011230 0.185303 11.224303 -23.851644 -4.026109 141705823549.000000
-0.064941 -1.012939 0.192627 11.285305 -26.108705 -4.209114 141705825350.000000
-0.067383 -1.012451 0.200684 11.224303 -28.121759 -4.453120 141705827150.000000
-0.068359 -1.014893 0.188477 11.163301 -30.073812 -5.185140 141705828961.000000
-0.072510 -1.015381 0.199219 11.224303 -31.720856 -5.307143 141705830762.000000
-0.070068 -1.018799 0.203369 11.834320 -33.672909 -5.429147 141705832563.000000
-0.072998 -1.020996 0.207275 11.895321 -35.624962 -6.100165 141705834363.000000
-0.073242 -1.020264 0.204834 11.712316 -36.966998 -6.222168 141705836163.000000
-0.069580 -1.023682 0.207275 12.261331 -38.736046 -6.344171 141705837967.000000
-0.072510 -1.030273 0.213867 12.200329 -40.383090 -6.527176 141705839765.000000
-0.070557 -1.032471 0.212158 12.383334 -42.396145 -6.466175 141705841565.000000
-0.068359 -1.032715 0.209961 12.383334 -43.860184 -6.771183 141705843365.000000
-0.068115 -1.035156 0.215332 12.566339 -45.385225 -6.893186 141705845165.000000
-0.056641 -1.037598 0.213867 13.237357 -46.788263 -7.259196 141705846965.000000
-0.049805 -1.039551 0.217041 13.054352 -48.130300 -7.259196 141705848771.000000
-0.045410 -1.039551 0.223877 12.993351 -49.289331 -7.747209 141705850578.000000
-0.042236 -1.040283 0.225830 13.725371 -50.265357 -7.747209 141705852380.000000
-0.035400 -1.039307 0.223389 13.847374 -51.302385 -8.052217 141705854179.000000
-0.033691 -1.044434 0.224365 13.542366 -52.278412 -8.174221 141705855980.000000
-0.028809 -1.043457 0.224609 13.908376 -53.010431 -8.418227 141705857782.000000
-0.027100 -1.040771 0.227051 14.457390 -53.742451 -8.174221 141705859591.000000
-0.014893 -1.040527 0.239014 14.518392 -54.474471 -8.357226 141705861391.000000
-0.013672 -1.043945 0.233398 14.762399 -54.840481 -8.296224 141705863191.000000
-0.012207 -1.043457 0.235596 14.945404 -55.328494 -7.991216 141705864992.000000
-0.007568 -1.044922 0.243896 15.311413 -55.877509 -8.113219 141705866793.000000
-0.003906 -1.045410 0.239746 15.616422 -56.060514 -8.174221 141705868594.000000
0.002197 -1.041504 0.241455 15.738425 -56.121515 -7.869212 141705870394.000000
0.005371 -1.044922 0.252441 16.043433 -56.487525 -7.747209 141705872199.000000
0.007568 -1.047363 0.257568 16.348441 -56.243519 -7.442201 141705874000.000000
0.014404 -1.041992 0.254150 16.409443 -56.426524 -7.381199 141705875801.000000
0.019287 -1.045166 0.252197 16.775453 -56.670530 -7.076191 141705877602.000000
0.017822 -1.042236 0.251221 17.019460 -56.670530 -6.893186 141705879398.000000
0.027588 -1.043213 0.251953 17.080461 -56.365522 -6.832184 141705881194.000000
0.026367 -1.042480 0.262207 17.263466 -56.426524 -6.588178 141705882990.000000
0.034424 -1.048584 0.262939 17.446471 -56.426524 -6.588178 141705884787.000000
0.039307 -1.037354 0.259521 17.812481 -56.121515 -6.527176 141705886583.000000
0.042480 -1.036621 0.260986 17.690478 -55.938510 -6.283170 141705888383.000000
0.047607 -1.034424 0.257080 17.934484 -55.877509 -6.039163 141705890185.000000
0.052002 -1.036133 0.254883 18.178491 -55.877509 -6.100165 141705891985.000000
0.055908 -1.032471 0.259277 18.605502 -55.572500 -5.856158 141705893785.000000
0.052979 -1.033203 0.274170 18.483499 -55.633502 -5.795156 141705895585.000000
0.056152 -1.030273 0.271729 18.727506 -55.511499 -5.490148 141705897386.000000
0.056396 -1.031494 0.265625 19.032514 -55.206491 -5.307143 141705899183.000000
0.057617 -1.028320 0.260986 19.032514 -55.084487 -5.124138 141705900984.000000
0.058838 -1.028809 0.270020 19.459525 -55.084487 -5.063137 141705902783.000000
0.061768 -1.029297 0.271484 19.337522 -55.084487 -4.758128 141705905175.000000
0.062500 -1.026611 0.265381 19.215519 -54.718477 -4.514122 141705906997.000000
0.067139 -1.027832 0.272217 19.337522 -54.718477 -4.331117 141705908804.000000
0.070313 -1.024414 0.268555 19.886537 -55.023486 -3.904105 141705910606.000000
0.067139 -1.021240 0.270752 19.764534 -55.084487 -3.599097 141705912407.000000
0.074951 -1.018555 0.266113 19.703532 -55.267492 -3.477094 141705914208.000000
0.072510 -1.014404 0.260742 19.764534 -55.084487 -3.233087 141705916008.000000
0.073975 -1.013428 0.271729 20.252547 -55.450497 -2.928079 141705917812.000000
0.072266 -1.014893 0.272705 20.374550 -55.816507 -2.806076 141705919615.000000
0.075195 -1.016602 0.271973 20.008540 -55.755505 -2.379064 141705921417.000000
0.076904 -1.014893 0.276611 20.496553 -55.633502 -1.952053 141705923218.000000
0.076904 -1.012695 0.275879 20.740560 -55.999512 -1.830049 141705925019.000000
0.077637 -1.008057 0.273682 20.679558 -56.243519 -1.586043 141705926818.000000
0.079590 -1.008057 0.273926 20.923565 -56.365522 -1.403038 141705928625.000000
0.081055 -1.007568 0.267578 20.923565 -56.182517 -1.220033 141705930425.000000
0.085449 -1.002930 0.268066 20.923565 -56.670530 -1.037028 141705932226.000000
0.085205 -1.000000 0.270508 21.106570 -56.670530 -0.854023 141705934026.000000
0.084961 -1.006348 0.273193 21.167572 -56.792533 -0.610016 141705935826.000000
0.091064 -1.006592 0.276123 21.472580 -56.975538 -0.366010 141705937629.000000
0.092041 -0.999268 0.276855 21.472580 -56.853535 -0.122003 141705939439.000000
0.098633 -0.993164 0.276123 21.655585 -57.402550 -0.122003 141705941238.000000
0.099365 -0.991699 0.273682 21.533581 -57.341548 0.122003 141705943037.000000
0.098877 -0.989258 0.270508 21.350576 -57.341548 0.122003 141705944837.000000
0.105225 -0.984131 0.271240 21.594583 -57.280547 0.305008 141705946638.000000
0.108643 -0.984863 0.270996 21.533581 -57.219545 0.488013 141705948445.000000
0.107666 -0.977539 0.274902 21.777588 -57.036540 0.610016 141705950246.000000
0.119385 -0.977539 0.268799 21.594583 -56.731532 0.488013 141705952045.000000
0.118896 -0.974365 0.270996 21.289575 -56.487525 0.610016 141705953846.000000
0.123047 -0.972656 0.270264 21.594583 -56.548527 0.610016 141705955646.000000
0.129150 -0.970947 0.263428 21.106570 -56.060514 0.793021 141705957450.000000
0.132324 -0.968994 0.262939 21.228573 -55.877509 0.610016 141705959248.000000
0.133545 -0.966797 0.254150 21.350576 -55.816507 0.610016 141705961048.000000
0.138672 -0.967529 0.259277 21.167572 -55.633502 0.671018 141705962849.000000
0.137451 -0.966553 0.254883 21.289575 -55.206491 0.793021 141705964649.000000
0.140625 -0.963623 0.256104 21.106570 -54.779479 0.610016 141705966450.000000
0.142822 -0.965820 0.245850 21.228573 -54.718477 0.549015 141705968252.000000
0.146729 -0.965088 0.243164 20.862563 -54.108461 0.427012 141705970102.000000
0.149902 -0.965820 0.246338 21.045568 -53.986458 0.244007 141705972572.000000
0.156494 -0.963379 0.243652 21.350576 -53.193436 0.244007 141705975490.000000
0.157959 -0.964355 0.240967 21.045568 -52.156408 0.305008 141705978407.000000
0.159424 -0.964844 0.238525 20.984567 -51.485390 0.122003 141705981315.000000
0.156738 -0.966797 0.224854 20.984567 -50.448362 0.061002 141705984221.000000
0.163330 -0.968018 0.229004 21.228573 -49.411334 0.244007 141705987138.000000
0.165527 -0.965088 0.227539 21.167572 -48.252303 0.427012 141705990051.000000
0.166260 -0.971436 0.225098 21.167572 -47.093272 0.732020 141705992964.000000
0.170166 -0.969238 0.220459 21.289575 -45.995242 0.854023 141705995879.000000
0.176025 -0.964600 0.221191 21.411578 -44.714207 0.732020 141705998790.000000
0.177979 -0.959717 0.214844 21.350576 -43.250168 0.854023 141706001696.000000
0.182373 -0.962646 0.219482 21.106570 -41.603123 0.976026 141706004619.000000
0.185059 -0.954102 0.217773 20.618557 -39.956079 0.793021 141706007531.000000
0.188965 -0.948486 0.222656 20.618557 -38.614043 1.037028 141706010446.000000
0.191650 -0.945068 0.210449 20.191545 -36.966998 0.671018 141706013363.000000
0.193115 -0.938232 0.221924 20.374550 -35.075947 0.366010 141706016279.000000
0.200195 -0.933105 0.221191 20.191545 -33.977917 0.183005 141706019196.000000
0.196777 -0.930664 0.220703 19.581529 -32.452876 -0.061002 141706022110.000000
0.198975 -0.929688 0.226318 19.703532 -31.171842 -0.610016 141706025024.000000
0.199219 -0.923340 0.221924 19.459525 -30.073812 -1.098030 141706027947.000000
0.195313 -0.923828 0.221924 19.276520 -29.097786 -1.525041 141706030867.000000
0.192139 -0.919434 0.228027 19.093516 -28.243763 -1.830049 141706033781.000000
0.187744 -0.922852 0.220215 18.971512 -27.572744 -2.379064 141706036694.000000
0.188965 -0.917480 0.222656 18.361496 -27.023730 -2.806076 141706039620.000000
0.191406 -0.917236 0.225342 18.361496 -26.169707 -3.294089 141706042534.000000
0.194824 -0.914551 0.224365 17.629476 -25.864698 -4.026109 141706045449.000000
0.195557 -0.912354 0.220459 17.385469 -25.803697 -4.636125 141706048366.000000
0.196533 -0.909668 0.221680 17.141463 -25.803697 -4.880132 141706051281.000000
0.200195 -0.905273 0.220703 16.226438 -25.742695 -5.368145 141706054195.000000
0.196777 -0.911133 0.216064 16.409443 -25.498688 -5.673153 141706057109.000000
0.194824 -0.904785 0.219971 15.860428 -25.437687 -6.161166 141706060025.000000
0.194092 -0.911621 0.213867 15.433417 -25.498688 -6.344171 141706062938.000000
0.193359 -0.906982 0.218994 15.189410 -25.437687 -6.405173 141706065851.000000
0.188721 -0.905518 0.207520 15.128408 -25.376685 -6.771183 141706068783.000000
0.195557 -0.905273 0.204834 14.213384 -25.071677 -7.015189 141706071726.000000
0.197266 -0.907471 0.204834 13.908376 -24.827670 -7.442201 141706074643.000000
0.196289 -0.909180 0.201416 13.298359 -24.644665 -7.686208 141706077560.000000
0.196777 -0.906738 0.197998 12.993351 -23.973647 -7.625206 141706080466.000000
0.194092 -0.905762 0.197021 12.505338 -23.485634 -7.930214 141706083373.000000
0.194824 -0.903564 0.198486 12.078326 -23.180626 -7.930214 141706086279.000000
0.193848 -0.906982 0.190918 11.956323 -22.509608 -7.869212 141706089193.000000
0.190430 -0.905273 0.190918 11.285305 -21.960593 -8.052217 141706092113.000000
0.186768 -0.907959 0.193848 10.919295 -21.228573 -8.174221 141706095028.000000
0.184082 -0.905273 0.196289 10.919295 -20.618557 -7.869212 141706097945.000000
0.179443 -0.909180 0.191406 10.492283 -19.947539 -8.113219 141706100852.000000
0.181885 -0.908447 0.188477 10.187275 -19.520527 -8.174221 141706103757.000000
0.181152 -0.911133 0.186768 9.821265 -18.849509 -8.113219 141706106663.000000
0.180908 -0.909424 0.193115 9.577259 -18.422497 -7.991216 141706109586.000000
0.172363 -0.907715 0.193848 9.272250 -18.117489 -8.052217 141706112501.000000
0.174805 -0.905273 0.192627 8.784237 -17.568474 -7.625206 141706115416.000000
0.170654 -0.899414 0.188477 8.357226 -17.812481 -8.174221 141706118339.000000
0.166016 -0.898193 0.198242 7.991216 -17.446471 -7.808211 141706121256.000000
0.166748 -0.894043 0.191406 7.869212 -17.202464 -8.174221 141706124170.000000
0.166260 -0.892334 0.200439 7.259196 -17.507473 -7.991216 141706127088.000000
0.161133 -0.890381 0.191650 6.771183 -17.568474 -8.296224 141706130003.000000
0.164795 -0.886719 0.198242 6.588178 -17.751479 -8.113219 141706132919.000000
0.162354 -0.880371 0.196045 5.856158 -17.995486 -7.991216 141706135830.000000
0.164063 -0.883545 0.194336 5.612152 -18.422497 -8.052217 141706138754.000000
0.159424 -0.881836 0.197266 4.880132 -18.727506 -8.235222 141706141667.000000
0.159180 -0.882568 0.198730 4.636125 -19.032514 -8.235222 141706144579.000000
0.157227 -0.881348 0.197021 4.026109 -19.947539 -8.052217 141706147500.000000
0.159912 -0.877930 0.204834 3.416092 -20.374550 -7.991216 141706150418.000000
0.159180 -0.876953 0.196289 2.745074 -20.740560 -7.564204 141706153331.000000
0.158203 -0.883057 0.199707 2.074056 -21.594583 -7.381199 141706156245.000000
0.162109 -0.883545 0.208008 1.159031 -22.082596 -7.137193 141706159168.000000
0.158447 -0.882080 0.209961 0.732020 -22.570609 -6.954188 141706162083.000000
0.165527 -0.884766 0.209717 0.122003 -23.119624 -6.649180 141706164997.000000
0.169189 -0.886719 0.207520 -0.854023 -23.546636 -6.466175 141706167910.000000
0.166016 -0.887451 0.214844 -1.281035 -23.668639 -6.222168 141706170856.000000
0.169434 -0.891602 0.210938 -2.074056 -24.217654 -6.222168 141706173772.000000
0.176025 -0.890625 0.219727 -2.806076 -24.400659 -6.039163 141706176686.000000
0.177734 -0.895020 0.216309 -3.660099 -24.827670 -6.283170 141706179598.000000
0.186035 -0.897705 0.212646 -4.087110 -24.766669 -5.978161 141706182503.000000
0.189697 -0.900879 0.221924 -4.941133 -24.827670 -5.917160 141706185409.000000
0.193604 -0.901855 0.214844 -5.734155 -25.315684 -5.917160 141706188321.000000
0.199463 -0.906250 0.212158 -6.466175 -25.132679 -6.222168 141706191235.000000
0.213135 -0.921143 0.208740 -8.479229 -25.071677 -6.222168 141706198936.000000
0.214600 -0.925293 0.215820 -9.150247 -24.766669 -6.405173 141706202089.000000
0.218506 -0.930908 0.213379 -9.455255 -24.522662 -6.588178 141706205053.000000
0.223877 -0.934570 0.206299 -10.309278 -24.217654 -6.710181 141706207989.000000
0.225098 -0.936768 0.209229 -11.102300 -23.851644 -6.832184 141706211090.000000
0.237549 -0.943115 0.197021 -11.468310 -23.119624 -6.710181 141706214089.000000
0.235596 -0.941895 0.206787 -12.261331 -22.448606 -6.771183 141706217009.000000
0.238037 -0.939209 0.205566 -12.444336 -22.143598 -6.771183 141706219919.000000
0.243408 -0.946289 0.202637 -12.993351 -21.289575 -7.015189 141706222838.000000
0.246338 -0.949951 0.207764 -13.908376 -20.008540 -6.771183 141706225747.000000
0.248047 -0.945801 0.205811 -13.786372 -19.520527 -6.893186 141706228663.000000
0.247314 -0.947266 0.207520 -14.579394 -18.117489 -6.893186 141706231581.000000
0.253418 -0.943359 0.210693 -15.494418 -17.385469 -6.771183 141706234492.000000
0.251709 -0.946045 0.208496 -16.165436 -16.348441 -6.771183 141706237402.000000
0.252441 -0.948730 0.213623 -16.775453 -15.128408 -6.954188 141706240320.000000
0.250000 -0.945557 0.213867 -17.507473 -14.518392 -6.893186 141706243244.000000
0.251221 -0.944824 0.218506 -17.995486 -13.115354 -7.076191 141706246157.000000
0.254150 -0.948730 0.218994 -18.910511 -12.078326 -7.320198 141706249071.000000
0.254639 -0.951172 0.218506 -19.215519 -11.224303 -7.564204 141706251982.000000
0.249023 -0.953613 0.219482 -20.374550 -9.943268 -7.503203 141706254889.000000
0.247070 -0.954346 0.219482 -21.106570 -9.028244 -7.747209 141706257807.000000
0.244873 -0.959961 0.226074 -21.838590 -7.991216 -7.747209 141706260721.000000
0.240479 -0.962646 0.229980 -22.448606 -7.381199 -7.808211 141706263634.000000
0.237793 -0.964600 0.228271 -23.607637 -6.100165 -8.235222 141706266541.000000
0.235107 -0.967041 0.224854 -24.217654 -5.734155 -7.930214 141706269450.000000
0.233398 -0.968506 0.226074 -24.888672 -4.758128 -8.174221 141706272458.000000
0.226318 -0.976074 0.227295 -25.315684 -4.148112 -7.808211 141706274362.000000
0.230225 -0.982178 0.221680 -25.925700 -4.087110 -7.869212 141706276166.000000
0.226074 -0.981934 0.222900 -26.413713 -3.904105 -8.052217 141706277970.000000
0.223633 -0.983154 0.225098 -27.023730 -3.477094 -7.808211 141706279768.000000
0.228027 -0.987061 0.219971 -27.572744 -3.233087 -7.686208 141706281569.000000
0.223633 -0.986572 0.220703 -27.816751 -2.867077 -7.625206 141706283374.000000
0.217285 -0.986328 0.225342 -28.548771 -2.684072 -7.564204 141706285172.000000
0.217529 -0.987305 0.231201 -28.914781 -2.684072 -7.442201 141706286969.000000
0.218262 -0.984619 0.227783 -29.158787 -2.196059 -7.137193 141706288773.000000
0.214355 -0.990234 0.225342 -29.402794 -2.074056 -7.381199 141706290574.000000
0.211914 -0.994141 0.225586 -30.012810 -2.135058 -7.015189 141706292373.000000
0.210693 -0.994629 0.220215 -30.317819 -1.891051 -7.076191 141706294170.000000
0.213867 -0.998779 0.226807 -30.561825 -1.586043 -6.893186 141706295973.000000
0.206787 -0.996094 0.230957 -30.988837 -1.525041 -6.710181 141706297772.000000
0.200928 -0.995605 0.224854 -31.598853 -1.586043 -6.954188 141706299573.000000
0.200684 -0.995361 0.222656 -31.720856 -1.586043 -6.771183 141706301370.000000
0.195557 -0.997070 0.228760 -32.086866 -1.037028 -6.405173 141706303178.000000
0.195313 -0.995605 0.229736 -32.452876 -1.098030 -6.283170 141706304976.000000
0.193848 -0.997314 0.226807 -32.696883 -1.098030 -6.222168 141706306774.000000
0.189941 -0.996094 0.230957 -32.818886 -1.159031 -5.917160 141706308572.000000
0.190430 -0.995850 0.234131 -33.306899 -1.098030 -5.795156 141706310372.000000
0.190918 -0.995850 0.232178 -33.550906 -1.342036 -5.795156 141706312169.000000
0.182861 -0.995361 0.232422 -34.160922 -1.220033 -5.490148 141706313967.000000
0.183350 -0.997559 0.232422 -34.160922 -1.342036 -5.307143 141706315768.000000
0.183105 -0.990479 0.231689 -34.526932 -1.525041 -5.185140 141706317568.000000
0.180908 -0.989746 0.230713 -34.831940 -1.281035 -4.819130 141706319411.000000
0.181152 -0.993896 0.237549 -35.258952 -1.647044 -4.697127 141706321375.000000
0.177979 -0.988525 0.242432 -35.502959 -1.647044 -4.575124 141706323365.000000
0.175781 -0.990723 0.238770 -35.685964 -1.769048 -4.148112 141706325258.000000
0.182617 -0.993408 0.239014 -36.112975 -1.830049 -4.270115 141706327106.000000
0.179443 -0.992920 0.242676 -36.051973 -2.074056 -3.965107 141706328908.000000
0.180420 -0.994385 0.240479 -35.990972 -1.952053 -3.416092 141706330710.000000
0.177246 -0.995361 0.246094 -36.051973 -2.074056 -3.538096 141706332512.000000
0.178955 -0.999268 0.239502 -36.539987 -2.013054 -2.867077 141706334316.000000
0.177979 -0.992920 0.240967 -36.478985 -1.952053 -2.867077 141706336121.000000
0.180420 -0.990723 0.239014 -36.234978 -2.196059 -2.562069 141706337923.000000
0.183838 -0.993896 0.237061 -36.600988 -2.257061 -2.318063 141706339721.000000
0.186279 -0.992188 0.248535 -36.539987 -2.196059 -2.013054 141706341518.000000
0.185547 -0.994385 0.242432 -36.966998 -2.013054 -1.830049 141706343314.000000
0.190674 -0.990479 0.242188 -36.783993 -2.013054 -1.586043 141706345115.000000
0.193604 -0.992432 0.241455 -36.600988 -1.952053 -1.281035 141706346912.000000
0.193359 -0.990723 0.242432 -36.478985 -1.891051 -0.976026 141706348714.000000
0.200195 -0.984863 0.247559 -36.478985 -1.769048 -0.610016 141706350517.000000
0.199707 -0.986084 0.243164 -36.539987 -1.647044 -0.244007 141706352320.000000
0.204102 -0.986084 0.240967 -36.722992 -1.647044 0.061002 141706354125.000000
0.208252 -0.982666 0.244873 -36.722992 -1.525041 0.366010 141706355926.000000
0.211670 -0.977539 0.247314 -36.966998 -1.342036 0.610016 141706357732.000000
0.212402 -0.983887 0.246338 -36.783993 -1.037028 0.854023 141706359528.000000
0.215088 -0.980713 0.249512 -36.722992 -0.732020 1.159031 141706361325.000000
0.218506 -0.976807 0.246826 -36.722992 -0.427012 1.586043 141706363122.000000
0.226074 -0.980957 0.247070 -37.028000 -0.122003 1.708046 141706364918.000000
0.226318 -0.976318 0.248535 -37.028000 0.183005 1.952053 141706366714.000000
0.233643 -0.970947 0.243652 -36.783993 0.488013 2.257061 141706368516.000000
0.232422 -0.971924 0.245605 -37.089001 0.915025 2.501068 141706370327.000000
0.238770 -0.979248 0.239502 -37.455011 1.342036 2.684072 141706372132.000000
0.241699 -0.973389 0.236328 -37.272006 1.769048 2.989081 141706373934.000000
0.246582 -0.971191 0.236816 -37.516013 2.379064 3.111084 141706375738.000000
0.251221 -0.971191 0.240723 -37.455011 2.806076 3.355091 141706377539.000000
0.253174 -0.968750 0.240479 -37.638016 3.355091 3.660099 141706379347.000000
0.253418 -0.976074 0.234863 -37.882023 4.148112 4.026109 141706381154.000000
0.255127 -0.971436 0.228760 -38.004026 4.636125 4.209114 141706382955.000000
0.255371 -0.970215 0.233643 -38.248033 5.185140 4.514122 141706384755.000000
0.259033 -0.966797 0.223877 -38.248033 5.917160 4.758128 141706386557.000000
0.263184 -0.972168 0.227783 -38.248033 6.527176 5.063137 141706388360.000000
0.262695 -0.971191 0.229248 -38.492039 7.198194 5.612152 141706390161.000000
0.261719 -0.970703 0.225342 -38.675044 7.991216 5.917160 141706391957.000000
0.270264 -0.969727 0.218750 -38.553041 8.784237 6.283170 141706393754.000000
0.270752 -0.966064 0.221924 -38.736046 9.882267 6.588178 141706395551.000000
0.280273 -0.965088 0.215576 -39.346062 10.614287 6.710181 141706397349.000000
0.277344 -0.960449 0.214600 -39.529067 11.651315 6.954188 141706399153.000000
0.283203 -0.960938 0.211914 -39.529067 12.688343 7.198194 141706400953.000000
0.288574 -0.956055 0.217285 -39.773074 13.481364 7.564204 141706402754.000000
0.295166 -0.952148 0.213135 -39.712072 14.396389 7.625206 141706404555.000000
0.300049 -0.947266 0.210938 -40.322089 15.677423 7.808211 141706406356.000000
0.300049 -0.947998 0.213135 -40.505094 16.775453 7.930214 141706408155.000000
0.306396 -0.947754 0.216553 -40.566095 17.995486 8.113219 141706409956.000000
0.303955 -0.936523 0.211182 -41.115110 19.154517 8.052217 141706411756.000000
0.310303 -0.940674 0.212646 -41.176112 20.313548 8.235222 141706413553.000000
0.312744 -0.933350 0.203369 -41.237113 21.777588 8.235222 141706415349.000000
0.313965 -0.935547 0.203125 -41.542122 22.997621 8.479229 141706417145.000000
0.311279 -0.930664 0.207031 -41.664125 23.973647 8.723236 141706418948.000000
0.307129 -0.924561 0.206787 -42.091136 25.437687 8.845239 141706420749.000000
0.311523 -0.925537 0.210205 -42.335143 26.779723 8.723236 141706422549.000000
0.308594 -0.919434 0.207764 -42.518148 27.694748 9.150247 141706424349.000000
0.312988 -0.920898 0.205078 -42.579150 28.975782 9.211249 141706426150.000000
0.309326 -0.912842 0.204590 -43.250168 30.317819 9.516257 141706427954.000000
0.309326 -0.910889 0.200439 -43.433173 31.659855 9.760264 141706429761.000000
0.309326 -0.908447 0.212158 -43.494174 32.940889 9.882267 141706431563.000000
0.307617 -0.904541 0.210693 -43.738181 33.611908 10.309278 141706433363.000000
0.306885 -0.902588 0.204102 -44.043189 35.258952 10.675288 141706435171.000000
0.304199 -0.898926 0.207275 -44.287196 36.234978 10.858293 141706436972.000000
0.302979 -0.894531 0.206055 -44.958214 37.150003 10.919295 141706438778.000000
0.300293 -0.889160 0.200684 -45.446227 38.126029 11.163301 141706440578.000000
0.303467 -0.882568 0.210938 -45.812237 39.346062 11.285305 141706442379.000000
0.300293 -0.878418 0.207275 -45.995242 40.261087 11.407308 141706444180.000000
0.298096 -0.873779 0.205322 -46.605258 41.115110 11.346306 141706445981.000000
0.295166 -0.868164 0.209473 -46.910267 41.664125 11.651315 141706447785.000000
0.294922 -0.856201 0.209473 -47.337278 42.396145 11.773318 141706449591.000000
0.288086 -0.855713 0.214600 -48.069298 43.250168 11.590313 141706451392.000000
0.282471 -0.853760 0.222168 -48.191301 43.799183 11.529311 141706453192.000000
0.280518 -0.842529 0.219238 -48.862319 43.860184 11.712316 141706454992.000000
0.273926 -0.842285 0.224609 -48.923321 44.165192 11.712316 141706456792.000000
0.279541 -0.835449 0.232178 -49.228329 44.775209 11.651315 141706458595.000000
0.276367 -0.828857 0.229004 -49.960349 45.080217 11.468310 141706460400.000000
0.272461 -0.825928 0.229736 -50.204356 45.263222 11.163301 141706462200.000000
0.272949 -0.822266 0.231934 -51.058379 45.324224 10.980296 141706464001.000000
0.271240 -0.815186 0.230713 -51.119380 45.568230 10.736290 141706465805.000000
0.271484 -0.807861 0.230469 -51.607393 45.690234 10.431282 141706467610.000000
0.272461 -0.805420 0.231689 -52.217410 45.812237 10.370280 141706469408.000000
0.271973 -0.800293 0.230469 -52.583420 46.056244 9.638260 141706471214.000000
0.271484 -0.800293 0.235352 -53.010431 46.178247 9.455255 141706473017.000000
0.268555 -0.795166 0.231689 -53.437443 45.995242 9.272250 141706474818.000000
0.268311 -0.795166 0.228516 -54.108461 45.934240 8.601232 141706476620.000000
0.261963 -0.797119 0.235107 -54.047459 46.056244 8.113219 141706478420.000000
0.263672 -0.796387 0.233398 -54.718477 46.056244 7.869212 141706480220.000000
0.262695 -0.794189 0.233887 -54.779479 46.422253 7.625206 141706482024.000000
0.264648 -0.793945 0.233398 -55.084487 46.483255 7.381199 141706483825.000000
0.258301 -0.799316 0.233154 -55.145489 46.361252 6.588178 141706485625.000000
0.265869 -0.798828 0.233887 -55.633502 46.788263 6.405173 141706487427.000000
0.264160 -0.798584 0.225342 -55.572500 46.666260 6.039163 141706489223.000000
0.266602 -0.800293 0.224121 -55.633502 46.971268 5.307143 141706491020.000000
0.271240 -0.806885 0.222168 -56.060514 47.703288 5.063137 141706492820.000000
0.276123 -0.808350 0.211426 -56.304520 48.069298 4.575124 141706494616.000000
0.273193 -0.810303 0.206055 -56.304520 48.618313 4.026109 141706496412.000000
0.279785 -0.817871 0.205811 -56.487525 49.472336 3.721100 141706498212.000000
0.279785 -0.821289 0.202148 -56.853535 50.143354 3.416092 141706500013.000000
0.275635 -0.823975 0.195801 -56.914537 51.119380 2.989081 141706501815.000000
0.281494 -0.829102 0.187988 -57.158543 52.156408 2.745074 141706503619.000000
0.277832 -0.836914 0.178223 -57.463552 53.071433 2.074056 141706505419.000000
0.276123 -0.841309 0.169922 -58.134570 54.352468 1.891051 141706507220.000000
0.275391 -0.844727 0.158447 -58.683584 55.511499 1.586043 141706509020.000000
0.273926 -0.854736 0.144043 -58.866589 56.975538 1.464040 141706510816.000000
0.275879 -0.862061 0.133545 -59.232599 58.195571 0.976026 141706512612.000000
0.273193 -0.867920 0.125244 -59.659611 60.208626 1.098030 141706514410.000000
0.268311 -0.877197 0.121094 -59.903617 61.550662 0.976026 141706516208.000000
0.267822 -0.875244 0.114990 -60.574636 63.319710 0.976026 141706518006.000000
0.256348 -0.885986 0.105225 -61.062649 65.271762 1.525041 141706519807.000000
0.254883 -0.893066 0.104248 -61.245654 67.040810 1.647044 141706521608.000000
0.253662 -0.893311 0.099121 -61.611664 69.236869 1.830049 141706523409.000000
0.250977 -0.892822 0.080078 -61.916672 71.188922 1.952053 141706525212.000000
0.251465 -0.895020 0.080811 -62.587690 73.384981 2.318063 141706527013.000000
0.249756 -0.896729 0.079346 -63.075703 75.703044 2.257061 141706528818.000000
0.247559 -0.893555 0.077881 -63.319710 77.655097 2.257061 141706530620.000000
0.247803 -0.900635 0.068848 -63.685720 80.278168 2.379064 141706532421.000000
0.242188 -0.885498 0.059570 -64.356738 82.779235 2.562069 141706534224.000000
0.238770 -0.888672 0.062500 -64.783749 85.341304 2.562069 141706536025.000000
0.235107 -0.891113 0.062988 -64.661746 87.720368 2.562069 141706537827.000000
0.233398 -0.888184 0.067627 -64.600744 89.794424 2.318063 141706539631.000000
0.229004 -0.887207 0.059082 -65.149759 92.356494 1.891051 141706541432.000000
0.216309 -0.887695 0.062988 -65.149759 94.735558 1.952053 141706543232.000000
0.213135 -0.892090 0.064941 -64.966754 97.358629 1.708046 141706545033.000000
0.204102 -0.896973 0.054199 -65.149759 99.432685 1.159031 141706546835.000000
0.196777 -0.901367 0.058838 -65.027756 101.750747 0.488013 141706548637.000000
0.195313 -0.905518 0.054932 -64.478741 104.007808 0.061002 141706550438.000000
0.186768 -0.911377 0.049072 -64.783749 106.569877 -0.671018 141706552238.000000
0.185791 -0.915283 0.048096 -64.661746 108.216922 -1.403038 141706554039.000000
0.178711 -0.927246 0.034180 -64.722748 110.412981 -2.318063 141706555839.000000
0.172852 -0.940186 0.022461 -64.783749 112.304032 -3.355091 141706557644.000000
0.169678 -0.948242 0.018311 -65.027756 114.073080 -4.331117 141706559443.000000
0.162842 -0.962158 0.004150 -64.539743 115.415116 -5.368145 141706561243.000000
0.161133 -0.972412 0.000732 -64.661746 117.001159 -6.649180 141706563043.000000
0.159424 -0.982910 -0.002686 -64.234734 118.526200 -7.503203 141706564844.000000
0.151611 -1.002441 -0.011719 -63.441713 119.624230 -8.906240 141706566645.000000
0.147217 -1.016602 -0.015869 -63.075703 120.539255 -10.309278 141706568448.000000
0.138672 -1.034424 -0.034668 -63.258708 121.637284 -11.163301 141706570250.000000
0.137451 -1.046387 -0.039795 -63.380711 122.003294 -12.078326 141706572051.000000
0.125488 -1.071289 -0.057861 -63.136705 122.796316 -13.420362 141706573852.000000
0.121338 -1.093750 -0.067383 -63.136705 123.162325 -14.701397 141706575652.000000
0.113281 -1.118408 -0.075928 -62.709693 123.467334 -15.433417 141706577458.000000
0.111328 -1.146240 -0.092285 -61.977673 123.772342 -16.531446 141706579260.000000
0.106201 -1.170898 -0.100586 -61.672665 123.650339 -17.568474 141706581063.000000
0.105957 -1.184814 -0.114990 -61.123650 123.833344 -18.361496 141706582864.000000
0.102051 -1.211914 -0.127197 -60.940645 123.711340 -18.971512 141706584664.000000
0.096191 -1.241699 -0.146729 -60.757640 123.101324 -19.947539 141706586465.000000
0.090576 -1.261719 -0.155029 -60.269627 122.979320 -20.374550 141706588266.000000
0.086670 -1.282959 -0.168213 -59.781614 122.613311 -20.740560 141706590062.000000
0.086182 -1.291016 -0.175049 -59.293601 122.064296 -20.923565 141706591859.000000
0.077393 -1.314453 -0.196777 -58.744586 121.942292 -21.106570 141706593660.000000
0.072754 -1.330811 -0.203857 -58.012566 121.149271 -21.167572 141706595457.000000
0.071533 -1.346680 -0.221924 -57.280547 120.417251 -21.350576 141706597257.000000
0.068115 -1.359375 -0.232422 -56.243519 119.563228 -20.984567 141706599098.000000
0.066406 -1.364990 -0.233643 -55.755505 118.831208 -21.167572 141706600899.000000
0.062012 -1.371094 -0.246826 -54.840481 118.099189 -20.984567 141706602700.000000
0.062256 -1.386230 -0.251953 -53.986458 117.184164 -20.679558 141706604505.000000
0.055908 -1.393066 -0.266357 -52.644421 115.903129 -20.496553 141706606305.000000
0.047119 -1.391357 -0.262939 -51.546392 114.805100 -20.374550 141706608106.000000
0.047607 -1.398193 -0.272217 -50.631367 113.829073 -20.130544 141706609903.000000
0.039063 -1.405273 -0.273438 -49.594339 112.792045 -19.520527 141706611700.000000
0.030762 -1.400879 -0.279541 -47.825291 111.755017 -19.337522 141706613496.000000
0.025635 -1.404785 -0.286133 -46.727262 110.717989 -18.788507 141706615292.000000
0.018799 -1.400879 -0.290039 -45.446227 109.680961 -18.483499 141706617089.000000
0.014648 -1.400635 -0.291992 -44.165192 108.277924 -18.056488 141706618890.000000
-0.000488 -1.394287 -0.289307 -42.335143 107.179894 -17.568474 141706620692.000000
-0.008789 -1.384033 -0.282959 -40.810102 106.508876 -17.080461 141706622492.000000
-0.021484 -1.376953 -0.291504 -39.529067 105.166840 -16.409443 141706624293.000000
-0.033936 -1.359131 -0.291260 -38.126029 103.763802 -15.738425 141706626093.000000
-0.040283 -1.350098 -0.280029 -36.356982 102.299762 -15.189410 141706627903.000000
-0.051025 -1.336670 -0.264648 -34.648936 100.896724 -14.579394 141706629706.000000
-0.061768 -1.317627 -0.270508 -33.001891 99.310681 -13.786372 141706631506.000000
-0.073242 -1.298340 -0.264404 -32.086866 97.419630 -13.237357 141706633312.000000
-0.089111 -1.282471 -0.249268 -30.500824 95.040566 -12.566339 141706635114.000000
-0.090576 -1.271240 -0.240479 -29.036784 93.454523 -12.444336 141706636914.000000
-0.102295 -1.248291 -0.238525 -27.389740 91.197462 -11.773318 141706638716.000000
-0.109619 -1.217285 -0.223145 -25.681693 88.879400 -11.468310 141706640516.000000
-0.124023 -1.195801 -0.205811 -23.912646 86.378332 -11.163301 141706642317.000000
-0.122803 -1.173584 -0.196533 -21.899591 83.816263 -11.041298 141706644118.000000
-0.129639 -1.158203 -0.198486 -20.618557 81.376197 -10.858293 141706645918.000000
-0.140869 -1.128662 -0.189697 -19.520527 78.021107 -11.041298 141706647723.000000
-0.155273 -1.105957 -0.180176 -18.300494 75.215031 -10.980296 141706649522.000000
-0.149414 -1.080322 -0.181152 -17.080461 72.347953 -11.102300 141706651322.000000
-0.153076 -1.053467 -0.180420 -15.982432 69.053864 -11.102300 141706653122.000000
-0.153809 -1.044434 -0.176758 -14.945404 65.759776 -11.468310 141706654922.000000
-0.164551 -1.028320 -0.162109 -13.786372 62.160678 -11.773318 141706656723.000000
-0.166992 -1.004150 -0.161377 -12.749344 58.622583 -12.078326 141706658525.000000
-0.169434 -0.984619 -0.157959 -11.834320 54.962484 -12.505338 141706660328.000000
-0.178955 -0.961182 -0.154785 -11.163301 51.424388 -12.688343 141706662129.000000
-0.178467 -0.957275 -0.148926 -9.821265 47.642286 -13.054352 141706663929.000000
-0.177734 -0.938477 -0.148193 -9.089245 43.555176 -13.603367 141706665730.000000
-0.176025 -0.927490 -0.151367 -8.540231 39.712072 -13.786372 141706667534.000000
-0.175049 -0.908447 -0.148926 -7.564204 35.929970 -14.518392 141706669334.000000
-0.176270 -0.896973 -0.142090 -6.649180 31.537852 -14.945404 141706671135.000000
-0.168945 -0.887451 -0.147705 -6.039163 27.450741 -15.494418 141706672935.000000
-0.165771 -0.882080 -0.148682 -5.551150 23.607637 -15.982432 141706674736.000000
-0.163086 -0.871338 -0.144287 -4.819130 19.581529 -16.409443 141706676536.000000
-0.157959 -0.866699 -0.142090 -3.904105 15.372415 -17.080461 141706678336.000000
-0.155273 -0.861572 -0.134033 -3.050082 11.407308 -17.690478 141706680137.000000
-0.148682 -0.854248 -0.142334 -2.318063 7.320198 -17.934484 141706681938.000000
-0.143555 -0.853271 -0.145264 -1.769048 3.782102 -18.300494 141706683738.000000
-0.131104 -0.849609 -0.139160 -0.732020 -0.061002 -18.849509 141706685538.000000
-0.121094 -0.852783 -0.141602 0.122003 -3.660099 -19.215519 141706687340.000000
-0.110596 -0.851807 -0.144043 0.732020 -6.954188 -19.947539 141706689136.000000
-0.096680 -0.851807 -0.143799 1.830049 -10.797292 -20.191545 141706690936.000000
-0.089844 -0.850098 -0.142578 2.440066 -14.396389 -21.106570 141706692733.000000
-0.078369 -0.858887 -0.145752 3.294089 -17.019460 -21.411578 141706694530.000000
-0.067139 -0.862793 -0.145508 3.965107 -20.313548 -21.838590 141706696326.000000
-0.053223 -0.869873 -0.144531 4.453120 -23.302629 -22.387604 141706698126.000000
-0.038818 -0.871094 -0.144531 5.124138 -25.864698 -22.631611 141706699928.000000
-0.031250 -0.874268 -0.146973 5.917160 -28.487769 -22.997621 141706701728.000000
-0.017578 -0.888428 -0.149658 6.283170 -31.232843 -23.302629 141706703529.000000
-0.002441 -0.892334 -0.152832 6.954188 -33.672909 -23.668639 141706705329.000000
0.009033 -0.900879 -0.150635 7.564204 -36.356982 -23.790642 141706707130.000000
0.022949 -0.910645 -0.155273 7.991216 -38.431038 -23.973647 141706708930.000000
0.029297 -0.919434 -0.160156 8.296224 -40.383090 -23.912646 141706710726.000000
0.041260 -0.925293 -0.156250 8.906240 -42.213140 -24.217654 141706712524.000000
0.059570 -0.940186 -0.156982 9.150247 -44.287196 -24.156652 141706714320.000000
0.067871 -0.952881 -0.157959 9.760264 -46.300250 -24.095651 141706716119.000000
0.081543 -0.966797 -0.161133 9.943268 -47.825291 -24.278656 141706717919.000000
0.086182 -0.972900 -0.166992 9.882267 -49.289331 -24.339657 141706719720.000000
0.102051 -0.981201 -0.162354 10.187275 -50.936375 -24.034649 141706721521.000000
0.113037 -0.997803 -0.159668 10.675288 -52.217410 -23.851644 141706723322.000000
0.130127 -1.008545 -0.165039 10.797292 -53.376441 -23.668639 141706725122.000000
0.136475 -1.014160 -0.165039 10.736290 -54.596474 -23.424632 141706726923.000000
0.142090 -1.023926 -0.168457 11.346306 -55.938510 -23.485634 141706728737.000000
0.159668 -1.038330 -0.167725 11.468310 -56.914537 -23.241628 141706730539.000000
0.169678 -1.050537 -0.168945 11.590313 -57.646556 -22.875618 141706732343.000000
0.177979 -1.058838 -0.158936 11.590313 -58.378576 -22.570609 141706734142.000000
0.186035 -1.067627 -0.166016 11.590313 -59.110596 -22.326603 141706735943.000000
0.193848 -1.069092 -0.163574 11.956323 -59.720612 -22.021595 141706737745.000000
0.204102 -1.076416 -0.165039 11.895321 -60.330629 -21.777588 141706739547.000000
0.212646 -1.092041 -0.160156 11.468310 -60.635637 -21.350576 141706741348.000000
0.225830 -1.097656 -0.163086 11.285305 -61.062649 -20.679558 141706743148.000000
0.233398 -1.108887 -0.163086 11.407308 -61.550662 -20.313548 141706744949.000000
0.238770 -1.110352 -0.159912 11.285305 -61.794668 -20.313548 141706746750.000000
0.248047 -1.114746 -0.161377 11.285305 -61.855670 -19.947539 141706748556.000000
0.253174 -1.121338 -0.161621 10.797292 -61.916672 -19.642530 141706750356.000000
0.266357 -1.128662 -0.156494 10.675288 -61.855670 -19.154517 141706752156.000000
0.264404 -1.133545 -0.153809 10.309278 -61.733667 -18.849509 141706753956.000000
0.269287 -1.138916 -0.155762 10.370280 -61.611664 -18.544501 141706755757.000000
0.276367 -1.146729 -0.153076 10.004270 -61.733667 -18.056488 141706757560.000000
0.277832 -1.149414 -0.156250 9.638260 -61.428659 -17.690478 141706759363.000000
0.286865 -1.153076 -0.145752 8.906240 -61.062649 -17.263466 141706761162.000000
0.289795 -1.159180 -0.153564 8.662234 -60.757640 -16.897456 141706762962.000000
0.290527 -1.159668 -0.153320 7.869212 -60.330629 -16.104435 141706764762.000000
0.295898 -1.160889 -0.148926 7.442201 -59.842616 -15.738425 141706766561.000000
0.293701 -1.167725 -0.141357 6.954188 -59.354603 -15.372415 141706768363.000000
0.293213 -1.174316 -0.137451 6.588178 -58.866589 -14.518392 141706770164.000000
0.292480 -1.173584 -0.136475 5.673153 -58.500580 -13.969377 141706771967.000000
0.295654 -1.174805 -0.136475 5.002135 -57.707558 -13.298359 141706773767.000000
0.292236 -1.177246 -0.131836 4.758128 -57.219545 -12.505338 141706775572.000000
0.294922 -1.177490 -0.130859 4.087110 -56.670530 -11.956323 141706777374.000000
0.293457 -1.176025 -0.116699 3.172086 -55.938510 -11.468310 141706779178.000000
0.290039 -1.177246 -0.119629 2.684072 -55.389496 -10.614287 141706780978.000000
0.290527 -1.171875 -0.110352 2.074056 -54.535472 -9.699262 141706782784.000000
0.286865 -1.174072 -0.105469 1.586043 -53.437443 -8.906240 141706784584.000000
0.290527 -1.171387 -0.099854 1.159031 -52.339413 -7.930214 141706786385.000000
0.286133 -1.166016 -0.091797 0.793021 -51.973403 -7.320198 141706788185.000000
0.286377 -1.160889 -0.089600 0.244007 -50.692369 -6.588178 141706789981.000000
0.287109 -1.154541 -0.086914 -0.122003 -49.472336 -5.734155 141706791778.000000
